============================== SRIM-2013.00 ==============================
==============================================================================
====== SRIM Outputs\RANGE_3D.txt : File of Final Ion Positions =====

Ion = Ar (18)   Ion Mass= 039.9620
Energy  = 5428675.E-05 keV
Ion Angle to Surface = 00.0 degrees
==================== TARGET =======================
  Layer # 1 - Layer 1
  Layer # 1 - Bottom Depth=500000.E+02 A
  Layer # 1 - Density =0000.0125 g/cm3
  Layer # 1 -  100 % of Ar
様様様様様様様様様様様様様様様様様様様様様様様様様様
                                            
Ion       Depth  X   Lateral Y   Lateral Z  
Number    (Angstrom) (Angstrom)  (Angstrom) 
-------  ----------- ----------- -----------
0000001   1.6156E+05 -1.5119E+05 -4.3920E+04
0000002   1.1822E+05  8.1448E+03  5.0507E+04
0000003   1.3979E+05  1.2249E+05 -3.3897E+03
0000004   8.8357E+04 -3.3903E+04 -4.9922E+04
0000005   2.2466E+05 -2.9423E+04 -2.7893E+04
0000006   2.6212E+05 -6.9410E+04 -5.3435E+04
0000007   2.4839E+05 -7.7005E+04 -2.5193E+04
0000008   1.1869E+04 -5.9583E+04  5.3574E+04
0000009   1.9552E+05 -1.7180E+04  6.9670E+04
0000010   1.8431E+05 -9.6014E+03  2.6430E+04
0000011   2.4685E+05 -3.8952E+04 -3.6964E+04
0000012   1.3338E+05 -9.2777E+04 -5.5147E+04
0000013   1.4321E+05 -4.8606E+02  6.8392E+02
0000014   1.2131E+05  2.3579E+04 -4.7081E+04
0000015   1.7451E+05 -3.2974E+04 -7.9638E+03
0000016   7.9502E+04 -3.7401E+04 -1.3978E+02
0000017   8.1676E+04  2.8183E+04 -3.3043E+04
0000018   8.1303E+04  2.4678E+04  4.5793E+04
0000019   1.5009E+05 -7.2215E+04  7.3543E+04
0000020   4.4381E+04 -3.5114E+04 -3.6164E+04
0000021   1.6085E+05 -2.9814E+04 -8.8615E+04
0000022   1.5652E+05  3.7721E+04 -1.4264E+04
0000023   5.2602E+04  7.7011E+04 -5.1156E+04
0000024   2.1573E+05 -5.7932E+04 -2.0246E+04
0000025   1.9198E+05  9.5863E+03  1.3565E+04
0000026   1.2015E+05 -4.5692E+04  2.5405E+04
0000027   2.0143E+05 -4.6229E+04 -1.0531E+05
0000028   1.7275E+05 -1.2175E+05  6.9785E+03
0000029   9.8366E+04  7.0430E+03  2.5427E+04
0000030   1.2941E+05 -7.2257E+04 -8.4680E+04
0000031   1.4219E+05  1.6143E+05  6.8278E+04
0000032   1.4298E+05 -2.4743E+04 -1.4515E+05
0000033   1.2955E+05  5.7788E+04 -3.6627E+04
0000034   1.5247E+05 -5.3611E+04  7.1979E+04
0000035   2.4696E+05 -1.0717E+05  4.9187E+04
0000036   8.8545E+04  8.6946E+03  4.7271E+04
0000037   1.1041E+05 -1.2183E+04 -1.3268E+05
0000038   1.7927E+05  3.2354E+04 -3.1187E+03
0000039   1.4722E+05  7.0510E+04 -8.8265E+04
0000040   6.6464E+04  7.3899E+01  7.3461E+04
0000041   1.4489E+05 -1.4540E+04  4.3434E+04
0000042   8.7176E+04  9.4775E+04 -1.9053E+04
0000043   1.5087E+05 -1.4171E+04  1.7382E+04
0000044   5.1302E+04  1.1593E+05  1.7186E+04
0000045   8.4455E+04  1.5717E+04  6.2952E+04
0000046   7.6592E+04  1.0101E+05 -7.1313E+04
0000047   2.5124E+05 -8.1399E+04  8.1611E+04
0000048   1.5654E+05 -1.6827E+04 -2.3621E+03
0000049   2.0525E+05  1.0990E+03  6.3008E+04
0000050   2.4399E+05  8.8872E+02 -3.2379E+04
0000051   1.5376E+05 -1.3033E+05 -3.3146E+04
0000052   9.6582E+04  1.1463E+05 -3.5766E+04
0000053   1.6567E+05  4.5493E+04 -1.9806E+04
0000054   1.1106E+05  7.5884E+04 -2.5469E+04
0000055   1.5213E+05 -8.2199E+04 -5.4611E+04
0000056   1.1853E+05 -3.0956E+04  7.9917E+04
0000057   4.4712E+04 -2.1858E+04 -6.8822E+04
0000058   1.9450E+05 -5.1376E+04  8.0383E+04
0000059   1.7744E+05  1.0303E+05  2.1840E+05
0000060   2.3526E+05  9.8685E+04  3.6591E+04
0000061   1.1877E+04  8.3636E+03 -1.4526E+04
0000062   1.5962E+05 -6.0329E+04 -5.9292E+04
0000063   1.2860E+05  1.0688E+04  8.3833E+03
0000064   3.3167E+04 -1.0620E+05 -2.4398E+04
0000065   1.1278E+05  3.3325E+04  3.4250E+04
0000066   1.8435E+05 -2.1467E+04  1.0742E+05
0000067   1.3865E+05 -8.1731E+04  3.6711E+04
0000068   2.2266E+05 -9.7715E+03  1.2552E+05
0000069   1.2408E+05  1.1285E+04 -2.6786E+04
0000070   1.2311E+05  4.2549E+03  3.0712E+04
0000071   1.6173E+05 -6.2294E+04 -1.9719E+04
0000072   2.5876E+05  3.8089E+04 -1.9533E+04
0000073   1.2974E+05 -1.0594E+04  2.8676E+04
0000074   1.7156E+05 -7.8608E+04  1.6373E+04
0000075   1.3860E+05  3.4281E+04 -2.2780E+04
0000076   1.4909E+05 -9.4132E+04 -9.7819E+04
0000077   2.3226E+05 -4.2469E+04  5.2901E+04
0000078   2.5153E+05 -4.2873E+03 -6.8641E+04
0000079   1.3634E+05 -6.2716E+04 -5.0946E+04
0000080   2.7667E+05  1.4377E+05 -3.5305E+04
0000081   1.0585E+05  1.0620E+05  6.6500E+04
0000082   1.4598E+05 -5.4480E+04 -4.3449E+04
0000083   1.3792E+05  7.1889E+04  7.5085E+04
0000084   2.4747E+05  8.2114E+04 -8.9797E+04
0000085   2.0850E+05 -8.2683E+02  4.0768E+04
0000086   1.3813E+05  4.8945E+03 -8.6984E+03
0000087   5.2233E+04  1.3607E+05 -5.4210E+04
0000088   3.4158E+05  3.7052E+04 -8.0374E+04
0000089   3.0227E+05  1.9261E+04  1.4582E+05
0000090   2.3362E+05 -1.0728E+05  5.6199E+03
0000091   1.4174E+05  4.7141E+03 -4.8729E+04
0000092   7.9691E+04  6.3744E+02 -7.6897E+04
0000093   2.0118E+05 -3.2074E+04 -1.5887E+05
0000094   8.9211E+04  7.9878E+04 -6.1465E+04
0000096   8.7604E+04  3.1685E+04 -3.4079E+04
0000097   1.7003E+05  1.3902E+05 -3.8477E+04
0000098   1.3942E+05 -6.1030E+04 -9.9253E+04
0000099   7.9324E+04 -6.2807E+04  1.8951E+04
0000100   1.6811E+05 -1.5778E+04 -1.2974E+04
0000101   1.1351E+05 -5.2554E+04 -4.0458E+04
0000102   1.5853E+05 -3.6355E+04 -3.4616E+04
0000103   1.9860E+05 -3.4777E+04  3.9565E+04
0000104   9.4687E+04  2.6271E+05 -5.7213E+04
0000105   1.5308E+05  9.6609E+04 -6.5672E+04
0000106   2.7544E+05  4.5315E+04  3.8545E+04
0000107   9.9592E+04 -3.6572E+04 -8.3465E+04
0000108   1.7598E+05 -1.4984E+04  8.5014E+04
0000109   1.0034E+05 -8.0095E+04 -5.1497E+04
0000110   1.8662E+05  5.6768E+04 -6.1657E+03
0000111   1.3933E+05  5.0090E+04  5.9942E+04
0000112   2.7869E+05  1.4637E+04  1.5167E+05
0000113   1.1513E+05  2.9003E+04  4.8223E+04
0000114   2.4310E+05  5.3021E+04  5.3696E+04
0000115   4.3677E+04 -2.7713E+04  5.7281E+04
0000116   8.9556E+04 -3.1030E+03  9.7729E+03
0000117   2.0091E+05 -3.6119E+04  1.5174E+04
0000118   1.1615E+05  7.1942E+04  2.5167E+04
0000119   1.1706E+05  2.2176E+04  3.9600E+04
0000120   1.2134E+05  3.5194E+04  7.7665E+04
0000121   5.4781E+04  1.2079E+04 -6.1086E+04
0000122   9.8375E+04 -6.1421E+04  1.7470E+04
0000123   2.2774E+05  1.6482E+03  7.0584E+04
0000124   2.1808E+05  3.6345E+03 -1.8880E+03
0000125   2.2308E+05  1.3475E+04  3.2593E+04
0000126   9.7082E+04 -1.1952E+05 -1.3146E+04
0000127   2.0739E+05  3.7980E+04  3.7145E+04
0000128   2.2124E+05  1.6053E+05 -4.6657E+04
0000129   1.0045E+05  4.1489E+04 -3.9895E+04
0000130   1.8186E+05  3.3019E+04  1.8986E+04
0000131   2.5257E+05 -4.3611E+04 -6.1843E+04
0000132   4.2870E+04  6.2378E+04  4.2982E+04
0000133   2.5989E+05 -6.8433E+03 -5.7211E+04
0000134   1.7362E+05  2.9622E+04 -2.1236E+04
0000135   1.6420E+05  2.8801E+04 -4.3847E+04
0000136   4.9822E+04 -5.5872E+03  6.6818E+03
0000137   1.5850E+05  6.0389E+04 -7.1495E+04
0000138   7.6686E+04  3.4264E+04 -3.4893E+04
0000139   2.0680E+05  6.8355E+04 -2.1621E+03
0000140   1.2518E+05 -9.9182E+04  1.3080E+05
0000141   6.8808E+04  7.0333E+04 -3.7278E+04
0000142   2.4282E+05  6.6896E+04  4.4835E+04
0000143   2.6196E+05  1.5592E+04  1.9117E+04
0000144   1.5550E+05 -1.2574E+05 -1.0281E+05
0000145   1.3505E+05 -9.1688E+03  9.4029E+04
0000146   1.1799E+05  1.6373E+04 -3.7966E+04
0000147   1.7114E+05 -6.8880E+04 -1.3663E+05
0000148   2.9181E+05 -1.8526E+04 -1.0201E+04
0000149   2.1090E+05  2.5350E+04  1.2981E+04
0000150   3.0996E+05  6.4677E+04 -1.4908E+04
0000151   1.7651E+05  2.3147E+04  2.1705E+04
0000152   1.3105E+05 -2.2609E+04  4.9949E+04
0000153   1.0786E+05 -5.8731E+04 -4.7590E+04
0000154   1.8152E+05 -7.9817E+04 -1.8600E+04
0000155   7.1680E+04  9.0019E+03 -5.9411E+04
0000156   2.3550E+05  9.6462E+04  8.0129E+04
0000157   3.5619E+04  2.1131E+03 -4.8021E+04
0000158   4.1191E+04  3.3136E+04  7.1428E+03
0000159   1.1249E+05  2.0494E+04 -1.3018E+04
0000160   2.7719E+05 -1.8351E+05 -7.5154E+04
0000161   1.6231E+05 -4.0476E+04  3.4146E+04
0000162   1.0883E+04  1.6989E+04 -2.5688E+03
0000163   1.2628E+05 -2.3278E+04 -2.6222E+04
0000164   6.6183E+04  3.5370E+04  1.8230E+03
0000165   5.8790E+04 -2.1413E+03 -2.3227E+04
0000166   3.8680E+04  4.2196E+04 -2.0707E+04
0000167   1.2827E+05 -4.4927E+04 -3.6190E+03
0000168   1.6582E+05 -3.9559E+04  6.2614E+04
0000169   1.4571E+05 -5.4601E+04 -7.7926E+03
0000170   8.9533E+04 -1.1367E+05  8.1857E+04
0000171   5.8888E+04  3.5352E+04  3.4990E+04
0000172   3.2677E+04  1.5245E+04  3.0014E+04
0000173   2.1765E+05 -1.4861E+05 -1.0991E+05
0000174   5.6944E+04 -1.3612E+03  2.4969E+03
0000175   1.2764E+05 -4.2936E+04 -4.2570E+04
0000176   1.4978E+05  6.0561E+03 -7.5994E+01
0000177   1.5505E+05 -3.7670E+04 -4.0159E+04
0000178   1.8829E+05  8.2313E+04  5.0457E+04
0000179   1.7779E+05 -8.3113E+03  3.7856E+04
0000180   2.1193E+05 -7.4713E+04 -3.6473E+04
0000181   1.7555E+05 -7.6475E+03  1.1642E+05
0000182   1.2792E+05  4.1113E+04  1.9057E+04
0000183   8.4226E+04 -2.5224E+04 -8.3298E+03
0000184   2.5626E+05  3.8578E+03  4.9108E+04
0000185   1.3619E+05  7.0187E+04  5.7136E+04
0000186   1.1268E+05 -2.7714E+03 -4.1530E+04
0000187   1.3002E+05 -1.6488E+04  8.4430E+03
0000188   1.9757E+05  9.1875E+04  8.5712E+04
0000189   3.9521E+04 -5.2992E+04  1.6846E+05
0000190   1.7178E+05 -7.1088E+04 -1.3746E+05
0000191   1.4186E+05  2.5294E+04  9.2999E+03
0000192   8.6786E+04  5.2730E+04  7.6215E+04
0000193   1.4761E+05  1.2410E+05 -5.8868E+04
0000194   6.9983E+04  2.9003E+04  6.0602E+03
0000195   1.5281E+05 -3.2037E+04  2.3371E+04
0000196   1.7225E+05  1.8663E+04 -5.3551E+04
0000197   1.5592E+05  1.3415E+05  3.0110E+03
0000198   1.4632E+05 -5.7165E+04 -4.5083E+04
0000199   1.5250E+05  8.4869E+04 -1.0421E+05
0000200   2.3809E+05 -1.0212E+04 -3.3429E+04
0000201   1.9419E+05 -2.3596E+04  1.0100E+05
0000202   1.5830E+05  2.9366E+04  1.1785E+04
0000203   4.8170E+04  1.2042E+03  3.7447E+03
0000204   2.3059E+05 -2.8660E+04 -1.0445E+05
0000205   5.7555E+04  2.5912E+04  9.5965E+04
0000206   5.4915E+04 -1.8528E+04 -2.3325E+04
0000207   1.3703E+05  5.3826E+04 -1.3090E+04
0000208   3.0711E+04 -4.8560E+04  4.4785E+04
0000209   1.8931E+05 -3.3247E+04 -1.3759E+04
0000210   1.1257E+05 -1.1267E+05 -3.0514E+04
0000211   2.2758E+05 -6.7712E+04  6.1263E+04
0000212   1.2986E+05  4.9000E+04 -6.6761E+04
0000213   2.0785E+05  6.8185E+04  1.4805E+04
0000214   2.4235E+05  5.1937E+04 -3.9056E+03
0000215   6.9050E+04 -1.9421E+04  7.4815E+03
0000216   4.0603E+04  1.7329E+04  1.9181E+04
0000217   1.8150E+05 -7.7634E+04  4.7077E+04
0000218   2.1412E+05  5.0970E+04 -3.1538E+01
0000219   6.4200E+04 -6.0663E+04 -5.2513E+04
0000220   1.6339E+05  7.2742E+04 -6.5314E+04
0000221   2.6667E+05  3.1276E+04 -1.4412E+05
0000222   8.6366E+04 -3.8204E+04 -9.4468E+03
0000223   1.8338E+05 -3.6024E+04  8.2324E+04
0000224   9.6447E+04 -2.1664E+04  1.5293E+04
0000225   1.5025E+05 -2.7027E+04  3.1800E+03
0000226   9.1737E+04 -1.4367E+04  2.3294E+04
0000227   1.3109E+05 -5.1905E+04  2.0287E+04
0000228   5.8375E+04 -9.0459E+04 -5.6159E+04
0000229   9.4620E+04  9.8384E+03 -9.9169E+03
0000230   2.4451E+05  3.0672E+04 -5.1294E+04
0000231   1.4182E+05  4.0052E+04  3.8425E+04
0000232   1.7230E+05  2.1335E+04  1.3346E+04
0000233   5.8953E+04 -1.8969E+04  1.1929E+04
0000234   9.3130E+04  7.3771E+04 -1.2736E+04
0000235   2.3861E+05 -5.2248E+04 -1.1369E+04
0000236   1.6715E+05 -4.9553E+04 -2.8044E+04
0000237   1.7475E+05  7.6109E+04  3.1463E+04
0000238   2.2022E+05 -8.2419E+04  4.4795E+04
0000239   3.4169E+05 -6.7662E+04 -3.8917E+04
0000240   1.7153E+05 -7.2896E+04 -5.9809E+04
0000241   5.1872E+04  2.3035E+02  2.8886E+03
0000242   1.7262E+05  6.4457E+04 -8.4600E+03
0000243   1.9798E+05  1.5732E+05  3.8715E+04
0000244   3.1048E+05  6.1144E+03 -9.0431E+04
0000245   6.2372E+04  1.9961E+04  2.0937E+04
0000246   1.0941E+05 -6.5904E+03  1.4178E+05
0000247   7.7846E+04  4.1666E+04  8.3784E+03
0000248   1.6064E+05 -1.8756E+04  4.8392E+04
0000249   1.9233E+05  6.0697E+03  4.9433E+03
0000250   2.3231E+05  2.1795E+04  3.7787E+04
0000251   2.5118E+05 -1.8851E+04 -6.5864E+04
0000252   7.0082E+04  2.8827E+04  9.9207E+03
0000253   2.4448E+05 -5.6071E+03 -5.1890E+04
0000254   2.7791E+05 -1.9222E+04  1.1259E+04
0000255   5.1535E+04  3.4916E+03  9.3809E+02
0000256   1.7484E+05 -5.4708E+03  4.4668E+04
0000257   8.7001E+04 -8.3840E+04  5.9764E+04
0000258   1.2973E+05  4.3839E+04 -3.4285E+04
0000259   1.8627E+05  1.1805E+04  9.2033E+04
0000260   2.6741E+05  8.2049E+04  4.4448E+04
0000261   3.0938E+04  8.8541E+04  1.0979E+05
0000262   5.7506E+04 -1.2119E+05  3.6047E+04
0000263   1.6550E+05  1.1249E+05  4.7012E+04
0000264   1.4356E+05  1.7057E+04  2.1029E+04
0000265   2.3433E+05 -2.1478E+04  1.4240E+05
0000266   1.7073E+05 -5.5906E+04 -3.0055E+04
0000267   5.9322E+04  1.8388E+04 -5.2478E+04
0000268   2.8607E+05 -5.6450E+04  4.4016E+04
0000269   6.9485E+04  5.6678E+04  8.6300E+03
0000270   1.6209E+05 -6.3937E+04 -9.9028E+04
0000271   2.4106E+05  9.6432E+04  1.2584E+05
0000272   4.4007E+04 -2.0859E+04 -2.6063E+03
0000273   4.5786E+04 -9.1572E+04 -5.5566E+04
0000274   1.4271E+05 -2.7756E+04 -6.1674E+04
0000275   1.8757E+05 -2.1349E+04  3.6398E+04
0000276   4.7548E+04 -1.0670E+05  5.5970E+04
0000277   9.6418E+04 -2.7283E+04  1.3283E+05
0000278   2.4136E+05 -5.4200E+03  5.1175E+04
0000279   2.5739E+05 -6.4660E+04 -4.1509E+04
0000280   3.0647E+05 -2.6778E+04 -1.1580E+05
0000281   1.8256E+05  1.0738E+05 -4.3953E+04
0000282   2.1942E+05 -9.3874E+04  6.6221E+04
0000283   1.2920E+05 -2.1599E+04 -4.4367E+04
0000284   1.0077E+05  7.7519E+03 -1.9597E+04
0000285   2.1106E+05 -3.1235E+04  1.0747E+05
0000286   1.3456E+05  2.2277E+04 -2.4824E+04
0000287   6.2230E+04  4.5085E+04 -1.7125E+04
0000288   8.8617E+04 -3.3308E+04  3.3893E+04
0000289   1.2665E+05 -4.3902E+04  8.8300E+03
0000290   7.6143E+04  1.0487E+05 -1.3329E+05
0000291   4.2021E+04  2.4247E+04  4.4985E+04
0000292   2.1861E+05  6.9933E+04 -3.2804E+04
0000293   1.0884E+05  4.4887E+03 -4.4369E+04
0000294   1.0337E+05 -3.1540E+03  2.6231E+04
0000295   1.7059E+05 -6.0991E+04  6.6214E+04
0000296   1.6500E+05 -5.3970E+04 -7.6161E+03
0000297   1.7492E+05 -6.9073E+04 -6.7712E+04
0000298   7.1866E+04 -2.0705E+04 -5.3216E+04
0000299   1.4604E+05  3.6121E+04  3.2819E+04
0000300   1.5719E+05 -7.5182E+03 -2.2948E+04
0000301   1.3840E+05  5.1129E+03 -8.3414E+04
0000302   1.1244E+05  4.9571E+04 -7.4618E+03
0000303   2.8925E+05  4.3836E+04 -4.4933E+04
0000304   1.9289E+05 -1.0699E+04  6.6495E+04
0000305   2.2168E+05  8.2149E+04  8.1277E+03
0000306   1.2433E+05 -1.0620E+04  1.3358E+04
0000307   2.8904E+05  8.6477E+03 -3.5635E+04
0000308   1.3193E+05  6.3265E+04  4.3531E+04
0000309   2.6862E+05 -6.7426E+03  5.8157E+04
0000310   1.9221E+05  6.5051E+03  5.5868E+04
0000311   7.1459E+04 -2.9845E+04  1.4292E+04
0000312   1.8674E+05 -6.3825E+04  3.4884E+04
0000313   1.0859E+05  3.7838E+03 -1.4100E+04
0000314   6.8347E+04  4.3919E+04 -1.7231E+03
0000315   8.6034E+04  5.7216E+03  3.0223E+04
0000316   2.0727E+05  3.3053E+04  7.5077E+04
0000317   1.5108E+05  2.2515E+03  8.9119E+03
0000318   1.3560E+05 -7.6440E+04  2.6511E+03
0000319   2.1969E+05  8.6891E+04  3.8479E+04
0000320   9.1128E+04 -7.7741E+04  7.7131E+04
0000321   1.4576E+05 -5.1733E+04  1.5721E+05
0000322   1.6464E+05  2.8883E+04  5.1058E+04
0000323   1.8447E+05 -7.0095E+04  4.3962E+04
0000324   1.6190E+05  8.6199E+03 -9.6587E+04
0000325   7.6118E+04 -4.3344E+04  4.4693E+04
0000326   3.4555E+04  4.1507E+04 -6.8420E+03
0000327   1.7176E+05  3.5530E+04 -4.5959E+04
0000328   1.8785E+05 -8.6527E+04 -8.1433E+04
0000329   1.1297E+05 -6.0024E+04 -1.7202E+04
0000330   1.5722E+05  1.0147E+05 -3.5837E+04
0000331   5.6501E+04 -1.6517E+04  2.1803E+04
0000332   9.0330E+04 -1.4376E+04  2.9338E+03
0000333   1.3812E+05 -8.8666E+04  1.0490E+04
0000334   1.4913E+05  8.1611E+04  8.0585E+04
0000335   2.3518E+04 -1.1764E+04  1.5864E+04
0000336   7.3147E+04  1.4207E+04 -1.5529E+04
0000337   1.9595E+05  1.1722E+04  1.8533E+04
0000338   1.8311E+05 -1.8763E+05  4.9462E+04
0000339   1.9223E+05 -8.8507E+04 -6.6468E+04
0000340   2.0573E+05  5.7463E+04 -2.6961E+04
0000341   2.5518E+05 -8.4641E+04  1.2177E+05
0000342   2.0622E+04  3.3237E+04  5.9340E+04
0000343   2.1487E+05 -1.1964E+05  4.1145E+04
0000344   9.4972E+04  1.5536E+04 -4.8247E+04
0000345   2.2696E+05  9.2830E+04 -5.5613E+04
0000346   1.8098E+05  1.5633E+05 -8.6885E+04
0000347   9.0750E+04  3.3895E+03  3.1910E+03
0000348   1.7724E+05 -5.2312E+04  1.5019E+04
0000349   5.2762E+04  1.0562E+04 -4.8594E+04
0000350   2.3535E+05  1.2264E+05 -1.0139E+05
0000351   3.4977E+04 -1.0078E+04 -5.4041E+04
0000352   7.0895E+04 -4.0583E+04 -7.2175E+04
0000353   1.8507E+05 -1.3766E+05  8.5603E+04
0000354   1.0530E+05  5.2301E+04  1.6315E+05
0000355   1.8019E+05  6.7051E+04 -7.0342E+04
0000356   2.0327E+05 -3.9742E+04 -6.7842E+04
0000357   1.5002E+05 -1.1602E+03  1.1935E+04
0000358   1.6188E+05 -9.9991E+04  3.9527E+04
0000359   1.5469E+05 -9.2441E+03 -3.7391E+04
0000360   2.8158E+05  6.9900E+04  7.1431E+04
0000361   1.1860E+05 -1.1102E+05  2.8024E+04
0000362   1.3468E+05 -1.6304E+05  6.7547E+04
0000363   2.3014E+05 -3.9261E+03  1.2837E+05
0000364   1.4538E+05 -6.1051E+04  5.5067E+04
0000365   1.5827E+05 -4.0045E+02  2.0204E+04
0000366   1.5672E+05 -1.0289E+05 -4.8189E+04
0000367   1.3169E+05 -1.0661E+05 -1.3229E+04
0000368   1.1783E+05 -3.2450E+04  1.1718E+05
0000369   2.0768E+05  5.5322E+04 -4.6885E+03
0000370   1.3282E+05 -1.1822E+05 -1.2391E+05
0000371   1.1587E+05  3.6724E+04  6.3121E+02
0000372   9.9137E+04 -4.4618E+04 -5.8044E+04
0000373   5.0503E+04  7.0579E+04 -1.1791E+05
0000374   1.6081E+05 -4.9450E+04 -1.0196E+05
0000375   8.3125E+04  4.4574E+04 -6.6075E+04
0000376   2.0096E+05 -2.6466E+03 -1.9418E+04
0000377   1.6928E+05 -2.1329E+04 -2.7873E+03
0000378   7.3215E+04 -3.8660E+04 -1.2812E+04
0000379   1.5401E+05  8.5344E+04 -1.1412E+05
0000380   2.1013E+05  2.0275E+04  8.1885E+03
0000381   2.1245E+05 -4.7639E+04 -6.2573E+04
0000382   2.7335E+04 -6.2609E+04  8.9286E+04
0000383   1.1342E+05 -1.2207E+04 -9.9118E+03
0000384   1.0866E+05 -1.1164E+04 -2.7564E+04
0000385   1.3746E+05 -6.2955E+04 -9.7141E+03
0000386   2.2192E+05  1.6864E+03 -9.0656E+04
0000387   2.1690E+05 -5.6780E+04  8.8058E+04
0000388   2.1564E+05  4.5599E+04  9.4131E+03
0000389   1.0371E+05  3.9141E+03  7.2816E+03
0000390   1.0629E+05  1.7724E+04  2.3876E+04
0000391   1.1706E+05 -4.1881E+04  6.9980E+03
0000392   1.7174E+05 -5.4409E+04  9.8996E+03
0000393   9.3396E+04  3.0125E+04  4.0989E+04
0000394   1.1455E+05  1.7664E+03  5.7287E+04
0000395   1.1461E+05 -9.1341E+03  6.0816E+03
0000396   1.9496E+05 -1.3211E+05  3.9857E+04
0000397   2.7395E+05 -2.4575E+04  4.9388E+04
0000398   1.8883E+05  6.6886E+04  4.0025E+04
0000399   3.0656E+05  1.0502E+04  1.0529E+05
0000400   1.8878E+05  1.0209E+05  4.0302E+04
0000401   1.6752E+05  3.9138E+04  9.6655E+04
0000402   2.9178E+05 -1.9743E+04  5.0960E+04
0000403   1.9719E+05  4.3619E+04  1.8449E+04
0000404   1.8321E+05  3.5257E+04  7.9228E+03
0000405   1.5815E+05 -3.8560E+04  1.0171E+05
0000406   1.4425E+05 -6.0686E+04  3.5611E+04
0000407   1.0149E+05 -2.5908E+04  1.7712E+04
0000408   2.0561E+05 -6.5723E+03  4.5675E+03
0000409   1.7227E+05 -3.6792E+04  5.3735E+04
0000410   1.5749E+05 -2.0831E+04 -3.3676E+04
0000411   2.8250E+05  7.3019E+03 -7.7593E+04
0000412   1.1760E+05 -1.8629E+04  1.7045E+04
0000413   2.0824E+05 -1.4852E+05 -8.5499E+04
0000414   2.2951E+05  9.6018E+04 -1.4221E+05
0000415   1.9210E+05 -1.0112E+05  8.3772E+04
0000416   9.2085E+04 -5.9296E+04 -4.2699E+04
0000417   1.0149E+05  2.5505E+04  2.4340E+04
0000418   1.3512E+05  7.8336E+04 -2.4528E+04
0000419   2.8492E+05  1.2671E+05 -1.1803E+05
0000420   1.8623E+05  1.7406E+04 -1.1022E+04
0000421   1.6705E+05 -5.5483E+04 -4.8010E+04
0000422   1.4938E+05  3.6130E+04 -9.2847E+04
0000423   1.2543E+05 -1.5018E+04  8.0332E+04
0000424   2.0627E+05  1.5038E+05  6.8187E+04
0000425   2.5056E+05 -4.9111E+04 -1.1951E+04
0000426   1.3966E+05  2.8138E+03  1.5653E+04
0000427   1.9853E+05  9.2072E+04 -8.0430E+04
0000428   1.7730E+05  4.7541E+03 -3.6740E+04
0000429   1.3359E+05  1.0421E+05  1.9326E+04
0000430   1.2125E+05 -2.4639E+04  3.9842E+04
0000431   2.2109E+05  5.5989E+04  9.6781E+03
0000432   1.9903E+05  1.9073E+04  8.2300E+04
0000433   2.5866E+05 -7.2953E+04 -5.7696E+04
0000434   1.1779E+05 -3.4739E+04  1.1493E+05
0000435   1.9614E+05  1.0123E+05  3.1181E+04
0000436   2.4844E+05  2.6383E+04  7.1959E+04
0000437   9.2208E+04 -3.5712E+04  2.2519E+03
0000438   1.5938E+05  3.2413E+04 -3.4791E+02
0000439   2.9067E+05  1.9142E+04  9.5556E+04
0000440   4.3640E+04 -8.3220E+04  4.1305E+04
0000441   1.4002E+05  5.9783E+04  3.4245E+04
0000442   7.8000E+04 -2.3335E+04 -4.2488E+04
0000443   1.5328E+05  3.7864E+04 -7.0144E+03
0000444   2.3240E+05 -4.8650E+04 -2.9852E+04
0000445   1.3970E+05 -2.8747E+04  1.3274E+04
0000446   2.5064E+05  3.7193E+04  4.8678E+04
0000447   1.5538E+05  7.6580E+04 -7.2159E+04
0000448   1.2284E+05  1.0986E+05 -1.4377E+05
0000449   5.3737E+04 -1.9909E+04 -4.3951E+04
0000450   1.6688E+05  7.1928E+04 -5.5344E+04
0000451   1.7268E+05 -2.7082E+04  5.3965E+04
0000452   8.9836E+04 -2.5654E+04 -3.3735E+04
0000453   1.9035E+05 -1.1044E+05 -4.5016E+04
0000454   1.5304E+05 -3.4850E+04 -6.5289E+04
0000455   2.1034E+05  8.5702E+04 -9.0504E+04
0000456   3.0795E+05 -6.0415E+04  3.4537E+04
0000457   1.2159E+05  1.1160E+05  1.3955E+05
0000458   5.6227E+04 -2.0054E+04 -2.9680E+04
0000459   2.3547E+05  1.8987E+04  1.0139E+05
0000460   4.1002E+04  2.4806E+04 -2.1568E+04
0000461   1.2297E+05  3.8647E+04 -7.3426E+04
0000462   1.2438E+05 -4.2899E+04 -1.8026E+05
0000463   1.0240E+05  2.6793E+04 -1.5613E+04
0000464   3.2883E+05  4.6325E+04 -1.5217E+05
0000465   1.5616E+05 -2.2545E+04 -2.0442E+04
0000466   1.1023E+05  3.0672E+04  5.4598E+04
0000467   1.9477E+05  2.3943E+04 -3.8017E+04
0000468   8.0482E+04  2.8869E+04 -5.7829E+04
0000469   1.8741E+05 -3.8443E+04 -4.1448E+02
0000470   1.6715E+05 -4.1552E+04  6.3819E+04
0000471   1.4116E+05  6.2337E+03  1.7527E+04
0000472   1.7514E+05  8.5492E+04  7.1219E+04
0000473   2.1263E+05  6.4047E+04 -4.6667E+04
0000474   9.8901E+04 -4.6599E+04 -6.3976E+04
0000475   1.8231E+05 -3.5741E+04 -6.5143E+03
0000476   1.3877E+05  1.0053E+05  4.8496E+04
0000477   3.7703E+05 -2.7492E+04  1.1247E+05
0000478   1.5273E+05  8.6772E+03 -4.3444E+04
0000479   8.7898E+04 -8.1192E+04 -2.2491E+04
0000480   1.9043E+05  1.0324E+05  1.0294E+05
0000481   2.4099E+05 -2.8183E+03  2.4936E+04
0000482   1.4711E+05 -1.0754E+05 -2.3436E+04
0000483   1.2706E+05 -4.6837E+02 -6.4655E+04
0000484   1.1942E+05 -2.0366E+04 -6.6933E+04
0000485   1.6760E+05  9.8339E+04  6.2625E+04
0000486   1.9226E+05  6.6619E+04 -9.3946E+04
0000487   8.0874E+04 -8.5057E+04 -3.8292E+04
0000488   7.8588E+04 -9.1168E+03 -7.4008E+04
0000489   6.0476E+04 -5.5528E+04  7.3937E+04
0000490   1.3473E+05  1.7699E+04  8.6817E+03
0000491   5.5690E+04  1.0541E+05 -6.0210E+04
0000492   1.1038E+05 -6.0378E+03 -8.4621E+04
0000493   1.5306E+05 -2.1727E+04  3.0048E+04
0000494   1.3505E+05  1.7504E+04 -2.0735E+03
0000495   2.3413E+05  6.8534E+04  2.9729E+04
0000496   1.6939E+05  1.3314E+05  1.0657E+05
0000497   1.7776E+05 -3.1634E+04  4.1370E+03
0000498   1.8718E+05 -2.7334E+04 -2.7479E+04
0000499   6.5402E+03 -2.2151E+03 -5.0957E+04
0000500   1.7147E+05 -1.3568E+05  5.5453E+04
0000501   5.0904E+04  1.9844E+04  6.9781E+03
0000502   2.1157E+05 -3.5583E+04  1.2593E+05
0000503   1.1433E+05  5.8134E+04 -5.0597E+04
0000504   2.0407E+04  4.3379E+04  1.0803E+05
0000505   1.0515E+05 -6.4873E+04  1.0496E+04
0000506   2.6254E+05  1.8338E+04 -8.3308E+03
0000507   9.4757E+04 -3.7534E+04 -9.0797E+03
0000508   1.0818E+05 -7.7046E+04 -1.0641E+05
0000509   2.0699E+05  1.9625E+04  6.5361E+04
0000510   1.4041E+05  8.1320E+04 -2.3559E+04
0000511   1.7841E+05  2.3911E+04  1.8590E+04
0000512   1.7535E+05 -2.5514E+04  4.0044E+04
0000513   1.6220E+05 -4.9196E+04 -1.8918E+04
0000514   2.7960E+05  2.4808E+04  1.5825E+05
0000515   2.4823E+05  4.3664E+04 -1.3886E+03
0000516   1.7286E+05 -2.7583E+04  2.6613E+04
0000517   1.6276E+05  5.8326E+04  2.0185E+04
0000518   1.3311E+05  4.4454E+04 -7.7978E+04
0000519   1.6581E+05  1.9365E+04 -1.1991E+04
0000520   2.8678E+05  5.9577E+03 -5.6409E+04
0000521   1.8875E+05  1.1942E+05 -8.7815E+04
0000522   1.7914E+05 -4.9815E+04  5.9347E+04
0000523   1.8523E+05  6.1404E+04  5.2402E+04
0000524   1.6094E+05  8.9671E+03  5.2020E+04
0000525   4.3179E+04  9.3364E+03 -4.8064E+03
0000526   2.2791E+05 -5.0489E+04 -8.6100E+04
0000527   4.1246E+04  5.4220E+03 -2.2273E+04
0000528   5.9248E+04  5.4878E+04 -2.4444E+04
0000529   1.1721E+05 -1.7354E+04 -6.0954E+04
0000530   1.5478E+05  4.5289E+04  3.2228E+04
0000531   6.1798E+04 -2.6074E+04  4.7266E+04
0000532   1.8533E+05 -4.6625E+04 -4.2760E+04
0000533   1.6228E+05 -4.2481E+04 -3.8398E+04
0000534   6.4395E+04  1.5607E+04  1.9095E+03
0000535   2.1895E+05 -2.4326E+04  1.7406E+04
0000536   2.0458E+05  8.4983E+04  7.5864E+04
0000537   1.6432E+05 -6.9690E+04  1.1865E+03
0000538   1.7490E+05 -5.2132E+03  9.3166E+04
0000539   1.6637E+05 -1.0197E+04 -1.4786E+04
0000540   1.6799E+05  3.5010E+03 -1.6551E+03
0000541   1.3463E+05 -4.4687E+04 -9.1655E+03
0000542   1.8836E+05  5.1481E+04 -1.2940E+05
0000543   1.4793E+05  1.2936E+05  4.4012E+03
0000544   8.9667E+04 -1.0107E+01 -2.5633E+04
0000545   2.3863E+05  7.9915E+04  8.4670E+04
0000546   4.6410E+04 -7.7929E+04  1.1966E+05
0000547   2.2314E+05  4.4632E+03 -7.7410E+04
0000548   1.6698E+05 -3.7493E+04  1.8454E+04
0000549   6.6556E+04  3.0713E+03  1.6145E+04
0000550   1.1467E+05 -5.9915E+04 -5.3511E+04
0000551   1.6017E+05  1.4512E+05  6.2696E+04
0000552   2.7823E+04 -4.3432E+04  5.5815E+03
0000553   2.6893E+05 -1.3139E+05  1.5058E+04
0000554   1.5622E+05 -7.2495E+04  3.9091E+03
0000555   1.3283E+05 -2.0437E+04 -3.8808E+04
0000556   1.6100E+05  1.8718E+03  3.3868E+04
0000557   8.2010E+04 -2.0363E+04  3.3767E+04
0000558   1.2845E+05 -6.5759E+04 -4.3893E+04
0000559   1.6195E+05  7.1387E+04 -1.5694E+05
0000560   1.0149E+05  2.7804E+04 -3.9702E+04
0000561   1.3825E+05  5.7654E+04 -2.7351E+04
0000562   1.4819E+05  8.8209E+04  3.0206E+04
0000563   1.9558E+05 -7.0164E+04 -8.6448E+04
0000564   1.3319E+05  1.7369E+03 -3.0209E+03
0000565   7.7393E+04 -6.2076E+04 -5.0439E+04
0000566   1.5507E+05  8.2191E+04 -1.2905E+05
0000567   8.8487E+04  8.2882E+04  7.5968E+04
0000568   1.5209E+05 -5.1692E+03 -6.0095E+03
0000569   8.0894E+04  5.1950E+04  8.0039E+04
0000570   1.0948E+05  7.1737E+04 -5.3432E+04
0000571   2.3639E+05 -4.7687E+04  5.5176E+04
0000572   9.9615E+04 -3.4659E+03  7.5037E+03
0000573   1.3829E+05  1.4225E+05 -3.3108E+04
0000574   4.5350E+04 -2.2344E+04  4.6499E+04
0000575   1.2101E+05  2.2818E+04  6.6396E+04
0000576   2.0854E+05 -5.2046E+04 -7.7866E+03
0000577   2.0059E+05  4.0380E+04 -5.7748E+04
0000578   2.2381E+05  2.1065E+05 -5.0649E+04
0000579   1.7500E+05  2.4709E+03 -3.7808E+04
0000580   2.4918E+05 -1.9849E+04  1.5938E+05
0000581   1.4125E+05 -6.1266E+04  3.5639E+04
0000582   1.6143E+05  1.9967E+05 -8.9539E+04
0000583   2.5689E+04 -6.4037E+03  2.8413E+04
0000584   1.0474E+05 -3.2486E+04 -6.1091E+04
0000585   7.2074E+04 -3.6433E+03 -1.1638E+04
0000586   2.4933E+05  3.9902E+03  6.6984E+04
0000587   1.0234E+05  1.0487E+05 -5.7414E+04
0000588   1.3850E+05  2.7789E+04  8.8281E+04
0000589   3.4037E+04  1.1657E+04 -8.0128E+04
0000590   1.2638E+05  4.5775E+04 -3.2046E+04
0000591   1.3903E+05 -6.8031E+03  5.7952E+04
0000592   1.5300E+05 -3.2919E+04 -7.2490E+04
0000593   1.4870E+05 -5.2206E+04  6.6744E+04
0000594   2.7425E+05 -2.5493E+04 -3.2510E+04
0000595   1.9077E+05  2.4999E+04  4.3148E+03
0000596   1.5646E+05  6.6515E+04  4.8614E+04
0000597   1.9085E+05  7.3064E+03  1.4610E+04
0000598   2.8001E+05 -1.0292E+04  3.4475E+04
0000599   1.4613E+05  1.9985E+04 -2.8983E+03
0000600   2.1772E+05 -4.0593E+04 -1.5812E+05
0000601   1.4180E+05  1.2261E+03 -1.2399E+04
0000602   1.8724E+05 -5.5098E+03  1.2447E+04
0000603   6.7925E+03 -4.4679E+03  2.5795E+04
0000604   4.7049E+04 -5.7787E+04  4.6020E+03
0000605   1.3394E+05 -1.5214E+05 -2.5622E+04
0000606   1.1207E+05  9.0422E+04  8.7734E+04
0000607   9.7267E+04 -8.1581E+03 -2.0388E+04
0000608   2.9255E+05  8.5520E+04 -1.9944E+03
0000609   1.9915E+05 -4.5654E+04 -5.2253E+04
0000610   1.1192E+05  1.2971E+05 -2.1090E+04
0000611   1.4724E+05  5.5217E+04  1.8099E+04
0000612   2.1496E+05 -8.3404E+04 -2.1209E+04
0000613   8.5001E+04 -1.5805E+05  1.0654E+05
0000614   1.6808E+05  2.2031E+04  8.4825E+03
0000615   1.8794E+05  1.0754E+04 -1.4087E+04
0000616   6.1407E+04 -1.7182E+04 -6.0865E+04
0000617   1.4071E+05  7.8126E+04 -8.1702E+03
0000618   1.5239E+05 -4.6141E+04 -9.8736E+03
0000619   2.2521E+05  7.7637E+04 -6.3684E+04
0000620   2.6419E+05  4.0479E+04  1.3096E+05
0000621   1.9256E+04 -8.9087E+03 -1.1482E+04
0000622   2.2317E+05  8.5205E+04 -3.0633E+04
0000623   2.0556E+05  8.3091E+04 -5.0328E+04
0000624   7.9745E+03  1.1656E+04  4.5692E+03
0000625   1.8857E+05  1.6892E+04  1.1062E+05
0000626   2.2496E+05 -2.1515E+04  3.3436E+04
0000627   1.1736E+05 -7.4284E+03  2.2693E+04
0000628   1.1384E+04 -1.9796E+03  9.7714E+02
0000629   6.9718E+04 -2.6050E+03 -8.5083E+03
0000630   4.5931E+04  3.2848E+04  1.7453E+04
0000631   1.4463E+05  4.9392E+04 -5.6093E+04
0000632   6.0917E+04 -7.7033E+03 -1.8801E+04
0000633   2.3789E+04  2.9525E+03 -3.1061E+03
0000634   6.4379E+04 -2.5029E+04  7.4261E+04
0000635   1.8948E+05  2.5759E+04  1.2250E+05
0000636   1.0858E+05  9.1947E+04  1.9498E+04
0000637   1.4326E+05 -5.8117E+04  5.1709E+04
0000638   6.5815E+04 -4.4693E+03 -2.6960E+04
0000639   2.0472E+05 -9.7956E+04 -1.2048E+04
0000640   3.8344E+04 -3.0038E+04  4.9258E+04
0000641   1.3011E+05  1.4164E+05 -1.5922E+04
0000642   7.9753E+04 -9.5069E+04  5.5474E+04
0000643   1.8910E+05  5.4749E+04 -1.1545E+04
0000644   7.4960E+04 -2.5589E+04  1.0782E+05
0000645   1.9946E+05  7.9230E+04  1.6891E+02
0000646   5.4020E+04 -7.8911E+04  5.5659E+04
0000647   2.5669E+05  1.2239E+05 -4.1926E+04
0000648   5.9502E+04  1.6097E+05  1.3519E+04
0000649   2.8913E+05  4.3809E+04 -2.9018E+04
0000650   7.7550E+04  7.1313E+04  1.0788E+05
0000651   1.0165E+05 -3.5403E+04  7.5498E+04
0000652   1.3547E+05  2.1212E+04  2.6991E+04
0000653   1.2015E+05  4.4892E+04 -2.4567E+04
0000654   1.7208E+05 -9.0612E+04 -6.8010E+04
0000655   2.3140E+05 -2.0168E+04  7.9027E+02
0000656   2.6929E+05  1.8402E+04 -6.9530E+04
0000657   2.6198E+05 -1.3372E+05  2.3330E+04
0000658   1.4967E+05  7.7324E+04  2.4860E+04
0000659   1.6197E+05 -3.7939E+04 -3.1414E+03
0000660   2.5415E+05  9.8172E+04  4.3041E+04
0000661   2.3422E+05 -1.1027E+04  3.8289E+04
0000662   1.4405E+05 -7.6597E+04 -2.9160E+04
0000663   3.1153E+05 -3.0613E+04  5.9995E+04
0000664   8.3304E+04  1.7459E+03  4.9931E+04
0000665   1.4264E+05 -4.6207E+04  2.6617E+04
0000666   2.2892E+04  4.6082E+04 -4.7153E+04
0000667   1.0785E+05  8.1153E+02  1.2827E+04
0000668   1.4575E+05  2.3445E+04 -1.2621E+04
0000669   1.1290E+05  5.7254E+03 -1.0551E+04
0000670   1.7608E+05 -9.1501E+04  3.6391E+03
0000671   1.2236E+05  5.2887E+04  4.1394E+03
0000672   1.4864E+05 -7.5053E+03 -9.7030E+04
0000673   3.1099E+05 -3.1717E+04  8.4008E+04
0000674   2.1751E+05 -4.7530E+04 -5.9560E+04
0000675   2.6593E+05 -6.4124E+04  1.2620E+05
0000676   1.0322E+05 -2.2448E+04  4.3038E+04
0000677   4.4703E+04  9.0482E+03 -3.1836E+04
0000678   8.4478E+04 -2.1530E+04  9.0127E+03
0000679   2.0744E+04  2.3753E+04  2.2602E+04
0000680   1.4984E+05 -1.4666E+03  5.5626E+04
0000681   1.4078E+05  8.4631E+03  2.2460E+04
0000682   6.8794E+04  7.6132E+03  4.4320E+04
0000683   2.4547E+05 -4.4159E+04 -1.4860E+04
0000684   1.6154E+05  8.9139E+04  6.7692E+04
0000685   8.3926E+04  6.7664E+04  3.5606E+04
0000686   1.8948E+05  5.5683E+04 -3.3068E+04
0000687   1.3109E+05 -1.0582E+05  1.0136E+04
0000688   3.0747E+05  8.1731E+04 -4.0574E+04
0000689   2.3799E+05  5.3842E+04 -1.0268E+05
0000690   1.0954E+05  7.2263E+04 -3.5251E+04
0000691   3.1627E+05  1.1739E+03 -1.1229E+05
0000692   1.6408E+05  8.2505E+03 -5.8484E+04
0000693   4.8432E+04 -2.1064E+04  2.5842E+03
0000694   6.4408E+04  1.8688E+04 -1.1017E+04
0000695   1.1877E+05 -3.9205E+04 -3.7219E+04
0000696   1.3726E+05  7.7632E+04  3.9564E+04
0000697   1.7457E+05  4.7396E+03  3.1096E+04
0000698   2.5658E+05  3.1949E+02  2.9869E+04
0000699   1.9933E+05 -1.1365E+05  1.2220E+05
0000700   1.5366E+05 -6.3406E+04  1.9504E+03
0000701   1.8327E+05 -1.0534E+05  2.5400E+04
0000702   2.0226E+05 -2.7923E+04  5.5593E+03
0000703   9.5423E+04 -3.6572E+04 -5.7511E+04
0000704   2.7781E+05  4.2505E+04 -1.1340E+04
0000705   1.2145E+05 -1.1081E+04  6.1165E+04
0000706   1.9185E+05  2.2152E+04  2.5086E+04
0000707   1.4551E+05 -2.0443E+05 -8.5529E+04
0000708   1.8675E+05 -1.6950E+03  4.0657E+04
0000709   1.4357E+05  3.9919E+03  6.5923E+04
0000710   1.3957E+05 -4.5949E+04  2.7881E+04
0000711   1.1299E+05 -4.7794E+04 -9.8899E+03
0000712   1.4970E+05  6.5632E+04  4.3987E+04
0000713   1.4914E+05 -1.2589E+04 -7.3204E+04
0000714   1.4081E+05 -1.0578E+04 -8.4177E+03
0000715   8.9099E+04 -1.1526E+05  6.4253E+04
0000716   1.1133E+05 -5.4900E+04 -1.0094E+05
0000717   2.4435E+04  1.1381E+04  9.2539E+03
0000718   2.4358E+05 -1.7162E+05 -8.7030E+04
0000719   2.4899E+05 -2.2980E+04 -1.3594E+05
0000720   1.3205E+05 -1.0148E+05 -7.6228E+04
0000721   4.0917E+04 -2.3060E+04  3.2669E+04
0000722   9.9802E+04 -8.4754E+04 -7.3910E+04
0000723   2.1277E+05  9.1886E+04  1.1566E+05
0000724   2.0384E+05 -2.2416E+04 -6.9204E+04
0000725   1.6805E+05 -3.2353E+03  1.2724E+03
0000726   1.6521E+05 -7.9609E+04  1.6415E+04
0000727   1.7015E+05 -5.3274E+03  8.6485E+03
0000728   1.7475E+05 -6.4630E+04 -9.3072E+04
0000729   2.2019E+05 -7.9481E+04  2.5936E+04
0000730   2.4699E+05  3.8489E+04 -1.1255E+05
0000731   1.8695E+05  1.3279E+04  8.2076E+04
0000732   1.6372E+05 -1.1634E+03 -5.3547E+04
0000733   1.2908E+05  1.1575E+04  2.9180E+04
0000734   1.7823E+05  5.4516E+04  3.2631E+04
0000735   2.7463E+05 -6.5414E+04  2.9361E+03
0000736   1.9948E+05  2.7295E+04 -3.0664E+04
0000737   1.3713E+05 -5.4991E+04 -4.5289E+04
0000738   2.5374E+05 -4.1854E+04  4.9073E+03
0000739   2.1899E+05  2.1371E+04 -1.9900E+04
0000740   1.1566E+05 -1.1710E+04  1.0206E+04
0000741   2.5073E+05  6.5820E+03  3.6503E+04
0000742   1.0860E+05  6.2174E+04  4.4464E+04
0000743   2.0847E+05 -1.0359E+05 -1.8780E+04
0000744   1.9909E+05 -3.8520E+04  3.8238E+04
0000745   1.0933E+05  3.6899E+03  1.5530E+04
0000746   2.4999E+05 -5.5630E+04 -3.2042E+04
0000747   9.2195E+04 -3.4927E+03  3.4773E+04
0000748   1.1634E+05 -6.6493E+04 -7.2271E+04
0000749   1.5717E+05  3.2647E+04  1.3064E+04
0000750   2.5133E+05 -1.5310E+04  1.8511E+04
0000751   1.7861E+05 -6.7800E+04 -5.0255E+04
0000752   1.0758E+05  4.0350E+04 -6.2459E+04
0000753   1.6949E+05 -2.4657E+04 -2.0430E+03
0000754   1.8326E+05  1.3005E+04  7.9315E+04
0000755   2.0898E+05  3.6000E+04 -1.1154E+05
0000756   2.7632E+05  7.2981E+03  1.4856E+05
0000757   1.2726E+05  3.9699E+04  6.5415E+04
0000758   1.1230E+05 -2.5926E+04  7.7939E+04
0000759   1.3786E+05 -1.0206E+05 -1.3584E+04
0000760   1.3754E+05 -6.8858E+04 -3.0587E+04
0000761   3.1278E+05  9.9904E+04 -1.9163E+04
0000762   1.2927E+05 -2.1684E+04 -7.8828E+04
0000763   2.6685E+05 -1.1529E+05 -2.9528E+04
0000765   1.0706E+05 -3.6955E+04  7.1630E+02
0000766   9.6475E+04 -5.5579E+03 -1.6525E+04
0000767   1.6156E+05  3.0901E+04  1.8935E+02
0000768   2.0501E+05  9.6525E+04  5.1983E+04
0000769   1.4528E+05  6.6955E+04 -8.5211E+04
0000770   2.5917E+05  1.1371E+05 -1.8888E+04
0000771   1.5255E+05 -4.3576E+04 -3.0943E+04
0000772   2.3122E+05 -1.2235E+05  1.3212E+04
0000773   1.5778E+05 -3.2563E+04 -9.0269E+04
0000774   2.0556E+05 -3.5737E+03  7.0893E+04
0000775   8.1875E+04  1.6225E+04 -2.5747E+04
0000776   2.2266E+05  5.8863E+04 -7.3596E+04
0000777   2.7591E+04  1.8273E+03  4.4994E+03
0000778   1.7272E+05  5.9023E+04  1.6183E+04
0000779   1.7208E+05  3.6561E+04  2.5788E+04
0000780   1.7906E+05 -2.0880E+04  5.7317E+04
0000781   1.5542E+05 -1.2926E+05  5.0536E+04
0000782   1.7150E+05 -1.2546E+05 -9.9343E+04
0000783   2.9567E+05  3.0554E+03 -9.9596E+03
0000784   2.2821E+05 -1.2045E+05 -9.8713E+04
0000785   1.9569E+05 -6.4182E+04 -8.9511E+04
0000786   2.0772E+05  1.9115E+05 -5.0470E+04
0000787   7.7523E+04 -1.1307E+05 -9.5905E+04
0000788   1.4027E+05  1.1616E+04  6.2946E+04
0000789   1.9479E+04 -2.0633E+04 -1.2454E+04
0000790   3.0801E+04  2.3077E+03  4.6924E+03
0000791   3.6840E+04 -2.6851E+03 -4.1291E+04
0000792   2.7800E+05  1.1627E+04  1.2543E+05
0000793   1.4356E+05 -4.1281E+04  3.6124E+04
0000794   1.3226E+05 -6.5468E+04 -3.2424E+04
0000795   1.0836E+05  4.2677E+04  3.0306E+04
0000796   2.0341E+05  7.5545E+04  2.8951E+04
0000797   1.4678E+05  6.2302E+04 -7.6677E+04
0000798   1.3725E+05  5.2231E+04  5.5881E+03
0000799   6.8222E+04  6.1116E+04 -3.1640E+04
0000800   1.5998E+05 -3.4946E+04 -7.1872E+04
0000801   1.7460E+05 -4.8541E+04  1.0612E+05
0000802   2.8741E+05 -5.5125E+04 -7.6517E+04
0000803   1.6721E+05  5.6083E+04  3.0026E+04
0000804   7.7277E+04  1.7572E+04  5.8272E+04
0000805   1.7856E+05 -6.7302E+04 -9.3433E+03
0000806   1.5011E+05 -8.6595E+03 -2.5109E+04
0000807   5.9742E+04 -4.3942E+04 -1.0349E+04
0000808   1.2107E+05  8.6139E+04  2.5894E+04
0000809   4.9503E+04 -2.1774E+04  9.3884E+03
0000810   1.5311E+05  4.1118E+04 -2.9487E+04
0000811   2.9446E+05 -2.0807E+05  1.1334E+05
0000812   1.0846E+05  6.9835E+04 -1.0105E+05
0000813   1.9672E+05  2.0509E+04  5.2263E+04
0000814   8.4942E+04 -5.3678E+04 -4.5201E+04
0000815   1.3566E+05 -1.0125E+04 -1.1465E+04
0000816   2.9969E+05  4.7124E+04  3.4559E+04
0000817   1.4792E+05 -9.7390E+04  6.8307E+04
0000818   2.4096E+05  1.3006E+05 -9.0126E+04
0000819   1.5165E+05  3.9195E+04 -2.5698E+04
0000820   1.4567E+05  1.2191E+03  1.6364E+04
0000821   1.5975E+05 -1.7478E+05 -1.0346E+05
0000822   1.3146E+05  1.0891E+05  1.6151E+04
0000823   2.8664E+05 -6.9189E+04 -3.0746E+04
0000824   9.2720E+04 -5.5865E+04  4.9503E+04
0000825   2.8585E+05 -6.5925E+04  1.4057E+04
0000826   1.4379E+05 -8.0903E+04 -3.7066E+04
0000827   1.0278E+05 -2.7460E+04 -2.5692E+04
0000828   2.6850E+05  7.8075E+04 -4.8762E+04
0000829   9.7698E+04 -5.7539E+04 -6.1419E+04
0000830   5.0160E+04  1.1851E+04  5.8010E+03
0000831   2.1124E+05 -5.0015E+04  1.2479E+04
0000832   1.7373E+05  1.3768E+04 -2.0442E+03
0000833   1.4475E+05  1.0972E+04 -7.1094E+04
0000834   1.7518E+05  6.5510E+04  1.1182E+05
0000835   9.2062E+04 -3.1370E+04 -3.0612E+03
0000836   1.3267E+05  3.6773E+04  5.2954E+04
0000837   1.4065E+05 -1.1540E+05  1.1511E+05
0000838   7.2748E+04 -1.1156E+05 -1.0128E+05
0000839   8.3831E+04 -9.7821E+03  2.5582E+04
0000840   5.8874E+04 -6.4837E+04  4.0607E+04
0000841   1.9973E+05 -4.6661E+04  8.7771E+04
0000842   1.9976E+05  5.2394E+04  1.3925E+05
0000843   1.5534E+05  1.3880E+04  4.3760E+04
0000844   8.8016E+04  5.9583E+04  2.0969E+03
0000845   1.5057E+05  5.3427E+04  5.3489E+04
0000846   7.4093E+04 -2.7624E+04 -3.8446E+04
0000847   1.9769E+05 -6.8948E+04  2.1500E+04
0000848   6.4341E+04 -6.0570E+04 -6.0560E+04
0000849   4.5137E+04  1.3775E+04 -3.9798E+03
0000850   1.3529E+05 -3.5159E+04  1.9362E+04
0000851   2.5173E+05  6.1183E+04  5.2873E+04
0000852   1.0229E+05  7.1349E+03 -3.6660E+04
0000853   2.0347E+05 -4.7109E+03 -5.1968E+04
0000854   3.1030E+05 -6.8351E+04 -3.4126E+04
0000855   6.2532E+04  4.0643E+04  1.1159E+05
0000856   1.8686E+04  8.6282E+03 -3.0250E+03
0000857   1.7214E+05 -1.5942E+05 -1.0933E+05
0000858   1.9357E+05  1.2010E+05  4.2480E+04
0000859   1.5713E+05  9.9073E+04  9.0510E+04
0000860   2.7133E+05  2.4538E+03 -2.0762E+05
0000861   2.5104E+05 -1.8998E+05 -2.0085E+04
0000862   4.4928E+04 -6.9201E+03  2.0679E+04
0000863   3.3113E+04  7.3165E+04  2.9581E+04
0000864   9.5048E+04 -4.7906E+04  6.4438E+04
0000865   1.6047E+05 -7.2640E+04 -3.0255E+04
0000866   1.3377E+05  3.2277E+04 -1.9466E+04
0000867   2.6452E+05  8.1252E+04 -4.3733E+04
0000868   1.3189E+05 -2.4412E+04 -1.6227E+05
0000869   3.1162E+05  6.7873E+04  5.0354E+04
0000870   1.2003E+05 -5.1209E+04  6.9700E+04
0000871   2.7411E+03 -2.4603E+04 -1.6122E+03
0000872   1.3356E+05 -1.9034E+04  6.9501E+02
0000873   6.5620E+04 -6.3425E+04  5.3567E+04
0000874   1.7430E+05  4.6521E+04 -5.9837E+04
0000875   1.5230E+05 -3.0424E+04 -5.6622E+04
0000876   1.3449E+05 -6.1326E+03  1.1460E+05
0000877   1.5732E+05  2.9012E+04 -5.9515E+03
0000878   2.7891E+05 -3.4647E+04 -2.9930E+04
0000879   2.3390E+05 -6.0075E+04  4.9895E+04
0000880   1.9131E+05 -1.8057E+04 -2.4831E+04
0000881   1.2344E+05 -7.5502E+04  7.2919E+03
0000882   1.8268E+05 -5.0612E+04 -4.4359E+04
0000883   1.6908E+05 -1.3890E+04  2.0032E+04
0000884   2.8319E+05 -1.0421E+05  7.9892E+04
0000885   2.3838E+04 -3.0420E+04  3.1001E+04
0000886   1.7649E+05  1.6924E+04 -4.2343E+04
0000887   1.7097E+05 -6.5993E+04 -8.2978E+04
0000888   1.9666E+05  2.0488E+04 -4.3926E+04
0000889   7.8338E+04 -6.4203E+04  5.9077E+03
0000890   8.9188E+04  3.0777E+04 -6.0327E+04
0000891   9.6824E+04  7.7997E+04  7.8244E+04
0000892   1.0211E+05  5.8735E+04  7.1631E+04
0000893   2.3789E+05  8.0091E+04  1.0941E+05
0000894   5.4774E+04 -4.2932E+04  1.8517E+04
0000895   1.5578E+05 -2.0856E+04  1.2524E+05
0000896   1.5669E+05  1.6523E+04 -7.7578E+04
0000897   1.3818E+05  7.6509E+03 -1.8680E+04
0000898   1.2650E+05  7.4687E+03 -3.3124E+04
0000899   1.1633E+05 -3.6896E+04 -7.7221E+04
0000900   1.3189E+05 -8.7710E+04 -4.0848E+04
0000901   2.7483E+04  2.2171E+04 -1.6032E+04
0000902   2.2622E+05  4.8523E+04  1.5853E+05
0000903   1.3722E+05  1.2622E+05 -9.1810E+04
0000904   1.3009E+05  4.9912E+04 -6.0606E+04
0000905   1.6059E+05  9.3083E+03 -3.6393E+04
0000906   1.7868E+05 -5.4484E+04  5.3646E+04
0000907   1.0238E+05 -1.0082E+05  1.7043E+04
0000908   1.2611E+05 -4.7597E+04  1.5336E+04
0000909   2.0958E+05  3.1342E+04 -1.2866E+03
0000910   1.6578E+05 -4.4737E+04 -4.8286E+04
0000911   1.5259E+05  9.5423E+04 -1.6149E+04
0000912   2.0002E+05 -7.6683E+04  1.0564E+05
0000913   1.6171E+05 -9.6799E+04  7.3162E+03
0000914   1.3161E+05  3.1696E+03 -1.3006E+05
0000915   2.3875E+05  6.5922E+03 -6.9757E+04
0000916   4.0290E+04 -3.7767E+04 -1.7829E+04
0000917   1.2038E+05  7.3336E+04  7.8762E+04
0000918   1.2075E+05 -2.3462E+04  2.4439E+04
0000919   2.5519E+05 -7.2628E+04 -4.5048E+04
0000920   1.7041E+05  5.2046E+04  7.8950E+04
0000921   2.0604E+05 -1.3007E+04 -1.0379E+05
0000922   2.1985E+05  5.6302E+04  1.4655E+04
0000923   1.1102E+05  1.0153E+05 -1.0364E+05
0000924   2.7883E+04 -1.2998E+04  1.2250E+04
0000925   2.2477E+05  1.3002E+05  1.6000E+04
0000926   1.4947E+05 -8.8524E+04  5.5672E+04
0000927   1.3689E+05 -5.0269E+03  1.8268E+05
0000928   2.0548E+05 -1.9639E+04 -2.3452E+04
0000929   2.1515E+05  3.5322E+04  5.2178E+04
0000930   1.9298E+05  5.4495E+03 -5.4389E+04
0000931   5.7728E+04 -4.3746E+04  4.0177E+04
0000932   1.1023E+05  5.5492E+03 -3.8262E+04
0000933   1.7515E+05 -1.9984E+04 -2.9181E+03
0000934   1.5020E+05  8.9594E+04  5.3348E+04
0000935   3.0787E+05 -1.0617E+04  3.0508E+03
0000936   1.5144E+05 -1.2542E+05  1.3208E+05
0000937   1.5564E+05 -5.3598E+04 -1.0523E+05
0000938   4.7821E+04  3.3776E+04 -3.9474E+04
0000939   1.6801E+05  1.1878E+05  3.8841E+04
0000940   9.5429E+04 -9.8170E+04 -3.5572E+04
0000941   1.6715E+05  4.4105E+04 -8.4706E+04
0000942   1.3599E+05  9.0615E+04 -5.1880E+04
0000943   1.4210E+05  9.9820E+04  1.5634E+04
0000944   1.7555E+05  3.9591E+04  2.4209E+04
0000945   8.9488E+04  5.8943E+04 -1.2117E+05
0000946   2.6665E+05  1.4840E+04  5.0831E+04
0000947   2.0750E+05  4.2178E+04 -1.1815E+04
0000948   1.1569E+05  1.7639E+05 -6.7782E+04
0000949   3.5979E+04 -9.4639E+04 -1.0176E+05
0000950   1.4822E+05  7.4090E+04 -3.0809E+04
0000951   1.2610E+05  9.0521E+03 -2.6623E+04
0000952   9.7090E+03 -1.9045E+05  8.4770E+04
0000953   1.2957E+05  1.0751E+05 -1.0224E+04
0000954   5.6914E+04 -5.8933E+04 -6.8464E+04
0000955   2.3358E+05  3.6909E+04 -8.6403E+04
0000956   8.9290E+04  9.2547E+03  4.1520E+04
0000957   2.4863E+05 -1.1596E+05  4.1619E+04
0000958   1.8613E+05 -4.7971E+04 -5.2850E+04
0000959   1.6057E+05 -5.5153E+04  2.3792E+04
0000960   2.0128E+04  4.0747E+04  2.7502E+03
0000961   1.9398E+05  3.6034E+04 -1.9118E+03
0000962   1.6291E+05  1.7438E+04  5.3623E+04
0000963   1.2298E+05  2.7171E+04 -5.3900E+04
0000964   1.7962E+05  2.6229E+04 -2.9809E+04
0000965   1.2672E+05  1.5621E+05  8.7407E+04
0000966   1.8217E+05  1.0544E+04 -1.1541E+05
0000967   1.6353E+05  1.5104E+04  5.6452E+03
0000968   1.4694E+05 -2.1077E+04 -4.6345E+04
0000969   2.3925E+05 -8.0616E+04  2.5487E+04
0000970   2.0473E+05  3.1603E+04 -1.5366E+05
0000971   1.3327E+05 -8.7434E+03  4.9944E+04
0000972   2.5773E+05  3.4744E+04 -1.1395E+05
0000973   1.1705E+05  1.8948E+04 -5.3747E+04
0000974   1.3070E+05 -4.3127E+04 -2.0565E+04
0000975   1.2801E+05  6.2485E+04  5.8117E+04
0000976   1.3376E+05 -4.0119E+04  2.0269E+04
0000977   1.3360E+05 -5.2736E+04 -2.5801E+04
0000978   1.8342E+05 -2.2621E+04  2.8349E+04
0000979   2.1363E+05 -1.3179E+04  8.2176E+03
0000980   4.6064E+04 -3.1517E+04 -3.4650E+04
0000981   5.7433E+03 -1.5373E+04 -7.6041E+03
0000982   1.3890E+05 -4.4284E+04 -1.8015E+04
0000983   3.6324E+05  1.6022E+04 -6.2551E+04
0000984   1.8320E+05  7.2218E+03  1.7923E+04
0000985   1.0534E+05  1.9012E+04 -5.4192E+04
0000986   2.6339E+05 -1.5675E+05 -9.7256E+04
0000987   2.0452E+05 -7.7850E+03  1.2282E+04
0000988   2.2844E+05 -1.0892E+04 -4.2182E+03
0000989   9.4606E+04  2.5788E+03  4.7197E+04
0000990   1.4188E+05  1.9090E+04  8.7354E+04
0000991   1.5702E+05  4.5516E+04 -8.9361E+04
0000992   2.5355E+04 -2.2913E+03 -8.6099E+03
0000993   1.3625E+05  2.4946E+04 -2.5735E+04
0000994   4.6041E+04 -9.7508E+03  2.2850E+04
0000995   1.7649E+05 -1.7226E+05  7.1815E+04
0000996   5.0567E+04  1.1838E+05 -3.9634E+03
0000997   1.3345E+05 -3.0831E+04  4.4746E+04
0000998   4.7008E+04 -1.8245E+04  1.8926E+04
0000999   1.4008E+05  1.1933E+03  3.7772E+03
0001000   5.1339E+04 -1.3433E+05  4.1178E+04
