============================== SRIM-2013.00 ==============================
==============================================================================
====== SRIM Outputs\RANGE_3D.txt : File of Final Ion Positions =====

Ion = Ar (18)   Ion Mass= 039.9620
Energy  = 1000000.E-05 keV
Ion Angle to Surface = 00.0 degrees
==================== TARGET =======================
  Layer # 1 - Layer 1
  Layer # 1 - Bottom Depth=500000.E+02 A
  Layer # 1 - Density =0000.0125 g/cm3
  Layer # 1 -  100 % of Ar
様様様様様様様様様様様様様様様様様様様様様様様様様様
                                            
Ion       Depth  X   Lateral Y   Lateral Z  
Number    (Angstrom) (Angstrom)  (Angstrom) 
-------  ----------- ----------- -----------
0000001   1.9587E+04 -3.2364E+04 -1.1249E+04
0000002   3.4196E+04  1.4268E+04  8.6325E+03
0000003   3.7119E+04  6.6871E+02 -1.0051E+03
0000004   4.1977E+04  4.8717E+03 -1.4061E+04
0000005   4.4997E+04  2.0417E+04 -1.9387E+04
0000006   2.6112E+04 -2.9546E+04  1.9768E+04
0000007   2.2276E+04  2.1600E+04 -1.9816E+03
0000008   2.6376E+04 -1.2297E+04  1.6359E+03
0000009   3.1255E+04  1.4441E+04 -2.2243E+03
0000010   7.2909E+04  2.0070E+04 -4.0147E+04
0000011   3.6932E+04 -2.6362E+03  1.3910E+04
0000012   2.9730E+04  1.5676E+04  2.0648E+04
0000013   1.7548E+04 -3.3212E+04  2.1099E+04
0000014   3.8878E+04 -4.2769E+02 -2.0469E+03
0000015   3.8182E+04  1.5323E+04 -1.4859E+04
0000016   9.3383E+04  2.6125E+03 -1.2852E+04
0000017   3.1102E+04  1.0636E+04  1.1023E+04
0000018   2.5043E+04  1.0934E+04  9.5203E+01
0000019   3.1829E+04 -8.3072E+03  4.0550E+03
0000020   3.1643E+04 -1.9146E+04  4.5629E+04
0000021   1.8144E+04  3.2574E+03  2.7966E+04
0000022   3.8712E+04 -8.7890E+03 -1.2049E+04
0000023   2.3274E+04 -7.0210E+03 -4.0564E+03
0000024   4.3019E+04 -1.7239E+04  3.7979E+03
0000025   5.4532E+04  2.9764E+04  2.4810E+04
0000026   4.7935E+04 -2.1153E+04 -9.5439E+03
0000027   3.3113E+04 -9.3083E+03 -2.4076E+04
0000028   3.1978E+04  1.3922E+04  1.7961E+04
0000029   2.9137E+04  6.8598E+03  1.2282E+04
0000030   9.2958E+02 -6.6981E+03 -1.4804E+04
0000031   2.2716E+04  5.4985E+03  6.6615E+03
0000032   1.8346E+04  1.1354E+03  6.7478E+03
0000033   2.4676E+04  1.8481E+04 -7.5498E+03
0000034   1.6606E+04  1.2334E+04  1.1774E+03
0000035   4.6842E+04 -6.6948E+03 -3.5772E+02
0000036   4.1220E+04  2.4841E+04 -1.7969E+03
0000037   2.2711E+04 -3.4682E+03  6.9851E+03
0000038   1.9733E+04 -1.7231E+04 -2.1409E+04
0000039   2.9281E+04 -1.1722E+04 -1.9683E+04
0000040   4.4519E+04 -7.4329E+03  1.5254E+04
0000041   6.1635E+04 -1.1468E+04  2.7772E+04
0000042   5.3684E+04 -1.4996E+04 -3.4392E+04
0000043   2.5697E+04 -3.1785E+03  9.3303E+03
0000044   1.8270E+04  1.3809E+04 -6.0115E+03
0000045   2.7952E+04 -2.0179E+04 -7.2894E+03
0000046   2.2162E+04 -2.4782E+04  1.6936E+04
0000047   4.4338E+04  3.7851E+04  1.4657E+04
0000048   6.8290E+04  1.6903E+04  1.0186E+04
0000049   2.0302E+04  6.1127E+03 -1.0360E+04
0000050   4.2842E+04  1.3908E+03 -7.1368E+03
0000051   2.9265E+04 -1.1238E+04  2.7582E+03
0000052   1.7965E+04  8.0055E+03 -3.3167E+04
0000053   3.1040E+04 -5.3238E+03  2.8004E+03
0000054   3.9238E+04 -1.1780E+04 -1.2167E+04
0000055   3.3186E+04  2.3866E+04  3.5327E+03
0000056   2.6872E+04 -2.8487E+02 -1.0200E+04
0000057   3.0880E+04 -4.2188E+03 -1.0482E+03
0000058   3.8843E+04  1.7719E+03  9.2833E+03
0000059   3.3008E+04  6.2834E+03  2.7575E+03
0000060   3.4088E+04  1.0223E+04 -1.7833E+03
0000061   2.0161E+04 -5.8412E+03 -3.4949E+03
0000062   2.2388E+04 -2.3310E+03 -1.5641E+03
0000063   4.1433E+04  2.4581E+03  1.5153E+04
0000064   7.3718E+03 -2.7071E+04  4.5898E+04
0000065   3.0641E+04  6.0380E+03  9.8584E+03
0000066   3.6097E+04 -1.4010E+04 -3.1771E+04
0000067   8.2828E+04 -2.9328E+03 -2.1906E+04
0000068   6.4427E+04 -2.8565E+04 -5.9308E+03
0000069   3.2387E+04 -1.3382E+04  3.6385E+03
0000070   3.2886E+04  1.3012E+04 -8.0591E+03
0000071   4.1177E+04  3.0772E+04 -3.9375E+03
0000072   1.2574E+04  3.0464E+03  1.4712E+03
0000073   2.0093E+04  4.6332E+03 -3.1509E+04
0000074   3.9283E+04  2.8847E+04 -1.6937E+04
0000075   3.3703E+04  1.5522E+03  9.9935E+03
0000076   3.1133E+04 -2.9339E+03  5.5307E+03
0000077   3.2352E+04  1.3608E+04  1.6616E+03
0000078   2.9463E+04 -2.9225E+04 -6.8187E+03
0000079   5.6516E+04 -2.5027E+03  9.9220E+02
0000080   2.5275E+04 -2.3948E+04  9.8976E+03
0000081   2.4503E+04  2.5528E+04  6.6726E+04
0000082   3.1138E+04 -4.4656E+03 -5.5375E+03
0000083   3.1853E+04  5.5708E+02 -6.7375E+02
0000084   4.5434E+04 -8.1925E+03  1.0605E+04
0000085   3.1432E+04  5.2542E+02  1.7268E+04
0000086   5.5227E+03 -1.6660E+03 -9.6024E+03
0000087   3.0893E+04  4.9694E+02  4.0075E+04
0000088   4.6333E+04 -6.5242E+03  1.8884E+04
0000089   2.5776E+04  1.3388E+03  2.4213E+04
0000090   2.3035E+04  1.2355E+03 -2.9916E+03
0000091   5.4320E+04  1.1201E+04 -1.7834E+04
0000092   3.4750E+04  8.0601E+03 -4.2495E+02
0000093   5.1156E+04  4.6558E+03  5.0297E+03
0000094   1.8444E+04 -1.3849E+04 -2.1078E+03
0000095   3.0952E+04 -2.8095E+04 -1.7101E+04
0000097   4.7190E+04  9.3960E+03  1.9060E+02
0000098   2.2443E+04  1.8035E+04 -6.8755E+03
0000099   6.6603E+03 -1.6555E+04  1.3319E+04
0000100   4.1409E+04  1.0866E+04 -1.2381E+04
0000101   2.3760E+04 -2.5083E+04 -3.1034E+03
0000102   2.5591E+04 -1.3390E+04  3.3250E+02
0000103   2.0119E+04 -4.1923E+03  6.0494E+03
0000104   2.1744E+04  1.1924E+04 -6.6510E+03
0000105   2.7647E+04  4.8207E+04  4.3312E+03
0000106   2.8118E+04 -2.9671E+04 -1.7718E+04
0000107   5.2947E+04 -2.9322E+04  2.8803E+03
0000108   1.9306E+04 -9.0008E+03 -6.1059E+03
0000109   2.0510E+04  4.9069E+04 -3.1744E+04
0000110   1.0513E+04  4.4327E+03  4.5101E+03
0000111   2.2083E+03  1.0341E+04 -4.8732E+03
0000112   1.9911E+04  9.0132E+03 -6.5648E+02
0000113   3.4541E+04  7.8573E+03 -2.4880E+04
0000114   1.2715E+04  4.6728E+04  1.9448E+04
0000115   4.3676E+04  4.3492E+03 -8.3401E+03
0000116   4.7819E+04  7.1412E+03  1.7549E+04
0000117   2.7805E+04 -3.6314E+04  3.4855E+04
0000118   2.6737E+04 -2.3935E+04 -1.0118E+03
0000119   2.1163E+04 -2.1009E+04 -1.6939E+03
0000120   1.2046E+04  1.5620E+04  1.3005E+04
0000121   1.5196E+04  2.9630E+04  7.1584E+03
0000122   3.9589E+04 -3.8583E+03  8.3993E+03
0000123   3.6230E+04  4.3455E+04  1.0632E+04
0000124   1.3694E+03 -4.9449E+03  1.7197E+04
0000125   2.9257E+04 -1.3557E+04  3.4652E+04
0000126   5.9390E+03  6.2234E+03  9.2809E+03
0000127   5.6227E+04  2.8843E+04  1.9996E+04
0000128   4.0055E+04 -5.2713E+03 -3.0937E+04
0000129   4.8011E+04  1.2236E+03 -9.9579E+03
0000130   4.1682E+04  1.7669E+04 -1.0318E+04
0000131   6.8168E+04 -9.6091E+03  2.7270E+04
0000132   2.0105E+04 -1.6455E+04 -1.4136E+03
0000133   6.3637E+03 -1.3132E+04  2.8935E+03
0000134   6.6361E+04  2.5138E+03  2.6256E+04
0000135   5.9398E+04 -2.2377E+04  2.3025E+04
0000136   3.2244E+04  1.1378E+04  1.6980E+03
0000137   1.1602E+04  1.2224E+04 -9.8590E+03
0000138   2.8439E+04 -9.2541E+03 -6.2531E+01
0000139   4.1904E+04 -3.0741E+04 -1.0948E+04
0000140   2.3308E+04 -1.1361E+04  1.7407E+03
0000141   4.7288E+04 -2.0251E+04 -1.0262E+04
0000142   9.2484E+03 -1.3984E+03 -1.2161E+02
0000143   5.8653E+04  2.2576E+04 -1.6593E+04
0000144   2.6546E+04 -1.2245E+04 -2.5457E+04
0000145   2.8869E+04 -1.3222E+04 -1.4607E+03
0000146   1.3501E+04  1.1732E+04 -7.4469E+03
0000147   8.9239E+03  8.1810E+03 -7.4544E+03
0000148   5.1835E+04  3.0854E+03  3.0292E+03
0000149   6.0600E+04 -1.2714E+04  2.6247E+04
0000150   7.7409E+03 -1.8647E+04  3.6414E+04
0000151   3.7045E+04  3.2524E+04 -3.2633E+03
0000152   2.7062E+04  2.5723E+04 -5.2218E+03
0000153   3.9827E+04 -5.1690E+03  1.9878E+04
0000154   3.5843E+04 -1.3321E+04  3.0917E+04
0000155   1.9897E+04  4.4912E+03 -1.2426E+04
0000156   4.4345E+04  2.0061E+03  2.4876E+04
0000157   3.5180E+04 -3.0622E+03 -1.8601E+04
0000158   5.1308E+04  3.2377E+04  1.1424E+04
0000159   4.5079E+04 -1.2153E+04 -7.7643E+03
0000160   5.6414E+04 -1.6998E+03 -1.3119E+04
0000161   1.4060E+04 -2.6951E+03  3.4564E+03
0000162   4.8327E+04 -5.6842E+03  2.0458E+04
0000163   2.7084E+04  1.1823E+04 -1.7238E+04
0000164   3.3983E+04  5.0755E+02 -1.9947E+03
0000165   3.7703E+04  1.2304E+04 -3.1927E+04
0000166   1.1317E+04  2.9725E+04  2.8650E+03
0000167   2.1697E+04 -1.0669E+04 -1.5633E+04
0000168   4.7693E+04  2.6795E+04  3.8938E+03
0000169   1.0800E+04  1.7595E+04  1.4166E+04
0000170   3.1392E+04  8.7179E+03  6.1607E+03
0000171   3.0914E+04 -3.6811E+03  9.3627E+03
0000172   2.9301E+04  7.7168E+02  3.9897E+03
0000173   4.6792E+04 -2.6022E+04  1.4368E+04
0000174   2.9483E+04  3.8537E+03  1.5745E+04
0000175   6.5241E+04 -1.1572E+04 -1.2425E+03
0000176   3.1063E+04  7.4706E+03 -1.4513E+03
0000177   3.8885E+04  1.1612E+04  2.9739E+03
0000178   4.3271E+04 -1.3681E+04  8.5767E+02
0000179   4.3134E+04 -1.8956E+03 -1.9412E+03
0000180   1.8456E+04 -7.2252E+03 -7.6623E+03
0000181   2.7751E+03 -5.7476E+03  6.5434E+03
0000182   4.7762E+04 -3.4191E+03 -7.9046E+02
0000183   2.1787E+03  5.0279E+03  1.6698E+03
0000184   3.5905E+04 -3.5468E+04  1.0656E+04
0000185   4.9102E+04 -1.6136E+04  1.4727E+04
0000186   4.2865E+04  1.4233E+03 -9.8781E+03
0000187   2.1593E+04  4.1405E+04  2.1807E+04
0000188   6.0126E+04 -5.2750E+03 -4.0796E+04
0000189   4.9618E+04 -2.3742E+04  2.4610E+03
0000190   3.0743E+03  3.8262E+03  1.1413E+04
0000191   2.5642E+04 -1.6159E+04 -3.6180E+04
0000192   4.0038E+04  1.9377E+04  2.4003E+04
0000193   3.0080E+04  3.1291E+02 -3.5905E+03
0000194   2.1592E+04 -9.8349E+03  1.2217E+03
0000195   7.5317E+04 -7.9159E+02 -8.1160E+03
0000196   3.2488E+04  5.4603E+04  1.9523E+04
0000197   2.8847E+04 -1.5670E+04 -3.2691E+04
0000198   2.5645E+04 -4.0269E+04  1.9007E+04
0000199   7.7748E+04 -4.5683E+03 -2.8348E+04
0000200   5.9519E+04 -2.8157E+04  3.3158E+03
0000201   1.2304E+04 -4.5330E+03  1.2260E+02
0000202   2.9395E+04 -1.9234E+04 -8.7611E+03
0000203   3.1897E+04  1.1785E+04  3.7377E+04
0000204   1.6995E+04 -1.7094E+04 -9.5561E+03
0000205   3.0199E+04 -2.0044E+04 -4.7387E+03
0000206   3.2923E+04 -1.2409E+04  1.4624E+04
0000207   6.6161E+04  5.8590E+03  3.0895E+03
0000208   5.1417E+04 -1.5126E+03 -1.9165E+04
0000209   9.1042E+03  5.1476E+03 -4.1305E+04
0000210   2.7162E+04  8.1823E+03  4.1342E+03
0000211   3.1286E+04  7.3937E+03  1.7500E+04
0000212   3.9107E+04  7.9090E+03 -4.6951E+03
0000213   3.8086E+04 -9.6735E+03 -1.7925E+04
0000214   5.9506E+04 -3.7835E+03  7.9798E+03
0000215   2.1795E+04 -9.1177E+03 -3.2608E+04
0000216   6.4444E+04  8.0630E+03 -1.1033E+04
0000217   2.3091E+04 -5.2739E+03 -1.5586E+04
0000218   5.6418E+03 -1.1949E+04 -2.4672E+01
0000219   3.4566E+04  9.7671E+03  4.5683E+03
0000220   1.3898E+04  6.8843E+03 -1.1287E+03
0000221   4.5318E+04  4.5727E+03  1.8926E+04
0000222   2.2664E+04 -4.0795E+02 -4.9583E+03
0000223   5.8405E+03 -6.3233E+02  3.0023E+03
0000224   1.6688E+04  1.4670E+03  1.3129E+04
0000225   2.8216E+04 -6.2403E+03  9.9450E+03
0000226   4.1570E+04  9.0102E+03  2.9977E+04
0000227   2.9605E+04  2.6270E+04  1.4315E+04
0000228   4.0878E+04  8.0904E+03  1.2058E+04
0000229   2.4396E+04  7.4710E+02 -9.1306E+03
0000230   1.1751E+03 -4.6535E+03  1.7608E+04
0000231   3.2419E+04 -6.5798E+03  1.9185E+04
0000232   1.4401E+04 -2.0642E+04 -1.1691E+04
0000233   3.6469E+04  5.5791E+03  3.6609E+03
0000234   3.1439E+04 -1.5418E+03  1.4570E+04
0000235   2.3418E+04 -3.0918E+03 -1.0089E+04
0000236   2.5732E+04  7.7185E+03  9.3461E+03
0000237   4.6277E+04 -6.8155E+03 -9.5196E+03
0000238   2.5852E+04 -4.3238E+03 -1.8768E+04
0000239   5.3625E+04  7.1718E+03  3.0878E+03
0000240   2.4730E+04  2.4379E+03  2.9659E+04
0000241   4.5001E+04  7.6497E+03 -1.2529E+03
0000242   1.3516E+04 -4.7108E+03 -5.5220E+03
0000243   2.3323E+04 -4.4112E+04 -1.6676E+04
0000244   5.6286E+04  7.0438E+02  1.6366E+04
0000245   8.6461E+04 -1.5795E+04  3.7481E+04
0000246   4.5373E+04  1.0320E+03  5.3362E+03
0000247   5.5477E+04 -9.7187E+03  3.3471E+04
0000248   3.3561E+04 -2.4355E+03 -2.8964E+02
0000249   1.4999E+04  1.2977E+04 -3.4791E+03
0000250   3.9234E+04  1.6767E+04 -1.3464E+03
0000251   3.5570E+04  1.4019E+03 -1.4384E+04
0000252   2.1663E+04 -4.9883E+03  5.3194E+03
0000253   2.3656E+04 -6.9907E+03  3.6645E+03
0000254   3.2973E+04  1.7758E+04  6.7445E+03
0000255   2.7201E+04  1.7827E+04 -1.2976E+04
0000256   4.6068E+04 -9.3811E+03 -4.0539E+03
0000257   3.9437E+04  9.1805E+03 -3.7716E+03
0000258   2.6732E+04 -6.7870E+03  2.3475E+03
0000259   3.9194E+04  3.8292E+04  1.1587E+04
0000260   3.8086E+04  4.8994E+02 -7.3423E+03
0000261   6.9177E+04  8.4100E+03 -1.0374E+04
0000262   1.5387E+04  1.8682E+04 -6.5825E+03
0000263   9.2874E+03  1.1700E+03  1.6087E+03
0000264   4.4837E+04 -2.0869E+04  5.5494E+03
0000265   1.7174E+04  2.5239E+03  2.6770E+04
0000266   7.4788E+03 -1.1658E+04  3.3389E+03
0000267   8.6131E+03 -6.6074E+02 -9.0658E+03
0000268   5.5253E+03  2.8644E+04 -3.5684E+04
0000269   2.6234E+04 -5.0603E+01  1.7584E+04
0000270   5.1407E+04 -2.8415E+03  3.2888E+04
0000271   4.8388E+04 -2.3929E+04 -1.2469E+04
0000272   5.1950E+04  4.4592E+03  3.3787E+04
0000273   4.2377E+04 -1.0440E+04 -2.3914E+04
0000274   6.3587E+04 -1.6132E+04 -1.1525E+04
0000275   4.5663E+04 -8.5789E+03  1.2757E+04
0000276   2.9883E+04  1.2337E+04  6.1786E+03
0000277   2.9227E+04  3.4156E+04 -1.1561E+04
0000278   4.5745E+04  9.5438E+03 -2.3491E+04
0000279   3.8369E+04  6.3601E+02  1.0974E+04
0000280   1.8005E+04  1.4755E+04  1.0889E+04
0000281   7.5400E+04  2.6415E+04  1.4085E+04
0000282   4.3099E+04  9.7611E+03  4.3058E+03
0000283   3.5056E+04  2.7868E+04  4.5615E+03
0000284   2.1780E+04 -1.1795E+04  9.7552E+03
0000285   1.5802E+04  3.6318E+03 -1.1619E+04
0000286   4.6814E+04  1.9171E+04  1.9828E+04
0000287   4.1417E+04  1.2704E+04  6.8226E+03
0000288   2.0903E+04  1.7494E+03 -7.6243E+03
0000289   3.6216E+04 -6.6408E+03 -2.4218E+04
0000290   8.4643E+04  1.7002E+04 -5.2888E+03
0000291   5.3319E+04  2.4739E+04  1.1225E+04
0000292   5.4424E+04 -1.4021E+04 -4.0557E+03
0000293   2.9932E+04 -9.2613E+03  2.7401E+03
0000294   4.1230E+04 -7.9736E+03 -1.0177E+04
0000295   2.2937E+04 -1.3346E+04  7.1902E+03
0000296   3.2183E+04 -1.7928E+04  1.8036E+04
0000297   1.8448E+04 -7.8539E+03 -1.1224E+04
0000298   3.9922E+04  4.1613E+03  1.4145E+04
0000299   2.3934E+04 -2.4113E+04  5.6703E+02
0000300   8.7024E+03 -5.2579E+03  6.0089E+03
0000301   2.1388E+04  6.2202E+03 -8.3566E+03
0000302   1.7244E+04 -1.5262E+04  1.7894E+04
0000303   3.4233E+04 -1.4842E+04 -2.5116E+03
0000304   4.8496E+04  7.3684E+03 -1.9123E+04
0000305   2.2498E+04  3.4792E+04  1.1784E+03
0000306   4.0297E+04 -1.1030E+04  9.8713E+03
0000307   1.3938E+04 -2.0499E+04  6.7033E+02
0000308   7.7522E+03 -2.4686E+04  2.8219E+03
0000309   2.7878E+04 -1.3570E+04  2.8390E+04
0000310   4.9851E+04 -1.0853E+04  5.4047E+03
0000311   3.6597E+04  4.1996E+03  1.7531E+04
0000312   4.6534E+04  2.4164E+03  1.2260E+04
0000313   4.0506E+04 -3.4414E+03 -1.3671E+04
0000314   2.3669E+04  1.6554E+02 -1.6314E+04
0000315   6.9551E+04  7.9267E+03 -1.7318E+04
0000316   6.2339E+04  5.7604E+03 -5.8537E+03
0000317   2.6383E+04 -1.4777E+04  7.9922E+03
0000318   4.1596E+04  2.7893E+03  5.0404E+04
0000319   5.9598E+04  4.7981E+02  9.3716E+03
0000320   1.5495E+04  6.6417E+02 -1.8582E+02
0000321   2.9926E+04  1.4498E+03  4.8667E+03
0000322   3.6807E+03  4.3569E+03  3.1237E+03
0000323   5.6052E+04  4.6026E+04 -1.1724E+04
0000324   7.7469E+04  1.0360E+04 -2.7561E+04
0000325   3.7234E+04  7.7963E+03  2.4986E+03
0000326   1.8018E+04 -2.8048E+04 -9.0711E+03
0000327   3.3441E+04  1.1971E+04 -1.9306E+04
0000328   3.7051E+04 -4.9110E+03  2.7481E+04
0000329   4.8247E+04  2.7721E+03  4.9161E+03
0000330   2.8736E+04 -1.7627E+04 -1.1890E+04
0000331   3.3170E+04  4.1422E+03  1.3429E+04
0000332   2.2463E+04  2.5221E+04 -1.3943E+04
0000333   2.7495E+04  2.0268E+03 -1.4614E+04
0000334   2.8826E+03  1.3170E+04 -9.0774E+03
0000335   5.1301E+04  2.7038E+03 -2.1000E+04
0000336   2.9268E+04 -1.8796E+04  2.0599E+03
0000337   1.7982E+04 -2.2892E+03 -1.8423E+04
0000338   1.1383E+04 -6.3021E+03  3.0999E+04
0000339   6.4527E+04  4.3499E+03 -7.1087E+03
0000340   4.4643E+04  1.7299E+04  1.8539E+04
0000341   4.8396E+04  3.1106E+03  1.1726E+04
0000342   2.9255E+04  4.3952E+03  4.8077E+03
0000343   6.1740E+04 -5.7761E+03  2.2394E+04
0000344   2.3509E+04  6.1903E+03  7.0548E+03
0000345   4.9922E+04  2.0250E+04 -2.0804E+04
0000346   5.0779E+04 -8.7814E+03  5.3067E+03
0000347   5.0212E+04  1.2995E+04  1.2856E+04
0000348   2.9047E+04  4.2939E+04  1.3947E+04
0000349   1.1751E+04  7.2929E+03 -8.9275E+02
0000350   4.0427E+04  4.7412E+03  7.2154E+03
0000351   2.0994E+04  2.6491E+03  3.0509E+02
0000352   4.2947E+04  3.1474E+04 -1.7339E+04
0000353   7.1986E+03  1.1577E+04  4.7490E+04
0000354   5.5372E+04 -3.3980E+03  1.6391E+04
0000355   4.7561E+04  5.4937E+03  1.3268E+03
0000356   2.6288E+04 -6.6239E+03 -6.0738E+03
0000357   2.8376E+04  8.0953E+03  1.6247E+04
0000358   2.7491E+04  1.6057E+04  1.8988E+04
0000359   6.3209E+04 -3.7931E+02 -1.5671E+04
0000360   1.6354E+04  9.5441E+03 -6.0684E+03
0000362   4.4483E+04  2.3585E+04 -1.7247E+04
0000363   2.6450E+04  2.2914E+04  1.4767E+03
0000364   3.9254E+04 -1.1605E+04  8.5811E+02
0000365   1.2700E+04 -1.2342E+04  2.6201E+04
0000366   3.2998E+04 -4.1276E+03  2.5209E+04
0000368   2.3010E+04  5.5068E+03 -7.9926E+03
0000369   1.6204E+04 -2.3921E+03 -2.6986E+03
0000370   4.7160E+04  2.1869E+04  2.1129E+04
0000371   4.4164E+03 -9.6240E+03  1.4494E+04
0000372   4.4506E+04  6.3936E+02  4.6862E+03
0000373   4.4550E+04  1.1853E+04 -1.5438E+04
0000374   3.8089E+04 -1.9192E+04 -7.7097E+03
0000375   2.2849E+04 -2.2367E+03 -8.6456E+03
0000376   1.7576E+04  9.3517E+03 -8.7876E+02
0000377   5.5462E+04  1.0956E+03 -3.5656E+04
0000378   3.7350E+04 -1.1750E+04 -2.6704E+04
0000379   2.9993E+04  5.4305E+03  1.1390E+04
0000380   4.4741E+04 -3.8899E+04  2.6244E+04
0000381   2.9802E+04 -8.1082E+03  1.4016E+03
0000382   1.9709E+04 -1.9555E+02  5.8979E+02
0000383   1.7534E+04 -5.3756E+03  4.2380E+03
0000384   6.7928E+04  1.8481E+04  2.1453E+04
0000385   6.0848E+04 -1.1420E+03 -3.0982E+03
0000386   2.5979E+04 -7.9952E+02 -1.4765E+04
0000387   3.5864E+04 -7.2314E+03  2.6474E+04
0000388   3.2802E+04 -1.0803E+04  1.6990E+04
0000389   3.7814E+04  1.3205E+04  2.0538E+04
0000390   6.9675E+04  3.1137E+04 -1.1579E+04
0000391   3.9819E+04  6.1695E+02 -1.1030E+04
0000392   5.0716E+04 -4.3268E+04 -3.1323E+04
0000393   4.5250E+04  1.5029E+04  3.5414E+02
0000394   3.9711E+04  2.0530E+04 -2.4125E+03
0000395   2.6577E+04  3.6458E+03 -1.3855E+04
0000396   5.7102E+04 -2.2255E+03 -1.3914E+03
0000397   2.3359E+04  2.1892E+04 -8.1569E+03
0000398   3.9531E+04 -1.5123E+03  7.5905E+03
0000399   2.2834E+04  7.0449E+03  6.6461E+03
0000400   2.2411E+04 -4.6862E+03 -1.5767E+04
0000401   2.0725E+04  7.3553E+03 -7.7491E+03
0000402   6.7618E+04 -1.8639E+04 -2.5950E+03
0000403   2.2375E+04  5.4950E+03 -2.3235E+04
0000404   2.3508E+04  2.0536E+04 -1.4919E+04
0000405   4.4494E+04  2.3921E+03 -7.2123E+03
0000406   8.2499E+04 -2.9630E+04  1.8714E+04
0000407   4.3104E+04 -2.1573E+04 -2.3350E+04
0000409   2.5863E+04  4.1947E+04  1.8033E+04
0000410   6.8459E+04 -8.8349E+03  4.6755E+04
0000411   3.6777E+04 -1.5745E+04  7.1957E+03
0000412   4.4179E+04  2.0075E+04  1.0329E+04
0000413   2.0005E+04  5.4345E+02  5.6306E+02
0000414   2.4530E+04  3.3167E+04 -2.5944E+04
0000415   1.4442E+04  3.4145E+03 -2.6452E+03
0000416   4.8881E+04  2.2575E+04  3.8605E+03
0000417   8.8192E+04  1.3178E+03 -3.0697E+04
0000418   5.6518E+04  2.9357E+04 -1.1675E+03
0000419   4.3356E+04  1.7948E+04 -1.8371E+04
0000420   5.0387E+04  2.3213E+04 -1.5194E+04
0000421   4.9558E+04 -4.0888E+03 -5.4773E+03
0000422   1.6465E+04  1.5485E+03 -4.4172E+03
0000423   1.4987E+04 -2.4751E+04 -8.9490E+03
0000424   2.2346E+04  9.4149E+03  2.2296E+04
0000425   1.2307E+04 -1.6661E+04 -1.1716E+04
0000426   6.4451E+04 -2.3582E+04 -6.9878E+03
0000427   4.4056E+04 -2.9246E+04  1.1632E+04
0000428   5.2013E+04  2.4359E+03  3.5227E+03
0000429   2.3481E+04 -1.3655E+04 -1.3884E+04
0000430   1.8918E+04 -5.6865E+03 -4.8736E+03
0000431   3.9462E+04 -1.0720E+04 -2.1935E+04
0000432   7.9288E+04 -1.4605E+04  6.2770E+03
0000433   2.1423E+04 -8.8598E+03  7.2108E+02
0000434   4.1765E+04 -2.0659E+04  7.5170E+01
0000435   1.5696E+04  2.3413E+04  5.0213E+03
0000436   6.1219E+03  4.1498E+03 -1.3808E+02
0000437   4.0603E+04  8.9196E+02  4.9946E+03
0000438   3.6332E+04  1.1828E+02  2.3018E+04
0000439   2.1936E+04  1.6581E+04 -7.5683E+03
0000440   4.5127E+04 -1.2674E+04  1.6035E+04
0000441   9.1071E+03  9.8542E+03 -9.9047E+03
0000442   5.7882E+04 -3.7070E+03  4.0503E+04
0000443   5.5887E+04 -4.2540E+02  3.0376E+04
0000444   4.4372E+04 -5.8892E+03  1.5552E+04
0000445   1.1090E+04  4.7848E+03  1.8473E+04
0000446   2.7495E+04  1.1332E+04  2.7379E+03
0000447   1.6537E+04  3.7738E+03 -2.8342E+03
0000448   5.2166E+04  1.0380E+04  1.7359E+04
0000449   3.1350E+04 -1.1916E+04  1.8443E+04
0000450   4.4308E+04  3.2560E+04  2.4825E+04
0000451   3.2912E+04  2.4261E+04  1.4686E+04
0000452   2.0932E+04 -4.4985E+04  1.6131E+04
0000453   1.1266E+04 -3.0337E+03  7.9980E+03
0000454   3.3064E+04  5.4747E+03  7.5655E+03
0000455   2.8775E+04  8.1263E+03 -1.3588E+04
0000456   2.2262E+04 -2.7942E+03 -2.3483E+04
0000457   6.2673E+04  1.7862E+04  1.4223E+04
0000458   2.1554E+04  1.6499E+04 -1.7172E+03
0000459   2.4233E+04 -6.7402E+03 -2.8337E+03
0000460   3.1499E+04 -1.4472E+04  1.5082E+04
0000461   5.6056E+04  2.2425E+04  1.3575E+03
0000462   6.1093E+04 -7.4620E+02 -5.3826E+03
0000463   2.8721E+04  7.0838E+03 -3.0173E+04
0000464   1.7867E+04 -5.4522E+03 -5.4672E+03
0000465   3.1420E+04  1.6482E+04  8.1006E+03
0000466   1.9417E+04 -8.7263E+02 -1.1688E+04
0000467   3.0327E+04  2.0522E+04  6.0302E+03
0000468   4.2503E+04 -4.7517E+03  1.3591E+03
0000469   4.3731E+04 -9.6414E+03  3.3295E+03
0000470   1.4877E+04  2.6595E+04  4.3686E+02
0000471   2.2158E+04 -1.0756E+04  5.0631E+03
0000472   8.0340E+04  6.2770E+03  1.5523E+04
0000473   4.8147E+04 -1.2843E+04 -7.7283E+03
0000474   2.8494E+04  1.1266E+04 -1.7737E+04
0000475   9.9921E+03 -1.0826E+03 -1.6502E+03
0000476   3.0727E+04  2.0855E+04 -1.6497E+04
0000477   5.4325E+04  1.4138E+04  1.6250E+04
0000478   3.0359E+04 -3.2154E+03 -1.3523E+04
0000479   4.8200E+04  5.0095E+03 -1.3538E+04
0000480   6.2221E+04  1.2419E+04  1.5581E+04
0000481   3.4726E+04 -1.0151E+04 -4.4654E+04
0000482   5.5217E+03 -7.1389E+03  9.1834E+03
0000483   3.1165E+04  1.3028E+04 -2.9184E+03
0000484   4.6442E+02 -5.2574E+03  6.1224E+03
0000485   5.5274E+04  4.0396E+03 -3.7552E+03
0000486   1.6572E+04 -1.3792E+04  1.8710E+04
0000487   4.4692E+04  5.4404E+03 -4.1367E+04
0000488   2.8483E+04 -9.3578E+03  3.6830E+02
0000489   1.3252E+04 -9.8248E+03 -4.4583E+02
0000490   6.3898E+04  1.6221E+04 -2.7544E+03
0000491   5.4341E+04 -6.6355E+03 -4.7407E+04
0000492   3.5445E+04  1.9634E+04 -1.1761E+04
0000493   4.8738E+04 -1.9609E+04  1.2457E+04
0000494   2.7056E+04 -2.4966E+03 -5.5802E+03
0000495   2.9446E+04 -2.1571E+04 -4.1372E+03
0000496   4.7506E+04 -3.1745E+04 -3.5830E+04
0000497   4.4025E+04 -2.0776E+04  2.3317E+04
0000498   3.8574E+04 -3.9876E+03 -2.7389E+04
0000499   3.6488E+04  4.7254E+03 -1.1568E+04
0000500   1.0003E+04 -3.7069E+03  5.1068E+03
0000501   1.4037E+04 -4.0409E+03  7.3719E+02
0000502   6.2948E+04 -1.4135E+04 -7.7355E+03
0000503   6.2920E+04 -1.1571E+04  4.5709E+03
0000504   4.5490E+04 -2.6975E+03  1.6894E+04
0000505   7.1510E+04 -1.3842E+04  6.7941E+03
0000506   2.3861E+04 -3.9042E+04 -4.3562E+03
0000507   4.4757E+04  5.0769E+04  3.4454E+04
0000508   1.8716E+04  6.2735E+03  1.3064E+04
0000509   7.2076E+03 -1.1541E+04 -1.9028E+04
0000510   1.8222E+04  3.2237E+04 -1.1077E+04
0000511   3.6825E+04 -8.0622E+02  9.9877E+03
0000512   3.6932E+04  2.5003E+04  5.6291E+03
0000513   6.5875E+04 -3.0904E+04 -1.3125E+03
0000514   8.2734E+03  4.3166E+03 -8.7983E+02
0000515   5.3877E+04 -7.6365E+03 -3.1115E+04
0000516   2.3828E+04 -5.7826E+03  5.0411E+03
0000517   1.1542E+04 -3.2879E+04  3.6956E+04
0000518   3.0574E+04  8.5992E+03 -8.3409E+03
0000519   4.3102E+04  1.6881E+04  1.3714E+04
0000520   5.5831E+04  3.1849E+04 -3.1547E+04
0000521   1.7313E+04  6.0204E+03  6.6088E+03
0000522   4.2478E+04 -6.5468E+03  3.3792E+03
0000523   6.1770E+04  3.2806E+04 -2.5802E+04
0000524   1.4782E+04  1.5432E+04  1.0433E+04
0000525   2.6108E+04 -4.2606E+03 -7.6682E+03
0000526   3.4107E+04  3.4213E+03 -2.3275E+04
0000527   4.5035E+04  4.5384E+03  3.3109E+03
0000528   3.3821E+04  2.2725E+04  8.8071E+03
0000529   2.3545E+04  1.1385E+04 -2.8120E+03
0000530   5.9361E+04 -1.2616E+04  2.6917E+01
0000531   2.0136E+04 -2.3905E+03  9.0782E+03
0000532   5.4755E+04 -3.1861E+03  1.4864E+04
0000533   3.7914E+04 -2.3474E+04  1.5436E+04
0000534   2.7140E+04  5.3933E+03  1.1937E+04
0000535   7.6621E+04  1.1609E+04  5.0622E+01
0000536   2.5769E+04  2.2780E+04 -1.4908E+04
0000537   4.2453E+03  3.9314E+03 -1.3217E+04
0000538   5.8060E+04 -7.9192E+03  4.1207E+04
0000539   2.9968E+04 -2.6630E+04  2.6203E+04
0000540   4.0167E+04  1.7240E+04  1.2401E+04
0000541   3.6425E+04 -2.6813E+04 -2.4016E+04
0000542   1.9218E+04 -9.2368E+02  6.4265E+03
0000543   1.7152E+04 -8.4427E+03  7.2537E+03
0000544   1.2190E+04  2.1925E+03 -9.9843E+02
0000545   7.5778E+04 -2.1807E+04  3.4392E+03
0000546   3.1222E+04 -6.1621E+03 -2.3407E+03
0000547   2.2471E+04  6.9166E+03  2.6715E+04
0000548   2.1131E+04  9.2474E+03 -4.9211E+03
0000549   9.4976E+04  1.9559E+04 -1.0069E+04
0000550   4.8368E+04 -3.4046E+03  2.2075E+04
0000551   6.6688E+04  2.3922E+04 -1.9417E+04
0000552   3.0056E+04 -9.4641E+03 -7.8150E+03
0000553   4.4541E+04  2.6904E+04  1.8061E+04
0000554   4.4056E+04 -1.3803E+04 -8.6014E+03
0000555   2.4343E+04 -1.7612E+04  2.6868E+04
0000556   2.6788E+04 -1.4638E+04  2.5378E+04
0000557   2.5827E+04 -1.8988E+04  2.8812E+04
0000558   6.6495E+03  3.7661E+03 -5.4403E+03
0000559   2.7542E+04  3.4572E+04  5.2492E+03
0000560   5.2056E+04  6.5629E+03  7.2059E+03
0000561   4.5926E+04  4.8968E+03  1.0857E+04
0000562   2.9069E+04 -1.3004E+03 -8.2400E+03
0000563   2.7927E+04  5.7153E+03 -3.9038E+02
0000564   5.0153E+04 -5.1478E+02 -1.8770E+04
0000565   3.0749E+04  1.3228E+04  4.9268E+03
0000566   6.8585E+04  2.9263E+04  2.1136E+04
0000567   5.1146E+04  1.2772E+04 -1.9774E+03
0000568   2.5431E+03  5.0788E+03  4.7969E+03
0000569   3.3806E+04  7.7835E+03 -1.5715E+04
0000570   5.7589E+04  2.3930E+03 -2.1214E+04
0000571   3.5658E+04 -9.1795E+03 -1.4273E+04
0000572   3.9203E+04  1.4435E+04  5.1571E+03
0000573   6.8775E+04  4.5042E+04 -2.5260E+04
0000574   1.0704E+04  7.8297E+03 -2.4606E+03
0000575   5.1862E+04 -1.8166E+04  2.4934E+04
0000576   2.2713E+04 -8.7980E+02  1.3491E+04
0000577   2.8846E+04  1.0588E+04 -2.5763E+03
0000578   1.9865E+04  2.3836E+02 -2.6380E+04
0000579   3.3740E+04  1.3890E+04  8.7258E+03
0000580   5.6797E+04  1.4123E+04 -2.2617E+04
0000581   4.6439E+04  4.5413E+03 -4.7193E+03
0000582   4.4471E+04  2.0514E+04  1.1222E+04
0000583   8.7694E+04 -7.5286E+03 -2.1675E+04
0000584   4.2735E+04  1.3155E+04  6.0330E+03
0000585   7.3331E+04 -3.0190E+04 -1.9625E+03
0000586   1.8321E+04  2.1120E+03 -3.0501E+03
0000587   2.0225E+04 -1.0523E+03  1.7414E+04
0000588   1.8152E+04 -6.2154E+03  5.9801E+03
0000589   2.4878E+04 -1.5087E+04  1.3825E+04
0000590   6.2025E+04 -1.5423E+04 -8.1338E+03
0000591   3.5460E+04 -1.7209E+04 -1.1565E+04
0000592   1.4851E+04 -2.4820E+04 -1.6265E+04
0000593   4.6087E+04 -1.8847E+04  1.0224E+04
0000594   2.0430E+04  3.3374E+02 -1.5341E+04
0000595   5.0553E+04  1.2797E+04 -4.5319E+03
0000596   5.6390E+04  1.4162E+03 -7.4334E+03
0000597   4.3238E+04 -4.5828E+03 -3.1494E+03
0000598   1.5930E+04 -4.8493E+03 -9.0426E+03
0000599   2.4965E+04  2.0461E+04 -1.8229E+03
0000600   7.9784E+04  2.5521E+04  4.6008E+04
0000601   6.3171E+03  1.0080E+04 -7.6215E+03
0000602   1.7617E+04 -2.5820E+03  2.1173E+03
0000603   4.4040E+04  3.1383E+03  3.7089E+04
0000604   5.9320E+04 -1.8273E+04  2.4395E+04
0000605   1.3342E+04  2.4614E+04  2.3283E+04
0000606   2.8557E+04  4.4760E+03 -3.3317E+03
0000607   4.3743E+04 -1.2372E+04 -1.6204E+04
0000608   2.9309E+04  5.0495E+04  6.1522E+03
0000609   3.1085E+04  4.3017E+02 -2.1711E+04
0000610   1.5385E+04 -2.9852E+03  9.5446E+03
0000611   5.2973E+04 -1.8024E+04 -5.5397E+03
0000612   3.5212E+04  3.4911E+03 -9.1929E+03
0000613   3.0053E+04  3.3529E+04 -2.3596E+03
0000614   3.7167E+04  1.4713E+03 -1.3526E+04
0000615   9.7636E+03 -3.7386E+03  5.4893E+03
0000616   3.6571E+04 -7.3094E+03 -7.6996E+03
0000617   7.5924E+04 -3.6865E+03 -8.2272E+03
0000618   3.3652E+04 -1.6315E+04  1.9146E+03
0000619   5.4815E+03 -1.7061E+04  1.2028E+04
0000620   2.1347E+04  1.2338E+04  1.1236E+04
0000621   4.8739E+04  1.2935E+04  2.1450E+04
0000622   2.0216E+04 -2.1627E+03 -2.0623E+04
0000623   3.1356E+04 -4.2376E+02 -1.0170E+04
0000624   3.6154E+04 -1.5148E+04 -7.1072E+03
0000625   7.4302E+03 -5.6861E+03 -2.0786E+03
0000626   2.9562E+04 -6.6568E+03  2.6255E+03
0000627   7.6495E+03 -1.6049E+03  2.4615E+03
0000628   1.0037E+04 -8.2195E+03  2.6862E+03
0000629   9.4436E+03  9.1385E+03  2.5996E+04
0000630   1.8872E+04  6.3647E+03  7.8727E+03
0000631   1.9476E+04  1.0897E+04 -1.6319E+04
0000632   3.8485E+04  2.4927E+03 -3.7982E+03
0000633   6.8862E+03 -2.6504E+04  2.8210E+04
0000634   3.9918E+04 -3.1070E+04 -1.8346E+03
0000635   9.8939E+03 -1.8903E+04  5.4006E+03
0000636   2.1917E+04 -1.0204E+04  1.0537E+04
0000637   3.3102E+03  7.1029E+03 -1.6760E+04
0000638   8.1767E+03  1.0599E+03  2.3972E+04
0000639   2.6189E+04 -9.7901E+03  1.2844E+04
0000640   3.1276E+04  5.1556E+03 -1.5665E+04
0000641   6.2408E+04  3.6765E+04  1.9499E+04
0000642   2.2778E+04 -2.1748E+02 -5.5785E+03
0000643   4.9773E+03  4.9783E+03  7.5888E+03
0000644   7.5962E+04 -1.1831E+04  2.8905E+04
0000645   2.3131E+04 -1.0809E+04  8.2645E+03
0000646   3.4223E+04  1.8980E+04  1.0304E+04
0000647   3.2250E+04 -1.5182E+04  1.9083E+04
0000648   8.1086E+04  7.9074E+03 -1.8800E+04
0000649   5.8000E+04 -3.9417E+03 -3.5722E+03
0000650   2.3387E+04  1.1583E+04  1.3453E+04
0000651   4.4730E+04 -3.8606E+04 -2.2198E+03
0000652   6.7929E+03  1.6007E+03  2.3823E+03
0000653   4.0317E+04  3.2839E+03 -6.1368E+03
0000654   4.1923E+04  2.0273E+04 -1.3321E+04
0000655   4.4266E+04 -2.8786E+04  3.1422E+04
0000656   2.5249E+04 -4.9623E+03  9.9064E+03
0000657   3.3832E+04  1.6478E+04 -1.7735E+04
0000658   2.8008E+04  1.2959E+04  2.2832E+04
0000659   4.8600E+04 -1.6110E+04  1.6542E+04
0000660   2.5894E+04 -5.6215E+03  2.6092E+04
0000661   2.7895E+04  1.9204E+04 -1.4906E+04
0000662   1.9511E+04  7.0735E+03  1.2518E+04
0000663   5.4809E+04 -2.0484E+04 -1.3739E+04
0000664   1.1497E+04 -1.2479E+02 -2.7981E+04
0000665   2.7549E+04 -2.1797E+03  7.2570E+03
0000666   1.2310E+04 -6.7040E+03 -8.3478E+02
0000667   3.4354E+04 -1.7043E+04 -9.8594E+03
0000668   2.7386E+04 -4.3380E+03  5.8255E+03
0000669   5.5612E+04 -9.3166E+03  1.5036E+04
0000670   1.8360E+04  4.8956E+03 -3.3800E+03
0000671   3.3806E+04 -2.5039E+04 -7.7700E+03
0000672   5.0281E+04  3.5996E+04 -6.0007E+03
0000673   5.8320E+04 -1.8315E+04 -6.7207E+03
0000674   3.8568E+03  1.0586E+04  1.1554E+03
0000675   5.4164E+04 -5.0665E+03 -1.7620E+02
0000676   7.0908E+04 -3.2318E+03 -2.0834E+04
0000677   3.2802E+04  1.0954E+04 -1.1681E+04
0000678   1.1281E+04 -6.2886E+03  1.1031E+03
0000679   1.2750E+04 -1.0779E+04  1.2500E+03
0000680   3.8018E+04  2.0988E+04 -3.8404E+03
0000681   8.7070E+03  6.1494E+03  4.8213E+03
0000682   1.2387E+04 -2.5629E+04  5.3911E+03
0000683   1.7744E+04  1.1856E+03  9.5257E+03
0000684   2.5613E+04  5.9082E+03 -1.3937E+04
0000685   5.0223E+04  5.2853E+03  6.6353E+03
0000686   2.8738E+03  2.8475E+03  6.2338E+02
0000687   1.5478E+04  8.3659E+03 -8.8968E+03
0000688   4.4010E+04  1.0119E+04 -7.1632E+02
0000689   5.7140E+04  1.3689E+04 -2.6590E+04
0000690   2.9765E+04  1.2346E+04 -5.3430E+03
0000691   6.4522E+04 -1.2319E+04  3.8359E+04
0000692   2.3183E+04  2.9458E+02  5.6949E+03
0000693   8.9198E+04 -2.7458E+04  2.1316E+04
0000694   3.8496E+03  3.0626E+04  3.5027E+03
0000695   3.0374E+04 -1.6369E+04  2.7860E+03
0000696   2.9496E+04  3.4081E+03 -2.5853E+04
0000697   2.8995E+04 -8.4930E+03  8.2587E+03
0000698   2.9451E+04  6.9078E+03 -4.2039E+03
0000699   2.5729E+04 -4.9604E+03  2.0340E+04
0000700   7.2829E+04  1.0864E+04  5.8318E+04
0000701   1.0830E+04 -1.4702E+04  1.6316E+03
0000702   3.9219E+04  3.2310E+03  8.2113E+03
0000703   2.9204E+04 -9.5016E+03  7.0547E+03
0000704   5.8180E+04  8.3747E+03 -3.2058E+03
0000705   4.5537E+04 -3.1693E+03 -2.1188E+04
0000706   7.7303E+04 -1.4098E+03 -8.6515E+03
0000707   2.5159E+04 -4.3089E+03  4.8180E+03
0000708   3.9597E+04  4.9038E+03  1.0037E+03
0000709   2.0500E+04  1.1684E+04  5.2691E+03
0000710   3.3181E+04  5.3494E+03 -1.1635E+03
0000711   8.9053E+04  1.3328E+04  1.5252E+04
0000712   1.7239E+04 -2.2097E+02 -9.5741E+03
0000713   4.0424E+04 -5.3764E+03  1.6673E+04
0000714   2.4877E+04 -5.4501E+03  9.8809E+03
0000715   2.7637E+04 -1.0002E+04  1.5737E+04
0000716   4.9956E+04  4.8240E+03  1.5875E+04
0000717   2.3832E+04 -5.7464E+03 -1.7764E+04
0000718   2.2847E+04 -8.1540E+03  3.9791E+03
0000719   6.3331E+04  1.7343E+04  5.3277E+03
0000720   2.4445E+04  9.5908E+03  9.4161E+03
0000721   4.4908E+04  4.3652E+03 -1.2135E+03
0000722   5.3651E+04 -3.6187E+03 -1.2045E+04
0000723   1.2968E+04 -8.2327E+03  2.8485E+04
0000724   2.5407E+04  1.1871E+04  2.2440E+04
0000725   2.4719E+04 -6.3839E+03  7.6197E+03
0000726   2.9579E+04  7.9511E+03 -9.4229E+03
0000727   1.9467E+04  1.8246E+04  3.1328E+00
0000728   4.9952E+04  9.5739E+03  1.8144E+03
0000729   1.6690E+04 -5.4937E+03 -2.2726E+03
0000730   4.4871E+04 -1.7665E+03  1.4025E+04
0000731   2.8800E+04  9.6827E+03 -1.2264E+04
0000732   4.0602E+04  1.6061E+04  3.6626E+03
0000733   5.3020E+04 -1.3978E+04  1.4618E+04
0000734   2.3644E+04 -1.1278E+04 -3.9139E+03
0000735   2.0583E+04  1.9880E+03  2.5671E+03
0000736   3.6375E+04  1.2354E+04 -1.1657E+03
0000737   6.0330E+03 -7.6647E+03  1.3964E+04
0000738   2.0594E+04 -1.8606E+04  3.0306E+03
0000739   6.3519E+04  2.7533E+03 -7.3392E+02
0000740   6.1352E+04 -1.5505E+04  1.3274E+04
0000741   4.3358E+04 -8.6244E+03  2.2446E+04
0000742   3.4275E+04  1.5442E+04  9.6501E+03
0000743   3.1440E+04 -2.1681E+04  1.2671E+04
0000744   4.3638E+04 -1.0794E+03 -3.9403E+03
0000745   5.7154E+04 -1.7152E+04  1.8132E+04
0000746   2.4107E+04  7.5673E+03 -5.1714E+03
0000747   3.1685E+04  4.4823E+03 -1.5944E+03
0000748   1.1135E+04 -9.2106E+03 -2.3177E+03
0000749   2.8495E+04 -1.4529E+04 -5.2851E+04
0000750   4.8225E+04  5.3023E+03 -2.9540E+04
0000751   3.5637E+04  1.2073E+04 -2.1626E+04
0000752   4.6107E+04 -1.0262E+04 -8.5320E+03
0000753   1.7113E+04 -2.0003E+04 -1.7350E+03
0000754   6.9854E+03  8.0557E+03  7.1115E+03
0000755   1.5064E+02 -1.0523E+04 -1.6438E+04
0000756   2.9439E+04  1.8027E+04  1.6487E+04
0000757   2.9395E+04 -1.4232E+04 -1.3568E+04
0000758   5.2767E+04 -5.8034E+03  3.4057E+04
0000759   5.0869E+04  1.3068E+03 -1.1155E+04
0000760   5.2857E+04  1.0842E+04 -2.6677E+04
0000761   8.0907E+04 -2.9599E+04  2.2607E+04
0000762   3.2732E+04  3.7879E+03  7.0596E+04
0000763   2.0212E+04  2.5289E+03  1.7550E+03
0000764   5.4806E+04 -1.1443E+04  1.3982E+04
0000765   5.0302E+04 -1.2485E+04 -2.0104E+04
0000766   3.0748E+04 -9.2518E+03  5.3060E+03
0000767   3.9269E+04  5.4522E+02  1.1145E+04
0000768   2.5570E+04  2.0245E+04  2.1539E+04
0000769   4.6075E+04  2.7244E+04  8.2184E+03
0000770   3.8495E+04  4.6617E+04 -2.1930E+04
0000771   8.7050E+03  1.2340E+03  1.3195E+03
0000772   1.6708E+04 -5.2679E+03 -5.8780E+03
0000773   1.1035E+04 -9.5014E+03 -1.0855E+04
0000774   2.9018E+04  5.7932E+03  1.9257E+03
0000775   3.7298E+04  3.5767E+02 -3.4442E+04
0000776   1.6972E+04 -1.2292E+03  6.1082E+03
0000777   9.6718E+03  7.2670E+03  1.8552E+03
0000778   2.1090E+04  3.1831E+03 -9.5127E+03
0000779   8.4878E+04  1.6839E+04 -3.4615E+04
0000780   7.4402E+03 -1.3281E+04 -1.6354E+04
0000781   1.6236E+04 -3.5221E+04  9.8633E+03
0000782   2.0910E+04 -2.8139E+04 -1.1855E+03
0000783   6.3522E+04 -1.8498E+04  1.3265E+04
0000784   1.3202E+04  6.3964E+03 -1.0728E+04
0000785   2.1067E+04  8.0683E+03  9.2665E+02
0000786   2.5734E+04  6.7309E+03  5.3456E+03
0000787   4.8137E+04 -1.6102E+02 -1.2431E+04
0000788   1.3315E+04  1.8116E+04  6.3518E+02
0000789   2.1925E+04 -5.2525E+03  2.7785E+04
0000790   2.6360E+04 -1.4621E+04 -1.7488E+04
0000791   1.5390E+04 -4.3666E+03  1.2759E+04
0000792   6.9020E+04 -3.5562E+03  3.0662E+04
0000793   5.2027E+04  1.7302E+03  1.3820E+04
0000794   5.5321E+04  9.6160E+03  1.6586E+04
0000795   9.5590E+03 -4.3901E+03  5.5653E+02
0000796   6.5706E+04 -1.1864E+04  3.2511E+04
0000797   3.1055E+04  6.4481E+02  7.6580E+03
0000798   8.8292E+03 -4.9593E+03 -5.1585E+03
0000799   1.3965E+04  5.0772E+03  2.0533E+04
0000800   8.8736E+04  1.1946E+04  1.6225E+04
0000801   5.1847E+04 -3.0234E+04 -6.8397E+03
0000802   1.7268E+04  1.1160E+04  4.3309E+03
0000803   5.0915E+04 -2.4265E+04  3.1106E+03
0000804   4.4602E+04  7.7561E+03  1.4500E+04
0000805   1.9643E+04 -3.1207E+03 -4.3193E+03
0000806   2.3612E+04  1.5877E+04 -2.4226E+04
0000807   1.6281E+04 -3.8157E+03  5.2030E+03
0000808   2.8733E+03 -1.2222E+03 -8.7853E+03
0000809   3.9184E+04  1.1579E+03 -9.6398E+03
0000810   4.3955E+04 -1.4700E+04  1.3704E+04
0000811   2.8590E+04 -2.1444E+04  2.2479E+04
0000812   1.1931E+04 -4.5306E+03 -8.0125E+03
0000813   3.6479E+04 -1.1614E+04 -4.1073E+03
0000814   4.7260E+04 -2.5529E+04  3.2048E+04
0000815   1.7607E+04  2.8617E+03 -7.4375E+03
0000816   4.8090E+04 -5.3950E+03  1.2971E+04
0000817   4.1616E+04 -3.9750E+02 -1.9819E+03
0000818   3.8289E+04  2.1202E+04 -4.1325E+04
0000819   1.8255E+04  1.5643E+04  9.1332E+03
0000820   4.1905E+04 -1.8657E+04 -9.7595E+03
0000821   4.0399E+04 -2.8444E+03 -4.2791E+03
0000822   4.3679E+04 -7.2679E+03 -1.3116E+03
0000823   1.6841E+04  1.3624E+03 -3.1886E+03
0000824   4.4077E+04 -1.4108E+04  5.5036E+04
0000825   4.8091E+03 -7.0412E+03 -2.1081E+03
0000826   3.6559E+04 -9.4193E+03  6.5675E+03
0000827   5.2501E+04  9.3109E+03  3.2081E+03
0000828   6.6466E+04  2.6466E+04 -1.2166E+04
0000829   3.2204E+04 -1.9066E+04  3.7745E+03
0000830   4.4956E+04  2.5901E+03  8.3791E+03
0000831   5.0082E+04  1.4166E+04  8.2714E+03
0000832   4.8666E+04  4.6768E+03 -3.6294E+03
0000833   3.2159E+04  1.5783E+04 -2.3465E+04
0000834   3.2575E+04  1.0587E+04 -1.8277E+04
0000835   6.8127E+04 -7.7331E+03  1.1146E+03
0000836   1.6995E+04  2.0217E+04  1.3965E+04
0000837   2.6200E+04  1.2834E+04  6.0960E+03
0000838   4.0179E+04  7.9764E+03  3.6571E+04
0000839   3.4278E+04 -8.3206E+03  1.3686E+04
0000840   6.7547E+03 -1.7527E+04  2.7161E+04
0000841   4.2127E+04  3.7574E+04  1.1058E+04
0000842   5.6372E+04 -3.3103E+03  1.3227E+04
0000843   5.8091E+03  7.7134E+03 -1.0633E+04
0000844   4.2516E+04  1.9504E+04  9.2364E+03
0000845   3.1929E+04  1.8008E+04  3.2806E+02
0000846   3.6665E+04 -4.2332E+03 -2.0173E+04
0000847   2.3929E+04 -3.4135E+04  1.9380E+04
0000848   4.3941E+04 -1.9707E+04 -8.3438E+03
0000849   3.4344E+04  1.8211E+04 -9.0536E+03
0000850   4.4379E+04  2.0816E+04 -2.5897E+03
0000851   2.7720E+04  3.7640E+03 -1.4528E+04
0000852   3.7252E+04 -8.1641E+02 -2.0176E+04
0000853   5.5608E+04 -7.1014E+03 -1.8451E+04
0000854   2.7073E+04 -1.2660E+04 -1.1749E+04
0000855   6.1653E+04 -1.5964E+04 -1.0149E+04
0000856   5.4101E+04 -2.2368E+04  1.4210E+04
0000857   3.7997E+04  1.5431E+04 -3.4051E+04
0000858   1.1157E+05  2.1805E+04 -6.6015E+03
0000859   6.7485E+04 -4.3656E+03 -5.4592E+03
0000860   2.2272E+04  5.6670E+03  9.9742E+03
0000861   3.9287E+04 -1.8066E+04  7.8035E+03
0000862   3.3629E+04  1.9926E+04 -3.0149E+02
0000863   8.5904E+03 -1.5482E+04  1.2760E+04
0000864   5.7248E+03  8.8517E+03  1.3067E+04
0000865   1.0137E+04 -4.8653E+02  1.4933E+04
0000866   3.1817E+04 -1.1710E+04  5.3552E+03
0000867   3.3439E+04 -2.0777E+04 -2.0526E+03
0000868   2.4527E+04  1.0618E+04  9.6321E+03
0000869   2.9352E+04  1.2666E+04  1.4520E+03
0000870   1.3822E+04  1.2255E+04 -1.7308E+04
0000871   1.0340E+03 -6.7484E+02  4.0469E+03
0000872   5.6321E+04  2.2445E+04  8.3474E+03
0000873   4.3451E+04 -2.3024E+04  1.5794E+04
0000874   7.5914E+04 -1.5752E+04 -2.3134E+03
0000875   2.2502E+04 -6.4100E+03  2.9852E+03
0000876   3.4807E+04 -8.1561E+03  1.9604E+03
0000877   4.9212E+04 -7.7530E+03  1.9245E+04
0000878   2.5803E+04  1.4218E+04  7.0914E+03
0000879   2.4839E+04  1.2716E+04 -5.2782E+02
0000880   5.6516E+04 -8.1106E+03 -1.4463E+04
0000881   1.7959E+04 -8.6974E+03 -1.2719E+04
0000882   2.2279E+04  1.6685E+04  2.1035E+04
0000883   5.0488E+04  1.3618E+04  1.4052E+04
0000884   5.6687E+04  3.1553E+03 -1.5342E+04
0000885   4.8782E+04 -1.0331E+04 -1.0318E+04
0000886   3.6486E+04  1.1926E+04 -1.9830E+03
0000887   3.3066E+04 -4.6641E+03  9.5146E+02
0000888   3.6612E+04  7.9405E+02  1.4730E+04
0000889   6.8745E+04  1.8910E+03 -3.9672E+04
0000890   5.6931E+04 -9.3375E+03  1.1864E+03
0000891   3.4783E+04 -2.4618E+04 -4.3560E+03
0000892   4.6843E+04  1.6664E+04 -6.6807E+03
0000893   1.5062E+04  4.2027E+03 -1.3136E+04
0000894   3.1382E+04  1.5816E+04 -4.1599E+04
0000895   3.8875E+04  7.6312E+03 -1.1967E+04
0000896   1.7254E+04 -7.0447E+03 -1.0773E+04
0000897   3.5057E+04 -1.3254E+03  1.7884E+04
0000898   5.1258E+03 -1.5013E+02  1.5235E+03
0000899   4.4012E+04 -1.2260E+04  2.3426E+03
0000900   3.5479E+04  3.0295E+04 -7.8326E+03
0000901   2.6970E+04 -2.8227E+03  6.8262E+03
0000902   4.2285E+04  1.1987E+04  3.0087E+03
0000903   2.8077E+04 -1.2248E+04 -8.7567E+03
0000904   1.5473E+04 -1.5733E+02  1.9227E+04
0000905   6.6428E+04 -6.6703E+03 -3.6362E+04
0000906   4.8216E+04 -1.9007E+03  2.2623E+04
0000907   7.2386E+04 -2.1753E+03  3.2932E+04
0000908   3.7319E+04  5.1843E+04 -8.0206E+03
0000909   5.2968E+04  1.6664E+04  1.1727E+04
0000910   1.9378E+04 -1.8958E+04 -1.3056E+03
0000911   6.3002E+04 -5.5867E+03  3.7924E+03
0000912   2.7160E+04  3.2290E+03 -1.2305E+04
0000913   2.1286E+04 -2.1436E+03  1.7048E+03
0000914   2.3632E+04 -1.3899E+04  1.1494E+04
0000915   3.8390E+04  1.3790E+04  1.6034E+04
0000916   2.4865E+04 -2.8472E+03 -1.5683E+04
0000917   4.9909E+04  4.9705E+03 -4.8495E+03
0000918   3.7425E+04  1.8718E+04  4.1021E+03
0000919   6.9457E+04 -5.2426E+04 -2.9809E+04
0000920   1.4362E+04 -1.8312E+04 -9.7583E+03
0000921   4.1563E+04  1.4407E+04 -2.3554E+04
0000922   4.2887E+04 -1.7256E+04  4.4886E+04
0000923   2.6389E+04  7.9725E+03  7.0288E+03
0000924   5.5670E+04  2.4041E+04 -3.6185E+03
0000925   2.7947E+04 -1.0433E+03 -9.5183E+03
0000926   8.3582E+04 -7.7640E+03  2.5055E+04
0000927   6.6480E+04  1.0695E+04  2.1905E+04
0000928   4.1361E+04  9.2365E+03 -2.2042E+03
0000929   2.6843E+04 -3.5298E+03 -9.4274E+03
0000930   4.5263E+04  1.3173E+04 -2.7093E+02
0000931   6.9702E+04 -7.0367E+03  2.6030E+04
0000932   4.1681E+04 -2.6356E+04 -1.0046E+03
0000933   1.7390E+04  9.0829E+03 -4.2822E+02
0000934   4.8210E+04  2.3809E+04 -1.3448E+04
0000935   2.8845E+04  1.8175E+04 -1.6232E+04
0000936   1.4088E+04  1.1718E+04 -1.3595E+04
0000937   3.9235E+04 -1.2205E+04  8.0089E+03
0000938   3.1317E+04  1.0625E+04 -2.5800E+04
0000939   2.8850E+04 -2.4342E+03  5.2175E+02
0000940   3.8358E+04  2.1006E+04 -1.0912E+04
0000941   3.3144E+04 -2.4734E+04  6.9706E+03
0000942   2.7479E+04 -3.2953E+03 -9.9128E+03
0000943   2.2707E+04  5.6888E+03  7.5047E+02
0000944   3.5439E+04  1.6248E+04 -4.2941E+03
0000945   2.2215E+04 -4.6431E+03 -3.5129E+03
0000946   2.0376E+04  1.3930E+03 -4.0100E+03
0000947   5.7735E+04 -1.4250E+04 -3.4631E+03
0000948   3.2389E+04 -6.4984E+03 -1.4313E+04
0000949   3.3664E+04 -1.3576E+04  1.1566E+04
0000950   4.6215E+04  3.2870E+04  1.5830E+04
0000951   1.6505E+04  3.6387E+04  2.3962E+04
0000952   1.2290E+04 -7.0348E+02 -1.9110E+03
0000953   4.4946E+04  2.0300E+04 -9.9531E+03
0000954   1.6295E+04 -1.1965E+04  1.1273E+03
0000955   4.0186E+04  1.7653E+04  3.3593E+04
0000956   7.3516E+04  5.1887E+03  1.4348E+04
0000957   1.8213E+04  4.2343E+00  8.2784E+03
0000958   3.0330E+04  5.8412E+03 -5.8899E+03
0000959   1.0341E+04  9.8544E+03 -1.1348E+04
0000960   5.0053E+04  2.6569E+04 -2.4573E+04
0000961   4.9767E+04  2.1295E+03 -1.3466E+04
0000962   1.6070E+04  4.8135E+03 -3.4331E+03
0000963   5.3127E+04 -1.1276E+04 -1.9291E+03
0000964   2.6401E+04 -3.7361E+03  1.4849E+04
0000965   2.2446E+04 -2.4347E+04  2.3785E+04
0000966   4.3952E+04 -3.0347E+04 -9.8777E+02
0000967   4.7064E+04  1.3432E+04 -5.8726E+03
0000968   5.5600E+04 -2.7687E+04 -4.0064E+03
0000969   2.4880E+04  6.9279E+02  4.2201E+03
0000970   1.1380E+04 -8.5818E+02  5.6824E+03
0000971   1.4569E+04  3.2382E+04 -9.4802E+03
0000972   5.4958E+04  6.1753E+03  3.8176E+03
0000973   5.1620E+04 -5.3521E+03  1.4671E+04
0000974   1.9036E+04 -9.4928E+03  1.5126E+04
0000975   5.7152E+04 -2.0003E+03 -4.2895E+03
0000976   3.7156E+04  1.3217E+04 -6.9452E+03
0000977   4.5052E+04  2.4521E+04 -8.0614E+03
0000978   7.8198E+04 -5.0812E+03  3.0182E+04
0000979   1.3681E+04  7.1568E+03 -1.2529E+04
0000980   1.7327E+04 -2.7143E+03 -3.4721E+02
0000981   2.3595E+04  4.9648E+03 -9.4958E+03
0000982   3.6723E+04 -2.0547E+04 -1.2861E+04
0000983   7.3545E+04 -5.9794E+03 -2.2749E+04
0000984   2.8098E+04 -8.7662E+03  2.4785E+04
0000985   4.4942E+04 -1.3903E+04  8.7434E+03
0000986   6.7251E+04  1.3307E+04 -2.7275E+04
0000987   2.6728E+04 -3.7396E+04 -1.8101E+04
0000988   1.6608E+04 -5.0706E+03  1.4203E+04
0000989   1.7778E+03  6.7453E+03  1.1179E+04
0000990   1.9298E+04  2.1248E+04 -2.3608E+04
0000991   1.4685E+04 -7.9413E+03  2.3097E+03
0000992   6.3238E+04  2.8352E+04 -7.6141E+03
0000993   2.6470E+04 -1.1009E+04  2.3160E+04
0000994   2.5949E+04  2.5415E+03 -7.6878E+03
0000995   3.3008E+04 -6.8007E+03  1.2349E+04
0000996   6.4188E+03 -1.7022E+04  1.5590E+04
0000997   6.3569E+04 -3.3000E+04 -1.2438E+04
0000998   5.0020E+04 -2.7366E+04  8.0903E+03
0000999   6.5504E+04 -3.4761E+03 -2.9707E+03
0001000   6.0159E+04  1.9872E+04 -5.7987E+03
