============================== SRIM-2013.00 ==============================
==============================================================================
====== SRIM Outputs\RANGE_3D.txt : File of Final Ion Positions =====

Ion = Ar (18)   Ion Mass= 039.9620
Energy  = 6551286.E-05 keV
Ion Angle to Surface = 00.0 degrees
==================== TARGET =======================
  Layer # 1 - Layer 1
  Layer # 1 - Bottom Depth=500000.E+02 A
  Layer # 1 - Density =0000.0125 g/cm3
  Layer # 1 -  100 % of Ar
様様様様様様様様様様様様様様様様様様様様様様様様様様
                                            
Ion       Depth  X   Lateral Y   Lateral Z  
Number    (Angstrom) (Angstrom)  (Angstrom) 
-------  ----------- ----------- -----------
0000001   2.0072E+05 -9.8726E+04 -7.0805E+03
0000002   3.4457E+05 -4.2481E+04  8.1039E+04
0000003   1.1155E+05 -4.0600E+04  1.6609E+04
0000004   1.6091E+05 -2.1997E+04 -1.6270E+05
0000005   1.2488E+05 -1.4844E+04 -9.4263E+02
0000006   2.9505E+05 -7.0316E+04  8.0364E+04
0000007   2.3115E+05  5.8246E+04 -1.5424E+04
0000008   8.2507E+04 -1.3982E+05  1.1864E+04
0000009   1.8830E+05 -1.3327E+05 -1.9145E+04
0000010   1.5816E+05  3.3676E+04 -3.9501E+04
0000011   2.1092E+05  4.8957E+04  4.7839E+04
0000012   9.2732E+04 -1.9473E+04 -9.7057E+03
0000013   1.6341E+05  1.6580E+04  5.9517E+04
0000014   5.1444E+04  2.4797E+04 -2.4921E+04
0000015   2.1287E+05 -1.4493E+05 -1.0125E+05
0000016   1.1976E+05  4.5756E+04  6.7886E+03
0000017   1.0462E+05  2.1662E+04 -4.9803E+04
0000018   2.6239E+05 -6.2502E+04 -4.1892E+04
0000019   3.2725E+05  9.8216E+04 -3.6999E+04
0000020   2.7845E+05  1.0941E+05 -9.9574E+04
0000021   2.1694E+05  6.6374E+04  1.2933E+05
0000022   1.9561E+05 -3.6838E+04 -7.0291E+04
0000023   1.5667E+05 -1.1915E+04 -1.6632E+04
0000024   3.3731E+05  5.6181E+04  9.0400E+03
0000025   2.0994E+05  9.6505E+04  1.0070E+05
0000026   1.0729E+05  5.7325E+04 -5.3351E+04
0000027   3.1220E+05  3.5056E+04 -1.4815E+05
0000028   1.0931E+05 -9.8111E+03  9.5753E+03
0000029   4.0084E+05  1.2273E+03  6.1123E+04
0000030   1.5818E+05  6.9330E+04 -1.6351E+05
0000031   2.1196E+05 -9.5584E+04  3.7571E+04
0000032   1.1088E+05  9.9421E+04  1.1637E+04
0000033   1.1084E+04 -4.6151E+03  1.1196E+05
0000034   6.8026E+04 -2.3478E+03 -4.0525E+04
0000035   2.8999E+05 -1.7280E+04  2.3152E+05
0000036   1.9376E+05 -2.0327E+04 -7.3974E+04
0000037   2.4640E+05 -2.6278E+04 -6.5792E+04
0000038   2.3721E+05  3.5022E+04 -1.5405E+05
0000039   2.0696E+05 -1.1449E+05  1.3135E+04
0000040   1.8662E+05 -2.8533E+04  2.1926E+04
0000041   1.8423E+05 -1.2406E+04 -3.3967E+04
0000042   1.7334E+05 -8.8934E+04  2.7179E+04
0000043   1.6704E+05  1.3259E+04  4.5758E+04
0000044   2.3602E+05  2.0535E+04 -1.1441E+05
0000045   2.5431E+05  2.6762E+03  1.2864E+05
0000046   1.4927E+05  1.1702E+05  2.8794E+04
0000047   2.1134E+05 -1.0085E+04  2.5152E+04
0000048   2.3728E+05 -4.7412E+04 -1.3776E+05
0000049   1.2691E+05  5.1309E+04 -5.3822E+04
0000050   1.5926E+05  4.4496E+04  6.8767E+04
0000051   1.6030E+05  5.4259E+04  1.0760E+05
0000052   9.5988E+04 -3.3590E+04 -1.9487E+04
0000053   2.6870E+05 -3.5728E+04 -4.6563E+04
0000054   2.8549E+05 -1.9484E+04  2.0416E+04
0000055   1.4968E+05  9.7498E+04  7.9013E+03
0000056   2.1266E+05  3.4943E+04 -2.0419E+04
0000057   1.2379E+05  1.0986E+05 -9.5630E+04
0000058   1.6686E+05  2.4765E+04  8.8301E+04
0000059   2.1177E+05  2.4061E+03 -6.4837E+04
0000060   2.1041E+05 -6.1440E+04  1.9224E+04
0000061   1.4749E+05 -1.5668E+03  1.3598E+05
0000062   1.3021E+05 -1.2006E+04  8.1060E+04
0000063   6.3739E+04  4.4368E+02 -7.8703E+03
0000064   3.3674E+05  3.1328E+04  2.5202E+04
0000065   2.0951E+05 -6.3841E+04 -1.9506E+04
0000066   1.0644E+05 -1.2889E+03 -7.6105E+02
0000067   3.1756E+05  5.2483E+03  3.0905E+04
0000068   2.2152E+05  8.8061E+04 -6.8917E+04
0000069   1.5959E+05  2.7095E+04 -1.8078E+04
0000070   2.1568E+05 -1.1984E+05 -8.3129E+04
0000071   1.5704E+05 -3.9609E+04  1.1050E+05
0000072   2.5869E+05  9.3404E+04  1.1205E+05
0000073   1.4668E+05  4.9509E+04 -1.3019E+05
0000074   1.1266E+05  4.8731E+04  8.3174E+02
0000075   2.1729E+05  5.6042E+04 -5.8489E+04
0000076   8.1643E+04  1.2590E+05 -7.3497E+04
0000077   2.8306E+05 -6.2396E+04  9.9964E+04
0000078   2.6116E+05 -1.1313E+04  3.1243E+03
0000079   3.4406E+05  2.1141E+04 -9.1406E+04
0000080   2.9240E+05  1.6232E+05  9.2250E+04
0000081   1.8313E+05 -2.0166E+05 -2.0167E+05
0000082   1.7800E+05 -4.9735E+04 -2.5383E+04
0000083   2.5667E+05  6.7117E+04  1.0477E+05
0000084   1.9125E+05 -5.1141E+04 -4.3728E+04
0000085   4.1789E+04  9.2656E+04  1.0546E+05
0000086   6.6428E+04 -9.0993E+03 -2.5354E+04
0000087   2.2613E+05 -9.7112E+04 -1.2743E+05
0000088   1.3164E+05  1.3274E+04 -9.1724E+04
0000089   1.9023E+05  4.2934E+04  1.3980E+05
0000090   2.5900E+04  1.6983E+04  4.9430E+04
0000091   2.6635E+05 -4.3700E+04 -4.9609E+04
0000092   3.5658E+05 -1.8811E+04  1.0026E+05
0000093   2.0611E+05  1.3199E+05  2.4445E+04
0000094   2.3192E+05  2.8939E+03  5.6401E+04
0000095   3.3560E+05 -1.2721E+05 -7.5062E+04
0000096   1.2085E+05 -4.9269E+04 -1.3031E+05
0000097   8.6544E+04 -6.9509E+04  1.1591E+05
0000098   1.2226E+05 -9.7170E+04 -3.4530E+04
0000099   4.4516E+04  5.0139E+04 -9.1819E+03
0000100   2.5483E+05 -2.3667E+04  3.9132E+03
0000101   3.3211E+05 -2.0446E+04  1.4937E+05
0000102   6.7877E+04  2.8386E+04  3.1503E+04
0000103   2.4188E+05  4.7698E+04 -1.2652E+05
0000104   3.7885E+04  6.0567E+04 -5.2510E+04
0000105   9.2913E+04  1.9803E+04 -7.2603E+03
0000106   2.8299E+05  2.0720E+04 -5.8473E+04
0000107   1.7226E+05  8.0659E+04  1.5026E+04
0000108   2.4263E+05 -7.7670E+04  7.0229E+03
0000109   8.0934E+04 -6.3789E+04 -3.5719E+04
0000110   9.8315E+04 -1.7179E+04  5.0455E+04
0000111   2.3302E+05 -3.8698E+04 -1.0653E+05
0000112   2.0947E+05  3.2884E+04 -3.7634E+04
0000113   1.9096E+05  3.0312E+04  9.3511E+04
0000114   1.1637E+05  1.3645E+04  1.2428E+05
0000115   2.3063E+05  4.5414E+04  9.7873E+04
0000116   3.2114E+05  1.1357E+05 -1.4001E+04
0000117   1.3199E+05 -3.7304E+04 -1.7587E+05
0000118   2.1360E+05 -2.9125E+04  2.1315E+04
0000119   2.1444E+05  1.1916E+04  4.9963E+04
0000120   1.7854E+05 -4.1901E+04 -1.8425E+04
0000121   3.7669E+04 -5.4148E+03  3.2304E+04
0000122   1.7609E+05  4.7327E+04 -2.8655E+04
0000123   2.1228E+05 -1.5338E+04 -2.0167E+05
0000124   1.9044E+05 -1.9525E+04  1.0536E+05
0000125   1.1680E+05 -1.2196E+03 -6.4219E+04
0000126   1.8036E+05 -1.5707E+05 -3.1341E+04
0000127   1.6440E+05 -4.1449E+04 -9.4807E+04
0000128   1.5358E+05  7.1597E+04  3.3665E+04
0000129   3.7741E+05  2.0630E+04 -6.8502E+04
0000130   2.0268E+05 -1.4753E+05  8.4441E+04
0000131   2.5874E+05  5.0651E+04  1.9657E+04
0000132   1.9598E+05 -8.2217E+04  7.0523E+04
0000133   1.1372E+05  6.4457E+04  2.2914E+04
0000134   1.6845E+05 -6.2212E+04 -1.2841E+05
0000135   1.4259E+05 -4.2612E+04  3.6400E+04
0000136   1.3307E+05  3.4446E+04  6.6740E+04
0000137   1.5706E+05 -6.8783E+04 -1.3531E+04
0000138   1.0867E+05  5.6528E+04 -1.1383E+05
0000139   1.6512E+05  2.3554E+04  1.3114E+04
0000140   2.2677E+05  6.0749E+04  7.3789E+04
0000141   1.6625E+05 -5.6942E+04 -4.1914E+04
0000142   2.0696E+05 -2.4234E+03 -2.7738E+04
0000143   3.7851E+05  7.0752E+04  3.5235E+04
0000144   1.1871E+05 -2.1025E+04  5.5116E+04
0000145   9.1774E+04  3.9100E+04  7.4433E+03
0000146   2.1196E+05 -1.1764E+05 -2.4109E+05
0000147   3.0229E+05 -5.4208E+04 -8.7473E+04
0000148   1.3290E+05 -2.0098E+04 -5.7332E+04
0000149   9.6977E+04 -4.2064E+04 -4.4305E+04
0000150   1.6337E+05  7.7975E+03 -6.5430E+04
0000151   2.2940E+05 -4.7498E+04  2.5018E+04
0000152   1.7637E+05 -2.8256E+04  1.0143E+05
0000153   1.8160E+05  9.2435E+04  5.9884E+04
0000154   2.2070E+05 -2.3999E+04  4.2675E+03
0000155   1.3185E+05 -1.6295E+05  5.7946E+04
0000156   4.0150E+05  3.6416E+04  6.0016E+04
0000157   2.4184E+05 -1.8440E+04  8.3335E+03
0000158   3.6333E+05  4.7977E+04 -4.4450E+04
0000159   3.1783E+04  9.6148E+04  7.8749E+02
0000160   1.0158E+05 -1.9137E+04  7.1125E+03
0000161   1.1824E+05 -4.1856E+04  5.4266E+04
0000162   1.5462E+05  7.3717E+04  1.4928E+04
0000163   1.3788E+05 -2.3270E+04  2.6853E+04
0000164   3.6141E+05 -1.1741E+05 -1.2479E+05
0000165   2.0453E+05  2.7970E+04 -1.8148E+04
0000166   1.7878E+05 -1.9387E+04 -2.4584E+04
0000167   1.7778E+05  1.1773E+05 -1.1712E+05
0000168   3.2202E+05  6.3757E+04 -1.3919E+04
0000169   1.5794E+05 -3.2393E+04  2.4291E+04
0000170   1.2972E+05 -6.1807E+04 -3.8546E+04
0000171   1.4324E+05  3.5366E+04  7.7665E+04
0000172   4.7188E+04  2.8975E+04 -1.6736E+05
0000173   1.9884E+05 -1.0223E+04 -1.2539E+04
0000174   1.4389E+05 -1.1013E+05  4.7070E+04
0000175   2.4707E+05 -1.3502E+05 -4.4455E+04
0000176   2.5252E+05  9.1719E+04 -1.1587E+05
0000177   2.0341E+05  4.0634E+04  2.8668E+04
0000178   4.0589E+05 -2.7800E+04 -2.7230E+04
0000179   2.6320E+05  2.0141E+05  3.9015E+04
0000180   1.4740E+05 -3.8721E+04 -1.8513E+05
0000181   1.8653E+04  2.1064E+03  2.4514E+04
0000182   1.4807E+05  3.9331E+04  5.3723E+04
0000183   1.3201E+05 -3.0759E+04 -3.9624E+04
0000184   3.1198E+05  4.4471E+04  2.6359E+04
0000185   1.2984E+05  4.8751E+04  1.2518E+05
0000186   2.4998E+05 -9.3032E+04 -9.6004E+04
0000187   8.8416E+04 -7.4956E+04 -3.8166E+04
0000188   1.0756E+05 -2.4176E+04 -1.8633E+04
0000189   3.0571E+05  7.0335E+04 -7.9423E+04
0000190   2.3713E+05 -3.4920E+04  8.3342E+03
0000191   2.0861E+05  1.2947E+05 -5.1267E+04
0000192   1.4755E+05  9.5426E+03  6.1875E+04
0000193   1.7061E+05 -2.5412E+04 -1.4676E+05
0000194   3.3852E+05 -9.9260E+04 -8.9123E+04
0000195   1.8827E+05 -6.6055E+04  1.5332E+05
0000196   1.0138E+05  2.6076E+04 -2.6162E+04
0000197   1.1210E+05  1.0518E+04  2.2360E+04
0000198   1.6018E+05  1.3981E+05  3.8873E+04
0000199   1.8603E+05  6.6110E+04 -1.4812E+03
0000200   1.6436E+05  2.6989E+03  5.4600E+03
0000201   1.4935E+05 -8.8416E+04 -3.7496E+03
0000202   1.1938E+05  5.7003E+04 -2.3165E+04
0000203   1.2030E+05 -2.9036E+03  3.2013E+04
0000204   1.4470E+05  6.2175E+04 -1.7989E+03
0000205   1.5716E+05  5.9403E+04 -4.3663E+04
0000206   2.5282E+05 -7.6928E+04 -1.2434E+05
0000207   3.1289E+05 -4.0453E+04  6.7080E+03
0000208   2.5162E+05  5.2065E+03 -1.5414E+05
0000209   7.5704E+04 -4.8791E+03 -5.8190E+04
0000210   2.5404E+05 -4.0993E+04 -2.5118E+03
0000211   2.3685E+05  6.3135E+04 -3.9975E+02
0000212   5.3138E+04 -6.4973E+04 -4.6946E+04
0000213   1.2650E+05  2.1866E+04  1.8450E+05
0000214   2.5789E+05  7.7209E+04 -7.3351E+04
0000215   2.3333E+05  6.4390E+04 -8.7806E+04
0000216   5.4127E+04  6.6414E+04  8.0671E+04
0000217   1.3131E+05 -5.3475E+04 -2.0094E+04
0000218   3.6793E+05  8.1729E+03  2.7161E+04
0000219   2.1456E+05  3.0228E+04  5.0271E+04
0000220   2.9506E+05 -2.3928E+04 -5.0161E+04
0000221   5.9728E+04  2.3805E+04  7.6505E+03
0000222   2.2740E+05 -6.2433E+04 -3.7434E+04
0000223   2.6642E+05 -3.3833E+04 -1.5948E+04
0000224   2.6528E+05  5.6352E+04 -2.5422E+04
0000225   2.5430E+05  1.2382E+05  5.8808E+03
0000226   2.9326E+05  1.5096E+05  9.7598E+04
0000227   3.4325E+05 -6.9184E+04 -3.0102E+03
0000228   3.1860E+04 -1.3075E+04 -1.9379E+05
0000229   8.8183E+04 -7.6430E+04  2.7483E+04
0000230   1.9440E+05  2.7488E+04 -2.5430E+04
0000231   1.1185E+05  4.8648E+04  3.4242E+04
0000232   1.0533E+05  4.0962E+04 -1.6018E+05
0000233   3.0146E+05 -7.3454E+03 -8.0142E+04
0000234   1.0238E+05  3.2730E+04  6.1013E+04
0000235   1.1676E+05  2.7938E+04 -3.6915E+04
0000236   1.3666E+05  9.9456E+04  8.3337E+04
0000237   9.6576E+04  6.3623E+04 -5.9867E+04
0000238   1.2841E+05 -3.4542E+04  4.8131E+04
0000239   2.4643E+05  6.3184E+04 -4.0904E+04
0000240   9.5950E+04 -1.2077E+04 -1.7217E+04
0000241   1.3156E+05  1.0184E+05 -4.2456E+03
0000242   1.9363E+05  9.7476E+04 -3.6961E+04
0000243   3.3107E+05  5.7739E+04  4.2122E+04
0000244   9.9108E+04 -8.8535E+04  1.0907E+05
0000245   2.5389E+05 -8.2172E+03 -6.3375E+04
0000246   1.3061E+05  1.2051E+05 -5.8563E+04
0000247   1.8143E+05 -7.9534E+04  4.1272E+04
0000248   1.7793E+05  2.4096E+04 -7.6520E+04
0000249   1.9747E+05  4.1970E+04 -7.5417E+04
0000250   9.9186E+04  6.5123E+04 -4.2082E+03
0000251   2.9621E+05  4.8215E+04  3.9074E+04
0000252   1.3268E+05 -4.7528E+04  9.5765E+04
0000253   1.4832E+05 -2.3819E+04 -6.5014E+04
0000254   1.4554E+05 -1.6737E+04  1.9048E+04
0000255   1.0756E+05  2.8031E+04 -4.2390E+04
0000256   2.9876E+05 -3.5672E+04 -8.3704E+04
0000257   2.9138E+05  1.7599E+05  3.7790E+04
0000258   8.0809E+04  3.6726E+04  2.6136E+04
0000259   1.9593E+05  3.5050E+04 -2.0345E+05
0000260   2.0294E+05 -2.1461E+04  9.9745E+04
0000261   9.3615E+04  6.1205E+03  3.2615E+04
0000262   1.5138E+05  2.2672E+04  2.5899E+04
0000263   9.4448E+04 -1.1401E+05  4.0183E+04
0000264   3.0994E+04 -4.3987E+04 -6.5464E+04
0000265   2.6544E+05 -2.0838E+04  8.0773E+04
0000266   2.0042E+05  5.1950E+04  4.8808E+04
0000267   1.5441E+05 -8.5433E+03  2.9920E+04
0000268   1.9546E+05  2.0667E+05  3.1901E+04
0000269   2.1638E+05 -2.4960E+03 -1.6955E+04
0000270   1.8336E+05 -2.6776E+03 -6.1381E+04
0000271   1.1362E+04  9.8258E+02 -5.4422E+04
0000272   1.4633E+05  3.6809E+04 -3.2582E+04
0000273   3.2861E+05 -3.4144E+04  4.4872E+04
0000274   1.3755E+05  5.4626E+04  1.2328E+05
0000275   1.1387E+05  7.3435E+04 -6.1359E+04
0000276   2.2606E+05 -4.9224E+04 -2.3371E+04
0000277   9.9081E+04 -9.1832E+03 -2.4869E+04
0000278   1.8279E+05  1.0689E+04 -9.6547E+04
0000279   4.6749E+04 -3.3693E+04 -1.6594E+02
0000280   1.4612E+05  1.6253E+05 -1.4864E+05
0000281   1.8140E+05 -9.7821E+04 -7.3009E+04
0000282   3.5226E+05 -1.3982E+05  4.7645E+04
0000283   1.4987E+05  7.6564E+04  2.7720E+04
0000284   3.1329E+05 -7.7592E+04 -1.7585E+05
0000285   2.0184E+05  8.7801E+04 -1.1369E+05
0000286   3.3177E+05 -4.5223E+04 -1.4974E+05
0000287   2.3208E+05 -2.0402E+04  1.8053E+05
0000288   4.1372E+04  8.9995E+04  5.1250E+04
0000289   2.1679E+05 -4.9807E+04  3.4260E+03
0000290   2.8403E+05 -7.1127E+04 -5.5030E+04
0000291   1.5818E+05  7.3420E+04 -1.4107E+05
0000292   2.2430E+05 -9.4585E+04  1.3856E+05
0000293   3.0315E+05 -3.5793E+04  1.4698E+05
0000294   2.4054E+05 -2.5379E+04  5.9645E+04
0000295   1.1180E+05  1.2536E+04 -4.7998E+04
0000296   1.7132E+05 -9.2868E+04  1.7594E+04
0000297   3.3480E+05 -1.3498E+05  3.4720E+04
0000298   1.0754E+05  1.6348E+05 -7.2511E+04
0000299   1.0324E+05 -2.4761E+04 -3.3663E+04
0000300   3.1968E+05 -7.3070E+04  5.2469E+03
0000301   1.8551E+05 -3.4823E+04 -3.5947E+04
0000302   9.4435E+04 -5.2617E+04 -1.3676E+05
0000303   3.2428E+05 -1.2711E+05  3.6503E+04
0000304   2.8046E+05  1.0814E+05  3.6340E+04
0000305   1.1576E+05  1.1272E+04  1.1561E+04
0000306   2.7240E+05  5.7690E+04  1.0506E+05
0000307   3.3326E+05 -6.4947E+04 -6.4980E+03
0000308   2.9394E+05 -2.3119E+04  7.5749E+03
0000309   1.1510E+05  7.5287E+04 -1.2847E+05
0000310   3.8934E+05 -7.6162E+04 -1.2412E+05
0000311   6.5199E+04  1.9508E+04 -2.7820E+04
0000312   9.0720E+04  4.2646E+04  5.3012E+04
0000313   7.3626E+04  3.4055E+04  4.9668E+04
0000314   2.2062E+05  1.7891E+04  4.7847E+04
0000315   2.4963E+05  1.1380E+05 -5.5488E+04
0000316   1.4636E+05  2.9290E+04  4.4851E+04
0000317   2.4868E+05  6.6306E+04  9.9321E+04
0000318   3.1986E+04 -1.5100E+04 -9.1889E+04
0000319   2.3784E+05 -2.0723E+04  3.5863E+04
0000320   2.8546E+05 -2.5908E+04 -1.0033E+05
0000321   2.5865E+05 -4.5455E+03 -1.1850E+04
0000322   3.1758E+05 -4.2639E+04  1.0840E+05
0000323   2.0922E+05 -8.3627E-01 -1.3200E+05
0000324   2.2398E+05 -4.0954E+04 -1.7815E+05
0000325   2.4478E+05  3.3510E+04  1.0834E+04
0000326   1.6581E+05 -6.1322E+04 -6.7907E+04
0000327   3.0553E+05  4.0904E+04  6.9183E+04
0000328   1.7075E+05 -1.6112E+04  7.9925E+04
0000329   1.6452E+05 -8.5011E+04 -1.0822E+05
0000330   1.2734E+05 -6.9951E+04  6.6841E+03
0000331   3.2340E+05  7.5280E+04  8.1967E+04
0000332   1.1992E+05  7.3026E+04 -6.0046E+04
0000333   2.6185E+05 -3.0741E+04  1.1711E+05
0000334   1.9565E+05  4.5943E+04 -4.6451E+02
0000335   3.0031E+05 -1.2605E+04 -1.2726E+04
0000336   1.0647E+05  6.8767E+04 -1.5607E+05
0000337   1.1660E+05  3.1299E+04  6.5543E+03
0000338   1.8341E+05  1.7351E+05 -8.1947E+04
0000339   1.8976E+05  5.4285E+04 -7.2974E+04
0000340   2.3401E+05  5.2310E+04  3.6635E+04
0000341   1.9659E+05  5.3800E+04 -2.6088E+04
0000342   2.1201E+05  5.9531E+04  3.4882E+03
0000343   2.4328E+05  1.6869E+04  5.4633E+04
0000344   1.4942E+05 -1.0365E+04  1.5660E+04
0000345   1.8229E+05 -2.6215E+04 -4.4231E+04
0000346   1.6301E+05 -1.1285E+05  3.7178E+03
0000347   1.3608E+05  2.1856E+05  5.2808E+04
0000348   2.7728E+05 -8.0007E+04  6.0425E+03
0000349   1.5860E+05  1.7388E+03  1.6721E+04
0000350   2.1380E+05  6.8511E+04 -1.1010E+04
0000351   1.6076E+05 -4.4299E+04  1.6877E+04
0000352   2.1627E+05 -8.8864E+04  9.2386E+03
0000353   1.4040E+05 -2.1032E+04  1.5080E+05
0000354   2.7354E+05 -5.2079E+03 -7.3458E+04
0000355   2.5192E+05  3.4729E+04 -5.5377E+04
0000356   2.5829E+05  1.4370E+05 -6.9588E+04
0000357   2.5131E+05 -6.7984E+04 -9.3091E+04
0000358   2.2521E+05 -2.6907E+04  3.3400E+04
0000359   1.7341E+05 -6.9625E+04 -9.8167E+04
0000360   3.2894E+05 -8.3888E+04  4.2370E+04
0000361   2.2260E+05 -4.6584E+04  8.5437E+04
0000362   9.8091E+04 -9.4367E+04  5.9933E+04
0000363   1.0250E+05 -2.4971E+04  6.5857E+04
0000364   3.4753E+05  1.6301E+05 -6.5362E+04
0000365   1.8105E+05  8.3021E+03 -2.1076E+04
0000366   8.6711E+04 -2.5022E+03  3.9266E+04
0000367   6.2931E+04 -7.5219E+03 -1.2243E+04
0000368   2.7267E+05  1.6671E+04 -2.0204E+03
0000369   1.9321E+05 -1.2250E+05 -1.0688E+05
0000370   1.6054E+05 -1.0356E+05 -6.3891E+04
0000371   7.5048E+04  8.2641E+03  3.0288E+04
0000372   1.6871E+05 -2.0951E+04  1.0082E+05
0000373   2.3419E+05  3.0443E+04 -7.0127E+04
0000374   2.5577E+05 -6.4608E+04 -1.6307E+04
0000375   2.5261E+05  9.4845E+03  2.4674E+04
0000376   1.9713E+05 -2.6673E+04  6.7836E+04
0000377   2.1601E+05  1.7985E+05  1.2226E+04
0000378   2.7035E+05  6.7227E+03 -1.5104E+04
0000379   1.9124E+05 -3.2204E+04 -5.1869E+04
0000380   1.6930E+05 -5.1547E+04  1.3519E+04
0000381   6.9711E+04 -1.6422E+05 -2.3561E+04
0000382   2.3476E+05 -1.6596E+04  9.5829E+04
0000383   1.2645E+05  5.5499E+02  5.4740E+04
0000384   2.9518E+05  5.7078E+03 -1.4566E+05
0000385   2.0591E+05  2.5225E+04  1.1848E+04
0000386   2.2567E+05 -8.9563E+04  1.4329E+04
0000387   1.4443E+05  4.0726E+04  6.7564E+04
0000388   2.2915E+05  6.3375E+04  8.7165E+04
0000389   1.3688E+05 -1.0328E+05  3.4929E+04
0000390   2.1848E+05 -9.1698E+03 -5.6186E+03
0000391   1.3852E+05 -5.8713E+04 -1.8650E+04
0000392   5.1299E+04  1.7577E+04 -3.3228E+04
0000393   2.7272E+05  5.7514E+04  3.0949E+04
0000394   1.6747E+05  4.7210E+04 -1.2851E+05
0000395   6.1045E+04 -1.3733E+05 -3.6431E+04
0000396   3.5195E+05 -1.7400E+05 -2.0810E+04
0000397   2.6453E+05  8.1013E+04  1.2032E+05
0000398   1.1008E+05 -1.2732E+04 -1.0159E+05
0000399   2.2542E+05 -7.9231E+04  7.7369E+03
0000400   1.0055E+05  6.6891E+04 -6.7468E+04
0000401   1.4414E+05 -8.2340E+04  1.8815E+05
0000402   1.2039E+05 -5.0284E+04 -7.8969E+04
0000403   1.1607E+05 -1.5954E+04  1.1907E+05
0000404   2.2470E+05  7.9175E+04 -2.6593E+04
0000405   3.2745E+05  5.7892E+04  2.4221E+05
0000406   4.0468E+05  1.0743E+05  7.0589E+04
0000407   3.5248E+05 -1.6751E+04 -2.7723E+04
0000408   2.1633E+05 -1.4506E+05 -1.1372E+03
0000409   4.2354E+05  1.6350E+05 -6.7792E+04
0000410   1.9426E+05  7.3613E+04 -3.0159E+04
0000411   7.9940E+04  4.5515E+04  6.1212E+03
0000412   1.2311E+05  3.4472E+04 -7.8979E+04
0000413   1.7152E+05  2.4496E+04 -6.2544E+04
0000414   1.2875E+05 -3.2715E+04 -3.2265E+04
0000415   6.6547E+04 -1.6607E+04 -5.4090E+04
0000416   9.9190E+04 -1.5943E+05  4.6634E+04
0000417   1.7031E+05 -3.4798E+04 -4.2260E+03
0000418   2.8977E+05  5.8926E+04  9.0909E+03
0000419   8.3060E+04  8.6585E+04 -3.5094E+04
0000420   3.2156E+05 -4.7462E+04 -3.5862E+04
0000421   4.5768E+04  7.4434E+04  5.0962E+04
0000422   3.6920E+05  7.9488E+04  9.8084E+04
0000423   1.8803E+05 -5.0055E+04  1.5657E+04
0000424   1.3786E+05 -9.1902E+04  5.4067E+04
0000425   6.5919E+04  1.1860E+05 -1.7805E+04
0000426   2.7102E+05 -7.8514E+04 -2.0965E+04
0000427   1.1090E+05 -9.0865E+04  1.5416E+04
0000428   2.3909E+05  2.8136E+04 -1.3205E+05
0000429   5.4704E+04 -5.1334E+04  8.3422E+04
0000430   3.1350E+05  3.1766E+04 -1.0412E+05
0000431   1.7710E+05 -1.5662E+05  2.7835E+04
0000432   2.0418E+05  6.7580E+04  5.3448E+04
0000433   1.9527E+05  1.2502E+04 -6.1669E+04
0000434   1.0984E+05  6.5378E+04 -3.3995E+04
0000435   1.9155E+05  1.5520E+05  2.9142E+04
0000436   2.2442E+05  1.1986E+04 -2.0287E+04
0000437   3.3607E+05 -3.5885E+04  3.3406E+04
0000438   2.0154E+05  6.0705E+04  4.0934E+04
0000439   2.4721E+05  8.4209E+04  6.2518E+04
0000440   8.5397E+04 -7.3068E+02 -4.2693E+04
0000441   1.4248E+05  4.5230E+04 -1.0829E+05
0000442   2.8625E+05  4.1027E+04  1.4071E+05
0000443   1.1643E+05 -5.3197E+04 -3.9882E+04
0000444   9.2296E+04 -1.3426E+05 -4.9639E+04
0000445   1.7852E+05 -3.4978E+04  1.5545E+04
0000446   1.8388E+05  6.9714E+04  1.1788E+05
0000447   3.3654E+05 -1.0517E+05  1.6532E+04
0000448   1.4827E+05  3.8747E+03 -1.8054E+04
0000449   2.1581E+05  2.9866E+04  1.0169E+04
0000450   2.5926E+04  7.7703E+03  6.2946E+03
0000451   1.5653E+05  1.0984E+03 -3.3327E+04
0000452   1.9618E+05 -9.4151E+04  2.0600E+04
0000453   1.3832E+04 -5.2637E+04  9.7881E+03
0000454   1.7754E+05  7.2714E+03 -9.1048E+04
0000455   3.1499E+05  4.7898E+04  3.7069E+04
0000456   1.2882E+05  5.7199E+04 -9.9340E+03
0000457   2.5971E+05 -2.6721E+04 -9.4506E+03
0000458   2.4334E+05 -1.3647E+05 -2.7090E+04
0000459   1.3910E+05  3.4234E+04 -9.5154E+04
0000460   9.6719E+04 -1.9993E+05  7.9436E+04
0000461   2.9120E+05 -7.9496E+03  2.1665E+05
0000462   2.8304E+05  4.2445E+04  8.1360E+04
0000463   1.4976E+05  6.2588E+04 -6.6547E+04
0000464   7.1549E+04 -5.7309E+04  9.5909E+04
0000465   1.1320E+05  5.4960E+04  3.4935E+04
0000466   1.1755E+05  6.1458E+04  1.4597E+04
0000467   1.3738E+05 -4.0465E+04  2.1082E+04
0000468   2.1043E+05 -2.6548E+04 -5.0071E+04
0000469   4.0281E+04 -3.0433E+04  1.9155E+04
0000470   2.5767E+05 -9.7714E+04 -3.0694E+04
0000471   1.5676E+05 -5.0213E+04 -9.1869E+03
0000472   2.4910E+05 -2.0959E+04  8.4527E+04
0000473   2.2952E+05  1.1963E+05  4.6881E+04
0000474   1.8424E+05  2.2562E+04 -3.6751E+04
0000475   1.8143E+05  1.1139E+05  1.0988E+05
0000476   2.8345E+05 -9.7480E+04  9.7413E+04
0000477   2.2473E+05  3.2187E+04  5.2939E+04
0000478   8.6219E+04  3.5392E+04 -6.1565E+03
0000479   1.5077E+05  1.1685E+05 -7.4062E+04
0000480   2.8519E+05  4.2072E+04  4.5206E+04
0000481   1.9468E+05  2.8940E+04  3.0708E+04
0000482   1.3884E+05  2.3326E+04  4.8626E+04
0000483   5.0975E+04 -5.7810E+04  1.0082E+05
0000484   5.6740E+04  1.9108E+05  1.0103E+05
0000485   1.6891E+05  9.0528E+04 -8.3107E+04
0000486   8.0653E+04 -1.2252E+05 -1.2222E+04
0000487   2.6633E+05 -9.0107E+04  1.4202E+05
0000488   3.1703E+05 -2.3822E+04 -1.2243E+05
0000489   1.3678E+05  1.7211E+05  6.2618E+04
0000490   2.4996E+05  7.1006E+04  8.7380E+04
0000491   3.0401E+05  7.1002E+04 -7.9611E+04
0000492   7.4617E+04 -1.5395E+05 -5.8533E+04
0000493   9.6314E+04 -2.0372E+04 -1.3862E+04
0000494   1.2764E+05 -5.0834E+04 -3.3802E+03
0000495   1.5949E+05 -2.6855E+04  8.8521E+04
0000496   9.5193E+04 -3.3437E+04  4.1289E+03
0000497   1.5445E+05 -8.5272E+04 -1.7892E+04
0000498   9.0195E+04  4.3275E+04 -3.3082E+04
0000499   1.3285E+05 -1.1300E+05  4.6376E+04
0000500   2.1371E+05  3.5732E+03  9.3783E+04
0000501   2.8872E+05  1.8138E+04  4.2204E+04
0000502   4.9096E+04 -6.4489E+04  2.2670E+04
0000503   2.7343E+05 -5.9684E+04  5.8280E+04
0000504   1.3567E+05  3.5763E+04  7.1044E+04
0000505   1.6330E+05 -8.8692E+04 -1.8747E+04
0000506   1.6151E+05  4.2628E+04 -3.9038E+03
0000507   1.4415E+05  5.1613E+04  2.7725E+04
0000508   1.4759E+05 -8.2941E+04  6.3679E+04
0000509   3.0439E+05 -7.8269E+04 -1.6777E+04
0000510   3.3594E+05 -2.1736E+04  3.7845E+04
0000511   2.0326E+05 -2.5788E+04  2.9664E+04
0000512   2.6895E+05  1.3509E+05 -6.8104E+04
0000513   1.1490E+05  5.3056E+04 -2.0709E+04
0000514   3.0379E+05 -1.0975E+05  1.0454E+05
0000515   2.2676E+05  1.2195E+05 -1.8495E+04
0000516   3.6988E+05 -7.8919E+04 -4.0351E+04
0000517   1.9245E+05  1.2432E+04 -7.6639E+04
0000518   1.2630E+05 -1.3629E+05 -1.1257E+05
0000520   2.4842E+05 -3.8287E+04 -1.4133E+05
0000521   1.7999E+05  1.6333E+04  5.2960E+04
0000522   7.7047E+04 -5.6295E+04 -6.6023E+04
0000523   1.1502E+05  4.3680E+04 -5.1953E+04
0000524   7.5877E+04 -2.9676E+04  4.9451E+04
0000525   1.7489E+05  1.8688E+05 -8.9503E+04
0000526   3.3682E+04  1.5800E+04  2.5867E+04
0000527   3.0816E+05  7.2336E+04  1.6652E+04
0000528   4.9871E+04  5.3305E+04 -7.5357E+03
0000529   1.2151E+05  1.5256E+04 -2.0645E+04
0000530   1.3045E+05  9.2410E+04 -5.7397E+03
0000531   3.7934E+05  7.2438E+04  4.3050E+04
0000532   1.3104E+05 -3.7300E+04  4.1774E+03
0000533   1.5242E+05  4.5257E+04  8.9777E+04
0000534   2.9237E+05  8.4963E+04  2.3546E+04
0000535   1.0373E+05  1.3190E+04  3.5827E+04
0000536   2.6236E+05  6.2268E+04 -1.0262E+05
0000537   2.9677E+05 -5.4604E+04  7.5193E+04
0000538   5.9615E+04 -5.6417E+03 -1.0466E+04
0000539   2.5061E+05  4.0092E+04 -1.0332E+05
0000540   2.3640E+05 -3.0888E+04 -4.8255E+04
0000541   3.8229E+05  4.2757E+04  9.4802E+04
0000542   2.3941E+05 -7.7300E+04 -1.6067E+05
0000543   1.2885E+05 -7.3730E+03  5.5534E+04
0000544   2.6569E+05 -1.8405E+03 -4.6073E+04
0000545   2.1313E+05 -1.5765E+05 -8.4870E+04
0000546   2.1712E+05 -6.3873E+04 -4.9154E+04
0000547   2.5981E+05  5.7990E+04 -1.1989E+05
0000548   2.6216E+05 -6.2361E+04 -5.4307E+04
0000549   2.2038E+04 -1.6525E+04 -7.5575E+03
0000550   2.1094E+05 -3.4317E+04 -6.9303E+04
0000551   3.1165E+05 -5.7359E+04  4.7005E+03
0000552   2.3586E+05  1.0784E+05  4.6129E+04
0000553   2.1680E+05 -2.8462E+04  4.5028E+03
0000554   3.8433E+05 -4.8446E+04  7.6450E+04
0000555   1.0426E+05 -4.3162E+04  8.9845E+03
0000556   1.1242E+05 -1.6417E+04 -1.9986E+04
0000557   3.1840E+04 -7.3646E+04 -1.0839E+05
0000558   2.3816E+05 -2.2137E+04 -2.4883E+04
0000559   1.5259E+05  9.8547E+02 -4.4562E+04
0000560   1.6898E+05 -8.5975E+04 -3.6113E+04
0000561   1.3435E+05  1.5357E+04 -1.7051E+05
0000562   1.0269E+05 -1.0521E+05 -4.2746E+04
0000563   5.4422E+04 -7.1500E+04 -1.0254E+04
0000564   1.4361E+05  1.0688E+05  1.1593E+04
0000565   2.1269E+05 -5.3574E+04 -2.5839E+04
0000566   1.2766E+05 -1.4990E+05 -1.8476E+04
0000567   1.2493E+05 -3.5120E+04  3.9784E+04
0000568   5.7956E+04  1.6261E+04 -5.7236E+04
0000569   3.4549E+05  1.8264E+05  3.0443E+04
0000570   2.7011E+05 -7.7531E+04 -2.0711E+04
0000571   2.7227E+05 -1.0890E+05  5.8925E+04
0000572   1.4221E+05 -1.7200E+04 -2.2952E+04
0000573   2.4868E+05  6.0817E+04 -3.0204E+03
0000574   1.2020E+04  1.0167E+05  5.2242E+03
0000575   4.2801E+04  4.4579E+04 -5.9509E+04
0000576   1.2309E+05 -1.1896E+04 -5.9760E+04
0000577   1.1962E+05 -2.5395E+04  4.6465E+04
0000578   3.0056E+05  6.6754E+04 -3.8941E+04
0000579   2.6253E+05  4.8735E+04 -1.0097E+05
0000580   1.2433E+05  1.3204E+05  1.0417E+05
0000581   1.3999E+05  1.5695E+05  6.0452E+03
0000582   1.4140E+05 -1.8901E+04 -1.6139E+04
0000583   2.4510E+05 -1.7629E+04  9.3459E+04
0000584   9.9287E+04  9.5043E+04 -1.9007E+04
0000585   1.5656E+05  8.8992E+04 -6.8078E+04
0000586   2.0725E+05  6.7458E+04 -2.3824E+04
0000587   2.6384E+05 -4.1786E+04  3.0003E+04
0000588   1.8793E+05  6.1543E+04 -9.2842E+04
0000589   7.8654E+04  1.5750E+04  6.6169E+03
0000590   2.0534E+05  8.7408E+04 -5.5020E+04
0000591   1.6364E+05  4.1978E+04 -2.1106E+04
0000592   1.3045E+05 -9.3514E+04 -1.1508E+05
0000593   2.1157E+05 -6.8417E+03  7.5880E+04
0000594   1.2483E+05  2.9915E+04 -4.9084E+03
0000595   1.5577E+05  1.0960E+05 -4.0962E+04
0000596   2.6901E+05  1.5041E+05 -1.1178E+05
0000597   1.3055E+05  2.5065E+04 -6.5122E+04
0000598   1.9191E+05 -6.6438E+04 -8.2717E+04
0000599   1.8803E+05  1.3743E+05 -1.1750E+05
0000600   2.8854E+05 -1.8347E+04 -3.0545E+03
0000601   9.0918E+04 -6.3512E+04  1.3016E+05
0000602   1.0001E+05  8.7453E+04 -1.0081E+05
0000603   2.9809E+05 -9.0388E+04 -6.2950E+04
0000604   3.0470E+04  1.9912E+03 -9.0345E+04
0000605   1.1360E+05  1.0817E+05 -1.7517E+04
0000606   2.8547E+05 -1.6558E+05  3.1302E+04
0000607   2.9809E+05 -3.8126E+04  1.0179E+04
0000608   3.1971E+05  5.2769E+04 -1.1090E+05
0000609   2.1101E+05 -2.4085E+04  2.6484E+04
0000610   1.1791E+05  1.0544E+05 -1.0037E+05
0000611   1.0225E+05 -1.1195E+04 -9.3074E+04
0000612   2.8946E+05 -2.8923E+04 -1.2121E+05
0000613   6.2224E+04  9.9912E+03  4.2139E+04
0000614   2.6817E+05 -4.3305E+04 -1.0521E+04
0000615   1.1415E+05 -3.0165E+04  2.6441E+04
0000616   9.5253E+04 -9.5510E+04 -1.4001E+05
0000617   3.3937E+05 -6.6260E+04  2.0319E+04
0000618   2.9333E+05  1.5799E+04 -4.9486E+04
0000619   2.2018E+05  3.3095E+04  4.6091E+04
0000620   1.3417E+05  7.3081E+04  7.5231E+04
0000621   3.7467E+05  3.6257E+04 -9.1430E+04
0000622   2.0677E+05 -1.3209E+05  1.0133E+05
0000623   2.6366E+05  4.1395E+04  8.2568E+04
0000624   1.8524E+05 -8.5375E+04  1.8602E+04
0000625   1.7183E+05  8.0962E+04 -2.6091E+04
0000626   1.1953E+05 -2.5367E+03 -7.0669E+04
0000627   2.3309E+05  1.2168E+04 -1.4061E+05
0000628   1.4630E+05  2.3431E+04 -1.8720E+02
0000629   2.4122E+05 -7.7366E+04 -1.0148E+05
0000630   1.3507E+05 -2.7876E+04  7.3050E+04
0000631   1.4202E+05 -1.6199E+05  1.2734E+05
0000632   1.6475E+05  4.7641E+04  7.6343E+04
0000633   2.4537E+05 -4.9525E+04 -9.5375E+04
0000634   2.7483E+05  1.5650E+04 -1.1622E+05
0000635   2.3262E+05  1.7741E+04  9.6552E+04
0000636   2.6870E+05  1.1874E+05  2.5367E+04
0000637   8.8314E+04  2.5730E+04  2.8470E+04
0000638   1.7787E+05 -8.5364E+03  1.2463E+04
0000639   1.6734E+05 -7.3339E+04  4.2300E+04
0000640   2.2204E+05  5.7595E+04 -3.8538E+04
0000641   9.6658E+04  3.4432E+04  4.2316E+04
0000642   1.3772E+05  1.0005E+05  6.1305E+04
0000643   1.8756E+05 -7.5142E+04 -5.5392E+04
0000644   3.0233E+05 -1.1595E+05 -8.9353E+03
0000645   7.6116E+04  7.2924E+03  7.0771E+04
0000646   1.3736E+04 -4.8890E+04  2.4726E+04
0000647   1.9007E+05 -8.3784E+04  7.2906E+04
0000648   1.1018E+05  3.6927E+04  3.3783E+04
0000649   1.5782E+05  5.0585E+04 -9.9735E+04
0000650   2.2168E+05  4.6947E+04  9.6657E+04
0000651   2.5497E+05 -7.7036E+04  4.1526E+04
0000652   1.3111E+05 -1.1000E+03  2.0795E+04
0000653   1.7717E+05  5.3672E+04 -5.0435E+03
0000654   1.5000E+05 -2.2210E+04 -1.6016E+03
0000655   1.3805E+05  1.4513E+05 -4.7815E+04
0000656   9.2470E+04 -1.2210E+04  1.2653E+05
0000657   1.2993E+05 -1.7461E+04 -9.5171E+03
0000658   2.4728E+05 -1.3891E+05 -1.3643E+04
0000659   1.7346E+05  1.5107E+04  3.5550E+04
0000660   2.2108E+05 -3.9987E+04 -3.5411E+04
0000661   2.9154E+05 -3.0060E+04  8.6383E+04
0000662   3.0496E+05  1.6186E+04  3.0888E+04
0000663   2.5724E+05 -1.5287E+04  1.0370E+05
0000664   1.8904E+05  1.2281E+04  6.2859E+03
0000665   9.1147E+04  1.5985E+05  1.8528E+05
0000666   2.8146E+05  9.1129E+04  9.6159E+04
0000667   1.1266E+05 -7.7132E+04  7.0538E+04
0000668   3.4895E+05 -5.2306E+04  1.6115E+05
0000669   7.0151E+04  5.0926E+04  6.1717E+04
0000670   1.1693E+05  1.0851E+05  8.4288E+04
0000671   4.2074E+05 -4.9129E+04  4.6186E+04
0000672   1.0906E+05  4.2245E+04 -4.5556E+04
0000673   1.9924E+05 -2.7822E+04 -4.4406E+04
0000674   1.8642E+05 -9.4348E+04 -1.3382E+05
0000675   1.3288E+05 -7.1127E+03  3.3336E+04
0000676   2.4330E+05  5.7385E+04  7.2777E+04
0000677   1.3178E+05 -3.2640E+04  7.6162E+03
0000678   1.9945E+05 -7.5823E+04  8.5248E+04
0000679   2.2109E+05  3.7421E+04  8.7062E+04
0000680   1.7984E+05  1.3172E+05 -1.1839E+04
0000681   2.5390E+05  1.0497E+05 -6.3243E+04
0000682   1.1233E+05  1.0403E+05 -3.7645E+04
0000683   1.4591E+05  5.1801E+03 -2.2413E+04
0000684   2.4630E+05 -8.1846E+04 -6.7214E+04
0000685   3.1328E+05  7.7707E+04  2.8176E+04
0000686   8.7053E+04  1.6984E+04  5.1583E+04
0000687   2.4903E+05  2.1637E+04  5.6655E+04
0000688   2.7637E+05  7.1290E+04 -3.6559E+04
0000689   1.9226E+05 -1.8590E+04 -4.1927E+04
0000690   8.2798E+04  9.7810E+04  5.2192E+04
0000691   1.3155E+05  3.1509E+04  6.7124E+04
0000692   2.1749E+05 -8.5113E+04 -3.5810E+04
0000693   3.5434E+05 -3.0821E+03 -1.7323E+05
0000694   1.9935E+05  7.5601E+04 -1.8191E+05
0000695   1.4185E+05 -5.1257E+04  7.3089E+04
0000696   5.0255E+04 -2.8384E+04  7.6593E+04
0000697   2.1560E+05 -5.7742E+04 -7.4792E+04
0000698   1.1996E+05 -9.5033E+02  5.7750E+04
0000699   1.2888E+05  8.5106E+04  8.3008E+04
0000700   1.1439E+05 -2.0675E+04  2.2951E+04
0000701   3.1332E+04  2.5978E+03 -8.1919E+02
0000702   2.1567E+05 -4.6338E+04  8.2868E+04
0000703   9.6047E+04 -1.4033E+04 -3.2822E+04
0000704   1.8442E+05 -1.3441E+04 -6.4662E+04
0000705   1.2014E+05  1.3923E+04 -4.1579E+04
0000706   1.6469E+05  5.7650E+04 -7.0837E+04
0000707   1.3852E+05 -3.6123E+04 -9.5527E+04
0000708   2.9593E+05  2.0509E+04  1.2139E+05
0000709   1.4073E+05 -1.2466E+03  1.0666E+05
0000710   1.1851E+05 -3.1475E+04  5.8258E+04
0000711   2.3516E+05 -1.7479E+04  2.9696E+04
0000712   4.7157E+05 -7.3778E+04 -1.0376E+04
0000713   1.0861E+05 -1.2691E+04 -1.6402E+04
0000714   1.5055E+05  8.2734E+04 -1.0913E+04
0000715   3.1369E+05 -3.6282E+04  1.2334E+05
0000716   1.2134E+05  2.9078E+04 -3.0945E+04
0000717   3.2026E+05 -9.6401E+03  3.2265E+04
0000718   1.4107E+05  5.9979E+04 -5.4100E+03
0000719   2.1357E+05  8.2340E+04  1.3121E+03
0000720   1.3157E+05 -3.8356E+04  4.8510E+04
0000721   1.3239E+05 -2.2206E+04  3.5465E+04
0000722   3.4846E+05  5.5981E+04 -1.8321E+04
0000723   7.0292E+04  8.7739E+02 -8.4475E+04
0000724   2.3261E+05 -3.1774E+04  1.4804E+05
0000725   1.5684E+05  3.7893E+04 -1.7509E+04
0000726   3.1264E+05 -1.2465E+05  3.6110E+04
0000727   5.0352E+04  4.4664E+03  8.2440E+03
0000728   1.2857E+05 -8.5632E+04  1.9198E+04
0000729   2.0955E+05  1.0406E+04 -1.6912E+04
0000730   6.0905E+04 -4.9004E+04  2.2073E+05
0000731   1.2046E+05 -4.6313E+03 -1.3441E+05
0000732   2.2711E+05  1.2975E+05 -1.0303E+05
0000733   3.0266E+05  1.8786E+03 -4.9452E+04
0000734   2.6451E+05  6.4355E+03 -4.6707E+04
0000735   1.4324E+05  6.9965E+04  1.2750E+04
0000736   1.5757E+05 -1.8931E+03 -1.7070E+03
0000737   1.2649E+05 -1.1406E+05  3.6642E+04
0000738   5.5374E+04 -6.8603E+03  2.8399E+04
0000739   1.7094E+05  6.1964E+03  6.1599E+04
0000740   1.0945E+05  6.7190E+04 -3.5837E+04
0000741   2.4371E+05 -1.0584E+05  5.0869E+04
0000742   1.7784E+05  2.9861E+04 -9.5135E+04
0000743   1.8599E+05 -8.7816E+04  2.0488E+04
0000744   2.7733E+05  5.6659E+04 -8.0135E+04
0000745   1.8212E+05 -6.0769E+03 -6.1267E+04
0000746   5.5575E+04  4.6933E+03 -3.0396E+04
0000747   2.1339E+05 -1.5534E+05  3.2261E+04
0000748   1.7104E+05 -5.0116E+04  7.4788E+04
0000749   2.1083E+05  4.1246E+04 -3.7923E+04
0000750   1.6307E+05  7.1473E+03  7.2219E+04
0000751   1.5586E+05 -2.2746E+04  2.5787E+04
0000752   2.1408E+05 -1.5198E+05 -2.2934E+04
0000753   3.2788E+05 -3.5716E+04 -6.2934E+03
0000754   1.2869E+05 -1.2143E+05  1.2344E+04
0000755   2.4158E+05  3.2292E+04 -9.7736E+03
0000756   2.4974E+05  1.4834E+05 -1.5458E+04
0000757   1.6999E+05 -1.6475E+04  1.0504E+05
0000758   3.7804E+05  8.1853E+04  3.3838E+04
0000759   1.7316E+05  8.2258E+04 -9.5806E+04
0000760   3.0565E+05  2.1433E+04 -7.4253E+04
0000761   1.9665E+05 -7.4943E+04 -1.6516E+04
0000762   1.8499E+05  9.8208E+04  7.7404E+04
0000763   4.3116E+04 -1.6984E+05 -8.9232E+04
0000764   4.8389E+04 -1.0594E+04  2.1736E+04
0000765   1.3518E+05  8.6532E+04 -7.6301E+04
0000766   7.0922E+04 -3.7113E+04  1.7451E+04
0000767   1.8747E+05  4.7847E+03  6.8095E+04
0000768   1.0993E+05 -3.8216E+04 -2.7021E+04
0000769   2.8696E+04 -6.1551E+04 -1.4416E+04
0000770   1.5497E+05 -1.4964E+04  2.0264E+04
0000771   2.4974E+05 -1.1419E+04 -1.2000E+04
0000772   1.7326E+05  3.2119E+04 -9.4299E+03
0000773   2.6578E+05  1.9415E+04  2.3245E+04
0000774   1.6905E+05 -4.0537E+03 -4.9508E+04
0000775   1.7692E+05 -3.4562E+04 -2.1081E+04
0000776   2.3996E+05 -5.9208E+03  1.0118E+05
0000777   1.1949E+05  3.9757E+04 -6.9293E+04
0000778   2.6558E+05  7.3007E+04  7.0423E+04
0000779   2.7354E+05 -1.9159E+05 -7.3741E+04
0000780   1.9460E+05  6.4197E+04 -2.3769E+04
0000781   8.5507E+04 -6.9244E+04 -2.3143E+04
0000782   2.2430E+05 -2.5266E+04 -9.0396E+04
0000783   1.9761E+05  2.4512E+05 -5.0614E+04
0000784   3.6348E+05  6.6199E+04  3.6658E+04
0000785   3.2867E+05 -6.0461E+04  8.2952E+04
0000786   5.6605E+04  8.0859E+04  4.3865E+04
0000787   1.0292E+05  7.4662E+04 -7.2910E+03
0000788   3.5681E+05  1.0842E+05  9.2138E+04
0000789   4.1341E+04 -2.7256E+04  3.5867E+04
0000790   1.6124E+05  8.8202E+03 -5.3638E+04
0000791   1.9194E+05  1.0391E+05  5.9101E+04
0000792   1.4475E+05 -4.1663E+04 -4.5274E+02
0000793   2.5861E+05  9.8527E+04  3.3774E+04
0000794   1.7635E+05  6.1907E+04 -4.4907E+04
0000795   2.2914E+05 -2.9128E+04  1.3712E+04
0000796   6.2951E+04  5.8328E+04  3.8281E+04
0000797   1.7667E+05  1.0689E+05 -3.2654E+04
0000798   1.3325E+05 -2.2267E+04 -9.8913E+04
0000799   1.3949E+05  2.5865E+04 -1.4995E+05
0000800   1.9099E+05  1.1017E+05  6.2464E+04
0000801   1.9320E+05 -1.8183E+05  6.7841E+04
0000802   1.7503E+05  7.5146E+04  1.0117E+05
0000803   1.6027E+05 -7.7919E+04  3.7533E+04
0000804   1.2698E+05 -7.6304E+04 -1.1794E+05
0000805   1.5847E+05 -2.9414E+04  1.1796E+05
0000806   4.0277E+05  8.2194E+03  9.2248E+04
0000807   1.7008E+05 -1.7352E+04 -2.2167E+04
0000808   2.1272E+05 -6.0789E+04 -9.8942E+04
0000809   2.0354E+05  9.8271E+04 -1.3488E+05
0000810   2.9093E+05  7.0772E+04 -8.0802E+03
0000811   1.1039E+05 -2.2963E+04  1.3744E+04
0000812   2.1596E+05  7.8434E+04  3.9215E+04
0000813   2.0145E+05  9.3084E+04  8.2030E+04
0000814   1.1755E+05 -4.4842E+03 -6.7455E+04
0000815   2.9603E+05  9.6419E+02 -2.8939E+04
0000816   2.1739E+05 -2.7433E+04  5.0003E+04
0000817   1.2037E+05  8.5171E+04 -8.7830E+04
0000818   1.2219E+05 -1.2462E+05  6.6483E+03
0000819   1.5660E+05  4.2128E+04  7.4302E+04
0000820   2.9059E+05 -1.6047E+05  5.0014E+04
0000821   1.4671E+05  1.7425E+04 -1.4252E+05
0000822   2.2900E+05  2.0926E+05  6.3953E+04
0000823   5.5308E+04 -7.2144E+02 -4.9266E+04
0000824   2.7085E+05  3.5815E+04 -5.2357E+03
0000825   2.2540E+05  3.1664E+04  3.8497E+04
0000826   2.4698E+05 -4.1884E+04  3.3375E+04
0000827   2.0895E+05 -2.2960E+04  9.5483E+04
0000828   3.1113E+05 -1.6239E+05 -3.6526E+04
0000829   1.3449E+05 -3.1162E+04  1.8132E+04
0000830   2.3113E+05  6.4496E+04 -5.3164E+04
0000831   7.3765E+04  7.4268E+04 -5.3514E+04
0000832   2.7215E+05  2.6192E+04  1.4256E+05
0000833   2.1153E+05 -3.0182E+04 -3.6304E+04
0000834   2.8755E+05  1.4249E+04 -1.9738E+04
0000835   3.5487E+05  3.3923E+04 -2.0475E+04
0000836   4.9204E+04 -1.8152E+04  5.1734E+04
0000837   1.7273E+05  2.7443E+04 -5.3374E+04
0000838   2.0596E+05 -2.4989E+04 -6.2003E+04
0000839   1.4843E+05  7.1516E+04  7.1436E+04
0000840   2.1913E+05  1.0596E+05 -6.2391E+04
0000841   1.8384E+05 -7.8346E+04  1.0755E+04
0000842   2.0695E+05  1.2122E+05 -5.1072E+04
0000843   2.2434E+05 -2.6848E+04  1.1230E+03
0000844   1.7073E+05 -2.1167E+03 -1.1885E+05
0000845   1.0257E+05  2.2467E+05  1.8201E+05
0000846   2.5476E+05 -7.7754E+04 -8.3647E+04
0000847   2.3755E+05  8.5734E+03  1.4858E+05
0000848   1.3958E+05 -1.9497E+04 -5.0016E+04
0000849   3.1507E+05  1.9272E+04 -3.3548E+04
0000850   1.6351E+05  8.0528E+04  4.5840E+04
0000851   2.2078E+05 -7.7434E+04 -5.4994E+04
0000852   3.1848E+05 -5.5556E+04 -1.1657E+05
0000853   2.7002E+05 -8.8005E+04 -1.5509E+05
0000854   2.4490E+05  3.6805E+03  2.5050E+04
0000855   1.3670E+05 -1.1799E+04 -7.6381E+04
0000856   1.1859E+05 -6.9841E+04  4.6152E+03
0000857   1.9499E+05 -4.9943E+04 -1.1502E+04
0000858   1.2306E+05  9.5014E+04 -1.1853E+05
0000859   1.7361E+05  2.3884E+05 -6.8109E+04
0000860   1.7577E+05  5.6660E+03  1.0064E+04
0000861   1.1110E+05  2.6764E+04 -4.4716E+04
0000862   8.7589E+04 -3.6168E+04  1.5373E+04
0000863   1.9243E+05  4.3474E+04  1.8897E+04
0000864   1.1921E+05  9.1147E+04  5.5537E+04
0000865   1.5824E+05 -8.8819E+04 -7.0335E+04
0000866   1.8665E+05  1.9435E+04 -5.4152E+03
0000867   1.7502E+05  3.1840E+04 -7.8458E+04
0000868   3.3071E+05 -1.2964E+05  2.3910E+03
0000869   3.0135E+05  1.0288E+05  1.6734E+04
0000870   2.1041E+05 -6.9755E+04 -1.1111E+05
0000871   2.6639E+05 -1.3173E+03 -6.4211E+04
0000872   8.9968E+04  3.2431E+04 -7.1072E+04
0000873   3.8760E+05  4.6722E+04  6.5499E+04
0000874   1.7040E+05 -8.1591E+04 -2.9364E+04
0000875   2.1955E+05  1.0405E+05  2.7652E+04
0000876   1.7355E+05 -3.8222E+04 -6.9573E+04
0000877   2.4821E+05 -5.9477E+04  7.2629E+04
0000878   2.4705E+05  8.7773E+04 -9.2375E+04
0000879   1.0617E+05 -2.6787E+04  5.2245E+03
0000880   1.9603E+05  6.5912E+04 -1.1715E+05
0000881   4.2241E+04 -2.0412E+04 -3.0495E+04
0000882   8.8923E+04  1.3628E+04  2.3050E+04
0000883   1.3850E+05  9.0188E+04  1.8337E+04
0000884   9.6623E+04 -7.3957E+04  2.3519E+04
0000885   2.4065E+05 -7.1901E+03 -9.2180E+04
0000886   2.1093E+05 -1.6780E+04 -9.7339E+04
0000887   1.1806E+05 -4.4719E+04 -1.1664E+05
0000888   3.1015E+05  3.5726E+04  3.3901E+04
0000889   2.9241E+05 -2.6893E+03  5.7203E+04
0000890   2.7659E+05 -4.3660E+04  1.6299E+04
0000891   1.6479E+05  7.4210E+04  4.4498E+04
0000892   1.1955E+05 -1.1726E+04 -3.4594E+04
0000894   1.9382E+05 -2.3897E+04  4.6787E+04
0000895   1.1097E+05  7.5951E+04 -7.7563E+04
0000896   2.4613E+05  4.4378E+03 -2.2424E+04
0000897   1.3371E+05  5.4440E+04 -3.5958E+04
0000898   1.3101E+05 -1.0013E+05 -2.4113E+04
0000899   9.4659E+04 -8.4405E+03  5.9245E+04
0000900   1.1496E+05  4.7369E+04  4.1667E+04
0000901   4.8302E+04 -6.1225E+03  1.0539E+05
0000902   1.5987E+05 -1.6216E+04 -5.8051E+04
0000903   3.6308E+05  2.0853E+04  1.3928E+05
0000904   1.6625E+05  8.9940E+04 -4.2103E+04
0000905   1.7492E+05  5.9279E+04  1.1208E+04
0000906   1.0838E+05 -2.8373E+04 -9.7120E+04
0000907   1.4034E+05 -5.7185E+03 -5.5562E+04
0000908   2.3425E+05  1.9275E+04 -5.5180E+04
0000909   2.3822E+05 -1.2449E+04  4.0469E+04
0000910   2.5276E+05  6.0213E+03 -3.1378E+04
0000911   1.2054E+05  1.2794E+05 -8.0378E+04
0000912   2.3274E+05 -2.1818E+04 -1.8320E+04
0000913   1.7020E+05 -2.1835E+04 -2.7815E+04
0000914   1.3623E+05  5.0081E+03 -1.0604E+05
0000915   2.6112E+05 -9.1011E+04 -1.0329E+04
0000916   1.7451E+05  7.8061E+03 -1.0215E+04
0000917   4.4977E+05 -1.7429E+04 -1.1507E+05
0000918   2.3849E+05 -1.5650E+05  9.4494E+03
0000919   3.5319E+05 -1.2333E+05  1.4552E+05
0000920   2.2359E+05  1.1071E+05  5.3077E+04
0000921   1.2906E+05 -6.7895E+04  4.1827E+04
0000922   5.7130E+04  2.2806E+04  1.3201E+04
0000923   2.4988E+05 -3.4854E+03  3.9410E+04
0000924   6.0880E+04 -1.3658E+04  2.7835E+04
0000925   1.9276E+05 -6.1842E+04 -1.2756E+05
0000926   2.8941E+05 -2.6059E+04 -4.1203E+04
0000927   1.4076E+05  1.4796E+05  6.5707E+04
0000928   1.3424E+05 -4.4417E+04 -2.1350E+04
0000929   1.4229E+05  3.0571E+03  1.1906E+05
0000930   7.8592E+04  7.7846E+02 -1.0004E+04
0000931   3.2071E+05 -1.7176E+05  4.9411E+03
0000932   1.3029E+05  2.8491E+04 -3.0447E+04
0000933   1.1046E+05 -1.1614E+05  1.0897E+05
0000934   1.2479E+05  3.9085E+04  7.9323E+03
0000935   1.2520E+05 -4.8292E+04  9.4931E+04
0000936   2.7386E+05 -5.6612E+04 -4.2710E+04
0000937   2.8887E+05 -5.2336E+03 -1.3987E+05
0000938   3.1793E+05  2.5856E+04 -2.7080E+04
0000939   6.4293E+04 -3.5672E+04 -6.1199E+04
0000940   1.6946E+05  4.3869E+03  1.2594E+05
0000941   1.1204E+05  7.6794E+04  3.4600E+03
0000942   2.1427E+05 -7.8832E+03 -1.4348E+04
0000943   3.2436E+05 -1.0358E+05  5.5933E+04
0000944   3.2477E+05 -1.3779E+05 -2.6420E+03
0000945   2.1163E+05 -3.0915E+04 -1.6004E+05
0000946   1.6894E+05  5.7618E+04 -5.8450E+04
0000947   2.0619E+05 -8.9057E+04  7.1697E+04
0000948   1.8849E+05  4.8421E+04  1.6776E+05
0000949   4.5578E+04 -3.7233E+04  4.3479E+04
0000950   1.7394E+05 -3.0795E+04  2.4109E+04
0000951   1.4679E+05  2.5082E+04  6.9572E+04
0000952   2.9687E+05 -3.5845E+04 -5.0293E+04
0000953   2.0144E+05  4.3851E+04  7.9772E+04
0000954   9.6963E+04 -1.4460E+04  2.2625E+04
0000955   1.5478E+05  1.0702E+04  1.3725E+04
0000956   6.5840E+04 -9.3254E+04 -2.2622E+04
0000957   2.7811E+05 -7.4886E+04 -8.8378E+04
0000958   1.4452E+05  5.9618E+04 -4.1494E+04
0000959   2.6887E+05 -2.3488E+04  1.2094E+05
0000960   2.8914E+05  4.0029E+04  8.2833E+04
0000961   1.8924E+05  4.2460E+04 -3.9227E+04
0000962   1.7147E+05  6.9517E+04  2.8062E+04
0000963   1.2572E+05 -7.6907E+04 -3.0848E+04
0000964   3.5159E+05 -7.9016E+04  2.6205E+04
0000965   2.3121E+05  7.5710E+04  2.6022E+04
0000966   2.4235E+05  5.4370E+04  1.0430E+04
0000967   1.0011E+05 -8.1514E+02  3.7524E+04
0000968   1.3944E+05  1.7226E+04  3.5657E+04
0000969   1.3378E+05  1.4262E+04  6.7626E+03
0000970   1.0426E+05  8.6750E+04  6.3756E+04
0000971   1.8858E+05  1.0637E+04 -4.5516E+04
0000972   2.5416E+05 -7.5977E+04 -1.8143E+04
0000973   2.3961E+05  1.1755E+04 -6.9793E+04
0000974   1.4134E+05  8.7668E+03  2.8666E+04
0000975   1.7946E+05 -7.7348E+04 -1.2385E+05
0000976   1.1531E+05 -3.9005E+04  6.7748E+04
0000977   1.5929E+05 -5.1222E+04 -9.9602E+04
0000978   1.3317E+05 -4.5646E+04 -8.9514E+04
0000979   1.1791E+05 -7.7596E+04 -1.7239E+04
0000980   2.1818E+05 -5.2574E+04  1.0076E+05
0000981   1.2549E+05 -3.2841E+04  1.5412E+05
0000982   2.1639E+05  8.9996E+04 -9.2267E+04
0000983   1.0262E+05  4.9601E+04 -4.2630E+04
0000984   1.1715E+05 -4.8544E+03  4.0822E+03
0000985   1.6659E+05 -1.0976E+05  3.0591E+04
0000986   9.1192E+04  1.5537E+04  2.8821E+04
0000987   3.1367E+05  1.2372E+04 -4.2965E+04
0000988   3.1110E+05 -1.9972E+04  9.2779E+04
0000989   3.5593E+05  5.3215E+04  4.6478E+04
0000990   1.3377E+05  4.0498E+04 -3.0460E+03
0000991   1.2952E+05  7.2382E+04  3.1983E+04
0000992   1.5546E+05 -3.6275E+04  1.6747E+03
0000993   1.5867E+05 -2.2447E+04 -1.4456E+04
0000994   1.2205E+05  2.0410E+05 -3.0489E+02
0000995   1.9762E+05  1.4004E+05  8.3600E+04
0000996   1.4521E+05 -4.5313E+04 -2.6326E+04
0000997   1.2027E+05  1.3822E+04 -2.5782E+04
0000998   3.2969E+05 -9.1853E+03  1.3825E+05
0000999   1.4949E+05 -8.5120E+04  9.2389E+04
0001000   4.3466E+05 -1.4055E+05 -1.2036E+04
