============================== SRIM-2013.00 ==============================
==============================================================================
====== SRIM Outputs\RANGE_3D.txt : File of Final Ion Positions =====

Ion = Ar (18)   Ion Mass= 039.9620
Energy  = 1389495.E-04 keV
Ion Angle to Surface = 00.0 degrees
==================== TARGET =======================
  Layer # 1 - Layer 1
  Layer # 1 - Bottom Depth=500000.E+02 A
  Layer # 1 - Density =0000.0125 g/cm3
  Layer # 1 -  100 % of Ar
様様様様様様様様様様様様様様様様様様様様様様様様様様
                                            
Ion       Depth  X   Lateral Y   Lateral Z  
Number    (Angstrom) (Angstrom)  (Angstrom) 
-------  ----------- ----------- -----------
0000001   4.6045E+05 -1.3136E+05 -2.1038E+03
0000002   3.7944E+05  8.8355E+04  8.2387E+02
0000003   3.1534E+05  3.5151E+05  2.1934E+05
0000004   6.4540E+05 -7.8866E+04  1.8917E+05
0000005   3.2619E+05  3.7724E+04 -1.2419E+05
0000006   6.8855E+05 -1.2333E+05 -2.2532E+05
0000007   1.2496E+05 -8.3123E+04 -9.9905E+04
0000008   2.1179E+05 -1.3639E+05  3.5434E+04
0000009   4.2017E+05 -1.2242E+05 -1.7858E+05
0000010   3.9387E+05 -8.3749E+04 -9.2406E+04
0000011   3.5596E+05 -3.9517E+04  1.9142E+05
0000012   4.6782E+05 -8.7243E+04 -3.4412E+05
0000013   3.1404E+05 -1.0522E+05 -1.3853E+05
0000014   4.3340E+05  9.2785E+03 -5.6901E+04
0000015   4.1296E+05  6.1948E+04 -2.1915E+04
0000016   3.9244E+05 -1.3207E+05  9.6374E+04
0000017   3.1797E+05 -2.8391E+04 -1.9469E+04
0000018   1.6055E+05  1.4669E+04  2.0036E+04
0000019   4.5867E+05 -8.5490E+04 -6.3266E+04
0000020   6.7194E+05  3.4710E+05 -7.2804E+04
0000021   7.0225E+05  1.9453E+05 -7.4950E+04
0000022   4.9457E+05 -1.0086E+05 -3.3067E+05
0000023   5.7394E+05  7.1255E+04  7.9031E+03
0000024   1.5584E+05 -3.9971E+04  1.4188E+05
0000025   5.1126E+05  1.1715E+05 -7.4614E+04
0000026   5.4654E+05 -2.0793E+05 -8.9818E+04
0000027   3.2920E+05 -1.7213E+04 -3.0123E+05
0000028   5.1354E+05 -2.4718E+05  9.7219E+04
0000029   6.3344E+05 -2.9873E+05  3.4233E+04
0000030   1.9271E+05  4.2483E+04  7.7168E+04
0000031   4.3927E+05  6.3584E+04  2.0760E+05
0000032   3.7875E+04 -1.7445E+05 -1.1465E+05
0000033   9.1280E+04  2.9658E+04  1.7384E+04
0000034   5.3979E+05 -1.5621E+05  1.4609E+05
0000035   5.0788E+05  1.4089E+05 -1.7776E+05
0000036   6.6448E+05 -8.4503E+04  1.4325E+05
0000037   3.8663E+05 -8.9290E+04  9.0189E+04
0000038   6.1296E+05 -2.2914E+05 -1.1137E+05
0000039   3.8688E+05  1.8516E+05 -4.8561E+04
0000040   3.5875E+05  9.8151E+04  6.5329E+04
0000041   2.9446E+05  2.3299E+05  7.9380E+04
0000042   2.5846E+05 -1.3575E+05 -1.1624E+05
0000043   4.3302E+05  4.2895E+04 -4.1695E+04
0000044   4.7597E+05  7.7916E+04 -2.6357E+05
0000045   5.1458E+05 -2.1423E+05 -2.1052E+03
0000046   4.1860E+05  1.1067E+05  1.7494E+05
0000047   3.3819E+05 -1.6468E+05 -4.9366E+04
0000048   4.6524E+05  2.8945E+04 -1.9251E+05
0000049   3.1729E+05  1.3391E+05  6.0146E+04
0000050   5.6882E+05 -1.7168E+05  2.3141E+05
0000051   4.3667E+05  1.3208E+05  2.5737E+05
0000052   6.2385E+05  1.1538E+04  9.7633E+04
0000053   1.6169E+05  5.9151E+03 -4.3685E+04
0000054   1.0630E+05 -7.1470E+04  1.2022E+04
0000055   2.5106E+05 -2.0190E+05  2.5330E+04
0000056   3.9716E+05 -4.7837E+05 -1.5036E+05
0000057   1.3401E+05 -1.1856E+05 -2.3602E+04
0000058   2.1943E+05  3.1888E+04 -7.1757E+04
0000059   3.4557E+05  3.7647E+03  2.1980E+05
0000060   3.0401E+05 -3.0002E+04 -1.9939E+05
0000061   6.7992E+05  3.1554E+04  2.0111E+05
0000062   2.6429E+05  1.7230E+04  9.8128E+04
0000063   3.6774E+05  2.3200E+05 -6.2702E+04
0000064   3.7676E+05  1.0524E+04 -1.0481E+05
0000065   5.2552E+05 -9.5493E+04 -6.1413E+04
0000066   3.8652E+05  7.0492E+04 -3.9581E+04
0000067   4.8818E+05 -1.0143E+04 -2.8167E+04
0000068   7.0078E+04  4.0616E+04 -8.4367E+04
0000069   5.5186E+05 -2.8678E+04  1.0563E+05
0000070   2.4738E+05 -6.6968E+04 -2.3262E+05
0000071   4.0070E+05 -1.0735E+05  2.4624E+04
0000072   5.3917E+05  1.4710E+05  8.6924E+04
0000073   2.8814E+05  4.2734E+04  3.5114E+05
0000074   5.6218E+04  6.3811E+03 -1.0485E+05
0000075   2.8769E+05  2.3413E+05 -1.3663E+05
0000076   7.2579E+05  6.1497E+04 -1.0870E+05
0000077   5.4447E+05  6.8614E+04 -1.5493E+05
0000078   4.2499E+05  2.2474E+03 -3.7260E+04
0000079   2.5924E+05  2.5185E+05  1.0440E+05
0000080   2.0659E+05  4.6599E+04 -3.7056E+04
0000081   2.6946E+05  8.9854E+04  1.3464E+04
0000082   1.0840E+05  1.4757E+05 -3.3462E+05
0000083   2.2393E+05 -1.0298E+05 -2.3723E+05
0000084   5.9642E+05 -1.5050E+05  6.4978E+04
0000085   3.6655E+05 -1.2679E+04  1.8806E+04
0000086   1.6960E+05 -1.0742E+05  3.7335E+04
0000087   5.0362E+05  3.6089E+05  5.8299E+04
0000088   6.2067E+05 -2.5847E+04 -2.9181E+03
0000089   5.9818E+05 -5.3707E+04  7.3871E+04
0000090   4.1513E+05 -9.9176E+03  2.2912E+04
0000091   3.7931E+05  9.0572E+04  6.1621E+04
0000092   7.3905E+05  1.8479E+05  2.6360E+05
0000093   2.2579E+05  9.7495E+04 -1.0102E+05
0000094   4.1608E+05  1.5390E+05 -2.5997E+05
0000095   4.7744E+05 -1.2760E+05  5.2641E+04
0000096   1.8429E+05  1.5405E+05  1.4386E+05
0000097   5.5327E+05  8.2175E+04  4.0672E+04
0000098   3.6068E+05 -9.1194E+04 -8.5487E+04
0000099   7.2519E+05 -4.7733E+04  1.9463E+05
0000100   6.1463E+05  1.5747E+04 -1.8490E+04
0000101   4.9921E+05 -3.0864E+04 -1.5374E+05
0000102   2.7298E+05 -1.4231E+05 -5.0611E+04
0000103   4.1802E+05  3.6548E+02  9.2109E+04
0000104   3.9560E+05  5.7990E+04  1.1673E+05
0000105   2.5826E+05  2.8667E+04 -3.9505E+04
0000106   4.2673E+05  1.6520E+05  7.1780E+04
0000107   3.2125E+05  3.4384E+04 -1.6215E+05
0000108   2.9065E+05 -1.0307E+04  3.4122E+03
0000109   3.8926E+05 -6.5199E+04 -1.7322E+05
0000110   2.4009E+05 -7.3497E+04 -3.9270E+04
0000111   5.0482E+05  1.4249E+05 -3.0272E+05
0000112   5.4561E+05  9.0670E+02  8.7750E+04
0000113   5.1771E+05  9.6301E+04  6.0455E+04
0000114   3.2627E+05 -2.5074E+05 -5.1050E+05
0000115   5.2329E+05 -6.1593E+04  1.1692E+04
0000116   3.8795E+05  1.7403E+05 -1.3093E+05
0000117   3.6559E+05 -1.8619E+05 -9.3639E+03
0000118   2.5174E+05  1.6666E+05  4.1652E+04
0000119   1.2546E+05  1.9110E+05  8.2271E+04
0000120   6.9419E+05 -5.3111E+04  2.1209E+04
0000121   3.7113E+05 -8.2403E+04 -6.8913E+04
0000122   4.0843E+05 -2.4306E+05 -6.3842E+04
0000123   4.7447E+05  1.8279E+05  2.9001E+05
0000124   3.7769E+05  6.5513E+04  1.1246E+05
0000125   5.5338E+05 -1.6461E+05 -1.2050E+05
0000126   2.2264E+05 -1.2538E+05 -1.1614E+05
0000127   3.0342E+05 -1.4476E+05 -1.3337E+05
0000128   2.9479E+05  5.5234E+04  2.3174E+04
0000129   3.5032E+05  7.8806E+04 -2.0000E+05
0000130   3.5512E+05 -1.5524E+04 -1.3232E+05
0000131   6.3225E+05 -1.9423E+04 -7.7167E+04
0000132   6.3506E+05 -9.9406E+04 -2.7782E+05
0000133   1.3832E+05 -1.3925E+05 -1.6508E+04
0000134   2.7519E+05  3.2437E+05  5.7071E+04
0000135   4.9776E+05 -2.7005E+05 -8.5249E+04
0000136   6.5038E+05 -4.4800E+03 -1.3529E+05
0000137   3.3416E+05 -4.2876E+04  1.6101E+04
0000138   3.9660E+05 -1.7552E+05  1.2475E+04
0000139   3.6192E+05  3.8984E+05  3.5671E+04
0000140   4.0809E+05 -6.0816E+04 -3.8372E+04
0000141   3.0616E+05 -9.6843E+04 -1.1469E+05
0000142   4.7268E+05 -3.8942E+04 -1.9939E+04
0000143   2.4033E+05  1.5036E+05  3.1694E+04
0000144   2.6966E+05 -2.0358E+05 -2.5500E+05
0000145   3.4615E+05 -1.3231E+05 -7.0507E+03
0000146   4.0649E+05  1.7419E+05  1.8861E+05
0000147   1.8376E+05  8.7709E+04  1.6824E+05
0000148   1.1743E+05 -2.4798E+04  2.7109E+05
0000149   4.7698E+05  1.8666E+05 -1.6238E+05
0000150   2.7326E+05 -1.3739E+05 -6.4797E+04
0000151   4.3556E+05  8.8555E+04  6.8215E+03
0000152   1.9065E+05  7.3087E+04 -4.4123E+05
0000153   3.0044E+05 -1.7091E+05 -1.4702E+05
0000154   3.1795E+05 -3.1323E+04  2.9462E+04
0000155   2.7861E+05 -2.2929E+05 -1.9569E+05
0000156   3.7082E+05 -4.8534E+04  8.9521E+04
0000157   4.2569E+05 -6.0235E+04  5.2458E+04
0000158   6.1373E+05  3.2355E+04  9.1114E+03
0000159   5.3502E+05 -2.9085E+04 -2.0515E+05
0000160   2.3115E+05 -2.2081E+05 -1.8149E+05
0000161   1.5439E+05  1.7739E+04  6.4707E+03
0000162   3.9370E+05  5.4619E+04 -4.4684E+04
0000163   3.4477E+05  1.9584E+04 -1.0592E+05
0000164   7.7778E+05 -7.4662E+04  9.0508E+04
0000165   3.9448E+05 -1.4087E+05 -4.1025E+03
0000166   5.6976E+05 -7.1636E+04  1.3417E+05
0000167   4.4369E+05  4.2806E+04  1.8809E+05
0000168   2.8444E+05  1.2148E+05 -9.6597E+03
0000169   3.1183E+05 -3.7648E+05 -2.5180E+04
0000170   5.3147E+05  1.9535E+05  1.9245E+05
0000171   2.8309E+05  6.6905E+03 -8.0421E+03
0000172   2.3825E+05  1.8056E+05 -4.5825E+04
0000173   4.7842E+05  1.8836E+04  7.1235E+04
0000174   4.6175E+05 -2.0173E+05  1.8583E+05
0000175   2.8183E+05  1.7786E+05  2.5627E+04
0000176   3.5150E+05  7.1012E+04 -1.1410E+05
0000177   2.7425E+05  6.2048E+04  1.0475E+05
0000178   5.4257E+05  8.8958E+04  2.1237E+05
0000179   1.4643E+05  2.0584E+05  3.8987E+05
0000180   2.9442E+05 -4.2818E+04  7.9372E+04
0000181   4.5047E+05 -2.7492E+03 -2.2922E+05
0000182   3.3737E+05 -2.1415E+05  1.0294E+05
0000183   2.2401E+05  4.9554E+04  1.0747E+05
0000184   6.0350E+05 -9.9121E+03  2.0081E+05
0000185   5.1106E+05  1.7723E+05  4.1307E+05
0000186   6.6627E+05 -1.3406E+05 -1.4039E+04
0000187   3.7438E+04  2.8780E+03  5.6223E+04
0000188   1.7180E+05 -1.0106E+05 -3.2715E+04
0000189   2.3171E+04 -1.1817E+05 -9.7444E+04
0000190   4.7949E+05  1.1072E+05 -1.2693E+05
0000191   6.2112E+05 -3.6603E+04  4.2813E+04
0000192   5.0203E+05 -2.1483E+05 -2.7152E+05
0000193   7.3369E+05  1.2581E+05  1.9388E+05
0000194   3.4578E+05 -2.2745E+04  6.7239E+02
0000195   4.9323E+05  9.7209E+04  1.2835E+05
0000196   2.4928E+05  1.4192E+05  3.0768E+04
0000197   4.5745E+05  2.7740E+04  6.9798E+04
0000198   2.3375E+05  2.8558E+05 -9.8405E+04
0000199   1.8231E+05  3.4164E+04  1.4892E+05
0000200   5.1248E+05  1.8197E+05 -2.7402E+04
0000201   4.4635E+05 -9.2750E+04  2.1409E+05
0000202   3.4961E+05 -2.0340E+05  1.6593E+05
0000203   6.4879E+05 -3.2896E+04 -1.9747E+05
0000204   4.9900E+05  9.3516E+04 -1.2250E+04
0000205   2.2609E+05  2.0140E+05  9.8886E+04
0000206   3.4869E+05  1.2869E+05  1.1810E+03
0000207   5.1032E+05  2.7174E+05 -9.6772E+04
0000208   5.2653E+05  5.6741E+04 -6.9008E+04
0000209   3.6763E+05  1.4011E+04  2.9003E+04
0000210   3.9640E+05  2.0089E+05 -1.5923E+05
0000211   2.9448E+05 -1.7772E+05  9.9154E+04
0000212   3.9058E+05  2.1147E+04 -6.4955E+04
0000213   4.1389E+05  8.5421E+04 -2.7311E+05
0000214   2.7237E+05 -1.4486E+04  8.0594E+04
0000215   4.4383E+05 -4.1050E+04 -2.3067E+05
0000216   1.6413E+05  2.4093E+04 -2.6079E+04
0000217   3.6355E+05 -1.5153E+04 -3.3284E+04
0000218   5.9409E+05 -1.4478E+05  2.7837E+05
0000219   4.4606E+05 -8.7565E+04  1.7919E+04
0000220   4.0605E+05  1.1816E+05  6.1267E+04
0000221   2.3834E+05  4.9304E+04 -1.5092E+05
0000222   4.4899E+05 -1.0924E+05 -1.8742E+05
0000223   3.2465E+05 -7.6737E+03  3.2832E+05
0000224   4.2347E+05  4.4824E+04  1.4830E+05
0000225   3.9442E+04 -5.1530E+04  2.3518E+04
0000226   5.3090E+05 -2.1501E+05 -2.5254E+05
0000227   6.7941E+05 -1.6437E+05 -1.6278E+04
0000228   5.3482E+05 -2.6512E+05  1.3055E+05
0000229   5.1405E+05  2.2131E+04 -5.1051E+03
0000230   3.1665E+05 -4.4715E+04 -1.0400E+05
0000231   5.6472E+05 -1.4375E+03  6.0471E+04
0000232   4.8942E+05 -3.6867E+04 -2.0734E+04
0000233   6.6443E+05 -5.1951E+04 -6.5871E+04
0000234   2.8802E+05 -3.5571E+04 -4.4669E+03
0000235   2.3563E+05 -1.3461E+05  5.0573E+03
0000236   2.5147E+05  2.6056E+04  1.3063E+04
0000237   2.1648E+05  2.8741E+05  8.4208E+04
0000238   4.5194E+05  1.7198E+05  6.8281E+04
0000239   8.4489E+05  2.9061E+05 -7.0131E+04
0000240   4.3051E+05 -7.9642E+04  5.3290E+04
0000241   4.9940E+05  2.4065E+05  2.2815E+04
0000242   5.1378E+05 -2.7480E+05 -9.3156E+04
0000243   4.0910E+05  1.9944E+05  1.8276E+05
0000244   4.1682E+05 -1.4652E+05  1.3591E+05
0000245   3.9902E+05 -1.8974E+05  4.2459E+04
0000246   2.4146E+05 -1.4780E+05  1.8046E+03
0000247   4.6095E+05 -2.0695E+05 -4.6612E+04
0000248   4.3588E+05 -8.6405E+04 -2.5395E+05
0000249   5.0552E+05  1.5693E+04  1.2011E+05
0000250   6.1431E+05 -2.5736E+04 -6.4644E+04
0000251   5.0950E+05  5.5977E+04 -6.3004E+04
0000252   1.5772E+05  1.0209E+05 -7.3972E+04
0000253   6.8076E+05  1.0031E+05 -6.4217E+04
0000254   5.6749E+05 -8.8550E+04  1.9948E+05
0000255   1.4484E+05 -6.1731E+04  1.9070E+05
0000256   2.2591E+05 -6.3413E+03 -1.4217E+04
0000257   3.2729E+05  3.0429E+05  3.3517E+05
0000258   5.2867E+05  6.9143E+04  7.0047E+04
0000259   3.7370E+05  1.8848E+04  1.5010E+05
0000260   3.8007E+05 -1.7936E+05 -2.9148E+04
0000261   4.7746E+05 -8.9868E+04 -2.0966E+05
0000262   1.8010E+05 -7.1283E+04  5.2751E+04
0000263   4.6890E+05 -1.6277E+04  2.5527E+04
0000264   6.3597E+05 -5.2876E+04  7.6956E+04
0000265   4.0933E+05 -1.7596E+05  1.4464E+05
0000266   4.1357E+05  1.3853E+05  3.0814E+05
0000267   5.6776E+05 -5.4379E+04 -1.3787E+05
0000268   5.1859E+05  7.2093E+04  1.4777E+05
0000269   4.5637E+05 -7.6147E+04  3.2386E+05
0000270   1.6368E+05 -3.4994E+04 -4.0367E+04
0000271   4.3133E+05 -5.0404E+04 -1.0422E+04
0000272   3.0715E+05  1.3353E+05 -1.6447E+05
0000273   6.1043E+05  8.1847E+04 -3.8916E+04
0000274   6.7885E+05 -2.5221E+05  1.6628E+05
0000275   3.8963E+05  5.0106E+04 -6.4191E+04
0000276   4.3737E+05  2.4971E+05  9.7117E+04
0000277   5.8384E+05  7.3737E+04 -4.0072E+04
0000278   3.9189E+05 -6.9777E+04 -1.1932E+04
0000279   3.7870E+05 -1.8233E+05  1.4559E+05
0000280   1.7539E+05 -1.8263E+05  1.2778E+05
0000281   3.3917E+05 -3.6734E+04  1.5532E+05
0000282   1.3817E+05 -6.1147E+04  3.8647E+04
0000283   4.2510E+05  2.6011E+05 -3.3823E+04
0000284   3.9864E+05  3.9153E+04 -1.8512E+05
0000285   3.7816E+05  1.8071E+05  2.3191E+05
0000286   7.2525E+05 -6.4855E+04  7.7453E+04
0000287   5.4061E+05  6.3260E+04  1.1930E+05
0000288   4.3596E+05  1.9092E+05 -1.9183E+05
0000289   3.4248E+05 -3.0267E+05  1.9441E+05
0000290   2.4262E+05  1.8363E+05  3.9720E+04
0000291   5.4215E+05  1.5588E+05  4.7738E+04
0000292   5.3600E+05  1.3159E+05 -7.5311E+04
0000293   3.6722E+05 -6.2031E+04 -9.1117E+04
0000294   1.7937E+05  7.7502E+04  1.7111E+04
0000295   4.2160E+05  5.2970E+04 -4.7539E+04
0000296   1.6098E+05 -6.3742E+04  2.2760E+05
0000297   9.5441E+04 -7.1994E+04  2.7912E+04
0000298   6.6201E+04 -4.7026E+04  9.8543E+03
0000299   4.6061E+05  2.0365E+05 -3.2664E+04
0000300   4.7253E+05 -2.7403E+04 -2.6314E+05
0000301   3.7946E+05  1.3218E+05 -1.7092E+05
0000302   4.6775E+05  1.0898E+05  4.8652E+04
0000303   6.3557E+05 -1.8067E+05 -1.0632E+05
0000304   2.3679E+05  1.5455E+05  9.8658E+04
0000305   3.4146E+05 -1.7289E+05 -5.9829E+04
0000306   4.2103E+05 -2.1473E+05  1.8604E+05
0000307   3.1945E+05  1.6832E+04 -2.0964E+05
0000308   4.0833E+05 -1.9412E+05  2.1078E+05
0000309   2.7200E+05  1.2421E+05  1.4904E+04
0000310   4.0324E+05 -1.7630E+05 -2.1891E+05
0000311   6.0166E+05  2.7236E+05  2.7174E+05
0000312   3.2796E+05  2.5364E+05 -4.7996E+04
0000313   4.5222E+05 -3.1319E+05  1.0005E+05
0000314   4.2003E+05  2.1479E+05  1.8325E+05
0000315   2.5445E+05  2.5876E+04 -3.2611E+04
0000316   3.1310E+05  1.6933E+05 -2.9062E+04
0000317   5.6800E+05  1.4538E+05 -3.3145E+04
0000318   4.0464E+05 -2.5792E+04 -1.6964E+05
0000319   3.0370E+05 -1.2103E+05  1.9240E+05
0000320   3.9024E+05 -3.2299E+04 -1.4717E+05
0000321   3.4228E+05  1.2796E+05  1.2941E+05
0000322   4.7782E+05  5.4941E+04  2.3752E+05
0000323   3.2858E+05 -1.1935E+05 -7.8069E+04
0000324   4.5690E+05  8.4111E+04 -6.5842E+04
0000325   4.1991E+05  1.2101E+05 -1.2564E+05
0000326   4.8702E+05 -3.1628E+05  1.2142E+05
0000327   6.8691E+05  3.6262E+05 -1.8294E+03
0000328   2.7242E+05 -2.0115E+05 -1.8590E+05
0000329   5.2534E+05 -5.0999E+04 -3.2896E+05
0000330   4.0988E+05  8.6190E+04  2.7075E+04
0000331   1.4768E+05 -9.1034E+04 -1.8898E+05
0000332   3.8436E+05  7.7506E+04  1.8491E+05
0000333   2.2623E+05  1.8711E+05  1.3409E+05
0000334   2.4113E+05 -2.1170E+04 -6.8347E+04
0000335   9.6901E+04 -9.5018E+04 -5.3098E+04
0000336   5.9181E+05 -7.6973E+04 -1.9040E+05
0000337   5.7968E+05  3.5426E+05  4.5768E+03
0000338   4.3402E+05 -2.0108E+05  9.8164E+04
0000339   6.6851E+05  3.0976E+04  1.0805E+05
0000340   3.7703E+05 -6.1762E+04 -2.2816E+05
0000341   6.0616E+05 -5.5781E+04 -5.8896E+03
0000342   3.4754E+05 -4.2037E+04 -7.3809E+04
0000343   5.3664E+05 -2.3176E+05 -1.5881E+05
0000344   3.8304E+05 -9.8428E+03  4.1677E+04
0000345   3.0740E+05  5.4738E+04  1.3440E+04
0000346   4.2911E+05  2.3874E+05  2.4835E+05
0000347   1.6986E+05 -1.7869E+04  1.2325E+05
0000348   3.1313E+05  2.9945E+04 -1.3821E+04
0000349   4.9230E+05 -3.4379E+04 -1.8160E+05
0000350   4.9103E+05 -1.6838E+04 -1.5751E+05
0000351   5.4731E+05  1.1689E+05 -2.5242E+04
0000352   4.2086E+05  3.2153E+04 -1.8547E+05
0000353   3.8537E+05  2.1290E+05  1.5504E+05
0000354   2.2936E+05 -6.8482E+04  4.1879E+04
0000355   3.3893E+05 -1.8678E+05  3.8323E+05
0000356   4.3972E+05 -2.2508E+05  7.4767E+04
0000357   4.8385E+05 -1.2033E+05  1.7780E+05
0000358   2.9828E+05 -2.3209E+05 -2.5064E+05
0000359   1.8919E+05 -8.4536E+04 -1.2579E+05
0000360   6.1600E+05 -4.7732E+04  2.5301E+03
0000361   3.9740E+05 -6.4917E+03  1.1884E+05
0000362   3.6818E+05  6.7664E+03 -9.9885E+04
0000363   4.5438E+05 -1.7433E+05  3.6481E+04
0000364   6.6039E+05  1.2498E+04 -6.4738E+02
0000365   1.3178E+05  8.5704E+04  1.4474E+04
0000366   4.1935E+05 -1.6932E+05 -1.2603E+05
0000367   4.0446E+05  2.2014E+04  1.3855E+05
0000368   6.2748E+05  9.7701E+04 -8.2817E+04
0000369   3.0503E+05 -2.6035E+05  2.8239E+04
0000370   7.8738E+05 -1.3856E+05  1.8204E+05
0000371   3.1065E+05  1.1552E+05 -1.7969E+04
0000372   4.4334E+05 -7.9601E+03  2.9059E+04
0000373   3.9724E+05 -1.3020E+05  1.6410E+05
0000374   3.0990E+05  1.0701E+05 -5.9532E+04
0000375   6.6528E+05 -1.3558E+05 -2.4127E+05
0000376   5.4157E+05 -8.5176E+04  2.5164E+04
0000377   1.9924E+05  9.8611E+04  7.6556E+04
0000378   2.4357E+05 -2.0823E+05  4.8114E+04
0000379   2.5521E+05 -1.3007E+05 -2.0984E+05
0000380   6.8234E+05 -4.6588E+04  9.8593E+04
0000381   3.7000E+05 -1.0025E+05  2.1944E+04
0000382   2.4141E+05  3.4028E+05 -3.0326E+04
0000383   6.2536E+05  1.3159E+05  1.8740E+05
0000384   4.6275E+05  3.4107E+05  2.7507E+05
0000385   3.7485E+05 -2.7928E+05 -3.3723E+04
0000386   2.5831E+05  1.7961E+04  2.3087E+05
0000387   4.0473E+05 -3.9946E+04 -5.3730E+04
0000388   2.6643E+05  2.0157E+05 -1.5806E+05
0000389   2.4408E+05  2.5643E+05 -1.3878E+05
0000390   5.6985E+05  1.0617E+05 -2.1041E+04
0000391   5.1512E+05  1.0372E+05  1.7771E+05
0000392   3.7239E+05  9.5510E+03 -1.1009E+05
0000393   5.9152E+05  3.2001E+05 -4.9976E+04
0000394   3.6403E+05 -1.8141E+05  3.2633E+04
0000395   3.5723E+05 -1.3292E+05 -1.1946E+05
0000396   4.6853E+05  1.6520E+05 -2.2842E+05
0000397   6.4937E+05  2.0468E+04  9.5706E+04
0000398   5.0803E+05  2.4720E+05  2.9232E+05
0000399   3.5734E+05  6.1124E+04 -1.6860E+05
0000400   1.6102E+05 -5.4936E+04 -2.1661E+05
0000401   3.6042E+05 -1.2891E+05  3.8824E+05
0000402   3.5347E+05  7.5658E+04  8.2879E+04
0000403   3.5758E+05  8.1135E+04 -7.4313E+04
0000404   5.4672E+05  1.9517E+04 -2.8464E+04
0000405   4.0281E+05  1.8647E+05  1.3157E+04
0000406   2.4205E+05  9.8901E+04 -1.7006E+04
0000407   2.0194E+05  3.8279E+04  1.5725E+05
0000408   1.5081E+05  2.3141E+04  4.9137E+04
0000409   4.2027E+05 -3.4488E+05 -4.3510E+04
0000410   4.4000E+05 -7.5562E+04 -2.2074E+05
0000411   3.6148E+05  3.9482E+04 -2.1306E+05
0000412   4.3278E+05  1.1366E+05 -3.4842E+03
0000413   2.1110E+05  1.9864E+05  5.2003E+04
0000414   3.1266E+05 -7.8596E+04 -1.2552E+05
0000415   4.3620E+05  1.5393E+05 -2.0092E+05
0000416   4.4133E+05  6.0308E+04 -3.9853E+04
0000417   4.4864E+05 -1.3469E+05  1.1498E+05
0000418   2.8097E+05  6.8605E+04  1.2468E+05
0000419   4.7955E+05  1.9412E+04  1.0324E+05
0000420   4.6518E+05 -6.7291E+04 -1.4483E+05
0000421   4.5483E+05  5.8051E+04 -1.5647E+05
0000422   6.3378E+05 -1.1771E+05  1.1907E+05
0000423   2.5535E+05 -2.3045E+04 -1.3914E+05
0000424   3.9712E+05 -1.5313E+05 -1.1224E+05
0000425   4.0710E+05  5.0287E+04 -9.3376E+03
0000426   4.9647E+05 -1.0177E+05 -1.9718E+05
0000427   3.3769E+05  7.1109E+04  1.0465E+05
0000428   1.8199E+05  6.3254E+04  1.2599E+05
0000429   5.2199E+05 -3.2792E+04 -7.5960E+04
0000430   5.7604E+05 -2.3492E+05  2.1204E+05
0000431   1.5156E+05  4.8218E+03 -2.2869E+05
0000432   5.6334E+05 -1.5179E+05 -1.1533E+05
0000433   2.2319E+05 -9.2007E+04 -7.0922E+03
0000434   4.4378E+05  9.4931E+03  5.3753E+04
0000435   2.2987E+05 -3.9128E+04 -2.5746E+04
0000436   1.8096E+05  3.8928E+04 -1.7136E+03
0000437   1.2770E+05 -1.6058E+04  5.7904E+04
0000438   7.4996E+05 -8.8045E+04 -2.2569E+05
0000439   5.2158E+05 -1.6458E+05  7.5632E+04
0000440   4.1449E+05 -8.4584E+04  1.4221E+05
0000441   2.8494E+05 -3.8828E+04 -1.0787E+05
0000442   3.2736E+05 -7.3114E+04 -6.7220E+04
0000443   2.1305E+05 -5.2248E+04 -7.6365E+04
0000444   3.4621E+05  1.8793E+04  4.4131E+04
0000445   6.0480E+05 -1.7485E+05  1.6051E+05
0000446   2.0207E+05 -1.3243E+05 -9.1711E+04
0000447   3.2543E+05 -8.2167E+03 -7.1601E+04
0000448   4.6687E+05  2.2385E+05  2.3541E+05
0000449   3.3846E+05  2.5223E+03  5.0243E+04
0000450   6.0884E+05  7.6467E+04 -1.4641E+05
0000451   5.1117E+05 -7.5032E+04  1.7028E+05
0000452   3.8695E+05  6.5764E+04 -6.6336E+04
0000453   8.2249E+04  4.6836E+04 -1.0362E+05
0000454   1.7905E+05  3.5059E+03  5.8854E+04
0000455   3.3657E+05  4.5614E+04 -4.4815E+04
0000456   2.4641E+05 -4.1899E+04  3.9742E+04
0000457   5.9078E+05 -1.7491E+05  2.7640E+05
0000458   6.6554E+05  1.6083E+05 -1.0910E+05
0000459   5.1281E+05 -1.0762E+05  1.0126E+05
0000460   3.0441E+05  5.6815E+04  1.3698E+05
0000461   5.1953E+05 -1.1271E+05 -1.8459E+05
0000462   3.4466E+05  1.5896E+05  9.9479E+04
0000463   6.6393E+05  1.8347E+04  7.7386E+04
0000464   2.7940E+05 -4.6492E+03  1.3101E+05
0000465   4.6345E+05  1.4595E+05  7.4627E+04
0000466   3.5257E+05  1.1001E+04 -1.0168E+05
0000467   2.7506E+05  7.4109E+04  3.6611E+04
0000468   3.9957E+05  3.6659E+04  9.1482E+04
0000469   2.8899E+05  1.2836E+04  6.7708E+04
0000470   2.6028E+05 -1.6154E+05 -1.9398E+04
0000471   4.0360E+05 -1.5946E+05 -3.0533E+05
0000472   1.3895E+05  4.0077E+04  1.5028E+05
0000473   6.7888E+05 -1.2942E+05 -1.5821E+05
0000474   5.0821E+05  5.8442E+04 -2.7227E+02
0000475   2.9233E+05 -1.0577E+02  2.7303E+04
0000476   6.4140E+05  1.8695E+04 -6.0231E+04
0000477   2.5302E+04 -3.7696E+04  7.3139E+04
0000478   5.0894E+05  3.6393E+04  3.8268E+05
0000479   2.5265E+05 -5.3619E+04 -1.4412E+05
0000480   7.1968E+05 -9.5345E+03  1.0733E+05
0000481   1.8271E+05  1.5781E+05  1.3722E+05
0000482   3.2356E+05 -1.2232E+05 -1.4085E+04
0000483   9.3597E+04  2.7046E+03  1.7705E+05
0000484   5.6459E+05 -1.6422E+05  2.1675E+05
0000485   3.0950E+05  1.7007E+05  2.6849E+04
0000486   5.9547E+05 -2.2519E+05  1.7411E+05
0000487   2.1603E+05 -4.8726E+04 -2.5651E+05
0000488   2.5854E+05 -1.9159E+05 -2.6286E+05
0000489   4.0217E+05  4.4877E+04  1.2933E+05
0000490   1.9153E+05 -7.7635E+04 -4.3643E+04
0000491   4.4026E+05 -1.8120E+05  6.2450E+04
0000492   7.0830E+04  5.1828E+04  6.5966E+04
0000493   4.7480E+05 -1.5781E+05  8.3884E+04
0000494   3.9783E+05 -1.5094E+05  1.8967E+04
0000495   2.7869E+05 -1.7222E+05  1.5675E+05
0000496   4.4833E+05  4.0735E+04  4.5440E+04
0000497   5.5793E+05  1.2580E+05 -7.4469E+04
0000498   5.9660E+05  2.6198E+04  1.1904E+05
0000499   3.8181E+05  1.1006E+05 -3.8527E+05
0000500   4.2215E+05  6.5776E+04  1.1706E+05
0000501   2.3689E+05 -1.6072E+04  1.9063E+05
0000502   2.3142E+05  2.0370E+04 -3.8394E+04
0000503   3.6545E+05 -2.8628E+05  1.7414E+04
0000504   4.4009E+05 -1.1610E+05 -3.9961E+04
0000505   3.3224E+05 -3.6930E+04  2.7333E+05
0000506   5.2983E+05  1.0435E+05 -1.5671E+05
0000507   6.0372E+05 -9.1205E+03 -6.7045E+04
0000508   4.4985E+05 -1.4254E+05 -5.3959E+04
0000509   5.3966E+05  5.0553E+04 -1.4362E+05
0000510   3.6776E+05 -2.9535E+04  2.8808E+05
0000511   4.5127E+05  1.1891E+05  4.0902E+05
0000512   3.6222E+05 -3.0715E+04 -6.4232E+04
0000513   4.7656E+05  1.2584E+05  1.7880E+04
0000514   2.5705E+05 -7.2852E+04  2.5818E+04
0000515   2.1543E+05  1.0330E+04 -8.3043E+04
0000516   4.1025E+05 -6.3598E+04  1.4773E+05
0000517   2.5969E+05 -9.9616E+04  1.0793E+05
0000518   1.9818E+05  1.0995E+04  6.9257E+04
0000519   4.5516E+05  1.4221E+05  5.9014E+04
0000520   4.7473E+05  8.0835E+04 -1.5683E+05
0000521   2.6760E+05  9.1693E+03  6.3522E+04
0000522   2.3359E+05  6.8022E+04 -4.5439E+04
0000523   6.4817E+05  3.0624E+04 -1.0819E+05
0000524   6.5174E+05  1.2231E+05 -8.9005E+04
0000525   6.3171E+05 -2.7947E+04 -1.5423E+05
0000526   4.7517E+05  3.7538E+04 -2.3585E+04
0000527   9.0394E+04  1.0907E+05 -1.7334E+05
0000528   2.6238E+05 -7.3853E+03 -6.4438E+04
0000529   6.4900E+05 -1.9750E+05 -4.0371E+05
0000530   3.2426E+05 -3.3894E+04 -3.8521E+03
0000531   4.0208E+05  1.0641E+05 -1.6293E+05
0000532   3.5530E+05 -9.0245E+04  1.3845E+05
0000533   5.1676E+05 -5.9536E+04  7.5187E+04
0000534   4.3734E+05  1.5091E+04  2.1181E+05
0000535   5.2177E+05 -1.4286E+05 -2.6155E+04
0000536   4.9334E+05 -1.8710E+05 -1.7966E+05
0000537   5.4391E+05 -4.6272E+05  1.1047E+05
0000538   4.8058E+05  9.6759E+04  2.9790E+04
0000539   1.5050E+05  4.6026E+04 -1.0479E+05
0000540   4.6319E+05  3.4554E+04  3.0843E+04
0000541   5.5285E+05 -1.0120E+05 -5.0105E+04
0000542   2.0876E+05  2.2003E+05  4.8129E+04
0000543   3.2157E+05 -1.1427E+05  9.2529E+04
0000544   2.1453E+05 -2.2957E+05  1.6574E+04
0000545   2.1598E+05 -7.4473E+04  3.9204E+04
0000546   3.9661E+05 -8.4207E+04 -1.0406E+05
0000547   1.9204E+05  2.1528E+05  2.9536E+05
0000548   3.5996E+05 -2.2708E+05  8.6476E+04
0000549   3.3050E+05  2.4744E+04 -7.5877E+04
0000550   3.3636E+05  7.2401E+04  2.3184E+05
0000551   3.4021E+05  1.9126E+05 -5.3154E+04
0000552   4.0442E+05  2.0757E+05  1.0578E+05
0000553   5.1788E+05  1.0181E+05 -2.1669E+05
0000554   5.3741E+05  3.9152E+04  5.5839E+04
0000555   6.7788E+05  4.5335E+03  2.2363E+05
0000556   3.8535E+05  1.6205E+05 -1.6212E+05
0000557   5.5006E+05  9.8672E+03 -8.7825E+04
0000558   2.7457E+05  1.7497E+05  3.9191E+04
0000559   5.1363E+05 -1.1943E+04  8.6337E+03
0000560   6.0680E+05 -2.3453E+04 -1.3522E+05
0000561   3.7783E+05  8.0927E+04 -1.6679E+05
0000562   6.2623E+05 -8.4602E+04 -1.3090E+05
0000563   3.3985E+05  7.3151E+04  1.8523E+04
0000564   5.3272E+05  4.7108E+03  4.2170E+04
0000565   4.3581E+05 -1.3365E+05 -1.0375E+05
0000566   2.6511E+05  4.9337E+04  1.9238E+05
0000567   4.2293E+05  8.6846E+04 -1.3132E+05
0000568   1.8632E+05  2.8360E+04 -1.8229E+05
0000569   2.6696E+05  1.9100E+05 -7.5579E+04
0000570   3.0909E+05 -5.7374E+04 -8.2599E+03
0000571   4.4573E+05 -8.7753E+04  2.0283E+05
0000572   5.4136E+05  1.5637E+05  7.1976E+04
0000573   2.4160E+05  1.6168E+04 -6.0222E+04
0000574   4.5482E+05  7.4439E+03 -2.6414E+05
0000575   3.3758E+05  1.2570E+04  2.3668E+05
0000576   5.6141E+05 -1.2621E+05  1.2115E+05
0000577   4.7880E+05  3.1806E+04 -1.8388E+05
0000578   3.8019E+05 -1.1033E+05  3.5342E+04
0000579   4.8632E+05  1.1485E+05 -9.7612E+04
0000580   3.3363E+05  1.6057E+05  1.0978E+05
0000581   4.1282E+05 -7.1107E+04  1.0280E+05
0000582   3.4105E+05 -5.8099E+04 -9.5223E+04
0000583   3.6879E+05  6.1098E+04  2.5343E+04
0000584   3.8306E+05 -1.2567E+04 -8.3739E+04
0000585   5.6247E+05 -2.7032E+05 -2.9321E+05
0000586   2.8737E+05  1.3167E+05  6.3331E+04
0000587   3.8484E+05  3.3646E+04 -9.8744E+03
0000588   4.0121E+05  1.1348E+04  5.2454E+04
0000589   4.4803E+05 -5.9535E+03  4.9548E+04
0000590   1.9304E+05 -2.6942E+05 -9.9332E+04
0000591   3.2183E+05  1.0471E+04  8.7161E+04
0000592   2.5546E+05  1.8112E+05  7.9038E+04
0000593   1.5729E+05  9.8712E+04 -1.3530E+04
0000594   4.7519E+05  9.5695E+04 -2.8483E+05
0000595   1.3328E+05 -1.0495E+05  1.0666E+05
0000596   1.9704E+05  6.2362E+03  4.1169E+04
0000597   4.2611E+05  8.6560E+04 -2.7940E+05
0000598   3.4117E+05 -2.6454E+04 -1.3825E+05
0000599   2.0843E+05  3.3772E+04 -2.1874E+04
0000600   5.1464E+05  1.3396E+05 -1.1965E+03
0000601   2.7255E+05 -1.0603E+05  9.8412E+04
0000602   3.7123E+05  1.1381E+05  6.3051E+04
0000603   2.8694E+05 -1.5103E+04 -8.9172E+04
0000604   6.3285E+05  3.8641E+05 -5.1118E+04
0000605   5.9830E+05 -8.6224E+04 -1.6887E+05
0000606   4.9087E+05  1.8568E+05 -3.7638E+03
0000607   1.3650E+05  3.3161E+04  3.2679E+04
0000608   4.2438E+05 -1.1643E+05 -9.8693E+04
0000609   4.1009E+05 -3.2732E+05  7.7816E+04
0000610   5.3012E+05 -1.5577E+04  4.1302E+04
0000611   3.3261E+05  1.3540E+04  1.8785E+05
0000612   4.6503E+05 -3.1557E+04  6.6431E+04
0000613   3.1246E+05  6.3910E+04  2.9412E+04
0000614   4.1327E+05 -1.9636E+05 -1.9487E+05
0000615   4.0622E+05 -1.5948E+05 -4.6818E+04
0000616   5.5328E+05 -1.8962E+05 -1.4431E+05
0000617   2.4871E+05 -1.5538E+05  1.1495E+05
0000618   4.3647E+05  3.1896E+05  1.7755E+05
0000619   3.7922E+05  1.5641E+05  4.3624E+04
0000620   5.1142E+05 -7.2505E+04 -1.8642E+05
0000621   3.8040E+05  2.8898E+05 -2.3253E+05
0000622   2.0376E+05 -1.9768E+04  1.0978E+04
0000623   4.2614E+05  2.8418E+05  5.2475E+04
0000624   3.7924E+05 -2.0716E+05  2.6412E+04
0000625   1.9038E+05 -5.6735E+04  1.6444E+05
0000626   2.0133E+05 -2.5179E+05 -3.1004E+05
0000627   4.6521E+05  2.2299E+05  2.1414E+05
0000628   5.1496E+05  5.4814E+04 -2.2625E+04
0000629   4.8052E+05 -1.5728E+04 -6.5589E+04
0000630   7.2107E+05 -7.8596E+04 -2.1120E+05
0000631   3.2611E+05 -8.9243E+04  8.7933E+04
0000632   3.9739E+05  6.0820E+04 -1.7851E+05
0000633   5.8446E+05  1.5843E+05 -1.0222E+05
0000634   6.3138E+05  2.9815E+05 -1.3915E+05
0000635   3.6428E+05 -7.0958E+04 -7.4235E+02
0000636   3.9116E+05 -1.7203E+05 -2.4593E+05
0000637   6.7509E+05 -8.5318E+04  4.2671E+04
0000638   1.9033E+05  7.0980E+04  4.9378E+04
0000639   2.1852E+05 -6.3582E+04 -2.3483E+04
0000640   2.4188E+05 -1.9815E+04  1.3554E+05
0000641   6.8016E+05  4.8287E+04  2.7219E+05
0000643   4.7409E+05 -1.6720E+05 -7.4256E+04
0000644   3.7274E+05 -2.3922E+04  6.1964E+04
0000645   4.2699E+05 -4.6817E+04  1.7750E+04
0000646   1.0816E+05  2.0862E+05 -2.2720E+05
0000647   6.1303E+05  3.2159E+04 -9.2013E+04
0000648   6.0636E+05  8.9993E+04 -1.9622E+04
0000649   2.3069E+05  2.6437E+05  8.3469E+03
0000650   7.0453E+05  7.8269E+04 -7.6024E+04
0000651   6.1589E+05 -1.7165E+05 -2.1936E+05
0000652   6.2472E+05 -1.2934E+05  7.8793E+04
0000653   2.7961E+05  1.4719E+05 -5.6602E+04
0000654   6.3032E+05  7.6332E+04  5.9183E+04
0000655   3.3309E+05  1.1665E+05 -5.6302E+04
0000656   1.1526E+05 -9.9131E+04 -1.5618E+05
0000657   2.9557E+05  3.6520E+04  1.8307E+05
0000658   3.8280E+05  1.7883E+05 -2.6510E+05
0000659   4.8564E+05  1.2403E+05  2.1050E+05
0000660   3.1618E+05 -1.7779E+05 -1.8808E+05
0000661   5.1990E+05 -3.7054E+05 -9.8162E+04
0000662   5.9625E+05 -7.2425E+04 -1.2593E+04
0000663   5.1240E+05  8.5477E+04 -8.8774E+04
0000664   4.6872E+05  1.3591E+04  4.5755E+04
0000665   5.1077E+05 -1.7194E+05  3.4202E+02
0000666   2.5889E+05 -1.4399E+05  4.9290E+04
0000667   4.6295E+05  1.5162E+05  7.2925E+04
0000668   7.0561E+05  3.5387E+04  2.8307E+05
0000669   3.4570E+05 -1.7237E+05  1.3883E+05
0000670   5.0430E+05 -6.5821E+04 -1.6126E+05
0000671   4.4388E+05  1.4483E+04 -2.0950E+05
0000672   4.0023E+05 -3.2554E+04 -9.6665E+04
0000673   2.7633E+05  1.9685E+05 -9.3467E+04
0000674   4.5606E+05  3.1620E+04  7.9539E+04
0000675   6.4980E+05  1.3413E+05 -1.7328E+05
0000676   5.6813E+05 -7.2275E+04  5.6717E+04
0000677   5.8509E+05 -9.8611E+04  1.2901E+05
0000678   1.7384E+05 -4.1266E+04  1.1788E+05
0000679   1.9540E+05 -1.1402E+05  2.7101E+05
0000680   4.7228E+05 -2.0498E+04 -4.8443E+03
0000681   2.9316E+05 -1.8477E+05  1.1186E+04
0000682   3.6320E+05 -1.6306E+04 -4.2671E+04
0000683   4.1035E+05  1.4277E+05 -2.8067E+05
0000684   5.8064E+05  9.3127E+04  1.3864E+05
0000685   3.7951E+05  1.5781E+05  1.0041E+04
0000686   6.9894E+05  2.0026E+05 -2.5994E+04
0000687   5.0077E+05  1.0600E+05 -4.3367E+04
0000688   1.9551E+05  1.2040E+05  2.1178E+05
0000689   1.0637E+05  5.7312E+04  2.7425E+04
0000690   6.3502E+05  9.1427E+04 -2.1482E+05
0000691   2.1146E+05  2.1416E+05  1.1978E+05
0000692   4.8591E+05 -1.2774E+05  1.2846E+05
0000693   3.8207E+05  2.0386E+05 -2.1736E+05
0000694   4.5132E+05  4.3262E+04 -8.7026E+04
0000695   3.5957E+05 -1.7596E+03 -1.7454E+05
0000696   1.4236E+05  2.5895E+04 -2.2452E+03
0000697   3.4445E+05  4.3070E+04  7.6490E+04
0000698   6.6218E+05 -8.4154E+04  9.4354E+03
0000699   4.3723E+05  1.3781E+05  7.8730E+03
0000700   2.7937E+05 -3.4043E+04 -3.5516E+04
0000701   3.4082E+05  6.7001E+04 -2.0339E+05
0000702   3.9158E+05  1.0583E+05 -8.9496E+04
0000703   4.4516E+05 -3.4327E+05 -9.8760E+04
0000704   9.9786E+04  4.8896E+04 -2.1127E+05
0000705   6.5065E+05  4.2167E+04 -1.9538E+05
0000706   5.1766E+05 -2.2182E+05 -1.9215E+05
0000707   2.2713E+05 -1.4988E+05 -1.0811E+05
0000708   3.7715E+05 -3.0720E+04 -2.0552E+05
0000709   2.6771E+05  1.7845E+05  8.7056E+04
0000710   1.8249E+05 -4.6575E+02 -7.9225E+03
0000711   8.0267E+05  3.6731E+04  4.6884E+04
0000712   3.0933E+05 -1.2041E+05 -7.0090E+04
0000713   1.3226E+05 -3.5772E+05  8.8972E+04
0000714   2.0897E+05  2.2998E+03 -1.5780E+05
0000715   1.5873E+05  1.9372E+05 -1.0059E+05
0000716   3.1983E+05 -2.0713E+05 -3.5846E+04
0000717   6.3218E+04  8.5793E+04 -4.7638E+04
0000718   2.2961E+05  3.8705E+04  1.2065E+04
0000719   4.0262E+05 -1.4274E+04  3.6057E+05
0000720   2.5061E+05  8.8038E+04  2.2611E+04
0000721   2.7551E+05  1.2977E+05 -5.9652E+04
0000722   7.0287E+05  1.6586E+05  2.2423E+05
0000723   5.8663E+05  3.0048E+05 -1.0844E+05
0000724   2.8388E+05  1.1911E+05 -1.1815E+04
0000725   6.6633E+05 -2.1782E+05  5.6121E+04
0000726   4.7190E+05 -3.4716E+04  2.5578E+05
0000727   4.8503E+05  1.3323E+05 -1.2532E+05
0000728   4.2454E+05  8.8318E+04 -9.6999E+04
0000729   6.6670E+05  7.3997E+04  5.7156E+04
0000730   3.6916E+05 -1.1043E+05 -1.2732E+05
0000731   4.7082E+05 -9.3904E+04  4.9899E+03
0000732   1.5718E+05 -8.8431E+03 -2.1641E+04
0000733   5.4360E+05  7.8086E+04  2.0750E+05
0000734   4.6037E+05  1.9014E+05  1.1494E+05
0000735   1.1140E+05  1.5261E+05 -1.1690E+05
0000736   4.4850E+05  2.0724E+05 -1.2257E+04
0000737   3.1178E+05  1.5608E+05  7.6610E+04
0000738   5.0625E+05 -1.6622E+05 -1.5349E+04
0000739   2.8068E+05 -2.4785E+05 -2.0950E+05
0000740   1.9642E+05 -4.3254E+04 -4.5078E+04
0000741   4.6904E+05 -1.4674E+05 -2.9661E+05
0000742   5.7501E+05 -1.7091E+05 -4.1220E+04
0000743   2.8141E+05 -9.4335E+04  2.3111E+05
0000744   6.4604E+05  1.8101E+05 -1.5144E+05
0000745   1.7795E+05 -2.1682E+05  7.3534E+04
0000746   8.0162E+05 -7.2439E+04  7.7956E+04
0000747   6.8081E+05  1.3486E+05  5.3504E+04
0000748   5.4841E+05  2.8517E+05  1.0256E+04
0000749   7.1884E+04  2.1498E+04  4.0037E+04
0000750   3.2475E+05  1.1024E+05 -1.3338E+05
0000751   6.5525E+05  2.2988E+05 -9.6877E+04
0000752   5.3976E+05  2.7459E+05  3.3290E+04
0000753   1.6084E+05  1.1491E+05 -5.7680E+04
0000754   3.5385E+05  4.7349E+04  4.7821E+03
0000755   1.6358E+05  1.4322E+05  2.1262E+05
0000756   1.3929E+05  1.1205E+05 -1.3156E+04
0000757   4.5148E+05 -1.0153E+05 -1.2410E+05
0000758   3.8352E+05  3.3395E+05 -2.4274E+05
0000759   2.5632E+05  1.5064E+05 -1.7880E+03
0000760   5.0519E+05  5.7192E+03  2.9386E+04
0000761   3.5464E+05  2.6486E+05 -1.2952E+05
0000762   1.1093E+05 -2.5077E+03 -9.6685E+03
0000763   3.6404E+05  1.3925E+05  3.7795E+04
0000764   4.3980E+05 -3.1443E+05  2.9243E+04
0000765   5.6492E+05  3.4327E+04 -1.6709E+03
0000766   4.0335E+05 -1.7737E+04 -1.9482E+05
0000767   3.2915E+05 -8.6213E+04  5.0890E+04
0000768   2.7112E+05 -1.0982E+05  3.6957E+05
0000769   5.0538E+05  3.0787E+05 -2.8717E+05
0000770   5.8322E+05  8.6434E+04 -9.0645E+04
0000771   4.8909E+05  1.1196E+05 -3.2362E+05
0000772   7.0486E+05  1.4866E+05 -6.9521E+04
0000773   4.4740E+05 -1.5856E+05  1.5195E+05
0000774   5.1623E+05 -1.6182E+05 -1.2897E+05
0000775   4.7795E+05 -1.8718E+05  1.7818E+05
0000776   2.8265E+05  2.0408E+04  8.5608E+03
0000777   4.1102E+05  1.5981E+05 -1.3328E+05
0000778   2.1975E+05  1.2460E+04  4.0120E+04
0000779   4.2631E+05 -5.1455E+04 -9.1680E+04
0000780   2.5079E+05  6.5232E+04 -4.1024E+04
0000781   2.9551E+05 -5.9033E+04  7.2816E+04
0000782   5.9075E+05  1.7363E+04 -1.3092E+05
0000783   4.2900E+04 -8.4230E+04  3.1540E+03
0000784   2.8580E+05 -1.0573E+05  6.4862E+04
0000785   3.0042E+05 -2.9940E+05 -2.9066E+04
0000786   3.9545E+05 -2.0545E+04 -3.2450E+04
0000787   4.5293E+05  3.5570E+05  1.3901E+05
0000788   1.5205E+05 -1.4187E+04 -1.1118E+05
0000789   5.5853E+05 -2.5598E+05 -4.8853E+04
0000790   3.1126E+05 -2.0776E+05 -8.0257E+04
0000791   1.0712E+05 -1.7932E+05  9.5016E+04
0000792   4.0121E+05  1.1849E+04 -5.4017E+04
0000793   2.3650E+05  1.4583E+05 -1.8168E+05
0000794   4.4585E+05  8.4700E+04 -1.7768E+05
0000795   2.6356E+05 -1.1403E+05  2.0527E+05
0000796   3.6855E+05 -3.2443E+03 -1.8618E+04
0000797   3.0679E+05  3.4982E+04  1.1677E+05
0000798   4.1461E+05 -1.4474E+05 -2.4699E+05
0000799   5.2455E+05 -3.4184E+04  3.2482E+04
0000800   6.2657E+05 -1.2862E+05 -2.8301E+04
0000801   4.1701E+05  2.2533E+04  1.5736E+05
0000802   1.2504E+05  1.0739E+05 -5.9833E+03
0000803   5.8929E+05  1.1306E+05 -1.1084E+05
0000804   3.8913E+05  3.3133E+05  1.7400E+05
0000805   2.8655E+05 -2.5899E+05  2.1574E+05
0000806   5.2185E+05  1.8384E+05  1.6810E+05
0000807   3.9697E+05 -4.8261E+03 -1.1631E+05
0000808   6.9070E+05  2.5234E+04 -1.7250E+05
0000809   5.1402E+05  3.2496E+05 -8.9221E+03
0000810   5.2712E+05 -1.2245E+05  2.4339E+05
0000811   3.7748E+05 -8.4631E+04  5.2100E+04
0000812   1.9274E+05 -1.3182E+05  3.8281E+04
0000813   5.1676E+05 -7.2123E+04  8.6703E+04
0000814   3.5620E+05  1.7790E+04 -1.8665E+05
0000815   2.9364E+05  1.2684E+05  1.7093E+05
0000816   2.4058E+05  1.8125E+05 -7.4705E+03
0000817   4.5332E+05 -1.3124E+05 -9.5291E+04
0000818   4.8302E+05  1.1650E+05 -4.3968E+05
0000819   1.0476E+05 -2.1069E+04  4.7678E+04
0000820   4.7235E+05 -1.5940E+05  1.0274E+05
0000821   4.7542E+05  2.2971E+05  9.7475E+03
0000822   4.6211E+05 -2.6321E+05 -1.8867E+04
0000823   1.9380E+05 -6.3398E+04  1.8435E+05
0000824   1.8373E+05  9.2219E+04 -2.8333E+05
0000825   4.0018E+05  4.5953E+04 -1.1144E+05
0000826   4.0819E+05 -3.6784E+04 -1.3379E+05
0000827   3.2663E+05 -8.8338E+04 -1.0626E+05
0000828   5.2202E+05 -1.4557E+04 -2.4227E+04
0000829   4.2156E+05 -4.4249E+04  2.2723E+05
0000830   5.7596E+05 -2.8170E+05  3.8415E+03
0000831   5.1350E+05 -5.3835E+04 -3.7462E+05
0000832   2.9521E+05 -1.6201E+05  8.7873E+04
0000833   4.6765E+05 -2.0245E+05 -1.9398E+05
0000834   3.3343E+05 -5.9892E+04  5.5550E+03
0000835   4.8508E+05 -3.3704E+05  2.9044E+04
0000836   3.1881E+05 -1.7099E+05 -4.6380E+04
0000837   5.6111E+05 -1.3178E+05  2.6315E+05
0000838   1.4056E+05  2.3842E+04 -2.4703E+04
0000839   1.9071E+05 -8.7581E+04  2.5389E+05
0000840   3.8085E+05 -1.3199E+05  3.5487E+04
0000841   2.0641E+05  5.2017E+04  5.0754E+04
0000842   2.2948E+05  2.0946E+05 -3.1289E+04
0000843   3.2647E+05 -6.3575E+04  4.8355E+04
0000844   2.8040E+05 -2.2324E+05  1.4745E+03
0000845   6.7621E+05  8.3147E+03  1.2318E+05
0000846   7.4126E+04 -6.6446E+04  1.4665E+05
0000847   5.0519E+05  3.2221E+03  1.1988E+05
0000848   2.8169E+05  1.2550E+05  2.3741E+04
0000849   3.8352E+05  6.3480E+04 -3.7988E+04
0000850   3.5480E+05  1.2375E+05 -3.4398E+05
0000851   5.3172E+05 -2.1211E+05  2.9778E+04
0000852   3.2745E+05  1.8198E+05 -1.0474E+05
0000853   2.6634E+05  1.6061E+05 -3.3504E+04
0000854   2.5660E+05 -4.5797E+04  8.0018E+04
0000855   2.0551E+05  8.0211E+04  2.7902E+05
0000856   4.6779E+05  1.8289E+04 -2.1054E+05
0000857   4.8256E+05  6.5941E+04  2.8733E+05
0000858   5.2220E+05  3.5987E+03 -1.4828E+05
0000859   9.8000E+04 -1.5084E+04 -4.7404E+04
0000860   4.3742E+05 -1.2031E+05 -3.4751E+04
0000861   2.8072E+05 -1.2894E+05 -6.1891E+04
0000862   4.7805E+05 -1.5702E+05 -1.7645E+05
0000863   1.6237E+05 -5.7466E+04 -1.6840E+04
0000864   4.7056E+05  2.4041E+04 -3.4406E+04
0000865   2.1402E+05 -1.8152E+05  5.1773E+04
0000866   3.1928E+05  2.2445E+05 -1.5545E+05
0000867   1.4010E+05  5.2500E+04 -1.5140E+05
0000868   4.1956E+05 -1.1608E+05  2.9105E+05
0000869   3.6874E+05 -2.0904E+05  1.1892E+05
0000870   4.3170E+05  9.1092E+04  3.1736E+04
0000871   5.6575E+05 -5.2482E+04  8.7317E+04
0000872   4.6502E+05 -1.0773E+05  1.2604E+05
0000873   4.1281E+05 -1.4432E+05  8.8692E+04
0000874   5.2568E+05  1.3830E+05  1.2114E+05
0000875   4.4414E+05  2.3642E+05  1.8669E+05
0000876   5.4086E+05  8.7437E+04 -6.5921E+04
0000877   4.8034E+05  2.1007E+05 -1.0557E+04
0000878   3.0233E+05 -9.1488E+03 -3.7622E+05
0000879   2.0644E+05  1.7610E+04 -7.6535E+04
0000880   2.2613E+05 -1.4420E+05  7.4634E+04
0000881   3.4274E+05 -8.1866E+04  7.1867E+04
0000882   3.5795E+05 -1.8963E+05 -2.0296E+05
0000883   3.8161E+05 -9.0358E+04 -4.7818E+04
0000884   5.1313E+05 -3.8228E+04 -1.0715E+05
0000885   4.9213E+05  1.7349E+04  1.3740E+05
0000886   9.6400E+04  1.5058E+05  6.4177E+04
0000887   3.8852E+05 -9.2278E+04 -2.6822E+04
0000888   3.5947E+05  8.1783E+04  4.6457E+04
0000889   3.0498E+05  9.5521E+04 -7.0396E+04
0000890   2.9175E+05 -7.9589E+04 -2.0332E+04
0000891   5.3299E+05  6.6680E+04  5.0484E+04
0000892   2.2812E+05 -1.0047E+05 -2.3796E+05
0000893   2.9698E+05  8.2666E+04 -1.2745E+05
0000894   5.8858E+05 -3.5785E+04 -8.3306E+04
0000895   6.0966E+05 -7.3963E+04  1.5018E+05
0000896   4.7889E+05 -1.8932E+04  1.5383E+05
0000897   5.3778E+05 -2.2254E+03 -8.0667E+04
0000898   3.2651E+05  3.0867E+05  3.7293E+04
0000899   6.5452E+05  3.1168E+02  1.7483E+05
0000900   4.5409E+05 -3.9816E+04 -5.1541E+04
0000901   4.7741E+05  1.6770E+05 -3.7647E+04
0000902   2.8987E+05  2.1995E+04  1.2244E+05
0000903   1.6614E+05  2.4768E+04  6.8200E+04
0000904   4.6622E+05  1.4163E+05 -9.8492E+04
0000905   3.6620E+05 -4.8441E+04  7.4421E+04
0000906   7.9378E+05 -1.7405E+05  9.0310E+04
0000907   2.0686E+05 -1.2621E+05 -9.5731E+04
0000908   5.2496E+05  5.2335E+04 -4.0958E+04
0000909   3.1900E+05 -7.3117E+04 -1.3570E+05
0000910   4.9118E+05 -7.4285E+04 -1.4230E+05
0000911   2.5005E+05  4.4360E+03  4.8708E+03
0000912   5.3466E+05  1.2605E+05 -4.0722E+04
0000913   3.7308E+05 -2.7116E+04  8.0361E+04
0000914   3.6650E+05 -1.2970E+04  1.2501E+04
0000915   6.2970E+05 -7.1012E+04  2.6661E+05
0000916   5.8238E+05 -3.8382E+05  2.0528E+05
0000917   4.7752E+05 -1.4239E+05 -6.5251E+04
0000918   4.7881E+05 -5.2242E+04 -1.5185E+05
0000919   3.3111E+05 -1.1537E+05 -1.6555E+05
0000920   5.5949E+05  1.2479E+05  5.9290E+04
0000921   3.4984E+05 -6.7935E+04  3.1527E+05
0000922   3.1043E+05  9.5275E+04  1.1820E+04
0000923   4.2382E+05 -8.2933E+04  3.1237E+05
0000924   1.8714E+05  5.0031E+04 -8.8394E+04
0000925   6.8300E+05  2.0119E+05 -1.7660E+05
0000926   3.6534E+05  1.8534E+04  5.6225E+04
0000927   3.0078E+05 -5.5492E+04  1.5177E+05
0000928   1.4168E+05 -1.2752E+05  1.6387E+04
0000929   2.1873E+05  1.1664E+04 -2.3826E+04
0000930   4.5454E+05  2.9605E+05  2.5565E+05
0000931   3.3805E+05 -9.8585E+04  4.0204E+05
0000932   5.9710E+05  2.8138E+04 -1.5074E+05
0000933   2.1616E+05 -1.0440E+05  1.4367E+05
0000934   3.2945E+05 -1.8423E+03  3.8060E+04
0000935   1.4847E+05 -3.9563E+04  3.9407E+04
0000936   1.0445E+05 -2.6341E+04 -6.0848E+04
0000937   2.5711E+05  2.3161E+04  1.6282E+05
0000938   6.1197E+05  6.4120E+04  2.7556E+05
0000939   4.4394E+05  4.6974E+05  1.9001E+04
0000940   7.6978E+05 -1.1326E+05  3.9239E+03
0000941   3.6901E+05  1.5394E+05  8.7152E+04
0000942   2.1068E+05  9.0474E+04 -1.4202E+05
0000943   3.4085E+05  1.6130E+04  1.5984E+05
0000944   3.7915E+05 -9.0974E+04 -1.3503E+05
0000945   3.4860E+05 -1.7746E+05  1.1400E+05
0000946   1.5962E+05  1.1441E+05 -2.1374E+05
0000947   3.2253E+05 -7.5085E+04  2.7992E+04
0000948   7.5070E+04  6.2670E+04  2.6173E+04
0000949   3.2241E+05  1.0820E+05 -3.2215E+05
0000950   2.5517E+05 -1.2721E+04 -8.6255E+03
0000951   3.7173E+05  1.7829E+04 -8.1933E+04
0000952   4.8674E+05  5.3708E+04  1.7765E+05
0000953   5.0557E+05 -4.1413E+04  8.1346E+04
0000954   2.3540E+05 -2.8618E+04  1.1201E+05
0000955   3.3268E+05 -3.1001E+04  2.5111E+05
0000956   2.2201E+05 -7.2932E+04  1.8622E+05
0000957   4.6358E+05 -4.1324E+04 -4.7404E+04
0000958   2.0068E+05 -1.1016E+05  1.4113E+05
0000959   1.7717E+05 -2.0806E+04  1.4978E+05
0000960   3.7136E+05 -1.8895E+05  2.9086E+03
0000961   2.9400E+05  8.5336E+04  2.3643E+05
0000962   4.9912E+05 -1.0519E+05 -1.4082E+04
0000963   4.2030E+05  2.5742E+04  1.9434E+05
0000964   3.4420E+05  1.5536E+05  2.2631E+03
0000965   5.3806E+05 -1.9365E+05  1.6628E+05
0000966   5.3785E+05  1.3901E+03  8.9965E+04
0000967   4.5351E+05 -1.4679E+05 -7.2924E+04
0000968   3.9089E+05  6.1060E+03 -4.8254E+04
0000969   5.5748E+05 -2.1722E+05  5.2620E+04
0000970   2.7312E+05  1.1438E+05  1.7414E+04
0000971   4.8358E+05  2.7386E+04  2.0532E+04
0000972   4.9154E+05  7.4281E+04 -1.6575E+05
0000973   3.9586E+05  2.0600E+05  4.7688E+04
0000974   2.4452E+05 -1.0395E+04  1.9150E+04
0000975   1.5376E+05 -4.1617E+04  1.6087E+05
0000976   1.2493E+05 -2.5412E+04  1.1756E+05
0000977   1.8841E+05 -1.6871E+05 -3.6065E+04
0000978   2.3140E+05  1.3481E+05 -6.5275E+04
0000979   3.2669E+05  6.8188E+04 -1.8330E+05
0000980   4.8544E+05 -2.2567E+04 -5.7266E+04
0000981   4.7969E+05 -5.1346E+04 -5.3568E+04
0000982   4.8958E+05 -1.6844E+04 -9.5955E+04
0000983   3.5020E+05  2.6086E+04  8.0775E+04
0000984   9.6691E+04  1.6416E+05 -9.5558E+04
0000985   2.1341E+05 -2.0227E+04 -7.7103E+04
0000986   5.2445E+05  3.3989E+05 -7.5590E+04
0000987   1.6702E+05 -2.0899E+05 -7.5589E+04
0000988   4.0274E+05  1.8814E+04 -1.5116E+05
0000989   3.6839E+05  3.5309E+05  1.8165E+03
0000990   2.4431E+05  1.6099E+05  1.9023E+05
0000991   3.5166E+05 -1.1666E+05  1.4980E+05
0000992   3.9099E+05  3.1691E+04 -8.2444E+04
0000993   5.5342E+05  3.0428E+05  5.3357E+04
0000994   3.7260E+05  5.0027E+04  2.7517E+05
0000995   1.0659E+05 -3.6295E+04 -4.0802E+03
0000996   3.1298E+05 -2.8490E+04  1.3062E+05
0000997   3.8162E+05  1.5140E+04  3.4716E+05
0000998   4.2774E+05  1.3514E+05  1.2247E+05
0000999   5.8562E+05  3.4739E+03 -1.9211E+05
0001000   3.4814E+05  1.2742E+05 -1.2790E+05
