============================== SRIM-2013.00 ==============================
==============================================================================
====== SRIM Outputs\RANGE_3D.txt : File of Final Ion Positions =====

Ion = Ar (18)   Ion Mass= 039.9620
Energy  = 2222996.E-04 keV
Ion Angle to Surface = 00.0 degrees
==================== TARGET =======================
  Layer # 1 - Layer 1
  Layer # 1 - Bottom Depth=500000.E+02 A
  Layer # 1 - Density =0000.0125 g/cm3
  Layer # 1 -  100 % of Ar
様様様様様様様様様様様様様様様様様様様様様様様様様様
                                            
Ion       Depth  X   Lateral Y   Lateral Z  
Number    (Angstrom) (Angstrom)  (Angstrom) 
-------  ----------- ----------- -----------
0000001   4.6713E+05  4.5725E+05  3.8501E+05
0000002   7.9524E+05  2.7588E+05  5.6778E+04
0000003   1.0171E+06 -3.5991E+05 -2.6539E+05
0000004   8.7929E+05 -3.5938E+05  1.2619E+05
0000005   2.6722E+05  6.8056E+04  3.0165E+05
0000006   7.0048E+05  1.4789E+05 -2.1842E+05
0000007   1.0377E+06  1.9326E+05 -1.1732E+05
0000008   1.0016E+06  3.1156E+04  1.1049E+05
0000009   8.5517E+05  6.7132E+04  6.0081E+04
0000010   7.9330E+05  9.2820E+04 -1.2379E+05
0000011   3.9910E+05 -1.9579E+04  3.8724E+04
0000012   5.4639E+05  4.6290E+04 -2.0836E+04
0000013   7.7881E+05 -1.8420E+05 -4.0155E+04
0000014   5.4040E+05  2.0034E+05  2.7756E+05
0000015   6.4430E+05 -2.1685E+05 -3.5512E+05
0000016   5.2611E+05 -3.4594E+05  4.5813E+05
0000017   4.0511E+05 -2.2644E+05 -1.3399E+04
0000018   7.0448E+05  1.7146E+05 -2.5051E+05
0000019   6.6047E+05 -7.4075E+04 -7.6255E+04
0000020   5.9342E+05  6.2237E+04 -2.6358E+05
0000021   5.4145E+05 -1.4300E+05 -1.1306E+05
0000022   8.1906E+05 -2.2275E+05 -3.6741E+04
0000023   4.5771E+05  7.9711E+04  4.6722E+05
0000024   6.3780E+05  2.7675E+04 -1.4411E+04
0000025   7.2801E+05 -3.9393E+05  1.3070E+05
0000027   2.1496E+05  1.8450E+05 -2.3803E+05
0000028   6.6043E+05  3.7759E+05  5.0358E+04
0000029   7.0625E+05  2.1012E+05 -7.2009E+04
0000030   5.4067E+05 -1.5120E+05 -1.1852E+05
0000031   7.0509E+05  9.2381E+04 -1.2340E+05
0000032   4.1640E+05 -2.3443E+05  3.3841E+04
0000033   6.8980E+05 -2.5889E+05  2.1801E+04
0000034   2.0477E+05  2.9538E+05 -1.7676E+04
0000035   1.0149E+06  9.3648E+03 -1.2802E+05
0000036   6.1429E+05 -3.8713E+04  1.2404E+05
0000037   9.1737E+05  8.0281E+04 -5.2677E+04
0000038   5.3698E+05  3.8303E+04  4.3343E+04
0000039   5.8211E+05 -1.9151E+05  2.5252E+05
0000040   9.3164E+05  3.4173E+05  2.5962E+05
0000041   3.0474E+05 -1.2667E+05 -3.3343E+04
0000042   4.3287E+05 -5.8229E+04  1.0973E+05
0000043   4.3462E+05  1.0716E+05  2.2385E+05
0000044   4.3698E+05  1.0463E+05 -1.3501E+05
0000045   6.3966E+05 -2.3511E+05  3.7999E+04
0000046   8.7126E+05  8.1617E+04  2.4885E+05
0000047   5.0406E+05  8.5752E+04 -1.9265E+05
0000048   7.1010E+05  2.2571E+05 -3.8323E+04
0000049   5.7522E+05 -3.3159E+04 -2.0626E+05
0000050   3.8640E+05  4.0254E+03  7.0712E+04
0000051   7.0258E+05 -1.5024E+05  2.2755E+05
0000052   4.7520E+05 -3.1178E+05  1.2184E+05
0000053   8.1401E+05 -2.7634E+03 -2.3371E+05
0000054   8.2823E+05  3.9514E+05  2.6600E+05
0000055   4.0384E+05  9.9524E+04  5.1126E+05
0000056   9.6936E+05 -1.4927E+05  3.3823E+05
0000057   5.2814E+05 -1.4238E+05  2.0608E+04
0000058   6.8090E+05  1.7930E+05  1.5711E+05
0000059   9.9331E+05 -2.9009E+05  3.1592E+05
0000060   1.0370E+06  1.2377E+05  3.2023E+05
0000061   8.8949E+05 -1.6466E+05  2.8850E+05
0000062   6.3061E+05 -8.5181E+04  3.9986E+05
0000063   6.1029E+05  2.4078E+05 -4.1004E+05
0000064   5.0847E+05 -8.7526E+04 -9.0777E+04
0000065   6.4535E+05  8.3043E+04  2.4313E+05
0000066   4.6149E+05 -1.2604E+05  1.9921E+05
0000067   5.7393E+05 -8.0360E+02 -1.8202E+05
0000068   6.8671E+05 -1.2362E+05  1.6247E+05
0000069   2.1006E+05  8.9353E+04 -1.2140E+05
0000070   7.7419E+05 -5.0973E+04 -7.3254E+04
0000071   5.9001E+05 -1.3829E+05  1.1642E+05
0000072   8.0412E+05  2.2146E+05  1.1730E+05
0000073   4.3134E+05  2.8589E+05  3.9432E+04
0000074   5.9088E+05  1.2527E+05 -2.5790E+05
0000075   9.2769E+05 -5.9113E+04  3.9188E+04
0000076   5.6648E+05  5.9409E+04 -1.3923E+05
0000077   5.2608E+05  2.8213E+05 -2.3528E+05
0000078   9.0899E+05 -5.0016E+05  1.1434E+05
0000079   3.4127E+05  5.9853E+04 -1.1283E+05
0000080   6.0952E+05  1.6051E+05  6.9395E+04
0000081   5.0956E+05 -4.5839E+04 -6.6932E+04
0000082   5.5434E+05 -3.6774E+05  2.3236E+05
0000083   5.5178E+05 -1.9774E+05  1.3864E+05
0000084   7.5063E+05 -1.4255E+04  3.1219E+05
0000085   2.0911E+05  3.7112E+04 -1.3985E+05
0000086   2.8898E+05 -3.4750E+04  1.8888E+05
0000087   5.1315E+05 -2.0702E+05  1.2460E+05
0000088   4.3497E+05  5.1468E+04  7.3122E+04
0000089   6.6087E+05  1.1722E+05  8.2853E+04
0000090   4.2030E+05 -2.6546E+04  4.7821E+04
0000091   2.9882E+05 -1.9648E+05 -1.0547E+05
0000092   6.3941E+05 -4.8642E+03 -1.0005E+05
0000093   8.6574E+05  3.8861E+04  3.2861E+04
0000094   5.6805E+05 -4.9570E+04  8.4230E+04
0000095   5.0456E+05 -1.4922E+05  9.5538E+03
0000096   9.2947E+05  1.7159E+05  1.2410E+05
0000097   7.2362E+05  2.0243E+05 -6.7516E+04
0000098   7.8816E+05 -7.3966E+04  1.6586E+04
0000099   5.9704E+05 -2.2407E+05  2.7065E+04
0000100   5.2110E+05  1.3702E+05  3.8022E+05
0000101   3.7970E+05  3.4458E+05 -9.4424E+04
0000102   8.2309E+05 -5.5312E+04  1.8407E+05
0000103   4.1628E+05 -2.7309E+05 -3.6995E+05
0000104   2.7804E+05  1.9056E+05  8.7625E+04
0000105   6.5572E+05  6.8650E+04 -2.1309E+05
0000106   4.1270E+05  8.5972E+04 -2.5362E+05
0000107   7.7556E+05  1.9278E+05 -1.9997E+05
0000108   9.7875E+05  7.9639E+04  1.7261E+05
0000109   6.2501E+05  3.7893E+04  1.7563E+05
0000110   1.9076E+05 -1.0391E+05 -2.0142E+05
0000111   8.0553E+05  2.0896E+05  2.9290E+05
0000112   6.2577E+05  1.9091E+05  3.0105E+05
0000113   7.6439E+05  3.5829E+05  1.4811E+05
0000114   7.5692E+05 -1.1905E+05  2.5683E+05
0000115   3.3220E+05  8.4436E+04  3.0327E+05
0000116   5.1926E+05  2.2323E+05  1.2460E+05
0000117   2.6314E+05 -1.2425E+05  2.3798E+04
0000118   2.0453E+05 -8.6051E+04  1.0731E+05
0000119   5.2962E+05  1.6622E+05 -1.2444E+05
0000120   4.4665E+05  5.9732E+05 -2.6594E+05
0000121   5.7921E+05 -1.1773E+05  3.9804E+04
0000122   7.8291E+05 -5.3270E+04  9.7310E+04
0000123   5.9137E+05  2.2317E+05 -5.1440E+05
0000124   1.7784E+05 -2.5246E+04 -2.8428E+04
0000125   3.8065E+05  2.1259E+05 -3.5582E+04
0000126   4.3545E+05 -3.2017E+04 -1.7977E+05
0000127   6.5321E+05  2.1822E+04 -2.0143E+05
0000128   6.2819E+05  3.4774E+05 -3.3428E+04
0000129   4.9051E+05  1.9596E+05  2.0217E+05
0000130   4.7746E+05  1.0360E+05 -2.0524E+05
0000131   5.9901E+05 -4.9792E+04 -2.6028E+05
0000132   4.3807E+05 -1.9934E+05  3.3773E+04
0000133   4.8562E+05 -8.6179E+04 -1.1233E+05
0000134   7.3970E+05 -1.3619E+04 -1.1100E+05
0000135   6.0110E+05 -2.8191E+04 -3.5156E+05
0000136   4.7614E+05  1.2108E+05 -4.1446E+04
0000137   7.3065E+05 -1.1806E+05 -1.0791E+05
0000138   9.4115E+05  1.6225E+05 -8.2415E+04
0000139   9.5653E+05  1.6389E+05 -1.1840E+05
0000140   1.6155E+05  1.4661E+05  1.2654E+05
0000141   5.0960E+05  3.9768E+05  1.4391E+05
0000142   6.4390E+05  1.1980E+05 -1.4408E+05
0000143   7.6889E+05 -9.7733E+04 -1.4189E+04
0000144   1.1731E+06 -3.8479E+05 -2.1853E+04
0000145   2.8985E+05  1.7433E+05 -6.2887E+03
0000146   3.5087E+05  1.7721E+05 -1.1041E+05
0000147   6.0217E+05  4.1608E+05 -1.1516E+05
0000148   7.6912E+05 -2.3870E+04  2.0823E+05
0000149   2.8887E+05  2.1106E+04  3.9118E+05
0000150   8.9537E+05 -4.0457E+05  1.6152E+04
0000151   2.8768E+05 -1.7304E+05  1.9037E+05
0000152   7.6232E+05  1.3159E+05 -2.3483E+05
0000153   1.0354E+06  9.2233E+04 -9.0471E+04
0000154   3.4305E+05 -8.9707E+04 -3.2598E+05
0000155   5.7334E+05 -7.4016E+04 -3.1454E+04
0000156   7.9002E+05 -3.8700E+04  3.0390E+05
0000157   6.0164E+05  3.7416E+05  4.2130E+05
0000158   1.0242E+06 -7.4772E+02  3.3552E+04
0000159   6.1178E+05 -2.1385E+05 -3.6357E+05
0000160   6.6922E+05  2.9439E+04  3.8045E+05
0000161   6.7933E+05  1.6911E+05  1.0630E+05
0000162   8.6209E+05 -2.7543E+04  9.7445E+03
0000163   8.4459E+05  7.6751E+04  1.7478E+05
0000164   7.9853E+05  2.0385E+05  2.6989E+05
0000165   5.5883E+05  3.0036E+05  4.3049E+05
0000166   1.0847E+06 -1.5305E+05 -8.0267E+04
0000167   6.7824E+05  2.2765E+05 -1.1747E+05
0000168   6.4617E+05  1.4669E+03  4.0530E+04
0000169   2.3546E+05  1.8987E+04  1.2607E+05
0000170   6.0172E+05  5.0766E+05  7.5165E+04
0000171   8.0702E+05  2.9820E+04  8.8980E+04
0000172   5.5460E+05  7.4172E+04 -3.3843E+05
0000173   5.1510E+05  3.3155E+05 -1.2462E+05
0000174   9.8363E+05 -3.3954E+05 -8.9860E+04
0000175   3.8638E+05 -1.1249E+05  2.8485E+05
0000176   5.3845E+05 -2.3217E+05  2.2427E+05
0000177   7.4430E+05 -4.1727E+04 -2.9940E+05
0000178   7.5545E+05 -2.3752E+05  2.1464E+05
0000179   5.7631E+05 -1.3966E+05 -9.4795E+04
0000180   1.4249E+05  9.4410E+04  3.7773E+05
0000181   1.0003E+06 -1.6342E+04 -3.6127E+05
0000182   7.2418E+05  3.1152E+05 -1.5111E+05
0000183   5.5949E+05  2.9839E+04  3.0351E+05
0000184   7.1513E+05  2.3985E+05  2.1700E+05
0000185   5.9027E+05 -8.7180E+04  3.7635E+05
0000186   8.5826E+05  1.8329E+05  1.0207E+04
0000187   9.8579E+05  1.0646E+05 -1.8022E+05
0000188   1.0386E+06  1.8306E+04  3.6381E+04
0000189   4.2333E+05 -1.0088E+05 -1.3438E+05
0000190   8.5224E+05 -2.3900E+05 -1.3186E+05
0000191   7.3747E+05  7.0344E+04  5.1676E+05
0000192   3.8368E+05  1.1651E+04  5.9321E+04
0000193   1.7535E+05  8.3546E+04 -6.8650E+04
0000194   4.8436E+05  2.7852E+05 -8.1880E+04
0000195   7.4115E+05 -1.0322E+05  1.1117E+05
0000196   7.8466E+05  2.7247E+05 -1.9593E+05
0000197   7.4695E+05 -1.3891E+05 -2.0316E+05
0000198   6.0171E+05 -3.6255E+05  1.4910E+05
0000199   2.1818E+05  6.0995E+05  3.0043E+05
0000200   5.2603E+05 -1.1609E+05 -3.0460E+05
0000201   9.2518E+05 -1.6180E+05  7.7329E+04
0000202   8.2870E+05 -1.9282E+04  2.5141E+05
0000203   3.8291E+05  3.1225E+05  1.2853E+05
0000204   6.2994E+05 -8.2689E+04 -4.0009E+04
0000205   5.7200E+05  2.0123E+05  1.1990E+05
0000206   6.3686E+05  1.7454E+04  3.8004E+05
0000207   6.8639E+05 -1.6518E+05 -4.8027E+05
0000208   1.0493E+06  4.8423E+03  2.2175E+04
0000209   8.3958E+05  1.9257E+04  1.5642E+05
0000210   4.7172E+05 -3.6125E+04 -1.4955E+05
0000211   4.7983E+05 -1.7086E+05  2.2613E+05
0000212   3.5045E+05  1.0326E+05 -1.3079E+05
0000213   5.1477E+05  1.1389E+05 -1.3603E+04
0000214   7.6728E+05 -3.6411E+05  4.6024E+04
0000215   4.5375E+05  3.6769E+04  2.7799E+05
0000216   6.4627E+05  8.1868E+04  3.7340E+05
0000217   2.7939E+05 -4.0255E+04  1.3644E+05
0000218   5.9394E+05 -7.8671E+04 -2.5217E+05
0000219   3.1093E+05 -1.4751E+05 -1.1342E+05
0000220   7.6769E+05 -2.5712E+03 -5.3819E+04
0000221   1.8169E+05 -4.4421E+04 -3.1902E+04
0000222   8.4377E+05 -3.1426E+04 -5.6855E+05
0000223   6.4436E+05  2.5424E+04  1.8364E+05
0000224   7.8662E+05 -3.8155E+05  6.5625E+04
0000225   5.6862E+05  8.2915E+04 -2.4847E+05
0000226   2.8663E+05  3.0948E+04  1.8726E+05
0000227   8.0746E+05 -1.2071E+05  5.2751E+04
0000228   1.4710E+05 -9.2897E+04 -8.5609E+04
0000229   7.9131E+05  1.2977E+05 -3.5349E+05
0000230   7.3944E+05  1.7450E+05 -1.7238E+05
0000231   1.0525E+06 -9.9632E+04  4.0830E+05
0000232   4.4254E+05 -3.9282E+05  2.4049E+05
0000233   8.1288E+05  5.8387E+04 -3.6928E+04
0000234   6.4134E+05  1.7185E+05 -3.9032E+05
0000235   7.3790E+05 -7.4270E+05 -6.5924E+04
0000236   4.6066E+05  2.5215E+05 -2.4809E+05
0000237   4.6029E+05  3.4265E+04  3.6775E+04
0000238   4.0129E+05 -4.7428E+05  6.2343E+05
0000239   8.0147E+05  3.0141E+05 -1.6524E+05
0000240   4.6164E+05  7.6013E+04 -3.4559E+05
0000241   5.6940E+05 -8.3876E+04 -2.0236E+05
0000242   6.4191E+05  1.5944E+05  8.1001E+04
0000243   2.7231E+05  1.3620E+04 -8.5843E+03
0000244   8.8457E+05  9.5357E+04 -1.8485E+05
0000245   7.4113E+05 -1.1123E+05  5.0128E+05
0000246   7.9543E+05 -1.8953E+05 -1.4413E+03
0000247   8.1881E+05  2.4638E+04  1.0889E+05
0000248   4.1560E+05  1.2544E+04 -1.2065E+05
0000249   8.6796E+05 -2.6058E+05 -5.0221E+05
0000250   7.2009E+05  2.7891E+05  2.4073E+05
0000251   7.0060E+05  1.6129E+05  8.5776E+04
0000252   7.2407E+05  3.9767E+05 -4.9021E+05
0000253   5.2211E+05 -8.2114E+04  2.3600E+05
0000254   8.0763E+05  3.0224E+05  2.3293E+05
0000255   6.6056E+05  2.5829E+04  3.7321E+05
0000256   4.6128E+05  6.0615E+05 -1.8616E+05
0000257   7.4068E+05 -1.0563E+05  1.6428E+05
0000258   5.0558E+05 -4.4647E+05  3.8860E+05
0000259   5.9229E+05  1.4852E+05 -6.6946E+05
0000260   1.0904E+06 -1.3242E+05 -5.0209E+05
0000261   2.3778E+05  1.8878E+05  2.1440E+05
0000262   6.9409E+05 -1.7532E+04  1.0029E+05
0000263   4.0184E+05 -2.4192E+02 -1.6333E+05
0000264   8.5213E+05 -4.6191E+05 -1.6979E+05
0000265   7.0025E+05 -1.8418E+05  2.0608E+05
0000266   6.9145E+05  3.0858E+05 -1.7842E+05
0000267   6.8170E+05 -4.7365E+04 -1.2185E+04
0000268   4.2924E+05 -4.1754E+05  1.5471E+05
0000269   4.6537E+05  4.3584E+04 -2.7349E+05
0000270   6.2406E+05  1.6553E+05 -9.9547E+03
0000271   4.5623E+05  5.1352E+04 -4.5415E+05
0000272   5.5988E+05 -1.2451E+05  6.2913E+05
0000273   3.8175E+05  5.2741E+04  1.4796E+05
0000274   4.0990E+05  1.1912E+05  2.4441E+05
0000275   9.3354E+05  8.3604E+04  4.3470E+04
0000276   6.2249E+05  8.0476E+04 -8.5977E+04
0000277   4.8435E+05  1.4784E+05  3.3860E+05
0000278   7.4056E+05  2.3226E+05 -2.2154E+05
0000279   4.9362E+05 -2.5034E+05 -8.0007E+04
0000280   7.2874E+05 -1.0139E+05 -6.0062E+04
0000281   8.1827E+05 -4.7122E+04 -3.3442E+05
0000282   5.5389E+05  3.0861E+04  3.2194E+05
0000283   5.1289E+05 -5.1725E+04  1.2432E+05
0000284   8.6536E+05 -1.9033E+05 -2.0359E+05
0000285   9.7969E+05 -1.1188E+04 -2.4519E+05
0000286   5.8546E+05  3.7607E+05  8.3384E+04
0000287   5.3335E+05 -1.6864E+05  6.1095E+04
0000288   9.6135E+05 -6.2732E+04 -3.4300E+05
0000289   3.8159E+05 -1.3852E+05 -8.8464E+04
0000290   4.9862E+05 -1.6781E+04 -1.7001E+05
0000291   9.6616E+05  1.4296E+05  2.2854E+04
0000292   6.0930E+05  2.7695E+05  8.3667E+04
0000293   5.4802E+05  1.3808E+05  3.2476E+04
0000294   5.1482E+05  2.7883E+04 -1.1551E+05
0000295   3.0489E+05  2.7934E+05 -1.4641E+04
0000296   1.0162E+06 -1.5840E+05 -1.3582E+05
0000297   6.9415E+05 -1.0241E+05 -2.0126E+05
0000298   1.5080E+04 -2.5104E+04 -4.1466E+03
0000299   2.3104E+05  5.7495E+04  2.0299E+05
0000300   5.2080E+05  1.5511E+05  2.7122E+05
0000301   5.6475E+05 -1.9819E+05 -5.3528E+04
0000302   3.7339E+05  5.5662E+04 -5.5600E+04
0000303   5.7874E+05 -6.4391E+04  1.9986E+05
0000304   5.3526E+05 -1.8964E+05 -2.3587E+05
0000305   6.2212E+05  5.6007E+05 -2.0789E+05
0000306   7.2331E+05 -1.9681E+05  1.6416E+05
0000307   8.3995E+05  2.2690E+05 -7.9287E+04
0000308   2.5267E+05  1.2072E+04  1.0534E+05
0000309   6.5435E+05 -3.0800E+05  1.5929E+04
0000310   8.0004E+05 -3.1524E+05  8.1364E+04
0000311   6.0814E+05  8.1565E+04  2.0509E+05
0000312   3.5253E+05 -1.4824E+05 -9.0561E+04
0000313   7.7111E+05  2.5486E+04 -1.6731E+05
0000314   2.9850E+05 -9.2174E+04  4.5327E+04
0000315   8.1851E+05  1.1253E+04  1.2949E+04
0000316   4.8070E+05 -3.9993E+04 -2.7203E+05
0000317   4.0994E+05  1.2078E+04 -1.9800E+05
0000318   7.8314E+05 -6.5711E+04  3.3601E+05
0000319   6.0939E+05 -1.6095E+05  2.3504E+05
0000320   1.1067E+06 -5.1245E+05 -3.1581E+05
0000321   9.0353E+05 -2.0709E+05 -1.0821E+05
0000322   5.4606E+05  3.7774E+05 -2.3648E+04
0000323   9.5827E+05 -9.8385E+03  4.3448E+05
0000324   2.5944E+04  1.3349E+04 -1.0047E+03
0000325   6.1860E+05 -3.7417E+05  3.1409E+05
0000326   3.9874E+05  2.2547E+05 -4.9374E+04
0000327   1.7796E+05 -3.1419E+05 -1.9719E+04
0000328   7.9077E+05 -8.9193E+04 -1.9365E+05
0000329   3.3388E+05 -2.0197E+05 -4.3887E+04
0000330   8.1926E+05 -9.7549E+04 -1.0174E+05
0000331   4.3209E+05 -2.5751E+04 -7.6360E+04
0000332   6.4305E+05  5.9213E+04 -6.5051E+03
0000333   5.8692E+05 -8.8895E+04 -2.3197E+05
0000334   9.7710E+05 -9.7375E+04  2.0036E+05
0000335   6.6674E+05 -1.8459E+05 -5.0582E+04
0000336   7.4870E+05 -1.1894E+05 -1.6399E+05
0000337   6.5696E+05 -2.0280E+05 -1.0926E+05
0000338   7.7695E+05  1.3474E+05 -3.7386E+05
0000339   7.0253E+05 -1.0674E+05  3.5905E+05
0000340   6.6060E+05 -1.1430E+05 -2.0086E+05
0000341   6.6200E+05  1.8081E+03  1.6413E+05
0000342   6.0306E+05  4.1234E+04  1.9351E+05
0000343   7.8339E+05 -9.9162E+04  4.1739E+04
0000344   4.4983E+05  1.6656E+05 -1.8150E+05
0000345   4.4766E+05 -3.9020E+05  2.0209E+05
0000346   2.6944E+05  4.8704E+04 -1.3169E+05
0000347   9.1624E+05  1.0960E+05  2.7089E+05
0000348   5.0670E+05 -7.4342E+04  1.8933E+05
0000349   2.1066E+05  3.2451E+05 -5.3008E+05
0000350   1.0522E+06 -1.7544E+04  3.6502E+05
0000351   6.8258E+05  2.3906E+05  4.1548E+04
0000352   9.4531E+05  1.8268E+05 -1.0659E+05
0000353   1.9791E+05  2.1978E+05  1.1043E+05
0000354   3.1098E+05  3.0697E+05  1.3776E+04
0000355   2.9891E+05  3.3234E+04  7.4530E+04
0000356   6.1141E+05  2.6067E+05 -3.6440E+04
0000357   4.5339E+05 -3.6398E+04 -5.3964E+04
0000358   5.3281E+05 -1.0408E+05  3.9063E+05
0000359   4.9794E+05  1.3408E+05  4.4922E+04
0000360   4.3407E+05  3.8924E+05  2.4051E+05
0000361   4.1235E+05 -2.8166E+05  3.6216E+05
0000362   3.3942E+05  1.2381E+05 -2.1923E+05
0000363   6.6376E+05  1.6205E+04  2.8934E+05
0000364   7.8807E+05 -1.4281E+05  1.1980E+05
0000365   8.7959E+05  2.1313E+04 -1.7268E+05
0000366   7.5505E+05 -3.1135E+04 -9.6234E+04
0000367   4.1076E+05  9.4752E+04  1.4021E+05
0000368   2.7083E+05  4.1393E+04 -1.8150E+05
0000369   3.2881E+05  2.4228E+05 -2.9871E+05
0000370   4.2504E+05  6.1241E+05 -2.4927E+05
0000371   5.2930E+05 -2.3930E+04  1.6447E+04
0000372   8.5631E+05 -3.0772E+05  2.5075E+04
0000373   2.4616E+05  7.6278E+03  7.6578E+04
0000374   3.2387E+05 -2.0527E+05  1.0081E+05
0000375   5.6178E+05  1.6430E+05  2.1456E+05
0000376   4.2164E+05  1.1753E+05 -3.4569E+05
0000377   8.2441E+05 -1.8226E+05 -3.6066E+04
0000378   7.1972E+05 -7.4378E+04 -7.7933E+04
0000379   1.1473E+06 -7.5051E+04  1.2521E+05
0000380   7.4551E+05  3.1014E+05  1.0008E+05
0000381   7.4783E+05 -2.7874E+05  1.5679E+05
0000382   2.1874E+05  2.5030E+05 -7.4781E+04
0000383   7.3320E+05  4.7528E+04  2.7314E+05
0000384   4.6759E+05  1.1571E+05 -7.4744E+04
0000385   2.7493E+05 -3.4146E+04  9.8848E+04
0000386   8.6415E+05  8.1729E+04  1.2205E+05
0000387   8.3770E+05  1.8986E+05  2.3770E+05
0000388   7.7038E+05 -1.6724E+05  1.0370E+04
0000389   7.7044E+05  3.8778E+04  8.1033E+04
0000390   9.3789E+05 -1.7990E+05 -3.0380E+05
0000391   5.4338E+05  4.9557E+05 -5.6269E+04
0000392   5.7695E+05 -2.3135E+05 -1.0350E+05
0000393   6.7792E+05 -7.5147E+04 -2.0266E+05
0000394   2.9863E+05 -1.9383E+04  1.1400E+05
0000395   7.2471E+05  1.3439E+05 -4.1289E+05
0000396   4.4093E+05  3.5255E+04  1.1041E+05
0000397   6.6561E+05  1.3144E+04  7.0545E+04
0000398   4.5243E+05 -2.3514E+05 -2.5584E+05
0000399   8.5078E+05  1.6879E+03 -2.5636E+05
0000400   1.0236E+06 -1.0505E+05 -4.3079E+05
0000401   2.4128E+05 -1.3761E+05 -6.2340E+04
0000402   2.6898E+05  8.7826E+03 -1.0570E+05
0000403   1.0481E+06  8.6408E+04 -3.0370E+05
0000404   1.0531E+06 -2.1319E+05  1.1422E+05
0000405   6.9877E+05 -3.8317E+05 -4.6575E+05
0000406   1.0129E+06 -5.0325E+04 -5.6902E+05
0000407   5.3847E+05 -1.5204E+05 -2.2582E+05
0000408   6.8577E+05 -8.0725E+04  4.1965E+05
0000409   7.0487E+05  1.3563E+05  1.9768E+04
0000410   5.3887E+05 -9.8746E+04  1.4408E+05
0000411   8.2098E+05 -3.0067E+05  1.3265E+05
0000412   7.3837E+05  3.2521E+03  4.0600E+05
0000413   7.5982E+05  3.5753E+05 -3.9979E+04
0000414   7.3423E+05  6.4721E+04 -7.1358E+04
0000415   2.2522E+05 -7.7919E+05  2.0888E+05
0000416   7.8086E+05  1.5901E+05 -1.2713E+05
0000417   6.9564E+05  2.5789E+05  2.3305E+05
0000418   1.0222E+06 -2.3627E+05  8.6588E+04
0000419   4.9627E+05 -3.0368E+05  4.7412E+05
0000420   1.0616E+06 -3.6157E+04 -4.3841E+05
0000421   8.3676E+05 -3.4411E+05  1.5162E+04
0000422   7.1706E+05 -1.6374E+05  6.7148E+03
0000423   2.7254E+05 -3.5609E+04  6.7984E+04
0000424   6.3465E+05 -2.3770E+05 -1.7372E+05
0000425   7.3923E+05  1.4014E+05 -5.9960E+04
0000426   5.9025E+05 -1.3528E+04  4.9142E+05
0000427   2.8777E+05 -4.2751E+04 -1.1419E+05
0000428   3.1388E+05 -1.6968E+05  4.8409E+03
0000429   3.6437E+05  4.5237E+05 -2.9059E+04
0000430   8.4446E+05  2.6222E+05 -5.0246E+04
0000431   5.2173E+05  4.4186E+05 -7.0569E+04
0000432   7.2158E+05 -2.1724E+04  2.5347E+05
0000433   7.1183E+05  7.0756E+03 -1.3083E+05
0000434   2.1365E+05 -5.8114E+04 -2.2249E+05
0000435   8.5346E+05  1.9025E+04 -6.5059E+04
0000436   8.6096E+05 -2.8248E+05 -2.8085E+05
0000437   5.1062E+05  3.7408E+04  6.8352E+04
0000438   4.5277E+05 -2.0697E+05  2.1082E+05
0000439   6.2485E+05 -1.6515E+05 -1.5497E+05
0000440   9.8423E+05 -1.2327E+05 -1.4068E+05
0000441   5.7407E+05 -2.1191E+05 -2.8768E+04
0000442   4.9905E+05 -4.1280E+05  3.8850E+05
0000443   6.6494E+05  7.4734E+04  2.9474E+05
0000444   7.1464E+04  9.9166E+04 -9.4227E+04
0000445   3.6314E+05  1.8654E+03 -7.0117E+03
0000446   9.3211E+05  7.2950E+04  9.3419E+04
0000447   7.5821E+05  5.3260E+04 -3.5183E+05
0000448   4.6375E+05  4.1175E+05  4.2607E+04
0000449   7.5951E+05  3.3493E+05  9.1595E+04
0000450   3.0476E+05  8.2707E+04 -1.8797E+05
0000451   9.0031E+05  2.5138E+05  1.9431E+05
0000452   2.7273E+05  6.0812E+05 -1.7996E+05
0000453   4.3355E+05  4.2976E+04 -4.8207E+05
0000454   7.8060E+05 -1.9564E+05 -2.6905E+05
0000455   6.0156E+05  4.6818E+05 -4.4549E+05
0000456   6.1649E+05 -1.6416E+05  1.4163E+05
0000457   7.7624E+05 -1.9382E+03  1.0010E+05
0000458   6.4923E+05  1.5870E+04 -1.6703E+05
0000459   9.3390E+05 -3.5546E+05  3.8288E+05
0000460   1.0260E+05  9.0628E+04  4.2257E+04
0000461   6.8863E+05 -2.9357E+05 -2.9200E+03
0000462   7.2589E+05  5.3845E+04  1.9765E+05
0000463   4.9890E+05 -6.0197E+03  1.0000E+05
0000464   1.1556E+06 -1.1058E+05 -8.3769E+04
0000465   9.4210E+05  3.8342E+05  1.0469E+05
0000466   1.0069E+06  9.0483E+04 -3.4572E+05
0000467   1.0044E+06  1.9587E+05  1.9084E+05
0000468   4.9722E+05 -1.8790E+05  2.1055E+05
0000469   6.1775E+05  2.0080E+05  2.2601E+05
0000470   2.3163E+05  1.2862E+05 -4.3079E+05
0000471   6.5784E+05  1.8481E+05 -1.9290E+05
0000472   5.1603E+05 -7.2358E+04 -1.7536E+05
0000473   3.6306E+05  1.3843E+05 -1.9571E+05
0000474   1.0655E+06  6.1373E+04 -2.5080E+05
0000475   7.0683E+05  3.6083E+04  1.9335E+03
0000476   6.2635E+05 -2.5932E+05  1.4359E+05
0000477   8.3519E+05  6.7388E+04  5.5738E+03
0000478   9.3201E+05  3.6224E+05  3.6040E+05
0000479   9.9665E+05 -1.4293E+05  2.1592E+05
0000480   5.3150E+05  1.3770E+05 -2.6122E+05
0000481   1.0534E+06 -4.5272E+05 -2.0495E+05
0000482   4.6018E+05  2.6110E+05 -4.8722E+04
0000483   9.7869E+05 -2.3506E+05  5.9382E+04
0000484   5.3268E+05  1.5808E+05 -9.9905E+04
0000485   7.8433E+05  1.6289E+05  1.9402E+04
0000486   1.0898E+06  5.8508E+04 -1.6317E+05
0000487   9.4914E+05  8.7827E+03 -5.5316E+04
0000488   8.9058E+05 -3.8491E+05  7.9181E+03
0000489   5.7170E+05 -1.9883E+05  9.4327E+04
0000490   6.2420E+05  3.9950E+05  3.6124E+04
0000491   6.4593E+05  1.4297E+05  3.0418E+04
0000492   6.6644E+05  1.0661E+05 -1.0325E+05
0000493   8.0037E+05 -2.9664E+05  1.2118E+05
0000494   6.8238E+05 -6.7907E+04 -4.3169E+05
0000495   3.3187E+05  3.5352E+05  6.4718E+04
0000496   8.8001E+05 -2.7257E+04  1.4075E+05
0000497   8.2757E+05  2.8861E+04  1.5255E+05
0000498   5.9771E+05 -2.1660E+05  1.6462E+05
0000499   7.7072E+05  1.5505E+05 -2.3268E+05
0000500   7.4899E+05  1.5895E+05  4.7279E+04
0000501   9.9754E+05 -9.1551E+04 -2.9531E+05
0000502   9.8760E+05 -1.2716E+05 -1.8085E+05
0000503   7.4258E+05  5.4674E+05  2.3759E+05
0000504   1.7751E+05  4.1818E+04  1.4592E+05
0000505   6.6656E+05 -9.1076E+03  7.3100E+04
0000506   6.1700E+05  1.7074E+04 -9.7847E+04
0000507   6.5506E+05  8.7031E+04  9.5217E+04
0000508   1.5108E+05  1.7075E+04 -1.7776E+05
0000509   8.0555E+05  1.3568E+05  3.2850E+04
0000510   9.6228E+05 -5.4688E+04 -1.6267E+04
0000511   5.0434E+05  5.2046E+03  1.7151E+05
0000512   2.5562E+05 -2.0862E+05 -4.3300E+05
0000513   5.7844E+05 -4.7934E+05 -8.5058E+04
0000514   4.4387E+05  3.1982E+04 -1.8056E+05
0000515   6.0962E+05  3.2600E+05  4.2186E+04
0000516   6.1941E+05  1.7711E+05 -1.6117E+05
0000517   9.6489E+05 -2.1410E+05 -3.5854E+04
0000518   5.6852E+05  1.3300E+05  7.1694E+04
0000519   6.3831E+05 -1.7507E+05  4.7089E+05
0000520   9.9801E+05 -1.8887E+05 -3.0617E+05
0000521   5.1748E+05  8.6925E+04  1.4787E+05
0000522   4.6714E+05  1.6235E+05 -4.7041E+04
0000523   8.0804E+05  1.5984E+05 -4.0989E+05
0000524   2.0559E+05 -8.6234E+04  1.3145E+05
0000525   8.0316E+05  6.9827E+05  4.9281E+05
0000526   2.5971E+05 -1.5173E+05 -1.1862E+05
0000527   4.7248E+05  8.9258E+04  3.4156E+05
0000528   5.4134E+05  2.8234E+05 -3.3885E+05
0000529   2.5415E+05  2.5163E+04  7.7558E+04
0000530   8.3128E+05  1.8626E+05 -3.2145E+05
0000531   9.9942E+05  2.0941E+05  1.6070E+05
0000532   6.0321E+05 -1.7142E+05 -3.7613E+05
0000533   7.7837E+05  8.6736E+04  1.2225E+05
0000534   7.5223E+05 -2.5886E+04  2.3587E+05
0000535   6.8731E+05  1.3651E+05 -1.5990E+05
0000536   6.2421E+05 -9.3540E+04  1.7926E+05
0000537   2.3089E+05  1.7193E+05  6.8456E+04
0000538   8.2475E+05 -3.0690E+04 -1.4463E+05
0000539   5.6462E+05  2.3085E+05  1.3640E+05
0000540   5.2772E+05  2.0874E+05 -8.8068E+04
0000541   2.2563E+05 -1.0518E+05  1.0856E+05
0000542   3.7880E+05 -1.2020E+05  2.2123E+05
0000543   7.4299E+05  7.6564E+04 -4.4081E+04
0000544   9.6776E+05  2.7769E+05 -1.0872E+05
0000545   3.7880E+05  4.3951E+04  7.1262E+04
0000546   6.8723E+05 -1.2121E+05  4.1511E+05
0000547   3.7959E+05 -2.0003E+05  9.0897E+04
0000548   6.3663E+05  2.6422E+05  1.1036E+05
0000549   1.1072E+06 -5.4110E+04  1.6290E+05
0000550   7.0486E+05  1.7198E+05 -4.4240E+04
0000551   6.4605E+05  1.3571E+05  1.5618E+05
0000552   2.6341E+05 -3.1105E+04  6.4067E+04
0000553   4.9224E+05 -1.4600E+05  7.7670E+04
0000554   4.8442E+05  1.5827E+05 -2.2651E+05
0000555   5.6424E+05 -1.5384E+05  1.0288E+05
0000556   6.8301E+05 -1.3389E+05 -7.0172E+04
0000557   8.2135E+05  1.6807E+05 -1.0294E+05
0000558   5.5090E+05 -1.0006E+05  1.2704E+05
0000559   1.0217E+06 -3.6151E+05 -1.9784E+05
0000560   5.8027E+05  2.6943E+04 -5.6875E+05
0000561   4.9549E+05 -9.9931E+04 -2.8588E+05
0000562   4.8239E+05 -2.3828E+05 -2.1755E+05
0000563   1.0776E+06  2.8657E+05  3.5111E+04
0000564   1.0580E+06  1.0508E+05 -2.6245E+05
0000565   3.5243E+05 -1.5768E+05 -2.0247E+05
0000566   3.6977E+05 -1.3359E+05  2.0384E+05
0000567   1.0176E+06  9.2417E+04  1.4211E+05
0000568   4.4723E+05  6.0224E+05  1.9477E+05
0000569   3.3508E+05  4.8607E+04  3.9997E+05
0000570   3.2887E+05  4.7404E+05 -2.0571E+04
0000571   5.7120E+05 -3.5872E+04 -1.8605E+05
0000572   1.0648E+06 -1.6914E+05 -3.0802E+04
0000573   6.4681E+05 -1.0526E+05 -1.6181E+05
0000574   6.5971E+05  1.6236E+05 -1.4388E+05
0000575   4.2652E+05 -2.2715E+04  2.3951E+05
0000576   1.5822E+05 -2.1227E+05  6.9963E+04
0000577   7.1966E+05 -8.1415E+04  1.9960E+05
0000578   7.1809E+05  4.6888E+05 -1.4606E+04
0000579   5.4518E+05  1.7565E+04  2.2630E+05
0000580   7.6585E+05  1.6834E+05  2.3849E+05
0000581   3.8736E+05  2.7024E+05 -9.1154E+04
0000582   7.2716E+05 -1.2030E+05  1.1348E+04
0000583   3.7393E+05  2.6686E+05 -2.1839E+05
0000584   4.7782E+05 -8.7497E+04 -4.4474E+05
0000585   6.7315E+05  1.6797E+04 -3.2544E+04
0000586   1.0873E+06  1.2163E+05  4.0871E+05
0000587   9.4477E+05 -2.7116E+04 -3.0082E+05
0000588   4.7043E+05 -8.4772E+03 -5.8199E+04
0000589   7.3126E+05  1.1118E+05 -2.4246E+05
0000590   9.1698E+05 -9.4519E+04 -1.4852E+05
0000591   6.7772E+05 -1.7730E+05 -3.7715E+05
0000592   1.0344E+06 -2.7585E+05 -1.5854E+05
0000593   5.6241E+05  4.4456E+05 -2.1081E+05
0000594   3.0009E+05  3.8955E+05  1.5417E+05
0000595   5.7356E+05  2.5451E+04 -2.7343E+05
0000596   2.3551E+05  1.1391E+04 -1.4230E+05
0000597   7.7328E+05 -8.2179E+04 -3.0666E+05
0000598   6.8520E+05  1.7742E+05 -7.5387E+05
0000599   6.1686E+05  3.0378E+05  1.8341E+05
0000600   2.2190E+05  1.7291E+05 -1.9414E+04
0000601   6.1820E+05 -1.6779E+05 -2.6448E+05
0000602   6.2754E+05  7.1331E+04  9.7479E+04
0000603   7.1758E+05 -4.1463E+05  6.2810E+05
0000604   4.6489E+05  2.4099E+05 -1.0955E+05
0000605   1.0943E+06  1.3546E+05  1.8399E+05
0000606   8.4710E+05  9.9021E+04 -2.5337E+05
0000607   8.1187E+05  2.0616E+05  3.3337E+05
0000608   3.9688E+05 -2.2086E+05 -5.0851E+04
0000609   9.3486E+05 -9.1530E+04  4.2022E+04
0000610   9.2856E+05 -5.5321E+04  3.5953E+05
0000611   5.6266E+05  1.4444E+05  9.9475E+04
0000612   6.9023E+05 -3.1971E+04  9.0676E+03
0000613   8.3418E+05 -2.1970E+05 -1.9695E+05
0000614   2.0365E+05 -2.2210E+05  7.0438E+04
0000615   1.1432E+06  1.8567E+05  2.8929E+05
0000616   4.5473E+05 -3.3871E+05 -1.6342E+05
0000617   3.0008E+05  6.8356E+04 -3.4140E+04
0000618   9.2284E+05  1.7913E+05 -1.2702E+05
0000619   6.1199E+05  1.8565E+05 -1.4119E+05
0000620   2.5743E+05  3.7175E+05 -3.0236E+05
0000621   5.4054E+05 -7.4324E+04  2.4304E+05
0000622   5.7990E+05 -1.4512E+05 -1.1837E+04
0000623   4.5960E+05 -1.0655E+05 -1.2374E+05
0000624   8.3083E+05 -4.2562E+04  7.2012E+04
0000625   6.8617E+05 -2.9362E+04 -1.6409E+04
0000626   7.1636E+05  2.1442E+05 -1.1630E+05
0000627   7.6190E+05 -1.4622E+04  9.5715E+04
0000628   4.7501E+05  2.4575E+05  2.5868E+04
0000629   9.0730E+05 -2.7761E+05  5.3869E+04
0000630   4.1911E+05  4.9238E+04 -1.3928E+05
0000631   1.0366E+06 -4.1148E+05  2.7172E+05
0000632   5.6164E+05  4.6119E+04 -4.0496E+05
0000633   6.1627E+05  1.5999E+05 -2.0417E+05
0000634   5.1366E+05  2.3288E+05 -1.4477E+05
0000635   6.9857E+05 -1.3229E+04  3.7217E+04
0000636   5.4354E+05 -1.2870E+05  1.9016E+05
0000637   7.7919E+05  2.9390E+05  2.2276E+05
0000638   5.3849E+05 -3.7945E+05  1.9402E+05
0000639   1.7158E+05 -7.1356E+03  1.3034E+05
0000640   7.3070E+05  1.6289E+05 -8.3208E+03
0000641   6.2445E+05 -3.9678E+05 -4.9160E+04
0000642   6.1207E+05  3.1620E+05  5.5967E+04
0000643   7.1937E+05 -1.1882E+05 -2.4057E+05
0000644   5.1484E+05  5.6579E+05  1.1410E+04
0000645   6.2804E+05  2.8109E+05  7.5194E+04
0000646   5.2012E+05  5.2022E+04 -3.5314E+05
0000647   5.6202E+05 -1.2125E+05  2.4889E+05
0000648   8.8751E+05 -2.1086E+05 -1.6336E+05
0000649   7.7099E+05 -2.1260E+05  1.9842E+05
0000650   5.7869E+05  1.9862E+05  1.0300E+05
0000651   4.0493E+05  5.2022E+05 -9.5035E+04
0000652   1.7447E+05  2.1148E+05  2.9332E+05
0000653   5.2015E+05  2.6458E+05  2.6660E+05
0000654   9.0670E+05 -1.2691E+05 -2.5134E+05
0000655   7.2716E+05 -6.8178E+04 -2.5615E+05
0000656   2.4633E+05 -5.2098E+05  5.4113E+03
0000657   7.3725E+05 -6.7074E+04 -3.9632E+05
0000658   6.3330E+05  1.1357E+04 -1.5242E+04
0000659   9.2225E+04  3.4643E+05  2.6283E+04
0000660   7.9755E+05 -4.4094E+05  4.0966E+04
0000661   7.6913E+05  1.6867E+03 -1.4989E+05
0000662   5.9600E+05  5.5776E+04 -4.6151E+04
0000663   5.9081E+05 -5.8178E+04 -1.1617E+05
0000664   9.6067E+05 -9.9576E+04 -1.7320E+05
0000665   5.6931E+05 -2.0884E+05 -2.1863E+04
0000666   1.0975E+05  1.1784E+04  7.2650E+04
0000667   5.7189E+05  1.7689E+05  4.1799E+05
0000668   7.2287E+05  1.1506E+04 -7.3298E+04
0000669   6.0020E+05 -3.3708E+05 -3.6552E+05
0000670   1.1095E+06  1.2687E+05  2.0950E+05
0000671   9.8064E+05 -2.5760E+05 -1.7513E+05
0000672   1.8295E+05 -5.3468E+03  2.4469E+04
0000673   6.2288E+05 -3.5935E+05  1.4537E+05
0000674   4.4080E+05 -2.4933E+05  6.9248E+04
0000675   4.5118E+05  4.4840E+04 -1.2910E+05
0000676   8.9222E+05  1.1472E+05 -2.1588E+05
0000677   4.2472E+05 -7.9168E+04 -1.1886E+05
0000678   6.5665E+05 -1.7992E+05 -3.6668E+05
0000679   5.3909E+05 -5.2262E+04 -1.3766E+05
0000680   5.6791E+05 -1.8502E+05 -3.5157E+04
0000681   3.5109E+05  2.0574E+05  7.0179E+04
0000682   2.3443E+05 -2.4519E+05  3.3733E+05
0000683   5.3830E+05  9.5170E+04  1.5216E+05
0000684   7.4385E+05 -6.1649E+04  1.9833E+05
0000685   7.0707E+05  5.0073E+04  2.4455E+05
0000686   4.6661E+05  1.0831E+05 -1.7052E+05
0000687   8.7319E+05  5.9750E+04  2.8018E+05
0000688   9.4107E+05 -2.0495E+05  1.8064E+05
0000689   3.8608E+05 -4.7784E+05  1.0220E+04
0000690   3.9740E+05  8.7356E+04 -2.3805E+04
0000691   1.0865E+06 -6.3873E+04  9.6492E+04
0000692   6.2189E+05  6.0437E+04  3.4602E+05
0000693   1.0556E+06 -3.6536E+05  1.3578E+04
0000694   9.0536E+05 -3.3292E+05 -1.0483E+05
0000695   4.7380E+05 -1.4610E+05  3.3844E+05
0000696   1.2945E+05 -7.9033E+04 -1.9843E+04
0000697   6.4020E+05 -1.9815E+05  3.8935E+05
0000698   5.6288E+05  3.1257E+04  1.9017E+05
0000699   6.1641E+05  3.5610E+04  2.7758E+04
0000700   5.0516E+05  2.1310E+05  1.0802E+05
0000701   7.3807E+05  2.9406E+05 -2.5211E+05
0000702   5.6910E+05 -9.8662E+04 -1.9122E+05
0000703   6.7624E+05 -3.0670E+05  3.7666E+04
0000704   3.5252E+05 -1.2788E+05 -3.9776E+04
0000705   2.9467E+05 -9.7627E+04 -1.8697E+05
0000706   5.9519E+05  3.1711E+05  3.4135E+05
0000707   4.2942E+05 -5.0338E+05 -1.1510E+05
0000708   6.0336E+05  6.8273E+04 -1.4203E+05
0000709   2.2225E+05  7.0619E+04  2.0214E+03
0000710   7.6284E+05  3.5871E+05 -1.6664E+05
0000712   3.7115E+05 -2.9075E+05  7.6424E+04
0000713   7.2496E+05  6.0164E+04 -4.0432E+05
0000714   7.2811E+05  1.8732E+05  2.2997E+05
0000715   1.5196E+05 -1.2896E+05  1.6505E+04
0000716   6.2636E+05 -6.8726E+04 -2.1700E+05
0000717   5.1967E+05 -2.4969E+05  2.1349E+05
0000718   4.0982E+05  1.4390E+05 -3.7965E+05
0000719   3.6764E+05  7.7343E+04 -2.7640E+05
0000720   6.7786E+05 -1.1029E+05  2.2402E+05
0000721   8.7740E+05 -2.2732E+05  2.8860E+05
0000722   6.4040E+05  2.2562E+05  2.3770E+05
0000723   1.0569E+06  1.7652E+05  4.8782E+03
0000724   8.5171E+05 -8.3957E+04 -1.4093E+05
0000725   3.6321E+05  6.7200E+04 -1.0812E+05
0000726   6.7041E+05 -1.8841E+05  7.5452E+04
0000727   5.7409E+05  1.0934E+05  4.8157E+04
0000728   4.6908E+05 -1.4598E+05  1.6840E+05
0000729   6.4081E+05 -1.6973E+05  1.5470E+05
0000730   3.5007E+05 -1.1521E+05 -5.1657E+04
0000731   6.2934E+05 -7.2152E+04 -1.7343E+05
0000732   1.0455E+06  1.4705E+05 -3.7348E+04
0000733   5.4689E+05  3.5183E+05 -1.9173E+04
0000734   3.3368E+05  7.8396E+04 -4.6752E+04
0000735   8.9904E+05  1.5364E+05  1.2611E+04
0000736   8.3122E+05  5.3260E+05 -1.4282E+05
0000737   2.7986E+04 -7.2780E+04 -8.8640E+04
0000738   9.6088E+05 -1.7272E+05 -2.4536E+04
0000739   4.1623E+05 -7.3162E+04  1.2061E+04
0000740   6.3092E+05  2.1359E+05  6.7335E+04
0000741   7.1444E+05  1.5566E+05  2.7443E+05
0000742   9.0182E+05 -2.1222E+05 -7.5128E+04
0000743   3.7811E+05  8.1737E+04  4.7972E+04
0000744   7.3244E+05 -1.1065E+05 -1.8379E+05
0000745   7.8242E+05 -4.1960E+04  3.3856E+05
0000746   4.2560E+05 -3.4775E+04  1.8321E+05
0000747   3.7565E+05  7.6964E+04  1.6070E+05
0000748   7.7330E+05  5.6123E+04 -1.3207E+05
0000749   7.3253E+05 -4.1073E+05  1.8895E+05
0000750   6.3698E+05 -2.5567E+05 -7.9912E+03
0000751   7.2677E+05  2.0810E+05  1.3085E+05
0000752   8.3286E+05  3.3390E+05 -6.0651E+04
0000753   5.9834E+05 -3.5237E+05 -2.0644E+05
0000754   5.1453E+05 -2.6971E+05  3.2137E+05
0000755   6.2606E+05 -2.0742E+05 -3.8678E+05
0000756   5.7580E+05  1.9628E+05 -1.5075E+04
0000757   2.8394E+05  7.1311E+04 -2.0807E+05
0000758   7.9618E+05  2.4130E+03  1.0531E+05
0000759   4.2128E+05  1.0626E+05 -4.4265E+04
0000760   3.8956E+05 -3.8717E+04 -4.9354E+05
0000761   5.3778E+05 -2.1703E+04 -2.7203E+05
0000762   6.2666E+05 -1.2040E+05  2.9781E+05
0000763   8.2050E+05  2.0574E+05 -1.2529E+05
0000764   9.0210E+05  7.0353E+04  1.9266E+05
0000765   5.5461E+05 -4.5187E+05 -3.3532E+04
0000766   6.6579E+05  3.0532E+05  1.4662E+05
0000767   7.4963E+05  5.5387E+05  1.8984E+05
0000768   6.5533E+05  4.7361E+05 -5.2890E+05
0000769   6.7586E+05 -2.1623E+05 -2.8364E+05
0000770   3.9128E+05  1.6350E+05 -2.6323E+05
0000771   9.6950E+05  3.5921E+04  2.9637E+05
0000772   5.2360E+05  2.8224E+05  1.4088E+05
0000773   7.4375E+05 -2.0157E+05 -3.5097E+05
0000774   5.2858E+05 -1.0308E+05  4.0708E+04
0000775   6.1189E+05  1.2841E+05 -4.2502E+04
0000776   7.4733E+05  1.9736E+05  1.7150E+05
0000777   6.5025E+05  3.4502E+04  2.4157E+05
0000778   8.6939E+05 -7.5446E+04  4.3854E+03
0000779   4.8001E+05  2.2451E+05  2.0712E+05
0000780   4.9107E+05 -2.0258E+05  8.3359E+04
0000781   6.2290E+05 -2.1340E+05  3.0001E+04
0000782   5.7695E+05  2.5540E+05  7.2430E+04
0000783   3.9210E+05  1.6811E+05  2.0232E+05
0000784   3.3829E+05 -5.5624E+04  7.4859E+04
0000785   6.3976E+05  3.8320E+05 -1.7525E+05
0000786   3.3782E+05 -5.5306E+04  2.6222E+05
0000787   8.5530E+05 -2.1613E+05  1.3857E+05
0000788   1.2157E+06 -2.2827E+04  8.1455E+04
0000789   9.4989E+05  1.3225E+05  1.3641E+05
0000790   9.1680E+05 -2.2649E+05 -2.9068E+05
0000791   2.2456E+05  1.0749E+05 -7.5300E+04
0000792   8.5852E+05  1.4590E+05  7.7712E+04
0000793   8.8025E+05  3.0594E+04 -1.2696E+05
0000794   8.4008E+05  4.4844E+05 -8.9157E+04
0000795   1.2076E+06  3.1548E+04  4.8110E+04
0000796   3.4064E+05 -2.0536E+05  4.1500E+04
0000797   4.1714E+05 -4.3626E+05  1.5944E+04
0000798   7.2975E+05 -1.3458E+05 -3.5306E+05
0000799   4.6492E+05  1.3739E+03 -1.7080E+05
0000800   4.7734E+05  6.8761E+04 -8.4296E+04
0000801   8.9969E+05  1.1340E+05 -1.5789E+05
0000802   8.2233E+05 -9.0476E+04 -1.7038E+05
0000803   7.5639E+05 -1.9831E+05 -5.2377E+04
0000804   9.2045E+05  3.3451E+05 -1.7456E+04
0000805   6.3565E+05 -3.6530E+05  1.0978E+05
0000806   7.9157E+05  5.2323E+04  4.7622E+05
0000807   3.7371E+05  8.5059E+04  2.4420E+05
0000808   7.9769E+05  1.1704E+05 -2.1816E+05
0000809   5.7088E+05  3.1940E+05  8.3842E+04
0000810   9.1101E+05 -4.1669E+04 -2.2658E+05
0000811   7.7070E+05 -4.8110E+04 -1.2163E+05
0000812   5.0327E+05  8.4136E+04 -2.1882E+05
0000813   9.0903E+05  2.3295E+04  3.0947E+04
0000814   1.4967E+05  5.4865E+04 -2.2236E+04
0000815   7.4652E+05 -6.5592E+04 -1.2157E+05
0000816   5.9879E+05 -1.7656E+05  6.5979E+04
0000817   3.7972E+05 -2.4345E+04 -1.6828E+05
0000818   9.2301E+05  3.9814E+05  2.2262E+05
0000819   5.8850E+05 -2.6506E+05  1.2075E+05
0000820   3.5080E+05 -8.0615E+03  1.1524E+05
0000821   7.4805E+05 -4.3672E+04  7.2319E+04
0000822   8.3058E+05 -1.2087E+05  4.6357E+04
0000823   7.5708E+05 -1.1946E+05  1.8927E+05
0000824   6.7342E+05  1.4825E+05 -5.1165E+04
0000825   5.0661E+05 -8.8983E+04  3.9604E+05
0000826   9.0508E+05 -1.1138E+04 -7.7508E+04
0000827   6.9766E+05  1.7944E+04  2.6686E+04
0000828   5.2336E+05 -3.0511E+05 -1.7684E+05
0000829   7.5141E+05  3.0573E+05 -1.6957E+05
0000830   4.9530E+05  3.3110E+04 -3.6985E+05
0000831   5.8527E+05  1.5602E+05 -3.4107E+05
0000832   4.0887E+05  2.5501E+05  1.9251E+05
0000833   7.2087E+05 -1.4028E+05 -3.8224E+04
0000834   5.1736E+05 -1.9573E+05 -3.0398E+05
0000835   8.0638E+05 -1.4724E+05  3.8450E+05
0000836   6.5812E+05 -4.2087E+05  2.2916E+05
0000837   3.0562E+05  1.1654E+05 -6.3032E+04
0000838   7.7771E+05 -1.9035E+05 -1.6730E+05
0000839   4.6926E+05  3.1584E+05 -3.1659E+05
0000840   8.2103E+05 -1.4237E+05  3.1308E+05
0000841   3.2381E+05  2.9750E+05 -1.0995E+05
0000842   5.5101E+05 -1.6833E+05  1.8143E+05
0000843   6.5062E+05 -1.7332E+05  1.9612E+05
0000844   7.0766E+05  1.3011E+05  9.5000E+04
0000845   6.7344E+05  4.0242E+05  4.1583E+05
0000846   3.8787E+05  5.7590E+04  1.2380E+05
0000847   4.4471E+05 -4.7112E+05 -2.4883E+05
0000848   2.8254E+05 -5.2025E+05 -1.5742E+05
0000849   1.9982E+05  1.7664E+05  3.7856E+04
0000850   3.8293E+05  5.2533E+05  4.5463E+04
0000851   7.0131E+05  2.7848E+05  9.0306E+04
0000852   9.8026E+05 -8.5166E+04 -2.5418E+04
0000853   9.9541E+04  1.5376E+05  2.1021E+04
0000854   9.9393E+05 -1.4698E+05  1.1483E+05
0000855   5.1804E+05  1.4342E+05  2.7478E+04
0000856   5.9011E+05 -1.2578E+05 -2.6901E+04
0000857   2.0765E+05  8.4823E+04  1.9047E+05
0000858   7.5755E+05 -1.9531E+05  3.0486E+05
0000859   1.4742E+05  2.2111E+05  1.1987E+05
0000860   5.5826E+05 -8.0812E+04 -6.1621E+04
0000861   7.3381E+05  1.2773E+05  5.2968E+04
0000862   5.0819E+05 -9.1698E+04  2.0983E+05
0000863   2.0672E+05  5.9449E+04 -4.5355E+03
0000864   6.3822E+05 -6.5525E+04 -1.2291E+05
0000865   4.2766E+05  2.1824E+05 -1.1883E+05
0000866   5.5593E+05  1.3764E+05 -1.8219E+05
0000867   4.0132E+05  1.0562E+05 -2.5026E+05
0000868   7.8638E+05  2.1634E+05 -1.4315E+05
0000869   8.5369E+05  8.1832E+04 -4.8065E+05
0000870   5.6177E+05 -3.1118E+04  4.2128E+05
0000871   6.6790E+05  1.0333E+05  1.9396E+05
0000872   1.2641E+06  1.7722E+05 -2.2651E+05
0000873   3.0134E+05 -2.1401E+05  2.6375E+05
0000874   6.4488E+05 -4.6480E+05 -3.8406E+05
0000875   6.3606E+05 -5.2718E+04  1.5483E+05
0000876   4.2125E+05 -5.1393E+05 -2.9054E+05
0000877   6.6840E+05  2.3936E+05  3.3879E+05
0000878   5.2203E+04 -2.5261E+04 -8.1190E+03
0000879   1.1697E+06  8.9468E+04 -2.7313E+04
0000880   6.1136E+05  9.9908E+04 -6.1403E+05
0000881   1.9556E+05 -4.1850E+04  3.2415E+03
0000882   1.0018E+06 -2.5403E+04 -1.6061E+05
0000883   6.7029E+05 -2.1739E+05  1.6388E+05
0000884   7.4076E+05  1.2337E+05 -7.9873E+04
0000885   1.0089E+06 -2.3720E+05 -1.5105E+05
0000886   3.8715E+05  1.5306E+05 -1.7400E+05
0000887   4.2026E+05 -4.3808E+05  8.9993E+04
0000888   9.7983E+05  6.1475E+04  2.3473E+05
0000889   4.7576E+05  1.4334E+05  3.1142E+04
0000890   4.0385E+05 -1.8037E+05  3.2682E+05
0000891   6.7714E+05  1.0616E+05 -1.9889E+05
0000892   3.4448E+05 -8.3442E+04  1.1269E+05
0000893   8.0989E+05 -8.7972E+04  1.2263E+05
0000894   7.7917E+05 -3.9753E+05 -2.0788E+05
0000895   4.4563E+05 -5.7269E+04  1.9130E+04
0000896   4.6617E+05  5.3235E+04  2.7168E+05
0000897   1.1743E+06 -3.5860E+05 -7.3585E+04
0000898   3.8867E+05 -7.6573E+04  3.3852E+05
0000899   5.8627E+05 -2.3718E+05  2.3800E+05
0000900   7.9368E+05 -1.9839E+05 -1.1506E+05
0000901   8.3965E+05  4.4198E+05  5.9364E+05
0000902   9.6007E+05 -4.0925E+05  2.8463E+05
0000903   6.6177E+05 -3.2738E+03 -3.8366E+05
0000904   1.0510E+06 -2.6256E+05 -1.5275E+05
0000905   3.7765E+05  1.2369E+05  3.2609E+04
0000906   7.4584E+05  4.3932E+04 -7.8950E+04
0000907   1.1443E+06 -7.6651E+04 -2.7890E+05
0000908   5.5858E+05  1.0067E+05 -4.2863E+05
0000909   9.2984E+05  1.3386E+05 -2.9243E+04
0000910   5.1177E+05 -4.8783E+04  1.2635E+05
0000911   5.2371E+05  2.6534E+05  1.0969E+05
0000912   1.5633E+05 -1.4199E+05 -2.1477E+04
0000913   5.8322E+05  1.1401E+05  9.2049E+04
0000914   2.9538E+05 -4.2746E+05 -1.0260E+05
0000915   6.2287E+05  6.0091E+03  2.1127E+03
0000916   8.2013E+05 -5.9683E+04 -1.8773E+05
0000917   6.6935E+05 -1.3948E+05  1.7323E+05
0000918   5.4984E+05  6.5986E+04 -7.4504E+04
0000919   9.2857E+05  1.1896E+05  1.0527E+05
0000920   6.0859E+05  9.6262E+04  1.7377E+04
0000921   8.4558E+05  1.3928E+05 -3.5888E+05
0000922   5.5978E+05 -1.3768E+05  1.0766E+04
0000923   6.2694E+05 -4.1860E+05 -7.3857E+04
0000924   7.3351E+05 -4.4706E+05 -7.1909E+04
0000925   6.5635E+05 -6.0218E+04 -6.3135E+04
0000926   8.4120E+05  4.4210E+05 -8.7966E+04
0000927   1.2733E+05 -5.0233E+05 -1.0126E+05
0000928   9.9873E+05 -1.0509E+05  1.9459E+05
0000929   8.5029E+05  9.4097E+04 -2.3820E+05
0000930   5.4724E+05 -2.3866E+05  2.3189E+05
0000931   6.3712E+05  2.5635E+04  1.2139E+05
0000932   5.7306E+05  3.7993E+05  8.9647E+04
0000933   8.8544E+05 -1.5567E+05  5.4419E+03
0000934   3.9972E+05 -6.8036E+04  1.2012E+05
0000935   4.0694E+05  3.4857E+05  2.7968E+05
0000936   8.6702E+05 -5.1847E+04  1.1955E+05
0000937   6.7888E+05  2.2391E+05  4.0539E+05
0000938   5.1143E+05 -7.9319E+04  1.5417E+05
0000939   6.4551E+05 -1.5243E+04 -1.9592E+05
0000940   4.1299E+05 -2.6354E+05  9.3328E+04
0000941   1.5177E+05 -3.5838E+04  3.0649E+05
0000942   6.6034E+05  8.5585E+04  5.4416E+04
0000943   8.3553E+05  1.0283E+05 -1.3314E+05
0000944   4.4074E+05  1.4700E+05 -8.7415E+04
0000945   2.6928E+05  3.4728E+04  4.3264E+04
0000946   3.5504E+05  4.3226E+04 -5.1344E+04
0000947   8.1394E+05  2.1628E+05  4.8855E+04
0000948   5.0385E+05  5.4313E+05  1.8773E+05
0000949   9.7701E+05 -1.5118E+05  1.2797E+05
0000950   7.1118E+05 -1.9860E+05 -2.1385E+05
0000951   7.1454E+05  2.0327E+05 -1.4601E+05
0000952   8.1563E+05  9.6344E+04  1.6167E+05
0000953   2.1992E+05  3.8634E+04 -1.9019E+05
0000954   6.3424E+05 -2.0661E+05  3.4642E+05
0000955   7.7262E+05  2.0967E+05  1.6529E+05
0000956   6.6323E+05 -2.2189E+05 -1.2944E+05
0000957   7.2164E+05 -1.8053E+05 -3.6177E+05
0000958   7.7924E+05  3.0902E+05  5.0797E+04
0000959   6.5655E+05 -1.8683E+04  6.5092E+04
0000960   7.4895E+05  4.6526E+05 -5.4126E+05
0000961   8.6248E+05  3.7185E+04  1.1012E+05
0000962   3.7682E+05 -9.6916E+04  2.6153E+05
0000963   4.6990E+05 -3.8920E+05 -3.4043E+05
0000964   1.1902E+06 -2.4329E+05 -3.9237E+05
0000965   7.2732E+05 -2.8600E+05 -1.0797E+05
0000966   9.1475E+05 -2.4915E+05 -8.0248E+04
0000967   1.1160E+06  1.1172E+05  4.6022E+05
0000968   4.9840E+05  1.8622E+05 -6.6085E+04
0000969   6.2358E+05 -4.8301E+05  4.1176E+05
0000970   6.1147E+05  1.1858E+05  1.0872E+03
0000971   8.0549E+05  3.9888E+04 -2.0248E+05
0000972   9.0369E+05  1.8634E+05 -5.5777E+04
0000973   2.7014E+05  6.4484E+04 -5.9572E+04
0000974   4.2050E+05 -4.7164E+05  1.5424E+04
0000975   3.8405E+05  1.4652E+05 -7.1877E+04
0000976   8.2290E+05  2.8346E+05  3.6689E+05
0000977   8.2466E+05  1.4339E+05  1.1679E+05
0000978   3.8752E+05  4.7070E+03 -3.1238E+05
0000979   4.6206E+05 -1.2720E+05  1.8882E+05
0000980   7.1612E+05  7.7527E+04  3.4415E+05
0000981   7.3266E+05  3.8074E+05 -5.3672E+04
0000982   5.9647E+05 -2.8250E+05  5.8992E+04
0000983   8.6584E+05  6.5536E+04  2.8714E+05
0000984   6.1558E+05  4.3231E+05  3.0326E+05
0000985   8.3169E+05 -2.6103E+05  6.0543E+03
0000986   5.1815E+05 -1.8487E+05 -2.0338E+05
0000987   5.6631E+05 -2.6972E+05 -2.0855E+05
0000988   5.7402E+05 -3.9623E+04 -2.8356E+05
0000989   8.6961E+05  4.7164E+05  1.2654E+05
0000990   9.4897E+05  1.0343E+05 -1.6105E+05
0000991   2.3269E+05 -2.2598E+05 -1.2594E+05
0000992   3.2312E+05  2.7788E+04  2.3925E+05
0000993   7.0037E+05 -2.7576E+05 -2.5279E+05
0000994   7.2890E+05 -6.3452E+04 -4.6908E+05
0000995   6.2939E+05 -3.6403E+05  2.3622E+04
0000996   5.4011E+05 -1.9160E+05 -1.4841E+05
0000997   8.5693E+05 -1.4529E+05  7.5879E+03
0000998   4.9242E+05  1.1073E+05  5.7863E+05
0000999   5.3067E+05 -8.6003E+04  1.4472E+05
0001000   8.6689E+05 -1.7624E+05  5.4573E+04
