============================== SRIM-2013.00 ==============================
==============================================================================
====== SRIM Outputs\RANGE_3D.txt : File of Final Ion Positions =====

Ion = Ar (18)   Ion Mass= 039.9620
Energy  = 1206792.E-05 keV
Ion Angle to Surface = 00.0 degrees
==================== TARGET =======================
  Layer # 1 - Layer 1
  Layer # 1 - Bottom Depth=500000.E+02 A
  Layer # 1 - Density =0000.0125 g/cm3
  Layer # 1 -  100 % of Ar
様様様様様様様様様様様様様様様様様様様様様様様様様様
                                            
Ion       Depth  X   Lateral Y   Lateral Z  
Number    (Angstrom) (Angstrom)  (Angstrom) 
-------  ----------- ----------- -----------
0000001   2.3402E+04 -4.4370E+04 -1.9168E+04
0000002   2.7141E+04 -1.6402E+04  1.4376E+04
0000003   5.2539E+04  2.9674E+04 -3.0364E+03
0000004   5.8438E+04 -1.6493E+04 -1.9207E+04
0000005   6.5049E+04  1.8338E+04 -1.6410E+04
0000006   3.6219E+04  1.9795E+04 -9.9235E+03
0000007   3.0056E+04 -1.7384E+04 -6.7701E+03
0000008   4.7896E+04  2.7813E+04 -8.4734E+03
0000009   6.3066E+04 -2.1558E+04  1.2441E+04
0000010   5.1761E+04 -1.0112E+04  7.1415E+03
0000011   1.6893E+04 -1.6201E+03 -1.1872E+03
0000012   3.8842E+04 -3.1591E+02 -4.5517E+03
0000013   6.5984E+04  2.7613E+04 -1.3883E+04
0000014   4.7440E+04 -2.6124E+04  8.3518E+03
0000015   4.9865E+04  2.5577E+04  1.5452E+04
0000016   6.0240E+04 -3.0963E+03  1.0707E+04
0000017   5.4957E+04  3.2133E+04 -1.5048E+04
0000018   6.3303E+04 -3.5779E+04 -9.3381E+02
0000019   1.3104E+04 -1.3513E+03 -3.4181E+04
0000020   5.2740E+04 -2.0947E+04 -8.1372E+02
0000021   6.1374E+04  3.3320E+02  1.2544E+04
0000022   2.6924E+04  1.0491E+04  1.9078E+04
0000023   6.2334E+04  2.8145E+04  5.9042E+04
0000024   1.5814E+04 -2.0602E+04  4.7676E+03
0000025   9.3640E+04  3.3220E+04 -2.1121E+04
0000026   4.0111E+04  3.9106E+03  2.6917E+04
0000027   4.4817E+04  8.4301E+03  2.2240E+04
0000028   5.2248E+04 -1.2621E+04  9.4293E+03
0000029   3.4122E+04  1.5130E+04 -8.8398E+03
0000030   6.2787E+04  1.1138E+04 -3.3739E+03
0000031   3.6192E+04 -1.9673E+03 -3.9458E+03
0000032   4.2059E+03 -1.0191E+04 -8.0125E+03
0000033   5.0388E+04  1.2180E+04  6.6979E+03
0000034   6.3831E+04 -2.0873E+04  6.7746E+03
0000035   6.2422E+04 -1.6629E+04  6.5469E+03
0000036   4.6720E+04 -6.5482E+03  1.6121E+04
0000037   5.6115E+04 -1.3093E+04 -4.5104E+03
0000038   5.5093E+04  1.6471E+04  1.7087E+04
0000039   1.1404E+05  2.2822E+03  1.9846E+04
0000040   2.2936E+04  2.8550E+04  5.0346E+03
0000041   2.2481E+03  3.6355E+04 -5.2079E+02
0000042   1.8743E+04  3.0355E+04 -5.8133E+03
0000043   7.5655E+04 -3.5364E+04  2.2784E+03
0000044   4.5601E+04 -3.2828E+03  5.8559E+03
0000045   4.3451E+04 -1.1068E+04 -1.1789E+04
0000046   5.9078E+04 -1.6185E+04  1.5358E+04
0000047   5.4350E+04  1.5574E+03  1.3436E+03
0000048   1.4599E+04 -2.1174E+03 -7.6390E+03
0000049   2.6350E+04  1.8537E+04 -1.2380E+04
0000050   4.8221E+04 -1.2126E+03  9.8915E+03
0000051   5.6376E+04  2.2696E+04  8.0081E+03
0000052   2.6784E+04 -7.1102E+03 -1.7766E+04
0000053   5.3794E+04  4.2406E+04  7.5836E+03
0000054   5.8599E+04  2.9254E+03  1.0340E+04
0000055   4.4479E+03  3.0082E+04  3.2992E+04
0000056   5.5222E+04 -1.4294E+03 -1.3792E+04
0000057   1.0720E+05 -3.1732E+04  5.9868E+04
0000058   3.0742E+04 -3.5442E+03 -1.7852E+04
0000059   9.4880E+04 -3.5975E+04  5.3521E+03
0000060   2.1435E+04 -8.5392E+03  1.6119E+04
0000061   3.3176E+04 -3.7838E+04 -1.1125E+04
0000062   3.6847E+04  9.1677E+03 -8.7009E+03
0000063   5.5778E+04 -1.1502E+04  1.9058E+04
0000064   8.1796E+04 -1.4377E+03  1.0826E+03
0000065   2.3097E+04  1.3608E+03  2.6351E+04
0000066   3.6170E+04  3.2468E+04  9.4696E+03
0000067   3.6944E+04  2.8430E+04 -9.6197E+03
0000068   4.6179E+04 -2.9431E+03 -2.0224E+04
0000069   4.6194E+04 -5.8794E+03  2.6151E+03
0000070   3.1536E+04 -1.0133E+04  1.1987E+04
0000071   4.8069E+04 -1.0236E+04 -7.8203E+03
0000072   3.4295E+04  3.9082E+03  1.9601E+04
0000073   3.4049E+04  1.1977E+04  1.1222E+04
0000074   2.2934E+04  6.1840E+03  3.0283E+04
0000075   3.9597E+04 -1.1908E+04  3.8297E+03
0000076   3.7927E+04  6.6985E+03  2.4252E+04
0000077   2.0143E+04  3.8141E+03  4.4901E+02
0000078   8.4759E+04  2.4131E+01  1.7848E+04
0000079   8.1716E+04 -2.9084E+04 -3.1336E+03
0000080   3.5638E+04 -7.6987E+03  2.7694E+04
0000081   6.1035E+04 -2.5948E+04  3.2043E+03
0000082   1.8794E+04  8.6900E+03 -7.2971E+03
0000083   5.3590E+04 -1.5316E+04  2.8391E+04
0000084   5.6098E+04 -2.4711E+04 -4.7805E+04
0000085   3.0610E+04  1.9291E+04  9.4584E+03
0000086   7.7145E+04 -1.1465E+04  1.2181E+04
0000087   4.8986E+04 -8.1492E+02  1.2649E+03
0000088   4.9615E+04 -3.7864E+03  6.3038E+02
0000089   4.5747E+04  3.1883E+04 -2.1281E+04
0000090   3.9228E+04 -1.1153E+04 -3.6253E+03
0000091   2.6833E+04 -5.8541E+03 -1.3013E+04
0000092   4.7440E+04 -2.8012E+04  5.4156E+02
0000093   5.2433E+04  3.5339E+03 -2.5102E+04
0000094   5.8090E+04 -1.8412E+04 -2.3504E+03
0000095   4.7738E+04  1.7071E+04 -6.9758E+02
0000096   4.0415E+04 -6.3945E+03  1.2607E+04
0000097   7.0014E+04  3.6021E+04  2.0762E+04
0000098   6.3401E+04  3.0828E+04 -3.1683E+04
0000099   1.9686E+04  8.5657E+03 -1.2778E+04
0000100   1.9750E+04  3.5643E+04 -3.0007E+04
0000101   2.9329E+04 -1.3662E+04  1.3624E+04
0000102   6.9586E+04 -1.2144E+04  3.6613E+04
0000103   7.0650E+04  3.4541E+03  7.5746E+03
0000104   4.6643E+04 -2.1980E+04 -8.3187E+03
0000105   1.1782E+04  2.6658E+03 -3.3631E+03
0000106   3.9909E+04  2.4538E+04 -1.2596E+04
0000107   4.1837E+04  6.2498E+03 -2.9497E+03
0000108   5.1333E+04 -3.5523E+04  3.0062E+04
0000109   2.5893E+04 -5.9716E+03 -1.3574E+04
0000110   2.4915E+04  2.0412E+04  1.9900E+04
0000111   3.8859E+04  1.8711E+04 -1.7331E+04
0000112   3.5617E+04  4.6175E+03 -2.8806E+03
0000113   2.9857E+04 -3.7059E+03 -2.6113E+04
0000114   3.4866E+04 -2.0149E+04 -1.1060E+04
0000115   7.1346E+04 -3.6258E+04  5.6200E+03
0000116   9.1755E+03 -1.6903E+04  3.6419E+02
0000117   6.3534E+04  2.1134E+04  2.3114E+03
0000118   4.9784E+04 -1.4755E+04 -6.6189E+03
0000119   4.0462E+04 -6.4680E+03 -1.3667E+04
0000120   1.9198E+04 -2.7174E+04  1.6151E+04
0000121   2.7048E+04 -4.0309E+03 -4.3605E+03
0000122   2.7193E+04  2.9249E+04 -1.8294E+04
0000123   2.4783E+04 -3.3443E+03  9.8724E+03
0000124   7.6789E+04  7.5304E+03 -1.3181E+04
0000125   6.7151E+04  2.8028E+04 -3.2319E+04
0000126   6.7397E+04  4.4074E+04  1.5936E+04
0000127   2.5275E+04  5.7552E+02 -1.0117E+04
0000128   1.6325E+04  8.3574E+03 -3.9864E+03
0000129   3.2100E+04 -6.9273E+03 -2.3365E+04
0000130   7.7507E+03  3.5221E+03  5.5278E+03
0000131   4.4304E+04  2.8441E+04 -2.1832E+04
0000132   2.2993E+04  6.8866E+03  3.3270E+04
0000133   3.9056E+04 -2.1428E+04 -1.6416E+04
0000134   2.7797E+04 -2.9886E+04  1.5384E+04
0000135   3.9007E+04 -6.3815E+03 -1.3694E+04
0000136   3.4385E+04  2.5003E+04 -3.9251E+03
0000137   4.4089E+04 -4.1205E+03  4.8378E+02
0000138   4.4267E+04 -1.6929E+03  2.0061E+04
0000139   2.8038E+04 -3.3569E+04  2.5652E+04
0000140   2.7946E+04 -1.0938E+04  5.9784E+03
0000141   2.3757E+04  1.0943E+04 -5.6634E+03
0000142   3.1837E+04  8.4443E+03  3.5862E+04
0000143   2.0380E+04 -2.2278E+04 -1.1276E+04
0000144   6.1536E+04 -1.8248E+03 -8.4329E+03
0000145   2.6130E+04  1.1444E+04 -8.1144E+03
0000146   4.4343E+04 -3.1935E+03 -1.3494E+04
0000147   5.0792E+04  7.8354E+02  2.0337E+03
0000148   4.3298E+04 -2.2784E+02 -3.6140E+04
0000149   5.1995E+04 -5.7156E+03 -3.9438E+04
0000150   2.7449E+04 -3.7688E+04  1.2161E+04
0000151   2.3417E+04  2.1519E+04  3.2765E+03
0000152   5.1044E+04  1.5375E+02 -3.1402E+03
0000153   1.4952E+04  1.7742E+03  1.8802E+03
0000154   4.1243E+04  3.2425E+03  2.6372E+04
0000155   1.3537E+04 -1.5403E+03  1.5572E+04
0000156   6.6929E+04  7.1539E+03 -4.9540E+03
0000157   1.8230E+04 -1.8037E+04 -1.0474E+04
0000158   8.1570E+04 -1.3180E+04  1.4426E+04
0000159   3.5327E+04  2.8970E+04  1.6707E+04
0000160   4.4851E+04  6.7270E+03  1.4732E+03
0000161   9.1529E+04  3.3416E+04 -1.5460E+04
0000162   1.6409E+04  1.4732E+04 -9.9655E+03
0000163   7.0520E+04  2.0403E+04 -1.7799E+04
0000164   3.9051E+04  6.2286E+03  1.1115E+03
0000165   3.2859E+04 -2.9742E+04  1.5478E+04
0000166   3.6155E+04 -2.5456E+04  4.0770E+04
0000167   3.8665E+04 -2.5659E+04  4.8700E+03
0000168   4.3429E+04  3.6841E+03 -3.0616E+03
0000169   7.9637E+04 -1.9311E+04 -4.2435E+04
0000170   7.3803E+04 -1.2886E+04 -4.8091E+04
0000171   2.0019E+04  3.7431E+03  2.0740E+03
0000172   3.2695E+04  1.3924E+04  1.7373E+03
0000173   7.2616E+04  1.5801E+03  9.0325E+03
0000174   6.3474E+04 -4.5489E+03 -6.1888E+02
0000175   2.0693E+04  2.4503E+04 -1.8711E+04
0000176   5.1988E+04  7.0884E+04 -3.6682E+03
0000177   7.8692E+04 -4.7142E+04 -5.2494E+04
0000178   4.6675E+04  3.6277E+04 -3.2782E+02
0000179   4.2880E+04 -2.0193E+04 -1.9720E+04
0000180   6.3170E+04 -7.6919E+03 -1.0875E+03
0000181   2.2438E+04  9.3035E+03 -7.0877E+03
0000182   1.1234E+04  2.6187E+04  1.3805E+04
0000183   2.6962E+04  8.8692E+03  9.9717E+03
0000184   4.1599E+04  2.6429E+04  1.6334E+04
0000185   6.0671E+03  6.7395E+03 -2.3052E+04
0000186   8.1302E+03  5.0164E+03  2.8114E+03
0000187   2.1330E+04  6.2727E+03 -2.1318E+04
0000188   2.0833E+03  3.0662E+03 -1.1375E+04
0000189   7.5831E+04 -4.9055E+03  2.0159E+04
0000190   5.0410E+04  3.2232E+03 -8.5924E+03
0000191   5.5304E+03  3.1849E+03  2.1342E+03
0000192   5.6253E+04 -1.1736E+04  4.4545E+03
0000193   5.4859E+04  8.1057E+03 -1.9258E+04
0000194   4.5834E+04 -2.5405E+04  5.8439E+03
0000195   1.7556E+04 -4.4056E+03 -1.7201E+04
0000196   3.5057E+04  3.5627E+03 -1.6969E+04
0000197   5.3209E+04  2.1927E+04  3.4902E+03
0000198   4.6912E+04  4.6511E+03  3.9781E+03
0000199   3.7635E+04 -5.1521E+03 -1.3452E+02
0000200   5.4277E+04  8.9730E+03 -2.1559E+04
0000201   1.2140E+04 -8.0416E+03  4.7856E+03
0000202   1.6144E+04  5.6355E+03  1.2782E+04
0000203   4.1310E+03 -2.4994E+04 -2.2535E+04
0000204   4.6255E+04  5.6499E+03 -2.2818E+04
0000205   8.5989E+04  2.1716E+04 -1.6266E+04
0000206   4.7271E+04  1.1107E+04 -7.9621E+03
0000207   3.6475E+04  2.6539E+03  1.8690E+04
0000208   1.4517E+04  4.0767E+03 -8.7917E+03
0000209   4.3114E+04 -4.9416E+03 -7.8408E+03
0000210   1.1796E+04 -1.4905E+04 -3.3246E+03
0000211   4.7463E+04 -4.7036E+03 -1.8280E+04
0000212   5.0746E+04 -5.7993E+03 -2.6733E+03
0000213   9.3718E+04 -1.9310E+04 -3.5311E+03
0000214   3.9735E+04 -1.3172E+04 -6.9601E+03
0000215   7.9419E+04  1.8952E+04  1.6249E+04
0000216   9.2042E+04 -8.5777E+03 -2.7271E+04
0000217   1.5099E+04 -8.4953E+03  1.7561E+04
0000218   4.1366E+04  1.1405E+03  5.5639E+04
0000219   7.5144E+04 -3.3849E+04 -1.6681E+04
0000220   4.9063E+04 -2.1861E+03 -6.8876E+03
0000221   2.6968E+04  3.5516E+03 -1.3637E+04
0000222   7.2168E+04  4.1704E+04  5.1679E+04
0000223   4.9612E+04  5.9183E+02 -1.9471E+04
0000224   5.1825E+03 -2.6766E+04 -2.3315E+03
0000225   6.9346E+04  2.8977E+04 -3.3966E+03
0000226   2.4756E+04 -1.4948E+04 -2.4249E+04
0000227   4.7384E+04 -9.6866E+03 -1.5077E+04
0000228   4.5610E+04  3.6352E+03 -5.1698E+03
0000229   2.0696E+04 -1.7114E+04 -1.7288E+04
0000230   6.2226E+04 -2.3366E+02 -2.0248E+04
0000231   2.7439E+04 -2.2910E+02  2.0482E+04
0000232   4.7739E+04 -1.4660E+04 -4.5270E+04
0000233   6.6567E+03  3.2151E+03 -4.3559E+03
0000234   5.7256E+04  1.0266E+04  1.8460E+04
0000235   5.5625E+04  5.9114E+03 -2.7856E+04
0000236   2.7687E+04  1.3100E+04 -8.4228E+03
0000237   1.2199E+04  1.0707E+04 -7.8732E+03
0000238   4.0579E+04 -7.6927E+03  2.1362E+04
0000239   2.8071E+04  1.9537E+04 -1.7210E+04
0000240   5.3813E+04 -3.6827E+03 -1.5682E+03
0000241   5.0519E+04 -1.7164E+04 -4.1078E+03
0000242   2.9929E+04  7.9176E+03 -1.4026E+04
0000243   4.3602E+04  2.4900E+04  2.1905E+03
0000244   1.9443E+04  7.8529E+03 -2.0093E+04
0000245   3.7272E+04 -4.7501E+04 -5.6292E+04
0000246   7.6252E+04  3.9128E+04  5.9490E+03
0000247   4.5695E+04 -1.1031E+04 -5.2406E+03
0000248   2.4931E+04  1.3874E+04  2.0007E+04
0000249   5.0063E+04 -3.7027E+03 -1.1684E+04
0000250   6.0872E+04 -2.6946E+03 -6.0223E+03
0000251   5.8846E+04 -2.0519E+04 -6.9513E+03
0000252   5.1878E+04 -1.1275E+04 -6.6454E+03
0000253   3.8443E+04 -1.3456E+04 -7.7103E+02
0000254   1.7683E+04  6.6531E+03  1.5797E+03
0000255   5.3259E+04 -1.6270E+04 -3.3131E+04
0000256   1.6396E+04  1.1522E+04 -3.1063E+03
0000257   6.5954E+04 -2.1955E+04 -2.2743E+04
0000258   5.0442E+04 -2.9908E+04 -2.3281E+04
0000259   3.1566E+04 -1.8216E+04 -6.7450E+03
0000260   1.7474E+04 -2.1147E+03  2.3737E+04
0000261   2.6492E+04 -9.8317E+03  7.2072E+03
0000262   7.2984E+04  2.6275E+04 -1.0583E+03
0000263   9.8751E+03 -1.1404E+04 -2.7439E+03
0000264   6.1360E+04 -2.4164E+03 -2.0647E+04
0000265   2.0902E+04  1.1637E+04  2.4497E+04
0000266   3.6870E+04  5.8818E+03  1.0921E+04
0000267   7.2382E+03 -1.2835E+04 -8.7516E+03
0000268   4.7784E+04  1.8415E+04 -1.7617E+03
0000269   6.4721E+04  3.0833E+02 -3.8531E+04
0000270   4.5791E+04  1.4633E+04 -1.2018E+04
0000271   4.2067E+04  3.1622E+04 -1.5906E+04
0000272   5.7565E+04 -1.9555E+04 -3.0676E+04
0000273   2.6170E+04 -1.1712E+04  3.8230E+03
0000274   4.3395E+04 -3.3019E+03 -1.1044E+04
0000275   2.2676E+04  2.4996E+04  2.5951E+04
0000276   5.4577E+04 -9.3362E+03 -9.3611E+03
0000277   4.2337E+04 -1.3483E+03 -2.9281E+03
0000278   5.0239E+04 -6.8792E+03  5.7558E+03
0000279   6.8800E+04 -4.4216E+03 -1.0694E+03
0000280   8.6468E+04 -4.0470E+03  3.1079E+04
0000281   7.6848E+04  2.5973E+04 -2.8594E+03
0000282   4.5482E+04  1.5122E+03  1.4297E+04
0000283   3.7942E+04 -3.1896E+03  1.2684E+04
0000284   7.0016E+04 -1.0893E+04  2.2648E+03
0000285   1.2675E+04 -7.7428E+03 -2.2758E+03
0000286   2.8790E+04 -1.0819E+04 -1.3790E+04
0000287   2.5813E+04  1.7186E+04  1.4135E+04
0000288   9.4909E+04 -2.8997E+04  2.5984E+04
0000289   1.8654E+04 -2.0177E+03 -4.4432E+02
0000290   6.9360E+04 -1.7331E+04  1.7840E+04
0000291   1.5267E+04  1.3640E+03 -2.6246E+04
0000292   2.0588E+04 -3.0254E+04  1.6458E+04
0000293   5.3747E+04 -2.0347E+04  1.3880E+03
0000294   5.5148E+04 -1.4095E+04 -2.3084E+04
0000295   2.2000E+04 -4.4657E+04  2.3522E+04
0000296   4.7535E+04  1.4303E+04  9.4961E+03
0000297   6.1653E+04 -1.6635E+04  9.1762E+03
0000298   8.5491E+03 -1.9118E+03 -1.3285E+04
0000299   5.2682E+04 -3.5232E+03  6.6828E+03
0000300   2.1716E+04 -3.2295E+04  2.7639E+04
0000301   4.5980E+04  1.6052E+04 -2.5087E+04
0000302   4.2555E+04 -2.3684E+04  8.2083E+03
0000303   6.0897E+04 -3.4729E+03  5.9873E+03
0000304   5.2886E+04  3.3764E+04  4.2683E+04
0000305   3.4918E+04 -3.7202E+03  7.4693E+03
0000306   3.6743E+04  2.8525E+04 -1.3596E+04
0000307   5.3234E+04 -2.7088E+04  1.4189E+04
0000308   3.1879E+04  1.0628E+04 -2.4146E+04
0000309   1.8393E+04  1.1169E+04  6.0055E+02
0000310   6.1542E+04 -3.2288E+04  2.1419E+04
0000311   3.1510E+04  3.1650E+04  1.6903E+03
0000312   3.7872E+04  5.9225E+02  4.3792E+03
0000313   5.1404E+04 -1.8009E+04 -2.1790E+04
0000314   9.5139E+04 -6.9666E+03  6.1208E+04
0000315   8.0920E+04  2.9369E+04 -2.7170E+03
0000316   3.7734E+04 -1.5343E+03 -2.0042E+04
0000317   7.3297E+04 -3.1967E+04 -1.4050E+04
0000318   6.5214E+04  1.6265E+04  2.0229E+04
0000319   1.0182E+04 -7.8365E+03 -1.1966E+04
0000320   4.4616E+04  4.3302E+04 -2.2592E+04
0000321   8.5819E+04 -2.4879E+04 -7.1480E+02
0000322   3.7095E+04  1.9191E+04  1.0720E+04
0000323   3.6008E+04 -6.3884E+02  1.1024E+04
0000324   1.6197E+04 -2.2184E+04  2.4753E+04
0000325   3.7783E+04  9.6588E+03 -2.4509E+03
0000326   8.8943E+04  7.3235E+03 -3.7319E+04
0000327   6.0640E+03 -1.5148E+04  1.7585E+04
0000328   5.2939E+04 -2.7791E+03  2.1093E+03
0000329   5.7484E+04 -5.8022E+03  1.1800E+04
0000330   6.8158E+04  4.6238E+04  2.8534E+04
0000331   6.7833E+04  2.8468E+04  2.1335E+04
0000332   3.9424E+04 -2.3880E+04 -4.8855E+03
0000333   5.5676E+04 -1.3858E+04  7.5099E+03
0000334   1.5321E+04 -3.5170E+04  2.6602E+04
0000335   4.9659E+04 -6.5219E+04 -3.0271E+03
0000336   2.3087E+04  1.1786E+04  9.4416E+03
0000337   4.0180E+04 -1.6383E+01  2.4784E+04
0000338   2.9898E+04  6.0326E+03 -1.6288E+04
0000339   1.5108E+04  1.5948E+04 -4.8113E+03
0000340   8.1949E+04 -1.6032E+04 -1.4641E+04
0000341   8.7609E+04  1.3538E+04 -1.1589E+04
0000342   8.9092E+04 -1.6627E+04 -8.9379E+03
0000343   6.6747E+04 -1.4231E+04 -2.4038E+04
0000344   5.7800E+04 -2.4795E+04  3.3617E+02
0000345   3.3058E+04  2.5649E+03 -5.8447E+03
0000346   4.9933E+04 -1.1314E+04 -4.7968E+03
0000347   1.3737E+04 -3.0722E+03 -1.4282E+04
0000348   4.9651E+04 -4.8636E+02  8.7165E+03
0000349   2.8584E+04  1.4639E+04 -1.9537E+04
0000350   5.7191E+04 -1.3360E+04  1.8879E+04
0000351   3.3760E+04  9.4143E+02 -2.1550E+04
0000352   3.0473E+04  1.6041E+04 -3.9362E+03
0000353   1.3287E+04  3.0720E+03 -5.8339E+02
0000354   7.1964E+04  3.1176E+04  2.9793E+04
0000355   1.5520E+04 -1.0765E+04  8.8777E+03
0000356   4.1514E+04 -3.8828E+04  1.5171E+04
0000357   8.8365E+04  2.3665E+04  5.2596E+03
0000358   5.7679E+04  3.4370E+04  8.4308E+03
0000359   3.8575E+04  5.5418E+04 -7.1246E+04
0000360   2.5939E+04 -1.5204E+04 -2.3097E+04
0000361   3.6352E+04 -1.1760E+03  1.6842E+03
0000362   3.5556E+04 -3.0851E+04  1.2098E+04
0000363   5.0133E+04  1.1970E+03  1.3390E+04
0000364   5.5642E+04 -1.5952E+04 -7.1337E+03
0000365   2.3526E+04  9.6535E+03 -8.6074E+02
0000366   7.2440E+04 -1.6595E+04  1.5919E+04
0000367   4.0999E+04  1.7399E+04  3.3735E+04
0000368   6.1305E+04 -1.2238E+04 -2.9749E+04
0000370   1.3536E+04 -2.2594E+03  7.3138E+03
0000371   2.0933E+04 -8.0150E+03  5.9991E+03
0000372   1.6488E+04 -9.6486E+02  5.7982E+03
0000373   4.3985E+04 -5.5031E+04 -1.6384E+04
0000374   4.3439E+03  4.3567E+03  2.8661E+03
0000375   2.8053E+04 -8.5861E+03 -1.3649E+04
0000376   3.5980E+04  3.2109E+04  4.9918E+03
0000377   1.4466E+04  2.9668E+04  3.2520E+03
0000378   1.9230E+04 -1.0188E+04  2.0229E+03
0000379   3.8625E+04 -6.9331E+03  3.2348E+03
0000380   1.0027E+05 -1.1106E+04 -1.6691E+04
0000381   3.6915E+04 -1.8021E+03 -1.3283E+02
0000382   9.8330E+04 -9.8168E+03 -2.2296E+03
0000383   3.3586E+04 -1.5455E+04 -2.5678E+04
0000384   5.7249E+04 -3.5466E+04  2.9415E+04
0000385   2.7095E+04  8.7507E+03 -8.3339E+03
0000386   4.0981E+04 -1.3169E+04 -2.9653E+03
0000387   4.9993E+04 -1.2135E+04 -1.4687E+04
0000388   5.0112E+04 -8.9148E+03 -1.0574E+04
0000389   6.3712E+04 -1.2872E+04 -4.6573E+04
0000390   6.9209E+04  2.7541E+04  3.4047E+04
0000391   4.8225E+04 -2.7599E+04  2.3798E+03
0000392   7.2345E+04  3.8164E+03  2.2094E+03
0000393   3.4491E+04  1.7371E+04 -1.6318E+04
0000394   7.0859E+04  2.7093E+04  3.8073E+04
0000395   1.8227E+04 -6.4014E+03  2.7747E+03
0000396   1.9261E+04  9.4982E+03  2.6697E+03
0000397   4.4654E+04 -1.3934E+04  2.2578E+04
0000398   7.3565E+04 -6.4244E+03  7.7247E+03
0000399   5.1050E+04  1.6614E+04  4.7235E+04
0000400   6.0359E+04  9.5346E+03 -3.2295E+04
0000401   1.5402E+04 -7.4390E+03  3.6624E+03
0000402   3.4476E+04  2.1909E+03  4.1896E+03
0000403   5.2876E+03 -4.5328E+03  4.3179E+02
0000404   2.4032E+04 -1.7298E+04  6.9259E+03
0000405   8.4179E+04 -1.0459E+04  2.7222E+04
0000406   8.3163E+04  2.2304E+04 -5.7533E+03
0000407   3.0714E+04 -5.1137E+03 -5.7675E+02
0000408   6.4221E+04  2.8554E+04 -5.3567E+04
0000409   5.0398E+04  1.8752E+03 -2.1082E+04
0000410   2.6733E+03  6.4527E+03 -1.9877E+03
0000411   5.6671E+04  1.9556E+04 -2.6088E+04
0000412   4.5766E+04  9.9258E+03 -2.1456E+04
0000413   2.9266E+04 -5.3991E+03 -5.5434E+03
0000414   1.8382E+04 -1.2239E+04 -4.7675E+03
0000415   7.5001E+04 -1.0311E+04  5.9118E+03
0000416   6.4396E+04 -1.0449E+04 -1.1580E+03
0000417   3.7631E+04 -1.8810E+04  4.9954E+04
0000418   5.6509E+04  3.7450E+04 -1.1794E+04
0000419   2.6085E+04 -2.1519E+04  1.3307E+04
0000420   7.4825E+04 -2.0263E+04 -2.1303E+03
0000421   2.3388E+04  2.7195E+04  1.7505E+03
0000422   2.2158E+04  4.1327E+02  6.2392E+03
0000423   1.4081E+04 -7.9457E+03 -3.3946E+04
0000424   5.1223E+04  2.5405E+04  3.2574E+04
0000425   2.7459E+04 -4.9990E+03 -1.1062E+04
0000426   9.6221E+04  4.5093E+03 -5.5448E+04
0000427   4.0545E+04 -1.2427E+04 -1.1437E+04
0000428   5.1272E+04 -1.6281E+04 -2.6345E+03
0000429   6.5000E+04  8.4500E+03  3.5848E+04
0000430   4.8066E+04 -4.5499E+03  1.8965E+03
0000431   2.8659E+04 -5.7494E+03  3.5905E+03
0000432   5.7223E+04  2.7228E+04  2.1429E+04
0000433   3.3242E+04 -1.1195E+04  1.0490E+04
0000434   2.6426E+04 -3.2640E+04 -5.4398E+03
0000435   2.2611E+04  3.1690E+04 -5.3592E+03
0000436   2.2493E+04  1.5014E+04 -2.1250E+04
0000437   3.9299E+04 -5.2960E+03 -9.4523E+03
0000438   4.0486E+04 -2.3138E+04 -1.3167E+04
0000439   4.7613E+04 -1.2831E+04  1.7697E+04
0000440   3.8853E+04 -1.3940E+03 -1.4227E+04
0000441   1.7265E+04 -7.3782E+03 -1.2045E+03
0000442   6.6503E+04  3.3849E+04 -2.2438E+03
0000443   2.6765E+04  2.9923E+04  5.3739E+03
0000444   2.9033E+04 -2.7735E+03 -1.4047E+04
0000445   7.1476E+04  1.7064E+04  1.1548E+03
0000446   4.0603E+04 -7.6461E+03 -1.2662E+04
0000447   6.9004E+04  1.0544E+04 -1.8387E+04
0000448   1.8493E+04  2.4236E+04  2.5884E+04
0000449   3.3438E+04 -1.4806E+02 -6.9189E+03
0000450   6.8427E+04  8.4859E+03  6.9227E+03
0000451   2.9976E+04  7.8426E+04 -1.3661E+04
0000452   5.0026E+04  2.7331E+04  3.3300E+04
0000453   4.5795E+04 -1.1149E+04  8.9437E+03
0000454   1.5259E+04 -5.5139E+03 -9.9521E+03
0000455   2.5783E+04  7.3106E+04 -5.1276E+03
0000456   1.0059E+05 -7.0275E+03 -5.7715E+03
0000457   2.8234E+04 -8.4253E+03 -2.2849E+03
0000458   1.9065E+04 -2.2136E+03  4.7688E+03
0000459   2.7757E+04 -5.5647E+02 -9.8154E+03
0000460   1.7440E+04  2.8399E+04 -1.0999E+04
0000461   6.6380E+03 -7.6741E+03 -3.8403E+03
0000462   5.8974E+04  4.7020E+03  5.9532E+03
0000463   2.8603E+04 -7.8994E+03 -8.7813E+03
0000464   4.9470E+04 -2.4155E+04  5.7750E+03
0000465   4.9494E+04 -3.1697E+02 -1.3966E+04
0000466   9.0920E+03 -6.7218E+03 -8.1974E+03
0000467   3.4564E+04 -1.1270E+03  5.6989E+03
0000468   1.8845E+04 -6.4611E+03  3.0825E+03
0000469   4.6377E+04  9.2620E+03  3.1932E+03
0000470   1.6503E+04 -1.0801E+04 -5.4458E+03
0000471   4.3060E+04  6.0691E+03 -2.6962E+03
0000472   4.1582E+04  6.4509E+03 -5.7671E+02
0000473   4.6666E+04 -5.0862E+03  6.6936E+03
0000474   6.8795E+04 -7.1691E+02  8.8843E+02
0000475   8.0999E+03 -6.1114E+03  1.6896E+03
0000476   4.6384E+04 -6.3481E+03 -8.8521E+02
0000477   4.1238E+04 -1.8636E+04  2.3550E+04
0000478   2.3520E+04  1.3632E+04 -1.2314E+04
0000479   9.7006E+04 -3.5301E+03  1.3161E+04
0000480   3.5170E+04  1.7890E+04  2.3681E+03
0000481   3.9786E+04 -9.6800E+02 -1.4241E+04
0000482   6.0188E+04  2.7275E+04 -1.4884E+04
0000483   1.5165E+04  2.8184E+04  2.3662E+03
0000484   7.0081E+04  1.2428E+04 -4.7248E+03
0000485   3.8665E+04 -1.0461E+03  2.5388E+04
0000486   4.9322E+04  1.6738E+04 -3.7502E+03
0000487   1.7633E+04 -1.6513E+04  2.4586E+04
0000488   3.5541E+04  1.3452E+04  1.4293E+04
0000489   2.8997E+04  3.9266E+03  4.7043E+04
0000490   6.3555E+04  2.6042E+04  3.2364E+04
0000491   5.1849E+04  8.1890E+03 -6.9921E+03
0000492   5.9483E+04 -7.5473E+03 -1.6113E+04
0000493   8.0586E+04  7.0716E+03  7.6859E+03
0000494   3.4751E+04  2.8088E+04 -2.3728E+03
0000495   4.6336E+04  1.9810E+03  9.7533E+03
0000496   5.3315E+04 -3.9228E+03 -7.9957E+03
0000497   2.6278E+04 -7.8181E+03 -2.9693E+04
0000498   7.4171E+04 -2.1658E+04 -1.8052E+04
0000499   4.9213E+04 -1.2494E+04 -2.4981E+04
0000500   1.6625E+04 -1.1798E+04  6.2159E+03
0000501   1.5333E+04 -9.6352E+03 -5.0632E+04
0000502   4.2872E+04 -1.0646E+04 -2.4217E+04
0000503   2.9483E+04 -7.4736E+03  2.8695E+04
0000504   8.7421E+04  2.7211E+04 -4.1604E+03
0000505   5.5711E+04 -2.2683E+04 -2.9412E+04
0000506   2.3584E+04 -9.7832E+03  9.0561E+03
0000507   7.4755E+04  3.9306E+04 -4.1575E+04
0000508   2.0157E+04  1.5136E+04 -1.5441E+03
0000509   4.8567E+04 -2.1042E+04 -7.9699E+01
0000510   5.6570E+04  1.2892E+04  3.3465E+03
0000511   4.1183E+04 -2.1558E+04 -2.5185E+03
0000512   6.5565E+04 -8.2822E+03 -2.4388E+04
0000513   5.9427E+04  2.1512E+04 -2.6192E+02
0000514   2.2780E+04 -4.7711E+03  6.7410E+03
0000515   3.8557E+04  3.3775E+01 -2.8962E+04
0000516   6.3225E+04 -3.2036E+04 -5.7329E+03
0000517   2.3540E+04 -1.6418E+04 -2.5171E+04
0000518   9.4698E+04 -1.5519E+04  3.0136E+04
0000519   2.2322E+04 -1.0047E+04 -1.1379E+04
0000520   3.7559E+04  1.6338E+04 -2.8221E+03
0000521   3.3245E+04  2.3338E+04 -1.9057E+04
0000522   8.8985E+04  3.2558E+03 -8.4335E+03
0000523   3.2545E+04 -1.8225E+04  1.2568E+04
0000524   6.3182E+04  4.3188E+04 -1.2065E+04
0000525   5.4987E+04 -1.5124E+04 -3.2838E+03
0000526   2.1346E+04 -3.8488E+03  1.7971E+04
0000527   6.0252E+04  4.1013E+03  1.4163E+04
0000528   5.4533E+04  3.7770E+03  6.3038E+03
0000529   5.4227E+04 -2.1886E+04 -1.2834E+04
0000530   6.0934E+04  7.9398E+03 -1.8828E+04
0000531   5.3542E+04 -1.7747E+04 -1.7439E+04
0000532   3.3863E+04 -2.6041E+04  1.5438E+03
0000533   4.6887E+04 -2.6618E+03  2.8163E+04
0000534   1.7421E+04 -1.9819E+03 -6.1527E+03
0000535   5.9461E+04 -4.5790E+01  1.1635E+04
0000536   5.8057E+04 -2.4254E+04  1.4294E+03
0000537   2.7172E+04 -6.1265E+03  4.1720E+03
0000538   8.8948E+04 -7.7490E+04  1.9961E+04
0000539   1.7773E+04  2.4286E+04  1.7480E+04
0000540   3.0781E+04 -5.0365E+04 -2.7788E+04
0000541   3.0195E+04  2.2627E+04  2.0260E+04
0000542   5.1158E+04  2.1644E+03  9.1547E+03
0000543   2.5542E+04  2.8079E+04  1.4453E+03
0000544   3.7384E+04  5.3794E+03  6.0583E+03
0000545   5.1036E+04  1.2698E+04  1.8254E+04
0000546   2.9079E+04  6.1319E+03 -3.2125E+03
0000547   1.0288E+04  6.1083E+03 -1.1177E+03
0000548   4.6933E+04 -7.8894E+03  2.1180E+03
0000549   6.1280E+04  4.5269E+04 -1.2126E+04
0000550   4.4460E+04  1.5071E+04  1.5503E+02
0000551   7.2046E+04  6.6709E+03  3.7495E+04
0000552   5.4529E+04  4.2393E+04  1.4227E+04
0000553   4.1697E+04  2.5620E+04 -7.8737E+03
0000554   5.9529E+04  1.3761E+03  2.6060E+04
0000555   5.0680E+04  1.3611E+04 -6.5577E+03
0000556   7.8305E+04 -2.8320E+03 -1.7695E+04
0000557   2.8554E+04 -6.6797E+03 -3.6316E+04
0000558   2.3922E+04 -7.2086E+03  4.0651E+03
0000559   3.5086E+04 -2.8747E+04 -3.5959E+04
0000560   1.6276E+04 -3.0152E+03  9.9900E+03
0000561   2.2579E+04  2.4072E+03  2.2204E+03
0000562   4.6151E+04  1.2014E+04  9.5986E+03
0000563   2.5173E+04  3.6527E+03 -3.8206E+03
0000564   7.0573E+03 -3.2850E+03  5.2310E+03
0000565   2.1131E+04 -1.0433E+04  3.8564E+03
0000566   3.5994E+04 -1.8485E+04  1.2744E+04
0000567   3.4102E+04  1.7384E+04 -1.2934E+04
0000568   3.4223E+04 -9.7724E+03 -2.8592E+03
0000570   5.1433E+04 -6.5882E+03 -7.5143E+03
0000571   3.3782E+04 -1.5584E+04  4.3308E+03
0000572   2.5698E+04  1.0478E+04 -5.7764E+03
0000573   3.7304E+04 -1.9733E+04  1.9805E+04
0000574   3.7350E+04 -4.1800E+03 -1.8091E+04
0000575   4.4478E+04 -1.6129E+04  4.1821E+04
0000576   6.9555E+04  6.9603E+02  1.1902E+04
0000577   2.1545E+04 -1.6514E+04 -2.7728E+03
0000578   4.3097E+04 -4.1988E+03  1.4314E+04
0000579   6.1096E+04  1.3755E+04  4.5649E+03
0000580   4.4547E+04 -1.4013E+04  6.1285E+03
0000581   3.8532E+04  3.1841E+03 -1.6030E+04
0000582   6.2543E+03  2.6877E+03  4.3313E+03
0000583   8.2891E+04 -1.8057E+04 -6.4885E+03
0000584   5.5247E+03 -4.5363E+03  1.8440E+04
0000585   4.6741E+04 -1.5463E+04 -1.4466E+03
0000586   5.2267E+04 -1.3523E+03 -1.4471E+04
0000587   3.5045E+04  3.0537E+04 -3.7779E+04
0000588   3.7101E+04 -1.1038E+04 -1.9487E+04
0000589   6.4605E+04  6.9539E+03  8.0262E+03
0000590   7.9747E+04 -2.7684E+04  4.0831E+04
0000591   2.0970E+04  1.4830E+04  4.1842E+03
0000592   1.4858E+04 -4.5698E+03  9.2703E+03
0000593   2.0424E+04 -1.8757E+04  1.8594E+04
0000594   6.2766E+04 -3.0955E+03 -1.3047E+04
0000595   3.6706E+04  1.3533E+04  2.3047E+04
0000596   8.2175E+04  4.7960E+03  1.9618E+04
0000597   4.0874E+04  1.0936E+04 -5.2277E+04
0000598   4.8114E+04  1.5519E+03 -1.3729E+04
0000599   6.0265E+04  1.4682E+04 -7.2713E+03
0000600   8.6575E+04 -1.0508E+04  7.1455E+03
0000601   5.4719E+04 -2.0170E+04 -5.4239E+03
0000602   2.5381E+04 -7.1936E+03 -3.7430E+03
0000603   4.5196E+04 -4.0199E+04 -1.9734E+04
0000604   4.4116E+04 -7.2464E+03 -4.5322E+04
0000605   4.5119E+04 -1.0616E+04  2.1933E+04
0000606   4.5557E+04  8.9100E+03 -2.0119E+04
0000607   3.9447E+04 -6.1587E+03  3.0701E+04
0000608   3.7415E+04  8.0864E+03 -1.0755E+04
0000609   2.8685E+04 -1.7391E+04  1.6250E+03
0000610   2.5444E+04  1.3123E+04 -9.7451E+03
0000611   1.0648E+04  1.7653E+04  4.7611E+03
0000612   3.4517E+04  1.8424E+04 -1.0619E+04
0000613   2.5543E+04 -3.5690E+03  2.2483E+04
0000614   4.6199E+04 -2.1387E+04 -3.3772E+03
0000615   4.8642E+04  1.5210E+04  3.1842E+03
0000616   2.8153E+04 -7.5539E+03  1.5744E+03
0000617   6.9965E+04  1.0223E+04  1.9842E+04
0000618   6.3344E+04  1.1891E+04 -4.9572E+03
0000619   4.7234E+04 -5.7944E+03  7.9058E+03
0000620   9.5024E+04 -1.0904E+04 -1.0017E+04
0000621   7.8036E+04  1.5131E+04  7.2246E+03
0000622   1.4879E+04  1.3970E+04  1.8684E+04
0000623   6.6676E+04  4.2525E+03  1.1022E+04
0000624   1.9953E+04 -9.2663E+03 -9.4227E+03
0000625   4.2323E+04  8.3448E+03  1.7605E+04
0000626   4.1065E+04  1.3843E+04  5.9052E+03
0000627   1.8678E+04  1.0705E+04  1.2359E+04
0000628   9.1336E+04  7.5661E+03 -2.8210E+04
0000629   7.4072E+04  9.4253E+03 -1.0985E+03
0000630   4.9524E+04 -2.1613E+04  4.2986E+03
0000631   3.2060E+04  2.2794E+04 -4.9874E+01
0000632   2.4585E+04 -2.9909E+03 -1.6721E+04
0000633   3.4694E+04  1.2510E+04  1.8374E+04
0000634   9.4919E+04 -2.1315E+02  6.7875E+03
0000635   1.9985E+04  1.5849E+04  2.1232E+04
0000636   2.4142E+04 -2.0902E+04 -1.3871E+03
0000637   1.7301E+04 -5.9362E+03  2.2430E+03
0000638   1.0047E+05  4.5984E+03 -3.0643E+03
0000639   3.4487E+04  2.8789E+04 -1.3831E+03
0000640   3.7028E+04 -8.4861E+03  1.1377E+04
0000641   3.4160E+04 -2.5443E+04  1.8898E+03
0000642   5.1468E+04 -1.7862E+04 -2.3897E+03
0000643   5.2730E+04  2.1657E+03 -1.1291E+04
0000644   3.8136E+04 -2.0355E+04 -1.8547E+04
0000645   3.9048E+04 -1.0689E+04  8.9224E+03
0000646   7.8796E+04 -3.8660E+04 -3.9002E+04
0000647   2.2536E+03  6.4461E+03  3.7650E+03
0000648   9.4807E+03  8.4754E+03  1.2402E+04
0000649   2.1015E+04  6.0787E+03 -3.9527E+04
0000650   4.0868E+04  1.9366E+04  1.6583E+04
0000651   5.2132E+04  9.8862E+03 -9.9351E+01
0000652   1.3821E+04  1.5829E+03  5.6089E+03
0000653   7.2966E+04  4.2064E+04 -5.1434E+03
0000654   2.2326E+04 -7.9078E+03  2.2438E+03
0000655   4.7237E+04  1.0609E+04 -3.3020E+04
0000656   7.0812E+04 -1.8870E+04 -1.0216E+04
0000657   8.3570E+04 -4.2492E+04 -6.0899E+03
0000658   2.4336E+04  9.3308E+03  3.0549E+03
0000659   5.2967E+04  1.9959E+04 -1.1117E+04
0000660   3.6575E+04  1.9784E+04  4.2677E+03
0000661   7.7340E+04 -6.6764E+03  6.0274E+03
0000662   4.5141E+04  1.1539E+04 -8.7374E+03
0000663   9.1153E+04  1.0281E+01 -3.2173E+04
0000664   3.5172E+04  8.3855E+03  7.4614E+03
0000665   6.9193E+04  4.1122E+03  7.5220E+03
0000666   5.7083E+04 -1.8635E+03  6.5454E+03
0000667   2.5996E+04 -7.1807E+03  7.3521E+03
0000668   1.0692E+04 -2.1251E+04 -4.8618E+03
0000669   1.3490E+05  2.6978E+04 -1.9463E+04
0000670   2.5355E+04 -3.9139E+03  2.2306E+02
0000671   9.5514E+04 -1.1686E+04 -3.8412E+04
0000672   3.2550E+04 -1.1059E+04 -4.0109E+03
0000673   5.5774E+04  3.6851E+02  1.4137E+04
0000674   2.9534E+04 -2.7096E+04  1.0072E+04
0000675   2.3372E+04  1.4802E+03  1.1465E+04
0000676   7.3597E+04 -2.8789E+04 -1.0903E+04
0000677   3.8552E+04  2.4928E+03 -1.2410E+04
0000678   1.8391E+04 -9.4874E+03 -1.0205E+04
0000679   7.2949E+04  2.5267E+04 -8.2970E+03
0000680   6.9456E+04  2.1694E+04  2.1073E+04
0000681   5.1330E+04 -2.8187E+04  2.0657E+04
0000682   5.0300E+04  2.1169E+04  7.7873E+03
0000683   4.1602E+04  5.8584E+03 -6.3134E+03
0000684   1.0589E+04 -1.9931E+04  3.5450E+04
0000685   1.5458E+04  1.2006E+04 -7.1209E+02
0000686   3.5196E+04  3.4130E+03 -1.8962E+03
0000687   7.1047E+04 -2.3672E+04  2.6454E+04
0000688   6.6488E+04  2.7150E+04 -2.6353E+04
0000689   2.0343E+04  5.4270E+03 -1.2335E+04
0000690   1.5912E+04 -1.2528E+04 -1.8311E+04
0000691   3.7160E+04  1.3715E+04 -1.4639E+04
0000692   7.7555E+03  3.3081E+02  2.5989E+03
0000693   2.0183E+04 -6.2493E+03  7.2106E+03
0000694   2.4521E+04  2.0829E+04  1.6068E+04
0000695   5.3204E+04 -2.3678E+04 -4.4490E+03
0000696   4.4284E+04  1.8265E+04 -1.6408E+04
0000697   3.2742E+04 -1.7910E+04  1.2789E+04
0000698   5.6968E+04  1.2512E+04 -6.6807E+04
0000699   3.1388E+04  2.1572E+04 -3.6407E+04
0000700   5.1694E+04 -2.3547E+04 -6.9426E+03
0000701   4.1200E+04  1.0046E+03 -1.4377E+04
0000702   1.1417E+04 -6.4186E+03  1.1336E+04
0000703   2.0702E+04 -6.8527E+03 -7.3452E+03
0000704   2.3709E+04  1.0446E+04 -1.9437E+03
0000705   2.3678E+04 -1.4722E+04 -7.3694E+03
0000706   3.1976E+04 -3.6671E+04 -8.4433E+03
0000707   2.5123E+04  1.9918E+04 -1.4561E+04
0000708   7.7640E+04 -1.5051E+04  2.4223E+04
0000709   6.2713E+03 -1.7891E+02 -9.4910E+03
0000710   2.1431E+04  3.5134E+04 -3.5703E+04
0000711   5.2130E+04  4.6974E+03  9.9302E+03
0000712   5.3740E+04  1.5327E+04 -2.4101E+04
0000713   7.3554E+04 -3.9469E+03 -1.1141E+04
0000714   3.9952E+04 -1.0365E+04  2.9242E+04
0000715   3.0848E+04 -7.2250E+03  1.4049E+04
0000716   3.0780E+04 -1.2743E+04 -4.8780E+03
0000717   5.7715E+04  2.8008E+04  9.1079E+03
0000718   4.9736E+04  1.9243E+04  5.1826E+04
0000719   1.1806E+04 -1.2698E+04 -6.8623E+00
0000720   1.9224E+04  2.6469E+02 -1.3691E+03
0000721   4.4769E+04 -3.3120E+04  1.2642E+04
0000722   3.6741E+04  9.2812E+02 -2.6880E+04
0000723   5.1586E+03  2.4612E+04  1.3678E+04
0000724   2.5991E+04 -2.9216E+04 -1.3117E+03
0000725   4.1986E+04  2.3859E+04  1.0753E+04
0000726   4.9383E+04 -1.9878E+04 -3.3156E+03
0000727   5.6200E+04  1.6466E+04 -2.1746E+04
0000728   5.7318E+04  1.9474E+04  2.4224E+04
0000729   9.7830E+03 -1.1014E+03 -4.7535E+03
0000730   2.2199E+04 -8.8719E+02  1.4072E+04
0000731   6.2722E+03 -2.1202E+03 -1.0216E+04
0000732   6.5425E+04  1.4655E+04  1.9207E+04
0000733   1.1362E+04  4.0121E+03  7.3178E+03
0000734   5.9277E+04 -4.3471E+03 -1.6023E+03
0000735   2.8442E+04 -3.0219E+04  1.1000E+03
0000736   3.2851E+04 -3.4090E+04 -1.9858E+04
0000737   1.1905E+03 -4.5196E+03  1.9357E+04
0000738   3.1631E+04  1.0117E+04  1.9564E+04
0000739   5.1090E+04 -1.5177E+04  4.7446E+04
0000740   1.0422E+04  6.1513E+03 -8.1989E+03
0000741   3.2601E+04  1.0281E+04 -1.1365E+04
0000742   7.3001E+04  2.8443E+04 -2.4627E+04
0000743   2.3651E+04  4.6493E+04  2.5015E+04
0000744   3.2984E+04 -2.7942E+04 -5.5114E+03
0000745   7.1222E+04 -1.9922E+04  3.7701E+03
0000746   6.2247E+03  7.5133E+03 -4.4297E+03
0000747   2.3112E+04  1.1876E+03  9.3861E+03
0000748   5.9342E+04  2.8954E+03  3.3323E+04
0000749   4.5523E+04 -5.4531E+03  3.0802E+04
0000750   8.9256E+04  3.8786E+04  8.7381E+02
0000751   1.3545E+04  1.2120E+04  5.4672E+03
0000752   5.4560E+03 -8.9144E+03 -1.6118E+04
0000753   4.8263E+03  2.9551E+04  1.7095E+04
0000754   1.9510E+04 -3.8564E+03  1.0439E+04
0000755   2.4163E+04  3.2202E+04 -1.0235E+04
0000756   5.0577E+04 -5.9449E+03  7.3985E+03
0000757   9.4768E+04  2.9159E+04  7.2095E+03
0000758   3.2400E+04  2.5294E+04 -1.1687E+03
0000759   4.5143E+04 -1.9726E+03 -2.6913E+03
0000760   4.4417E+04 -8.7438E+03  9.5133E+03
0000761   1.3133E+04 -8.8069E+03  4.9482E+03
0000762   1.2555E+04 -1.5597E+03  4.4805E+02
0000763   5.5845E+04  1.0061E+04 -2.4086E+04
0000764   5.6580E+04  1.4354E+04  2.5557E+04
0000765   7.0668E+04 -1.2071E+04 -8.7732E+03
0000766   1.0438E+04 -7.2632E+03 -1.0849E+04
0000767   5.5575E+04 -2.4553E+04  2.2462E+04
0000768   4.9479E+04  4.2676E+04  1.6656E+04
0000769   7.3414E+04  1.8928E+03 -3.4280E+03
0000770   3.4287E+04 -1.4219E+04  8.6754E+03
0000771   5.8396E+04  5.9111E+01  1.6930E+04
0000772   4.3097E+04  2.7199E+04 -1.4842E+04
0000773   4.9741E+04 -7.0133E+03 -2.6292E+04
0000774   7.0358E+04 -1.0830E+04  4.3046E+03
0000775   8.5708E+04  1.1876E+04  1.0493E+04
0000776   4.2393E+04 -1.5103E+04 -1.2107E+04
0000777   3.4642E+04  2.4643E+04 -2.3900E+04
0000778   2.2032E+04  1.2314E+04  1.2448E+04
0000779   6.7056E+04 -2.3586E+04 -3.3166E+03
0000780   1.5485E+04 -5.8186E+03 -8.9068E+03
0000781   5.8869E+04 -1.3545E+04  9.7612E+03
0000782   8.8696E+03 -1.3166E+04 -2.1136E+03
0000783   6.4969E+04 -1.2753E+04  2.5352E+03
0000784   5.3311E+04 -1.6195E+04  1.9784E+04
0000785   7.0083E+04 -1.1745E+04 -7.6298E+03
0000786   6.5667E+04  2.5161E+04 -4.2784E+03
0000787   2.0054E+04  1.3580E+03  1.8259E+03
0000788   4.9921E+04  5.0438E+02 -1.1483E+04
0000789   5.9600E+04  1.1088E+04  1.3386E+04
0000790   5.1676E+04 -2.1780E+04 -1.1949E+04
0000791   4.1246E+04  1.9248E+04  2.4365E+04
0000792   6.5785E+04 -1.1660E+04 -1.2691E+04
0000793   2.4459E+04 -1.7614E+04 -1.4084E+04
0000794   6.8291E+04 -2.6220E+04  4.9531E+04
0000795   3.5791E+04  2.0324E+03  8.0715E+01
0000796   4.4062E+04 -9.4308E+03 -3.7330E+03
0000797   4.5091E+04 -3.3881E+04  1.4925E+03
0000798   5.1280E+04  1.4521E+04 -5.0392E+03
0000799   2.6429E+04 -6.7864E+03  1.1895E+04
0000800   2.2492E+04  8.2032E+03 -2.0326E+04
0000801   4.6675E+04  1.4862E+04  1.5816E+04
0000802   4.6074E+04 -2.9210E+04 -9.0866E+03
0000803   3.2753E+04 -2.7098E+04 -9.4775E+03
0000804   7.9611E+04  1.0609E+03 -1.4667E+04
0000805   2.8437E+04 -1.7849E+04 -3.4094E+04
0000806   3.5292E+04  3.7455E+04  9.9769E+03
0000807   3.4967E+04  3.6217E+03 -1.2942E+04
0000808   5.4711E+04 -1.8120E+04 -9.6038E+03
0000809   3.3751E+04  8.1447E+03  2.3673E+04
0000810   6.0644E+04 -3.6467E+04  8.8024E+03
0000811   1.2253E+04  1.8262E+04  4.3027E+03
0000812   5.0397E+04 -2.0632E+03 -1.7897E+04
0000813   3.0272E+04 -4.3018E+02  1.6677E+03
0000814   7.8762E+04 -2.3527E+04  4.9033E+03
0000815   6.8397E+04 -3.9903E+04  2.8594E+04
0000816   6.7656E+04 -1.6019E+04 -5.5211E+03
0000817   2.1784E+04  3.0567E+04 -1.7206E+04
0000818   2.2852E+04 -1.6759E+04  1.4308E+04
0000819   4.7865E+04  3.3497E+03  2.6271E+04
0000820   7.6992E+04 -2.8935E+01  1.3197E+04
0000821   3.0160E+04 -7.7679E+03  1.2129E+04
0000822   4.1604E+04 -3.7944E+03 -2.1591E+03
0000823   3.8810E+04  2.4731E+03 -1.1754E+04
0000824   4.2745E+04  2.1334E+04 -1.6473E+04
0000825   1.3971E+03  5.7899E+03 -9.7017E+03
0000826   4.6305E+04 -8.4294E+03  4.3378E+04
0000827   8.4371E+04 -7.3622E+03 -4.6504E+04
0000828   3.6917E+04 -2.1946E+04  9.6480E+02
0000829   7.3428E+04  3.8994E+03  1.5352E+04
0000830   4.8452E+04  1.0658E+04  2.3063E+04
0000831   4.2203E+04  2.0346E+04  9.1185E+03
0000832   3.4073E+04 -2.8741E+04  1.4028E+04
0000833   7.3508E+04  3.3088E+04 -3.5356E+04
0000834   2.7479E+04 -1.1876E+03 -2.1526E+04
0000835   8.3717E+04 -1.3212E+04  2.7788E+04
0000836   3.4332E+04 -1.9727E+04  1.4953E+04
0000837   1.8134E+04  1.7916E+04  8.7225E+03
0000838   2.5236E+04  2.4213E+04  3.1072E+04
0000839   1.0532E+04 -8.5759E+03  4.2015E+04
0000840   5.5883E+04 -2.9223E+02  1.0066E+04
0000841   4.5105E+04 -3.6018E+03 -7.0516E+02
0000842   6.3781E+04  1.4715E+04  1.2859E+04
0000843   2.9235E+04  7.2503E+03  1.3034E+04
0000844   5.1279E+04  2.7536E+04  1.7519E+04
0000845   2.5803E+04  9.3114E+03  2.3863E+04
0000846   3.5057E+04  4.3647E+04  2.4541E+03
0000847   5.0612E+04  1.4745E+03 -2.3001E+04
0000848   3.3110E+04 -7.6851E+03 -1.0214E+03
0000849   3.3263E+04 -1.5758E+04 -1.7212E+04
0000850   3.7934E+04  2.4411E+04  6.0742E+03
0000851   4.8772E+04 -1.3643E+04  1.3734E+04
0000852   3.7546E+04  4.9984E+03 -1.6363E+03
0000853   7.6562E+04  9.9373E+03  1.8119E+03
0000854   6.3032E+04 -8.4480E+03  1.8023E+02
0000855   3.3952E+04 -9.7769E+03 -7.1751E+03
0000856   3.7922E+04  7.8607E+03  9.4371E+03
0000857   3.8088E+04 -1.3826E+04 -2.3819E+03
0000858   5.9498E+04 -3.1266E+04  3.8120E+04
0000859   8.0231E+04 -6.3747E+03 -1.1694E+04
0000860   3.8149E+04 -9.2693E+03 -1.4708E+04
0000861   4.2386E+04 -2.9362E+04 -4.7250E+04
0000862   6.2646E+04  1.9464E+04  2.2329E+04
0000863   4.3283E+04 -8.0219E+03 -1.1177E+04
0000864   5.7954E+04  1.1353E+04  1.8098E+04
0000865   7.2837E+04  2.9744E+04 -9.7205E+03
0000866   1.8858E+04 -3.8979E+04  3.2954E+04
0000867   2.4364E+04 -7.2714E+03  3.6321E+03
0000868   3.9605E+04  3.1493E+02  1.3745E+04
0000869   3.0468E+04  2.4404E+02  5.1047E+03
0000870   2.7345E+04  4.2876E+02  3.0204E+04
0000871   2.2541E+04  1.6235E+04  1.4613E+04
0000872   4.3735E+04  6.6032E+03  1.1243E+04
0000873   1.2674E+04 -9.9571E+03  7.1237E+03
0000874   5.1445E+04  1.7477E+04  3.6807E+04
0000875   5.3536E+04  1.9063E+04  3.0359E+04
0000876   4.7880E+04  1.2489E+04 -1.0977E+04
0000877   5.5311E+04 -4.7966E+04  1.7820E+04
0000878   2.5561E+04  1.7568E+04 -1.4868E+04
0000879   4.7341E+04  8.1848E+03 -2.7978E+03
0000880   4.3657E+04  2.1004E+04 -2.7086E+04
0000881   3.9184E+04  1.2613E+04 -1.3309E+04
0000882   4.9232E+04  3.0002E+04  2.5272E+04
0000883   1.9946E+04 -9.2920E+03 -1.4455E+04
0000884   7.9499E+04  5.6041E+03 -9.5763E+03
0000885   4.8797E+04 -2.6576E+04 -1.0111E+04
0000886   6.6882E+02  4.1560E+03 -1.4213E+04
0000887   5.5408E+04  1.7862E+04  5.6309E+03
0000888   3.2312E+04 -2.6252E+04  3.4330E+04
0000889   6.4073E+04 -2.8270E+03  3.2753E+04
0000890   2.5816E+04  1.1617E+04  1.0817E+03
0000891   3.1216E+04  9.1326E+03  1.1674E+04
0000892   4.7397E+04  1.2261E+04  6.2400E+03
0000893   2.8351E+04 -4.9291E+03 -1.5621E+04
0000894   2.7460E+04  1.9876E+04  1.4339E+04
0000895   6.2442E+04  2.3438E+04 -4.9827E+03
0000896   5.5854E+04  5.5955E+02  4.9189E+03
0000897   8.1120E+04  2.1073E+04  1.0978E+04
0000898   2.4872E+04  6.3033E+03 -1.8096E+03
0000899   1.8412E+04  1.3433E+04 -4.0454E+03
0000900   2.2446E+04  7.6486E+03 -4.0145E+03
0000901   8.0502E+04 -3.9811E+04 -1.0707E+04
0000902   3.0807E+04  9.5606E+03 -1.1574E+04
0000903   5.4386E+04  1.5893E+04 -6.3497E+03
0000904   3.6294E+04 -1.5380E+04  4.6499E+03
0000905   4.8201E+04 -2.5188E+04 -1.2274E+03
0000906   3.3840E+04 -1.7840E+04  3.0017E+04
0000907   1.3318E+04  2.0536E+04 -8.0656E+03
0000908   2.9074E+04 -5.0224E+03 -2.5998E+04
0000909   8.6071E+03  2.2439E+04  8.9020E+03
0000910   6.1219E+04  3.6194E+04  1.2680E+04
0000911   6.3361E+04  1.4175E+04  1.7743E+04
0000912   1.4121E+04 -1.8782E+03 -1.2247E+04
0000913   6.2316E+04 -1.1426E+04  6.6404E+03
0000914   3.0358E+04 -2.8143E+04 -1.4713E+04
0000915   4.7991E+04 -1.2527E+03  3.4121E+03
0000916   3.8145E+04 -2.1681E+04 -1.0408E+03
0000917   4.0198E+04 -8.2898E+03  4.5632E+03
0000918   4.4884E+04  1.0310E+03 -1.0965E+04
0000919   4.5195E+04  1.4507E+04 -3.9775E+03
0000920   4.3961E+04  2.9597E+04  1.1280E+04
0000921   4.7023E+04 -2.6960E+03 -1.4663E+04
0000922   9.4557E+04 -2.2307E+04 -4.8193E+03
0000923   3.4320E+04  2.8192E+04  3.0033E+03
0000924   5.1819E+04 -9.2125E+03  7.2512E+03
0000925   2.2145E+04 -1.9187E+04 -4.7964E+03
0000926   3.7931E+04 -1.9340E+04  1.2146E+04
0000927   2.7460E+04  9.0553E+03 -1.3188E+03
0000928   3.1426E+04 -1.2519E+04 -2.1987E+04
0000929   4.3406E+04 -7.9145E+03 -2.3666E+04
0000930   5.2796E+04 -3.4164E+03  4.8498E+03
0000931   3.4086E+04 -9.0999E+03 -6.5584E+03
0000932   4.6417E+04  1.0041E+04 -1.6983E+04
0000933   4.8209E+04  1.1754E+04  1.0772E+04
0000934   2.3887E+04 -6.1272E+03  9.5915E+03
0000935   5.9891E+04  8.1923E+03 -2.4738E+03
0000936   5.2911E+04 -1.3534E+04  2.0686E+03
0000937   7.2660E+04  2.8549E+03  3.2475E+04
0000938   6.1344E+04 -6.3732E+03 -2.1610E+04
0000939   4.3744E+04  2.7656E+04  3.1532E+04
0000940   2.1223E+04 -1.2186E+04  6.9141E+03
0000941   4.4187E+04 -2.1589E+04 -2.5937E+04
0000942   4.8141E+04  2.2921E+04  1.8313E+04
0000943   1.9714E+04  2.2400E+03  7.7005E+03
0000944   3.4235E+04  3.2010E+03  2.8302E+03
0000945   3.1742E+04  9.9403E+03  8.8628E+03
0000946   8.6410E+03 -1.6283E+03  6.2107E+03
0000947   4.0671E+04 -8.4428E+02 -7.6220E+03
0000948   6.7476E+04 -1.6230E+04 -8.2289E+03
0000949   4.3783E+04 -2.1068E+04 -1.4601E+04
0000950   3.2437E+04 -1.9228E+04 -4.3182E+03
0000951   9.6348E+03 -4.3383E+03 -8.0852E+03
0000952   1.0414E+04 -1.3730E+04  6.5406E+03
0000953   3.5793E+04  1.3532E+03 -2.7693E+03
0000954   4.6051E+04 -2.0054E+04 -1.4223E+04
0000955   4.5188E+04  2.2870E+04 -1.6173E+04
0000956   6.0802E+03  1.2439E+04 -3.9761E+04
0000957   3.2401E+04  1.8772E+04  2.3661E+04
0000958   6.0793E+04  1.7928E+03 -3.6142E+04
0000959   4.0547E+04 -1.6085E+04  4.1401E+03
0000960   2.1645E+03  1.8986E+04 -2.2301E+04
0000961   6.9274E+04 -4.4966E+03  2.3280E+03
0000962   8.5013E+04  4.8058E+03 -1.5365E+04
0000963   4.3146E+04  7.8581E+03  4.3704E+04
0000964   2.5958E+04  2.6590E+04  2.1953E+04
0000965   4.1702E+04 -9.3182E+03  3.5361E+03
0000966   4.4679E+04  2.8306E+04 -1.7740E+04
0000967   5.9366E+04  1.9125E+04  6.8559E+03
0000968   5.3558E+04 -1.7663E+04 -4.0230E+04
0000969   3.9346E+04  9.3214E+03 -1.0078E+04
0000970   1.8765E+04 -1.4784E+04  1.6087E+04
0000971   4.8594E+04 -5.8525E+03  1.1819E+04
0000972   9.6620E+04 -1.2452E+04  1.5178E+04
0000973   5.0510E+04  1.3388E+04  3.5728E+04
0000974   4.7252E+04  1.1817E+04  5.5300E+03
0000975   6.2238E+04 -7.9998E+03 -7.7263E+03
0000976   6.0154E+04 -4.0054E+04 -2.2293E+04
0000977   2.8422E+04  1.2181E+03 -2.7188E+03
0000978   6.6019E+04  2.5174E+04 -2.7524E+04
0000979   9.9690E+03  6.1418E+03 -2.0051E+04
0000980   3.6660E+04  6.2067E+03  1.1122E+04
0000981   7.4553E+04  1.6967E+04 -1.6967E+04
0000982   3.4786E+04  5.6880E+03 -1.5438E+04
0000983   4.2082E+04 -7.7143E+02 -8.9252E+03
0000984   5.7801E+04  3.0585E+04  2.6101E+04
0000985   1.1221E+04 -8.6338E+03 -3.0914E+04
0000986   2.7650E+04 -3.3432E+04  1.1882E+04
0000987   6.2930E+04 -1.3876E+04  1.8886E+03
0000988   3.5835E+04 -4.9955E+03 -6.4556E+03
0000989   3.7615E+04  1.3196E+04  9.9007E+03
0000990   3.6498E+04  1.4485E+04  5.9508E+02
0000991   7.4657E+04  1.1582E+03 -1.8441E+04
0000992   2.4638E+04 -4.8404E+02 -1.6274E+04
0000993   3.6258E+04  2.4424E+04  7.2059E+03
0000994   8.6759E+03 -9.1386E+03  1.3326E+02
0000995   2.5581E+04 -1.4614E+04 -1.7170E+04
0000996   2.7962E+04  2.4647E+04  4.1171E+03
0000997   2.8720E+04  1.7827E+04  1.5191E+04
0000998   2.1846E+04 -9.9015E+03 -2.7722E+03
0000999   5.0889E+04  5.2063E+04 -8.2134E+03
0001000   6.2059E+04 -2.9653E+04 -3.1435E+03
