============================== SRIM-2013.00 ==============================
==============================================================================
====== SRIM Outputs\RANGE_3D.txt : File of Final Ion Positions =====

Ion = Ar (18)   Ion Mass= 039.9620
Energy  = 4291934.E-04 keV
Ion Angle to Surface = 00.0 degrees
==================== TARGET =======================
  Layer # 1 - Layer 1
  Layer # 1 - Bottom Depth=500000.E+02 A
  Layer # 1 - Density =0000.0125 g/cm3
  Layer # 1 -  100 % of Ar
様様様様様様様様様様様様様様様様様様様様様様様様様様
                                            
Ion       Depth  X   Lateral Y   Lateral Z  
Number    (Angstrom) (Angstrom)  (Angstrom) 
-------  ----------- ----------- -----------
0000001   1.6399E+06 -6.5687E+05  7.0845E+05
0000002   1.3804E+06 -6.5829E+05 -4.1281E+05
0000003   8.5027E+05  5.5862E+05  5.4923E+04
0000004   8.5841E+05  3.8759E+05 -1.8916E+05
0000005   1.0641E+06  1.0208E+05 -5.6751E+05
0000006   1.5754E+06 -4.0302E+05  2.0707E+05
0000007   1.1065E+06 -3.4061E+04  6.8846E+04
0000008   1.2457E+06  1.3870E+05 -1.5277E+05
0000009   8.7853E+05  1.0343E+05  1.2124E+05
0000010   1.0773E+06  7.9229E+05  1.9959E+05
0000011   1.1623E+06 -4.7544E+04 -2.7353E+05
0000012   1.7430E+06 -4.2009E+05  7.5459E+05
0000013   1.5646E+06 -5.6936E+05  3.4884E+05
0000014   1.6178E+06  2.2712E+05 -1.3309E+05
0000015   1.5882E+06  4.0953E+05 -2.3785E+05
0000016   1.1765E+06 -3.8594E+05 -1.2499E+04
0000017   1.2485E+06 -1.2446E+05  2.9198E+05
0000018   1.2576E+06 -1.4235E+05  3.8651E+05
0000019   1.3545E+06  2.5551E+05 -5.9863E+05
0000020   1.5970E+06 -5.6544E+05 -7.0630E+05
0000021   1.0592E+06 -3.5588E+05 -8.3299E+03
0000022   1.3400E+05  2.3079E+04  6.6880E+05
0000023   1.4788E+06 -3.3069E+04 -6.4350E+05
0000024   1.2510E+06 -7.6668E+05  1.0717E+06
0000025   1.4083E+06  9.4608E+05 -2.3212E+05
0000026   9.7760E+05 -9.1573E+04  8.5911E+04
0000027   9.5782E+05 -2.0973E+05 -2.9887E+05
0000028   1.0350E+06 -5.1265E+05 -2.9687E+05
0000029   1.0715E+06  3.0521E+05  1.6625E+05
0000030   1.2856E+06  4.9707E+05  1.3941E+05
0000031   1.5594E+06  2.3931E+05  5.0929E+05
0000032   7.4905E+05  1.4803E+05 -4.1755E+05
0000033   1.0283E+06 -1.7026E+05  3.9851E+05
0000034   7.2463E+05 -2.5827E+05  4.0971E+04
0000035   1.3210E+06 -5.3612E+05  1.6145E+05
0000036   1.5832E+06 -5.5646E+05  4.5655E+04
0000037   1.5942E+06  2.7874E+05 -1.0932E+05
0000038   1.8387E+06  1.6147E+05 -2.2578E+04
0000039   1.3152E+06  4.1803E+05  6.3075E+05
0000040   1.5988E+06  1.2965E+05  3.2030E+05
0000041   1.4920E+06 -1.9035E+05 -4.4244E+05
0000042   1.2936E+06  7.2594E+05  1.6588E+05
0000043   1.2457E+06 -2.0754E+05  5.0468E+05
0000044   7.3145E+05  1.3449E+05  2.0633E+05
0000045   8.0494E+05 -2.0027E+05  3.8073E+05
0000046   9.8149E+05  2.4612E+04 -9.7013E+04
0000047   1.3062E+06 -1.7469E+05 -2.9824E+05
0000048   1.2706E+06 -3.3637E+05 -4.6886E+04
0000049   1.2808E+06  5.7809E+05  2.3785E+05
0000050   1.4011E+06  1.2783E+05 -3.4838E+05
0000051   1.2209E+06 -5.2712E+04 -7.0590E+05
0000052   9.0406E+05 -8.3108E+04 -4.9087E+05
0000053   6.3586E+05 -2.4284E+05  1.3046E+05
0000054   1.3910E+06  3.7819E+05 -5.2620E+04
0000055   1.4589E+06 -1.9820E+04 -4.3578E+04
0000056   1.7539E+06 -3.4594E+05 -1.4582E+05
0000057   6.7774E+05 -4.8724E+05 -3.2336E+05
0000058   3.2343E+05  1.1194E+05  5.3884E+04
0000059   1.1687E+06  5.1200E+04  2.3986E+05
0000060   7.4284E+05 -3.6849E+05 -3.2458E+05
0000061   1.7919E+06  1.3343E+05 -7.2227E+04
0000062   9.7550E+05 -3.2047E+05  3.4126E+05
0000063   1.7368E+06  1.2454E+05  6.6908E+04
0000064   1.2760E+06  4.3200E+05  3.8258E+05
0000065   1.4433E+06 -4.8921E+05  7.8242E+04
0000066   1.1623E+06 -3.9238E+05  1.2674E+05
0000067   7.6708E+05 -5.0418E+04  6.5015E+03
0000068   1.8749E+06 -2.9913E+05  3.2882E+04
0000069   9.5120E+05 -4.6709E+05 -2.2746E+03
0000070   1.0951E+06  4.7973E+05 -9.6563E+04
0000071   1.5258E+06  2.4949E+05 -2.4632E+05
0000072   1.4334E+06  5.6672E+05  2.2139E+05
0000073   1.0166E+06  5.7657E+05 -1.4141E+05
0000074   7.9875E+05 -6.9297E+05  4.5039E+05
0000075   1.3850E+06 -1.2429E+06  5.1477E+05
0000076   1.1630E+06  7.7262E+05 -1.2024E+05
0000077   8.9162E+05  3.1059E+05 -2.9770E+05
0000078   1.1078E+06 -1.3786E+05  9.4961E+05
0000079   1.0325E+06  6.5574E+05 -3.8806E+04
0000080   1.0933E+06 -1.7002E+05 -8.6998E+05
0000081   1.3125E+06 -6.1178E+04  2.9435E+04
0000082   1.0337E+06  2.1720E+05 -1.5468E+05
0000083   1.2521E+06  2.1809E+05 -5.2940E+05
0000084   8.6272E+05 -4.6649E+05 -1.1677E+05
0000085   1.2374E+06  2.4711E+05  2.3519E+05
0000086   9.8220E+05 -3.2632E+04 -8.7897E+04
0000087   1.7130E+06  6.2008E+05  1.6596E+05
0000088   1.4873E+06 -4.6331E+04  4.3215E+05
0000089   1.2344E+06 -4.5071E+05  4.0040E+05
0000090   1.1015E+06 -4.7983E+05  1.5157E+05
0000091   8.8859E+05 -6.8787E+05 -4.6633E+05
0000092   1.3840E+06  8.2299E+05  1.6529E+05
0000093   1.4068E+06 -2.6143E+05 -4.6717E+04
0000094   7.1852E+05  1.3515E+05 -8.0190E+05
0000095   1.5747E+06 -2.7930E+05  3.9731E+05
0000096   1.4470E+06  3.1175E+05 -1.3858E+05
0000097   1.3100E+06 -5.8674E+05 -8.0251E+03
0000098   1.2592E+06  4.0904E+05  6.1015E+05
0000099   1.0067E+06 -2.9208E+05 -3.5586E+05
0000100   1.4188E+06 -5.8051E+05  2.7981E+05
0000101   1.3500E+06 -1.2750E+05  6.5732E+05
0000102   7.6051E+05 -1.2825E+05  8.5150E+05
0000103   1.3838E+06  3.3749E+04 -2.5919E+05
0000104   1.5685E+06  1.2709E+05 -1.9310E+05
0000105   7.1507E+05 -2.7321E+04  2.6702E+05
0000106   1.2066E+06  6.6991E+04 -7.5373E+03
0000107   1.4423E+06  4.7164E+05 -9.4672E+03
0000108   1.2872E+06  3.7676E+05  4.3259E+05
0000109   9.3271E+05  5.6707E+05 -3.7106E+05
0000110   1.1039E+06 -2.5856E+05 -3.7761E+05
0000111   1.5550E+06 -9.0837E+04 -2.3161E+04
0000112   1.7064E+06  4.6857E+05  9.6944E+04
0000113   1.5798E+06 -2.6671E+05 -3.0903E+05
0000114   1.3986E+06  2.9440E+05 -5.4033E+04
0000115   1.0169E+06 -8.4044E+05  1.9825E+04
0000116   1.0741E+06  4.8305E+05 -2.0259E+05
0000117   1.1998E+06 -5.7847E+05 -3.2477E+05
0000118   1.5495E+06 -4.8513E+04  4.2607E+05
0000119   1.6114E+06  1.6218E+05  3.2563E+05
0000120   1.2396E+06  4.7958E+05  3.3117E+05
0000121   1.8101E+06 -2.4255E+05  4.1246E+05
0000122   1.1504E+06 -3.6582E+05 -1.9350E+05
0000123   1.4173E+06 -2.8232E+05  3.5712E+05
0000124   1.5732E+06  2.6269E+05 -5.6717E+04
0000125   7.3392E+05 -2.0801E+05  1.4382E+05
0000126   1.3178E+06 -1.8419E+05  5.3193E+05
0000127   1.5572E+06  2.0783E+05  1.4977E+05
0000128   6.8681E+05  3.0493E+05  2.9007E+05
0000129   1.3850E+06  4.8643E+05  3.9271E+05
0000130   1.0515E+06 -3.4113E+04 -4.9419E+05
0000131   4.7719E+05 -1.7034E+05 -5.0830E+05
0000132   1.4204E+06 -1.8905E+04 -3.0329E+05
0000133   1.6438E+06  6.0633E+05 -3.9533E+05
0000134   1.4955E+06 -1.7927E+03 -2.9631E+05
0000135   5.4145E+05  1.7753E+05 -2.8797E+05
0000136   1.8820E+06  7.4485E+04  5.1467E+05
0000137   8.6685E+05  2.8968E+05 -6.0089E+04
0000138   9.9652E+05 -2.0108E+05  9.9511E+05
0000139   1.3029E+06  6.4478E+05 -1.4450E+05
0000140   1.0393E+06  4.9416E+05  8.4745E+04
0000141   8.8486E+05  7.5016E+04 -7.1703E+05
0000142   1.6094E+06  2.6722E+05  3.5059E+04
0000143   7.8405E+05  1.0437E+06  8.7879E+04
0000144   1.0033E+06  2.8144E+03  7.7770E+05
0000145   1.8098E+06  8.3922E+04 -3.2355E+05
0000146   4.8880E+05  2.2825E+04  3.6626E+05
0000147   1.1489E+06  2.7251E+05  2.6030E+05
0000148   6.7675E+05  2.7698E+05  3.7345E+05
0000149   1.1572E+06 -7.8636E+05 -6.2036E+05
0000150   1.5952E+06  6.6141E+05  2.3571E+05
0000151   1.2367E+06  4.0804E+05  4.5283E+05
0000152   1.2300E+06 -4.7473E+05 -1.0300E+06
0000153   1.0976E+06  8.5510E+05 -4.3879E+05
0000154   8.2579E+05 -3.4784E+05  2.4550E+05
0000155   7.6851E+05 -4.2118E+05  6.1584E+04
0000156   1.6136E+06  2.2982E+05  3.5490E+05
0000157   6.2954E+05 -7.5330E+04 -2.1474E+04
0000158   1.2101E+06 -1.0714E+05  4.4769E+05
0000159   1.7324E+06  2.2586E+05  7.1681E+05
0000160   1.8817E+06 -1.2630E+05  9.0657E+04
0000161   8.6155E+05  1.0916E+05 -1.1452E+06
0000162   1.1862E+06  2.8402E+05  2.2361E+04
0000163   1.2856E+06  2.8174E+05 -1.4926E+05
0000164   1.2422E+06  5.2738E+05 -2.0698E+05
0000165   1.3642E+06  3.4229E+05  2.2658E+05
0000166   7.7407E+05  2.8165E+05 -4.5571E+04
0000167   9.8923E+05  3.9001E+05 -8.4139E+05
0000168   5.1093E+05 -5.1346E+05  5.3063E+05
0000169   1.1963E+06  1.3933E+05  3.4684E+05
0000170   1.5319E+06 -2.3410E+05  6.6313E+05
0000171   8.4633E+05  3.9992E+05 -2.2722E+05
0000172   1.1046E+06 -1.6508E+05 -3.2493E+05
0000173   1.5642E+06 -5.9321E+04 -3.6429E+05
0000174   1.4183E+06  4.9509E+05  1.4585E+05
0000175   6.8116E+05  3.3944E+04  2.4503E+04
0000176   5.1462E+05 -1.3428E+05 -1.2391E+04
0000177   8.9258E+05 -3.9296E+05 -2.5067E+05
0000178   1.1356E+06  5.0507E+05  2.1658E+05
0000179   1.0145E+06 -3.9598E+05 -7.6372E+05
0000180   1.1650E+06  5.5389E+05 -4.0101E+05
0000181   1.6829E+06 -4.1027E+05  5.6639E+05
0000182   9.9635E+05 -3.1599E+05  1.9152E+05
0000183   7.1560E+05  2.3649E+05  3.1822E+05
0000184   1.4891E+06 -6.1673E+04 -2.3306E+04
0000185   2.1530E+06 -4.8384E+05  2.2714E+05
0000186   1.1696E+06 -6.2090E+04 -1.7875E+04
0000187   1.3170E+06 -2.4229E+05 -1.5240E+05
0000188   1.6050E+06 -3.8529E+05  6.0402E+04
0000189   1.0888E+06 -2.8182E+05 -3.2981E+05
0000190   1.9269E+06 -1.8843E+05  3.7799E+05
0000191   1.5421E+06  4.5816E+05 -3.4555E+04
0000192   8.5571E+05 -3.0182E+05 -1.0451E+06
0000193   1.0394E+06 -2.3785E+05 -2.2585E+05
0000194   1.9247E+06  4.4787E+05 -5.1779E+05
0000195   1.1616E+06  1.0421E+05 -1.0545E+05
0000196   1.5300E+06  6.2248E+05 -1.9931E+05
0000197   1.1433E+06 -1.7770E+05 -8.2933E+04
0000198   1.7231E+06  3.4999E+04  4.9357E+05
0000199   1.7698E+06  1.2193E+05  5.8857E+05
0000200   1.1233E+06  5.4835E+05  5.7296E+05
0000201   1.1913E+06 -3.4845E+05  1.6825E+04
0000202   1.0501E+06  7.9504E+05  7.3328E+03
0000203   9.2832E+05 -3.7017E+05 -7.4063E+03
0000204   1.5815E+06  9.0421E+04  3.9945E+05
0000205   1.3050E+06 -1.3606E+05 -1.0102E+05
0000206   1.0791E+06 -5.3779E+05  5.0205E+04
0000207   8.6579E+05 -1.6573E+05 -1.0118E+05
0000208   1.4740E+06  6.0097E+05  2.5545E+05
0000209   1.3156E+06  2.1800E+05  7.6053E+04
0000210   1.1990E+06  6.1471E+05  6.7097E+05
0000211   1.7808E+06  3.1980E+05 -4.2445E+03
0000212   9.0821E+05 -2.6808E+05 -6.1781E+05
0000213   6.0337E+05 -3.1668E+04 -1.4574E+05
0000214   1.3734E+06 -8.5691E+04  3.6491E+05
0000215   7.3521E+05  7.1353E+05  2.1814E+04
0000216   1.2574E+06  9.0332E+04 -1.3878E+05
0000217   1.3124E+06 -1.6210E+05  4.5828E+04
0000218   1.6377E+06 -4.7109E+05  1.1939E+05
0000219   1.5151E+06 -4.7179E+05 -6.9033E+05
0000220   1.4796E+06  5.9913E+04 -1.3923E+05
0000221   1.0676E+06 -4.0142E+05  1.8384E+05
0000222   1.3373E+06  2.1705E+05 -3.8905E+04
0000223   6.9013E+05  1.5284E+04 -3.6649E+05
0000224   1.3434E+06 -4.6158E+05  2.5710E+05
0000225   8.0022E+05  1.7516E+05 -3.0755E+05
0000226   6.6820E+05  6.5660E+04 -1.2602E+05
0000227   6.6137E+05 -8.1595E+04 -3.6820E+05
0000228   2.0679E+06 -5.0226E+05  1.4665E+05
0000229   1.0384E+06 -7.5956E+04  3.7378E+05
0000230   1.6472E+06 -7.8106E+05  1.1602E+05
0000231   1.5471E+06  1.0599E+05 -2.5368E+05
0000232   1.0665E+06  4.5000E+05  1.4776E+05
0000233   3.2125E+05  8.9221E+03  3.1815E+05
0000234   9.8768E+05 -1.1887E+05 -4.6900E+05
0000235   9.1333E+05 -6.6818E+05  3.6261E+05
0000236   1.6881E+06 -3.1749E+05  7.7506E+05
0000237   1.2258E+06  1.4309E+05 -1.8005E+05
0000238   7.8211E+05 -7.9805E+04 -3.1747E+04
0000239   1.2183E+06 -2.5858E+05  5.6649E+05
0000240   6.5494E+05 -3.5642E+05 -7.3284E+05
0000241   7.1154E+05  4.7241E+05 -5.5304E+05
0000242   9.1873E+05  3.3785E+05 -5.7333E+04
0000243   8.3538E+05  4.7323E+04  2.2714E+05
0000244   1.3184E+06  2.6072E+04  2.4000E+05
0000245   1.2180E+06 -1.9188E+05 -6.8406E+05
0000246   1.4703E+06  8.7587E+04 -1.2946E+05
0000247   1.2560E+06  2.8237E+05  3.1553E+05
0000248   9.3208E+05  1.7480E+05  5.2328E+05
0000249   1.2375E+06  1.0146E+06 -1.7766E+05
0000250   9.0473E+05  2.5723E+05 -4.2373E+05
0000251   6.5504E+05  8.8960E+05  5.7007E+05
0000252   4.9278E+05  2.0231E+05  4.0851E+05
0000253   1.1095E+06  1.0204E+06 -1.2161E+05
0000254   1.4494E+06  1.6768E+05  5.5963E+04
0000255   9.7361E+05  3.3957E+05  1.5871E+05
0000256   1.6749E+06  2.1356E+05 -7.3321E+05
0000257   1.1414E+06  1.1050E+05  2.8664E+05
0000258   1.3213E+06  3.7470E+05 -4.9765E+05
0000259   1.3232E+06 -6.0773E+03  5.5278E+05
0000260   1.5372E+06  1.4862E+05 -7.6669E+05
0000261   1.7207E+06  7.3728E+05 -3.4019E+05
0000262   1.4746E+06 -3.2102E+05  1.7658E+05
0000263   5.3288E+05  4.8695E+05  6.4188E+05
0000264   9.6688E+05  3.0647E+05  6.7938E+05
0000265   1.9622E+06 -2.2834E+05 -8.4358E+04
0000266   1.6164E+06 -1.1036E+05  6.8159E+05
0000267   1.3217E+06  5.1038E+05 -7.0448E+05
0000268   1.6636E+06  1.6749E+05  1.4172E+05
0000269   1.1199E+06 -2.9285E+05 -1.9672E+05
0000270   1.1409E+06  2.2975E+05  2.5709E+05
0000271   7.5111E+05 -2.4867E+05 -9.9608E+04
0000272   1.1987E+06 -5.7910E+05  1.2282E+05
0000273   1.0071E+06 -2.4095E+05  7.3713E+05
0000274   1.5035E+06 -5.0382E+05 -5.1934E+04
0000275   1.2859E+06 -1.0570E+05  2.0909E+05
0000276   1.2136E+06 -5.7674E+05  1.4300E+05
0000277   1.7211E+06  5.5706E+04  3.6234E+05
0000278   1.1180E+06  5.9773E+05 -5.4647E+05
0000279   1.7105E+06 -4.6373E+05 -3.0292E+05
0000280   6.6740E+05  7.3687E+05 -3.3707E+05
0000281   1.2005E+06  2.0628E+04  5.6507E+05
0000282   1.1172E+06  4.7741E+05 -4.3773E+05
0000283   1.6107E+06 -3.5167E+05  6.1047E+04
0000284   1.1183E+06 -2.2678E+04  3.2415E+04
0000285   1.2044E+06 -4.0694E+05  3.0952E+05
0000286   1.6059E+06  3.6828E+05 -8.6574E+05
0000287   1.4002E+06 -8.2467E+05  1.9484E+05
0000288   1.2594E+06  4.0119E+05  3.6921E+04
0000289   8.7829E+05  2.4673E+05  7.3098E+05
0000290   1.3593E+06  5.7746E+05 -3.3104E+05
0000291   1.0047E+06 -2.5816E+05 -8.4239E+04
0000292   7.7342E+05 -1.9268E+05 -5.4739E+04
0000293   1.2931E+06  1.6098E+05  3.7380E+05
0000294   4.2768E+05 -7.3150E+04 -4.9806E+04
0000295   1.0742E+06 -3.5983E+04 -3.3875E+05
0000296   3.2471E+05 -2.4665E+05 -2.8070E+05
0000297   5.5875E+05  2.2763E+05  8.5327E+05
0000298   1.4658E+06  7.3167E+05 -3.1979E+05
0000299   6.8367E+05 -2.1788E+05 -1.2000E+05
0000300   1.8701E+06  1.5924E+05  3.9991E+05
0000301   9.2328E+05 -1.1511E+05 -1.9782E+05
0000302   9.3676E+05 -4.6865E+05  4.0690E+05
0000303   1.3295E+06  5.2187E+05  1.2519E+05
0000304   1.3246E+06 -1.6399E+05 -2.3145E+05
0000305   9.5536E+05 -1.5085E+05 -4.7594E+04
0000306   1.4545E+06 -4.2076E+05 -8.5795E+04
0000307   1.3428E+06 -2.0390E+05  8.0813E+05
0000308   1.5037E+06 -1.1255E+04  2.1799E+05
0000309   1.5337E+06 -4.7205E+05 -6.1938E+05
0000310   4.9309E+05  1.4433E+05 -4.6489E+05
0000311   1.7201E+06 -5.0615E+05 -5.4709E+05
0000312   1.3336E+06  3.8533E+05  2.9758E+05
0000313   1.2963E+06  1.9515E+05 -3.7318E+05
0000314   1.4447E+06 -3.2101E+05  4.8423E+05
0000315   1.7561E+06  4.7577E+05  2.4392E+05
0000316   1.6156E+06 -4.2392E+05  2.8843E+05
0000317   1.2739E+06  5.1738E+05 -2.1372E+05
0000318   1.6159E+06 -7.0131E+05 -4.2985E+05
0000319   1.4752E+06  3.8689E+04 -4.7882E+05
0000320   1.0198E+06 -3.3162E+04 -2.1195E+05
0000321   8.2754E+05 -3.1022E+05  3.7184E+05
0000322   1.5311E+06  2.7376E+05 -1.9424E+04
0000323   9.5492E+05  3.4483E+05 -4.1724E+05
0000324   1.2472E+06  2.8331E+05  6.6338E+05
0000325   2.5277E+05 -1.5906E+05  1.2557E+05
0000326   1.0997E+06  1.1447E+05 -6.4533E+05
0000327   1.7342E+06  4.4130E+05  2.1224E+04
0000328   1.1375E+06  2.5862E+05  1.6004E+05
0000329   1.4207E+06 -1.3047E+05  1.3119E+05
0000330   1.6055E+06  2.7146E+05  4.0657E+05
0000331   1.4978E+06 -4.1167E+05  9.1183E+04
0000332   1.7086E+06  3.0587E+05  9.5108E+04
0000333   1.2631E+06  2.6656E+05 -2.3066E+05
0000334   1.7307E+06  6.1221E+03  1.1516E+05
0000335   1.2886E+06 -3.0005E+05 -1.1262E+05
0000336   8.1048E+05 -4.3817E+05  2.3510E+04
0000337   7.4814E+05  5.7770E+04  3.6466E+05
0000338   1.4060E+06 -4.3353E+05 -2.7576E+05
0000339   1.5692E+06  4.4873E+05 -3.6984E+05
0000340   2.7151E+05 -1.5106E+05 -1.6127E+05
0000341   6.6934E+04 -1.1287E+05  1.4250E+05
0000342   1.3285E+06  1.5152E+05  3.7637E+05
0000343   9.0276E+05  3.7866E+05  1.4511E+05
0000344   1.6745E+06  3.2214E+04 -3.1144E+04
0000345   1.2898E+06 -1.7070E+04  8.5629E+05
0000346   1.0966E+06  2.5928E+05 -3.0950E+05
0000347   1.2168E+06  1.1965E+04  4.9703E+05
0000348   1.3170E+06  2.7043E+05  6.8980E+04
0000349   9.0908E+05 -2.1143E+04 -2.8850E+05
0000350   1.2655E+06  1.9646E+05  1.6735E+05
0000351   1.5415E+06 -4.7294E+05 -4.2716E+05
0000352   1.3747E+06 -4.1422E+05  4.4551E+05
0000353   1.3591E+06 -3.5456E+05 -4.4865E+05
0000354   1.3661E+06  5.2106E+05 -2.6076E+04
0000355   7.1297E+05  2.9593E+05  6.3909E+05
0000356   3.3803E+05 -6.3176E+05 -4.6379E+03
0000357   6.7234E+05  3.1077E+05  2.8030E+05
0000358   5.9791E+05 -4.6322E+05  2.4659E+05
0000359   6.2069E+05  1.6939E+05 -2.1300E+05
0000360   7.6245E+05  1.3218E+04 -2.1089E+05
0000361   1.8233E+06  4.9700E+05  2.8874E+05
0000362   7.6752E+05 -8.9978E+04 -1.0652E+05
0000363   1.4223E+06 -6.5112E+04  3.8900E+04
0000364   1.4409E+06 -4.0362E+04  3.9890E+05
0000365   1.7193E+06 -6.3324E+05  9.1634E+04
0000366   1.3418E+06  9.9284E+04  3.3381E+05
0000367   1.3881E+06  2.4251E+05 -6.1886E+05
0000368   5.5441E+05  3.7428E+04 -1.7467E+05
0000369   1.2917E+06  3.0696E+05 -4.6239E+04
0000370   5.2754E+05 -2.1677E+05  3.9920E+05
0000371   4.9068E+05 -3.2840E+04  5.6095E+05
0000372   1.5662E+06  6.4987E+05  3.9521E+04
0000373   2.7808E+05  2.9681E+05 -5.5592E+03
0000374   1.4397E+06  7.0416E+04 -3.3099E+05
0000375   1.6749E+06  9.5355E+04 -4.4530E+05
0000376   1.7795E+06 -7.3379E+04  1.9079E+05
0000377   5.9492E+05  1.7224E+05 -5.9868E+05
0000378   1.4190E+06 -3.4927E+05 -6.3568E+05
0000379   9.0600E+05  2.1156E+05  9.0528E+05
0000380   9.0871E+05  6.5931E+05  2.1070E+04
0000381   1.3905E+06  1.3829E+05 -2.5581E+05
0000382   1.3455E+06  3.0469E+05 -7.6786E+05
0000383   5.5808E+05 -1.2974E+03 -9.2891E+04
0000384   1.5164E+06  3.7832E+05 -3.8961E+05
0000385   1.0690E+06 -8.4875E+04 -1.9860E+05
0000386   1.1779E+06  1.6496E+04 -7.5554E+05
0000387   1.5586E+06 -5.0584E+05  7.4457E+04
0000388   5.6707E+05  1.6905E+05 -4.6243E+05
0000389   1.2497E+06 -7.3883E+05 -6.7877E+04
0000390   1.3383E+06 -1.8504E+05 -1.5419E+05
0000391   1.0669E+06  3.6783E+05 -2.9170E+05
0000392   1.3377E+06 -3.3632E+05  2.2291E+04
0000393   1.7181E+06  4.1332E+05  1.1922E+05
0000394   1.7860E+06 -2.5216E+05 -2.1585E+05
0000395   1.4800E+06 -6.5253E+05 -8.0483E+04
0000396   1.3695E+06 -6.9574E+05  2.8811E+05
0000397   1.1916E+06 -6.2972E+05 -3.0334E+05
0000398   2.0792E+06  2.1742E+05  2.1993E+05
0000399   1.0218E+06 -4.2791E+05  5.7967E+04
0000400   8.3964E+05 -5.3176E+05 -2.2119E+04
0000401   7.1361E+05  1.1784E+05 -9.6934E+03
0000402   1.2644E+06 -3.3937E+05 -2.0476E+05
0000403   1.5634E+06  4.8785E+05  2.6962E+05
0000404   2.1307E+06 -5.9505E+05 -8.1861E+04
0000405   1.4099E+06 -1.7008E+05  4.3099E+05
0000406   1.3492E+06  3.6239E+05 -1.2627E+04
0000407   9.7848E+05 -9.0951E+04 -5.4928E+05
0000408   1.7870E+06  1.6869E+05  1.1490E+05
0000409   9.0841E+05 -6.7159E+04  1.1405E+06
0000410   9.9767E+05  7.3596E+05  4.4234E+05
0000411   5.6619E+05 -1.6205E+05 -2.1319E+05
0000412   1.4901E+06 -4.0270E+05 -8.9680E+04
0000413   1.5184E+06 -2.3696E+05  8.0631E+05
0000414   1.3970E+06 -3.3148E+05  8.7673E+04
0000415   1.7654E+06 -1.2196E+05  1.9446E+05
0000416   1.0252E+06 -2.8191E+05 -6.8670E+05
0000417   1.2623E+06 -3.5491E+05 -2.0305E+05
0000418   9.3896E+05 -2.0426E+05 -1.2547E+05
0000419   9.8675E+05 -2.7353E+05 -1.3966E+05
0000420   1.2077E+06  4.8349E+05  2.5985E+05
0000421   5.0455E+05 -5.2038E+05  5.7383E+05
0000422   1.1385E+06 -7.8119E+04 -5.3154E+05
0000423   1.5695E+06 -7.6826E+05  3.3992E+05
0000424   4.8963E+05  4.9490E+05  5.9222E+05
0000425   1.5957E+06  1.3015E+05  2.6422E+05
0000426   1.4499E+06  1.8892E+05 -3.0835E+05
0000427   1.2621E+06 -4.8846E+04  5.5452E+05
0000428   4.0351E+05 -7.9299E+05  2.0981E+05
0000429   4.8680E+05 -1.9460E+05 -5.0741E+04
0000430   9.0703E+05 -4.6257E+05 -2.3696E+05
0000431   1.4424E+06  2.7912E+04  5.7316E+05
0000432   1.4157E+06  4.2404E+05  4.6483E+02
0000433   1.5545E+06  2.6998E+05  2.3628E+05
0000434   8.1552E+05  1.0571E+05 -6.0421E+05
0000435   1.8309E+06 -4.6108E+04  2.0530E+05
0000436   7.5019E+05  3.6025E+05 -1.3563E+05
0000437   1.3179E+06 -3.0043E+05 -1.9217E+05
0000438   9.5495E+05 -7.8835E+05  2.6171E+04
0000439   1.4588E+06 -8.1288E+05  5.9063E+05
0000440   1.4256E+06 -1.5099E+05 -2.2860E+05
0000441   1.5619E+06  1.7328E+05  5.2041E+05
0000442   4.0905E+05  1.6451E+05 -4.5857E+04
0000443   1.3403E+06 -2.8982E+05 -6.4482E+05
0000444   1.4713E+06  3.2554E+04  1.2161E+04
0000445   9.1522E+05  6.4013E+04  1.4555E+05
0000446   9.3101E+05  1.5054E+05 -7.1919E+05
0000447   2.0191E+06  5.4644E+05 -4.1702E+05
0000448   1.0320E+06 -3.5082E+05 -2.1469E+04
0000449   1.1583E+06  3.1805E+05  9.2700E+05
0000450   1.7101E+06 -1.6998E+05 -2.5690E+05
0000451   1.0078E+06  2.5147E+05  5.3382E+04
0000452   9.3559E+05 -1.8769E+05  6.9687E+05
0000453   9.1853E+05 -1.0986E+04  2.6633E+05
0000454   1.3450E+06  5.7183E+05  8.3040E+04
0000455   1.2359E+06  3.2748E+05 -1.0066E+05
0000456   1.3959E+06  1.7027E+05 -1.5988E+05
0000457   1.4237E+06 -3.9432E+05 -3.1587E+05
0000458   1.0217E+06  3.1296E+05 -5.8023E+04
0000459   1.6160E+06 -5.6362E+05  3.2689E+04
0000460   1.1529E+06 -3.9328E+05  1.8757E+05
0000461   3.9431E+05 -2.7905E+05 -8.9638E+05
0000462   1.4245E+06 -8.1287E+05  3.5208E+05
0000463   1.1147E+06  8.5989E+04 -9.1998E+04
0000464   9.5396E+05 -5.1177E+05  2.2683E+05
0000465   1.2724E+06 -4.0367E+05 -3.1053E+05
0000466   1.9209E+06  6.3630E+05 -5.6334E+03
0000467   9.9529E+05 -2.3391E+05  8.9038E+04
0000468   1.1980E+06  1.2169E+05 -5.7930E+04
0000469   9.5600E+05  4.5198E+05  2.1122E+05
0000470   1.2145E+06  8.8409E+05  5.6087E+05
0000471   9.1587E+05 -5.1249E+05 -3.6602E+05
0000472   9.3483E+05 -2.2540E+05  8.4147E+04
0000473   1.1645E+06 -5.8397E+05  1.1662E+06
0000474   1.7115E+06 -1.7830E+05  6.8613E+05
0000475   1.1074E+06  3.8205E+05 -7.6220E+05
0000476   1.1089E+06  1.0344E+06  2.9817E+05
0000477   1.1697E+06 -1.6013E+05  3.6157E+05
0000478   1.2850E+06  2.4129E+05  1.5535E+05
0000479   3.7672E+05  1.0463E+05 -4.1996E+05
0000480   1.7847E+06 -6.0805E+04  1.2135E+05
0000481   1.6587E+06  4.1479E+05  6.9003E+05
0000482   8.1274E+05 -2.1821E+05 -2.6535E+05
0000483   7.4122E+05  1.7923E+05 -3.0129E+04
0000484   1.3962E+06  3.6132E+05 -3.1755E+05
0000485   1.5148E+06  3.8997E+05 -1.9004E+05
0000486   7.1497E+05 -4.2021E+05 -5.8160E+04
0000487   6.8493E+05 -1.9832E+05 -1.0504E+05
0000488   1.1098E+06 -2.7292E+05  9.6711E+05
0000489   1.6819E+06  4.1436E+05  4.6760E+04
0000490   1.4428E+06 -4.1242E+05  2.8402E+05
0000491   1.3145E+06 -6.2289E+05  4.8947E+05
0000492   1.4709E+06  1.4122E+05 -4.1667E+04
0000493   9.4833E+05  2.9164E+05 -3.0798E+05
0000494   1.1609E+06  7.6976E+05  7.0400E+05
0000495   7.4746E+05  1.1048E+05 -3.2674E+05
0000496   1.7749E+05 -2.6177E+05  3.0538E+04
0000497   1.5601E+06  4.4000E+05 -4.1672E+05
0000498   1.4759E+06  6.1191E+05 -1.6542E+04
0000499   1.4348E+06  1.4758E+05 -8.4018E+05
0000500   9.2042E+05 -6.5312E+05 -1.0333E+05
0000501   1.1866E+06  3.1864E+05  7.7906E+05
0000502   5.7297E+05  2.1342E+05 -3.7506E+05
0000503   1.0904E+06  1.8356E+05 -5.4633E+05
0000504   1.3840E+06 -5.4256E+05 -5.7310E+05
0000505   1.5182E+06 -1.0138E+05  2.6638E+05
0000506   1.9768E+06  2.6890E+05 -4.3853E+04
0000507   1.0650E+06 -9.4496E+05  7.6919E+04
0000508   1.3578E+06 -7.0388E+05 -1.9500E+04
0000509   1.0737E+06 -4.2815E+05  5.2776E+05
0000510   1.0096E+06 -1.5836E+05 -1.9343E+05
0000511   1.8238E+06  8.7943E+03 -3.6977E+05
0000512   1.3333E+06  7.3210E+04 -2.9120E+05
0000513   1.1075E+06  1.8548E+05  2.1358E+04
0000514   1.4255E+06  4.5160E+05  1.6192E+05
0000515   7.4979E+05  7.1160E+05  1.8192E+05
0000516   1.2474E+06 -1.5545E+05  6.7397E+04
0000517   1.1902E+06 -4.9467E+05 -1.5267E+05
0000518   1.1798E+06 -3.6320E+04 -1.1844E+05
0000519   1.0845E+06 -4.9164E+05 -2.3700E+05
0000520   1.0679E+06 -5.4473E+05  2.0179E+05
0000521   1.1993E+06  4.2836E+05  3.3645E+04
0000522   1.6985E+06 -2.7792E+05 -7.4414E+05
0000523   1.5187E+06 -4.8938E+05  1.2986E+05
0000524   9.8394E+05  5.2857E+05 -7.1431E+05
0000525   1.0687E+06 -2.0491E+05  2.0050E+05
0000526   1.3907E+06 -9.4876E+02 -2.6297E+05
0000527   1.7485E+06  1.6414E+05  4.2748E+05
0000528   5.4914E+05 -9.1292E+04  9.4912E+05
0000529   1.2873E+06 -1.5311E+05  3.4121E+04
0000530   5.8294E+05  1.7353E+05  1.8800E+05
0000531   1.9013E+06  2.4949E+05  1.3673E+05
0000532   1.6990E+06 -3.6371E+05 -1.0282E+05
0000533   1.0714E+06 -4.8053E+05  4.1350E+04
0000534   1.2608E+06 -2.7507E+05  7.3773E+05
0000535   9.0423E+05 -4.1188E+05 -1.4876E+05
0000536   1.3050E+06 -1.7122E+05  2.0954E+05
0000537   1.6117E+06 -9.4533E+04 -6.8629E+05
0000538   1.7990E+06  1.4925E+05 -2.6915E+05
0000539   1.4584E+06  1.8766E+05 -4.7511E+05
0000540   1.6805E+06 -1.3689E+05 -3.6904E+05
0000541   1.0728E+06 -9.1535E+04  1.3725E+05
0000542   1.1590E+06  2.1745E+05 -5.1496E+05
0000543   9.9027E+05  2.0413E+04  8.5485E+05
0000544   1.4281E+06  6.4069E+05 -6.6121E+04
0000545   1.3135E+06  2.5345E+05 -3.9451E+05
0000546   8.8211E+05 -5.8903E+04  1.0212E+05
0000547   1.3859E+06  5.4476E+05  1.1404E+05
0000548   1.2294E+06 -4.0168E+04 -3.0064E+05
0000549   1.0769E+06  4.7580E+04  1.1431E+06
0000550   1.6271E+06 -3.4857E+05  3.2855E+05
0000551   1.3331E+06  2.5132E+04  1.3400E+05
0000552   7.7912E+05 -2.8052E+05 -9.2748E+04
0000553   1.5149E+06 -1.4931E+05  1.1178E+05
0000554   1.0806E+06  6.9917E+05  4.3803E+05
0000555   6.4413E+05  3.3439E+05  8.4975E+04
0000556   1.3077E+06 -2.5429E+02  6.5785E+05
0000557   1.1961E+06  1.4634E+04  3.0130E+05
0000558   1.2910E+06 -2.1814E+05 -6.5412E+04
0000559   7.9574E+05 -3.7358E+05 -1.3463E+05
0000560   1.2739E+06  2.6453E+05 -5.4810E+05
0000561   6.2263E+05  6.0266E+04  8.3268E+04
0000562   1.7696E+06 -5.8778E+05 -7.1030E+05
0000563   1.5840E+06 -4.8375E+04  4.3744E+05
0000564   1.7764E+06  7.1660E+05  3.4074E+05
0000565   3.6940E+05 -1.9069E+05  7.7484E+04
0000566   1.6116E+06  6.4937E+05  2.7430E+05
0000567   1.0624E+06 -3.5699E+05 -3.0872E+05
0000568   1.6833E+06 -1.6026E+04  1.9347E+04
0000569   1.2982E+06  2.8696E+05 -1.7122E+05
0000570   1.3748E+06  6.3928E+05  3.9200E+05
0000571   1.4408E+06  6.8359E+04  5.3976E+05
0000572   7.9851E+05 -9.0439E+04  5.0423E+05
0000573   6.3340E+05  4.0281E+05  6.0451E+05
0000574   1.4681E+06  1.4632E+05 -8.0338E+05
0000575   1.4406E+06  3.3343E+05 -5.1402E+05
0000576   1.8295E+06  1.2754E+05  2.3469E+05
0000577   9.4324E+05 -1.2060E+06 -4.7820E+05
0000578   1.7496E+06 -1.4850E+05 -4.6573E+05
0000579   1.1997E+06  4.7610E+05 -9.1932E+04
0000580   1.2452E+04  1.3682E+05  9.4456E+04
0000581   1.5565E+06 -6.2422E+05  3.3286E+05
0000582   1.1188E+06 -1.2756E+04  1.2468E+05
0000583   1.2664E+06  4.3800E+05  7.7091E+04
0000584   1.4704E+06  3.2495E+05  9.1432E+04
0000585   1.6094E+06 -3.9543E+05  1.4415E+05
0000586   1.5308E+06  3.1860E+04  2.9910E+05
0000587   1.7572E+06 -2.0309E+05 -2.4783E+05
0000588   2.4582E+05  1.7822E+05 -2.5571E+05
0000589   8.1191E+05  1.4352E+05 -5.2509E+05
0000590   1.6186E+06  2.8647E+05  4.3317E+05
0000591   1.3600E+06 -4.5173E+05  2.0645E+05
0000592   1.2856E+06 -3.9167E+05 -1.3214E+05
0000593   1.2410E+06  6.4054E+04  7.2374E+03
0000594   9.6950E+05  1.7857E+05 -2.7317E+05
0000595   1.1892E+06 -2.5655E+05  2.8983E+05
0000596   9.4768E+05 -6.3845E+05  6.0332E+05
0000597   1.5106E+06  6.7803E+05 -4.8684E+04
0000598   1.2772E+06  2.4002E+05  5.3828E+05
0000599   9.0320E+05  1.1348E+05 -2.0292E+05
0000600   1.4638E+06 -1.2359E+04 -2.3161E+05
0000601   1.2340E+06 -9.1110E+04 -6.1437E+05
0000602   8.5746E+05 -4.1732E+04  3.0621E+05
0000603   9.2865E+05  3.4289E+05  4.2651E+05
0000604   1.4441E+06 -6.4549E+05 -3.7398E+05
0000605   8.0655E+05  9.0050E+04 -3.1214E+05
0000606   1.0410E+06 -5.9709E+05 -2.2137E+03
0000607   1.3823E+06  5.3338E+04 -2.7089E+05
0000608   1.5939E+06 -1.8128E+05  2.2115E+05
0000609   1.2269E+06 -2.3961E+05 -2.8802E+04
0000610   2.0965E+05  9.5758E+04  2.5038E+04
0000611   1.7487E+06  1.9281E+05 -1.9126E+05
0000612   1.7706E+06  1.5032E+05  1.3888E+05
0000613   1.3377E+06  1.5720E+05  4.2170E+05
0000614   1.4763E+06 -1.9814E+05  7.6779E+04
0000615   7.9653E+05  2.2389E+05  6.1249E+05
0000616   1.3646E+06 -1.5723E+04  9.3437E+04
0000617   1.3329E+06  1.9264E+05 -3.5660E+05
0000618   1.2269E+06  1.2083E+05  2.6239E+05
0000619   7.4939E+05 -3.8909E+05  5.2125E+05
0000620   1.6461E+06  1.6178E+04  1.7786E+05
0000621   1.4613E+06 -2.3721E+05 -4.8905E+05
0000622   1.2969E+06 -6.5350E+05 -5.9583E+05
0000623   1.4520E+06  4.2246E+05  5.6995E+05
0000624   8.3508E+05  5.2223E+05 -7.2162E+05
0000625   9.3711E+05 -5.4281E+05  1.8758E+05
0000626   1.2813E+06  3.7758E+05 -2.0622E+05
0000627   1.2068E+06  2.9980E+04 -1.6773E+05
0000628   8.4524E+05 -3.1683E+05 -9.5974E+04
0000629   2.3099E+05 -7.9138E+05  3.3225E+05
0000630   1.6036E+06 -3.2292E+05  6.4503E+03
0000631   1.5090E+06  3.8356E+05  2.9291E+05
0000632   1.3403E+06 -6.2682E+05 -3.2968E+05
0000633   1.3973E+06 -6.3998E+05  1.0527E+05
0000634   1.7446E+06 -2.4804E+04 -6.0723E+05
0000635   1.3354E+06  2.6084E+05 -6.3837E+04
0000636   1.1242E+06 -5.9626E+05  4.9082E+05
0000637   1.6000E+06 -1.0325E+05 -5.2678E+04
0000638   5.7607E+05 -9.8026E+04 -6.7067E+05
0000639   1.0942E+06 -1.6087E+05  5.6028E+04
0000640   1.4722E+06 -6.2494E+04 -5.4743E+05
0000641   7.7902E+05  7.2041E+04 -3.3430E+05
0000642   1.3967E+06 -7.3274E+05 -1.5253E+05
0000643   7.8094E+05  3.1656E+05  5.9951E+05
0000644   1.3692E+06  3.4686E+04  3.8720E+04
0000645   1.2313E+06 -7.9939E+05 -4.4106E+03
0000646   1.0087E+06 -1.1150E+05  7.5297E+04
0000647   2.2654E+06 -2.0512E+05 -4.3657E+04
0000648   1.1647E+06  1.8212E+05  3.0623E+05
0000649   1.0981E+06  3.4504E+05 -4.4922E+05
0000650   8.5702E+05 -8.8422E+04 -1.9467E+05
0000651   7.1389E+05  2.7665E+05  1.1088E+05
0000652   1.7967E+06  2.8666E+05 -2.7217E+05
0000653   1.4594E+06 -3.6036E+04  1.2198E+05
0000654   1.5323E+06 -1.1746E+05  1.9927E+05
0000655   8.6520E+05  1.2120E+05  5.4228E+05
0000656   1.4153E+06  1.9986E+05  2.5798E+05
0000657   1.1223E+06  3.2889E+05 -3.9592E+05
0000658   1.3152E+06 -2.2428E+05  3.2492E+04
0000659   9.6370E+05 -1.9782E+05 -1.8215E+05
0000660   1.2857E+06 -3.1715E+05  8.6126E+05
0000661   7.3036E+05  4.0199E+04  5.4140E+04
0000662   1.5818E+06  4.7425E+05  6.5861E+05
0000663   1.4257E+06  6.1145E+05 -1.2380E+05
0000664   1.6127E+06 -2.1434E+05 -1.1429E+05
0000665   1.1641E+06 -2.3863E+05 -3.1536E+05
0000666   1.8086E+06 -4.2374E+04  3.1363E+05
0000667   1.6910E+06 -2.5175E+05 -8.0024E+04
0000668   1.6038E+06  3.3527E+04 -1.8908E+03
0000669   1.2443E+06 -2.8801E+05  3.2889E+05
0000670   9.9577E+05  1.8674E+05 -2.4459E+05
0000671   3.0554E+05 -5.8389E+05  3.6864E+04
0000672   1.7332E+06 -3.5651E+04 -3.4605E+05
0000673   1.6984E+06 -1.1994E+05 -7.6621E+04
0000674   1.1507E+06 -3.1823E+05 -3.1746E+05
0000675   1.5872E+06  5.2059E+04 -1.9867E+05
0000676   7.2746E+05  2.0250E+05  4.3049E+05
0000677   1.3028E+06 -1.9544E+04  1.0394E+05
0000678   1.3289E+06 -1.8958E+05  2.2134E+04
0000679   1.3464E+06 -1.4352E+05  2.4746E+04
0000680   1.2604E+06 -2.7176E+05 -6.6165E+04
0000681   1.7272E+06  1.2294E+05  4.0434E+05
0000682   1.1219E+06 -4.1298E+05 -2.0075E+05
0000683   2.8383E+05 -4.6517E+05 -3.1958E+05
0000684   1.8379E+06  5.3288E+05 -2.1211E+04
0000685   1.0424E+06  3.5839E+04 -2.1903E+05
0000686   9.1465E+05  1.2530E+04 -1.8478E+05
0000687   1.8229E+06  8.1011E+04  1.1163E+05
0000688   1.5309E+06  4.7167E+05 -3.3984E+05
0000689   2.1629E+05  5.4819E+04  6.1999E+05
0000690   1.4614E+06  7.6889E+05  5.7415E+05
0000691   7.2485E+05 -2.6621E+05 -5.7796E+05
0000692   1.8167E+06 -4.1321E+05 -2.4620E+05
0000693   1.2158E+06 -5.9162E+05 -1.3023E+05
0000694   1.0472E+06 -5.0291E+05 -9.8998E+04
0000695   1.4237E+06 -4.5995E+05  8.5347E+05
0000696   6.1568E+05  1.5160E+05 -1.2237E+05
0000697   6.6303E+05  2.1475E+05 -3.9185E+05
0000698   1.5903E+06  2.3784E+05  2.8468E+03
0000699   1.8560E+06 -1.1094E+05  1.3011E+05
0000700   1.5154E+06 -5.2051E+05 -1.3698E+05
0000701   1.7592E+06 -2.9151E+04 -1.3520E+05
0000702   1.2995E+06  7.1996E+04 -6.8061E+04
0000703   1.2360E+06  3.8330E+05 -7.4904E+04
0000704   1.0397E+06  1.9248E+05 -2.6170E+04
0000705   9.8886E+05  6.2170E+05 -6.4268E+05
0000706   1.7119E+06  4.2016E+05  2.1322E+05
0000707   1.7324E+06 -3.4648E+04  6.3351E+05
0000708   1.5615E+06  2.9059E+05 -1.1717E+05
0000709   1.1553E+06  3.8030E+04  2.0620E+05
0000710   1.1377E+06  2.4737E+05 -6.8182E+04
0000711   1.4601E+06 -1.0751E+05  1.5711E+05
0000712   5.1032E+05 -2.9976E+05 -1.0191E+05
0000713   1.3131E+06  1.0755E+04  3.7914E+05
0000714   9.2245E+05 -4.9355E+05 -2.0280E+05
0000715   1.8675E+06  4.4680E+05 -6.8003E+05
0000716   1.2197E+06  1.1197E+05  5.3845E+04
0000717   1.4338E+06  2.0755E+05 -6.1646E+05
0000718   1.7094E+06  6.2616E+04 -2.3615E+05
0000719   1.2078E+06 -3.7927E+05 -3.7420E+05
0000720   1.1214E+06 -3.5692E+04 -3.1062E+05
0000721   7.3667E+05 -3.8834E+05 -1.4234E+05
0000722   7.1821E+05  2.9523E+05  2.8260E+05
0000723   9.0547E+05  4.9593E+05 -6.8509E+05
0000724   7.3139E+05 -3.0000E+05  1.8162E+05
0000725   1.8821E+06  4.4228E+05  5.6953E+05
0000726   7.2983E+05  2.1475E+05 -4.0434E+05
0000727   1.5473E+06 -4.0487E+05  1.7165E+05
0000728   1.0194E+06  1.5072E+05  9.6059E+03
0000729   1.1631E+06 -2.3663E+04  7.0712E+04
0000730   9.9365E+05  1.9982E+05 -2.3643E+05
0000731   6.6143E+05  3.9828E+05 -1.2232E+05
0000732   1.7131E+06  1.1906E+05 -6.0216E+04
0000733   1.1016E+06 -5.6324E+05  4.5047E+05
0000734   1.2893E+06  6.8332E+05 -4.1057E+05
0000735   9.8336E+05 -2.3926E+05  4.5831E+05
0000736   1.3480E+06 -2.7471E+05  3.9382E+05
0000737   1.2642E+06 -7.8567E+04  5.3789E+05
0000738   1.0978E+06 -2.1183E+05  1.9259E+05
0000739   6.7670E+05  4.1572E+05  6.3642E+05
0000740   9.0551E+05  5.8030E+05 -2.2813E+05
0000741   1.1005E+06  7.3419E+05 -8.0588E+04
0000742   8.6481E+05  3.2668E+05 -2.6058E+04
0000743   1.3590E+06  9.9251E+04  6.1044E+05
0000744   1.3825E+06 -1.4019E+05 -4.4686E+05
0000745   1.0740E+06 -6.4458E+05  6.4521E+05
0000746   1.4326E+06 -4.2747E+05 -1.4837E+05
0000747   1.6423E+06 -6.6673E+04 -2.5220E+05
0000748   4.4434E+05 -4.9169E+05 -5.9671E+04
0000749   8.3087E+05 -3.2935E+04 -9.9796E+04
0000750   1.4977E+06  4.5907E+05  5.0110E+05
0000751   1.4468E+06  8.4981E+03  2.3626E+04
0000752   1.2990E+06  2.8574E+05 -5.0189E+05
0000753   1.2860E+06 -2.0486E+05  3.0158E+05
0000754   1.1433E+06  3.5806E+05  4.7949E+05
0000755   1.4207E+06  7.6932E+05 -1.5798E+04
0000756   7.8656E+05  4.1270E+05 -1.5467E+05
0000757   1.3352E+06 -1.2815E+05  9.2098E+05
0000758   1.5107E+06 -4.6152E+03  3.6132E+05
0000759   1.1000E+06  1.0421E+05 -2.4279E+05
0000760   4.3847E+05  2.0776E+05  4.9096E+05
0000761   1.0115E+06 -1.7665E+05  8.0600E+04
0000762   1.1145E+06  1.2147E+05  2.8351E+05
0000763   9.1195E+05 -6.2639E+05  1.9421E+05
0000764   1.6321E+06  1.9763E+05 -1.4172E+05
0000765   1.6500E+06  7.1945E+05  1.0341E+05
0000766   8.9959E+05 -1.9793E+05  3.3669E+05
0000767   8.9359E+05  4.4137E+04 -3.0744E+05
0000768   1.2226E+06  6.3765E+05  2.4062E+05
0000769   9.6214E+05 -4.5807E+04 -2.7594E+04
0000770   1.5296E+06 -3.4432E+05  1.7753E+05
0000771   8.9131E+05 -4.7145E+02 -2.9082E+05
0000772   9.0287E+05  2.8023E+04 -1.3288E+05
0000773   8.7446E+05 -9.9916E+05 -1.7697E+05
0000774   1.1431E+06 -1.7027E+04 -3.1327E+05
0000775   1.2505E+06 -7.7138E+04 -3.0105E+05
0000776   1.0761E+06 -3.5969E+05 -4.2810E+05
0000777   7.0658E+05 -1.3535E+05  5.6201E+05
0000778   1.0672E+06 -6.6688E+05  5.2733E+05
0000779   1.1343E+06  5.1088E+05 -9.1433E+04
0000780   1.2684E+06 -7.4279E+05  3.9254E+05
0000781   1.7161E+06 -3.8648E+05 -1.7673E+04
0000782   1.1289E+06  2.1007E+05  2.0738E+05
0000783   7.9533E+05  1.1429E+05 -4.7276E+04
0000784   1.4494E+06  3.6312E+04  2.6999E+05
0000785   1.9536E+06 -4.4564E+04  2.0529E+05
0000786   8.5102E+05  8.2276E+05  1.8254E+05
0000787   7.8767E+05  3.4024E+05 -6.5524E+03
0000788   1.3665E+06  2.7074E+05  3.3932E+05
0000789   5.6957E+05 -4.4727E+05 -1.4935E+05
0000790   1.5272E+06 -3.3076E+04  5.4434E+05
0000791   1.1107E+06  3.2388E+05  1.4476E+05
0000792   8.0284E+05  2.0302E+05  1.5686E+05
0000793   1.0788E+06  5.4018E+04  6.4542E+05
0000794   1.4470E+06 -1.6626E+05 -7.2380E+04
0000795   8.4213E+05  2.7887E+05  1.6193E+05
0000796   1.9117E+06 -1.6262E+05  3.6771E+05
0000797   1.3668E+06  1.2411E+05  2.8579E+05
0000798   1.0580E+06  2.8516E+05 -3.2400E+05
0000799   1.1246E+06 -2.4085E+04  2.1290E+05
0000800   1.2686E+06 -3.3717E+05 -4.8797E+04
0000801   1.4049E+06  5.2666E+04  2.9010E+05
0000802   9.1677E+05 -4.4561E+05 -5.8453E+05
0000803   1.0102E+06 -1.6361E+05 -3.1238E+05
0000804   7.5466E+05 -3.4237E+05  3.6457E+05
0000805   1.2049E+06 -7.8216E+04 -1.5486E+05
0000806   1.0457E+06  2.6005E+05 -6.2537E+04
0000807   1.1782E+06  4.0319E+05 -2.2120E+05
0000808   1.0883E+06 -6.7410E+05  3.1018E+05
0000809   7.1362E+05  6.4172E+05 -5.1486E+05
0000810   1.1630E+06  5.9449E+05 -1.4279E+04
0000811   1.8709E+06 -1.3225E+05  9.7586E+03
0000812   1.2386E+06  4.6469E+05 -5.9879E+05
0000813   5.5374E+05 -2.4360E+05  2.3759E+05
0000814   1.4645E+06 -3.7069E+04 -1.6864E+05
0000815   1.3868E+06  2.0193E+05  3.1008E+05
0000816   8.9374E+05  9.1818E+04  4.4723E+05
0000817   1.4346E+06 -4.3436E+05  2.6279E+03
0000818   2.0025E+06  2.1040E+04  1.7143E+04
0000819   1.1686E+06  3.5262E+05  5.5572E+05
0000820   1.2544E+06 -2.1635E+05  1.4305E+05
0000821   1.2980E+06 -2.7409E+05  1.2469E+05
0000822   8.6272E+05  1.0391E+05  2.1857E+05
0000823   1.2461E+06  5.1220E+05 -1.8692E+05
0000824   9.3808E+05  7.0930E+04 -6.0445E+04
0000825   1.8706E+06  5.2322E+05 -1.0579E+05
0000826   1.0402E+06 -4.9723E+05  1.6016E+05
0000827   1.5467E+06  1.7720E+05 -6.1678E+05
0000828   1.7528E+06 -4.9810E+05  2.0379E+05
0000829   5.4849E+05  5.4568E+05 -1.1014E+05
0000830   1.3021E+06 -1.2466E+05 -9.5188E+05
0000831   5.8736E+05  3.0105E+05 -3.3272E+05
0000832   1.2491E+06  2.1078E+05  5.8576E+05
0000833   1.0844E+06  3.4629E+05  3.0318E+05
0000834   1.1878E+06 -1.8033E+05 -1.1961E+05
0000835   1.2645E+06  4.5497E+05 -5.8356E+05
0000836   8.5801E+05 -8.9649E+04  7.1054E+04
0000837   2.0250E+06  1.1929E+05  2.8953E+05
0000838   1.9307E+06  4.6683E+04 -6.5823E+05
0000839   1.3236E+06  5.1612E+05 -4.4293E+05
0000840   6.5531E+05 -1.9011E+05  2.7071E+05
0000841   1.4949E+06  8.4263E+05 -2.3088E+05
0000842   7.7931E+05 -4.4783E+05  8.9540E+05
0000843   6.2143E+05  5.1190E+04 -2.1259E+04
0000844   1.1959E+06 -5.1058E+05  5.1128E+04
0000845   1.5687E+06  5.5583E+04  8.2038E+05
0000846   1.3360E+06 -1.8561E+05  5.6134E+04
0000847   1.3011E+06 -3.5717E+05 -5.2401E+05
0000848   1.3256E+06  1.7782E+05  2.6670E+05
0000849   4.2511E+05 -2.1623E+05  2.5607E+04
0000850   6.5362E+05 -2.6461E+05 -1.0979E+05
0000851   1.4365E+06  2.5078E+05 -2.1829E+05
0000852   7.5483E+05 -4.4336E+04  3.5239E+05
0000853   1.6192E+06  5.4399E+05  1.5360E+05
0000854   1.8573E+06 -4.4394E+05 -4.4414E+05
0000855   1.0668E+06 -1.2985E+05  3.0076E+05
0000856   1.2434E+06  8.5807E+05 -1.4526E+05
0000857   5.4517E+05 -1.7164E+05  4.3116E+05
0000858   1.0825E+06 -5.5573E+05 -2.7907E+05
0000859   3.6627E+05 -8.4603E+02  4.8992E+05
0000860   1.5918E+06 -1.3745E+05 -4.8641E+05
0000861   2.2785E+05 -2.0716E+05  5.4053E+05
0000862   1.5021E+06 -4.6174E+05  1.3818E+05
0000863   1.6114E+06 -4.5785E+05 -2.7628E+05
0000864   1.1269E+06 -6.7447E+04 -1.4752E+05
0000865   1.4007E+06  5.5290E+05 -5.6707E+05
0000866   1.0668E+06  4.9768E+05  4.9145E+05
0000867   1.9076E+06  9.6039E+04 -5.1744E+05
0000868   1.0314E+06  2.3248E+05 -7.5395E+05
0000869   1.0403E+06 -1.3031E+06 -9.7240E+05
0000870   1.3885E+06 -2.4011E+05  1.3299E+05
0000871   1.0868E+06 -2.9228E+05 -2.4903E+05
0000872   9.0152E+05 -1.1126E+04 -1.6792E+05
0000873   1.4787E+06 -2.2098E+05  3.1749E+05
0000874   1.0073E+06 -1.1364E+05  5.3735E+05
0000875   1.2042E+06  5.9251E+05  6.6378E+04
0000876   1.1936E+06 -1.4639E+05  2.6655E+05
0000877   1.1877E+06  1.8616E+05 -2.2634E+05
0000878   1.7078E+06  6.9489E+05 -2.8423E+05
0000879   1.2691E+06 -5.6191E+04 -5.9408E+05
0000880   9.2961E+05 -2.3746E+05 -5.6042E+04
0000881   1.2352E+06  3.5616E+05  1.2477E+05
0000882   7.6913E+05  3.7725E+04 -7.4000E+04
0000883   9.9087E+05  3.0990E+05  2.3434E+05
0000884   3.8648E+05  6.7188E+03  2.8171E+02
0000885   1.3396E+06  2.3705E+05  3.4198E+05
0000886   1.5613E+06 -1.2080E+05 -3.9696E+05
0000887   8.8221E+05  5.3156E+04 -2.0981E+05
0000888   2.6032E+05 -3.2651E+05 -4.4105E+05
0000889   1.0508E+06  1.5042E+05  6.8226E+05
0000890   1.6271E+06 -6.4201E+05  2.0102E+05
0000891   1.3280E+06  3.2823E+05 -6.3834E+05
0000892   1.4586E+06 -5.2467E+05  3.2894E+05
0000893   1.1074E+06 -3.1012E+05 -3.3899E+05
0000894   1.1307E+06  4.9812E+05 -1.7918E+05
0000895   1.5870E+06 -5.7254E+05 -4.1518E+05
0000896   1.0875E+06 -2.9341E+04  5.3229E+05
0000897   6.1556E+05 -4.0359E+05  2.7680E+05
0000898   1.3568E+06 -1.1268E+05  4.3343E+05
0000899   1.5014E+06  1.7545E+05  3.6993E+04
0000900   1.1190E+06  2.7413E+05  3.1971E+04
0000901   1.0007E+06 -6.8108E+04  1.0106E+05
0000902   1.4092E+06 -1.8367E+05  4.0314E+05
0000903   1.3715E+06 -3.7676E+05  3.8814E+05
0000904   9.9870E+05 -7.9242E+04  1.8888E+05
0000905   5.8048E+05  2.4420E+05 -2.1241E+05
0000906   1.4365E+06  2.6663E+05 -1.9659E+05
0000907   1.4357E+06  5.8190E+05  2.9411E+05
0000908   1.3245E+06 -3.3093E+05 -5.2206E+05
0000909   8.5221E+05 -6.0460E+05 -8.3850E+04
0000910   1.3795E+06 -1.4479E+05 -2.1436E+04
0000911   1.2043E+06 -3.0953E+05 -2.5386E+04
0000912   8.9034E+05 -3.5863E+04 -2.0347E+05
0000913   1.7743E+06  2.6393E+05  3.2314E+05
0000914   1.5037E+06 -1.0537E+05  4.3311E+04
0000915   1.6094E+06  3.1039E+05 -6.6031E+05
0000916   9.1100E+05 -1.6999E+05 -1.5924E+05
0000917   1.5858E+06 -4.3437E+05  6.5137E+05
0000918   1.7569E+06  1.2886E+05 -2.4078E+05
0000919   1.5419E+06  2.5948E+05 -8.3768E+05
0000920   1.4954E+06  6.2887E+05  1.6578E+05
0000921   9.1469E+05  7.2270E+04 -9.2613E+04
0000922   1.5303E+06 -5.4173E+05 -1.4762E+05
0000923   1.4929E+06  4.4545E+05  2.0535E+05
0000924   1.7586E+06 -1.4951E+05  4.8340E+05
0000925   1.3665E+06  7.8445E+04 -2.5516E+05
0000926   1.7550E+06  2.6084E+03 -1.2529E+05
0000927   1.4775E+06  1.6781E+05 -2.1066E+05
0000928   1.8390E+06 -1.4248E+05  4.7322E+05
0000929   1.0907E+06  1.8264E+05  1.9423E+05
0000930   4.2336E+05 -6.2657E+05 -1.7375E+05
0000931   6.3197E+05 -3.2148E+05  2.8476E+05
0000932   1.2343E+06  4.9988E+05  8.8254E+04
0000933   3.5679E+05  1.1209E+05  5.7855E+04
0000934   1.1278E+06 -9.2587E+05  2.2488E+05
0000935   1.4538E+06 -4.6922E+05 -4.5537E+05
0000936   1.5480E+06  5.9515E+05  1.4596E+05
0000937   1.6608E+06 -2.3807E+04 -2.5701E+05
0000938   1.6377E+06  5.6727E+04  2.1797E+05
0000939   1.0851E+06 -1.0856E+05 -7.8566E+04
0000940   1.2559E+06  1.5856E+05  3.0884E+05
0000941   1.5672E+06  6.5792E+05 -5.8680E+05
0000942   1.0666E+06  1.2305E+05  1.1296E+05
0000943   1.0248E+06  2.3601E+05 -1.9471E+05
0000944   1.1608E+06 -5.5853E+05 -2.7749E+05
0000945   1.4414E+06  6.5086E+05  4.4336E+05
0000946   1.0686E+06  5.9611E+05  3.1754E+05
0000947   1.0078E+06  5.2723E+04  6.6740E+04
0000948   1.9679E+06 -4.5686E+05 -3.2838E+05
0000949   1.6180E+06 -4.4007E+05 -4.2802E+05
0000950   8.4239E+05 -2.9920E+05  7.2252E+05
0000951   1.5442E+06 -7.9813E+05  3.8669E+04
0000952   1.2573E+06  3.9386E+05  1.9983E+05
0000953   1.4976E+06 -2.2820E+05 -6.5269E+05
0000954   8.6214E+05  1.8957E+05  1.3953E+05
0000955   4.2009E+05  2.8845E+05 -1.4191E+05
0000956   1.1914E+06 -9.8128E+03 -4.0786E+04
0000957   1.3662E+06  2.4335E+05  2.1975E+05
0000958   1.5184E+06  4.1736E+05  1.2260E+05
0000959   1.0640E+06  4.9867E+05 -8.2368E+04
0000960   1.2772E+06 -2.3089E+05  3.5658E+05
0000961   1.2197E+06  3.9465E+05 -1.7836E+05
0000962   1.0635E+06  3.2843E+05 -5.0371E+05
0000963   1.9243E+06  6.5661E+04  1.1530E+05
0000964   7.2987E+05 -1.5439E+05 -4.0284E+05
0000965   1.0076E+06  5.9437E+05  1.2870E+05
0000966   1.5029E+06  8.8303E+04  2.8557E+05
0000967   1.6215E+06 -3.3437E+05  3.0577E+05
0000968   9.4289E+05 -3.3720E+05  2.0358E+05
0000969   8.7895E+05 -1.3485E+05 -4.3265E+05
0000970   1.3722E+06 -5.2415E+03 -2.4703E+05
0000971   1.1586E+06 -5.9470E+05 -5.8366E+05
0000972   1.2225E+06 -6.0295E+05 -6.0035E+04
0000973   1.3525E+06 -7.0844E+05  5.4071E+04
0000974   1.1596E+06 -2.9758E+05  2.7138E+05
0000975   9.6097E+05 -2.8528E+05 -2.3455E+05
0000976   1.0805E+06  3.1912E+05 -6.9703E+04
0000977   6.0273E+05  3.2819E+05  3.9340E+04
0000978   1.8128E+06 -6.2984E+05 -2.5634E+05
0000979   1.3073E+06  1.3431E+05  2.3335E+05
0000980   1.5487E+06 -3.4147E+05 -7.5972E+05
0000981   8.1911E+05 -6.8460E+05 -4.0139E+05
0000982   9.7148E+05  5.5554E+05 -4.7742E+05
0000983   8.5361E+05  4.4360E+05  2.4338E+05
0000984   1.6940E+06  7.4752E+03 -1.9594E+05
0000985   1.2339E+06  5.5398E+04 -4.2189E+05
0000986   1.7389E+06 -2.9928E+04  4.2686E+04
0000987   1.5863E+06  5.3208E+05  2.8094E+05
0000988   1.6275E+06  2.2081E+05 -5.5388E+05
0000989   1.7401E+06  5.4715E+04 -2.0634E+05
0000990   1.1877E+06  3.3201E+05 -6.4066E+04
0000991   1.3695E+06  2.6122E+05  5.7750E+05
0000992   1.2125E+06  3.2864E+05 -8.7820E+04
0000993   1.3411E+06 -1.5688E+05 -3.6033E+05
0000994   1.3852E+06  2.0882E+04 -6.6246E+05
0000995   1.5083E+06 -1.3810E+05  2.3088E+05
0000996   1.2910E+06 -5.4209E+04  2.4843E+02
0000997   7.7535E+05 -8.5077E+05  9.2297E+04
0000998   1.3077E+06 -3.5326E+05 -1.4335E+05
0000999   1.3163E+06 -1.6422E+05  2.9008E+05
0001000   1.4532E+06  7.9367E+04  1.4643E+05
