============================== SRIM-2013.00 ==============================
==============================================================================
====== SRIM Outputs\RANGE_3D.txt : File of Final Ion Positions =====

Ion = Ar (18)   Ion Mass= 039.9620
Energy  = 6250552.E-04 keV
Ion Angle to Surface = 00.0 degrees
==================== TARGET =======================
  Layer # 1 - Layer 1
  Layer # 1 - Bottom Depth=500000.E+02 A
  Layer # 1 - Density =0000.0125 g/cm3
  Layer # 1 -  100 % of Ar
様様様様様様様様様様様様様様様様様様様様様様様様様様
                                            
Ion       Depth  X   Lateral Y   Lateral Z  
Number    (Angstrom) (Angstrom)  (Angstrom) 
-------  ----------- ----------- -----------
0000001   1.7222E+06 -1.4088E+06 -4.5381E+05
0000002   1.5616E+06 -2.8871E+05 -1.0207E+05
0000003   1.9626E+06  5.9731E+05 -6.5710E+03
0000004   1.0468E+06  7.6167E+05 -4.1310E+05
0000005   1.1459E+06 -1.0742E+06 -1.3945E+05
0000006   2.1022E+06 -7.3508E+04  4.2616E+05
0000007   1.8091E+06 -1.2963E+06  1.5868E+05
0000008   2.1781E+06 -4.2378E+05 -4.3974E+05
0000009   2.2685E+06 -3.9798E+05  1.6251E+05
0000010   1.0689E+06 -2.0933E+05  3.8391E+05
0000011   1.9519E+06 -1.9552E+05 -4.3661E+05
0000012   2.2013E+06  3.3961E+05  4.4280E+05
0000013   1.1905E+06 -1.2724E+04 -4.6072E+04
0000014   2.0887E+06  4.8271E+05 -1.0423E+06
0000015   1.3629E+06  4.1774E+05  3.1995E+05
0000016   1.6687E+06 -7.7664E+05  3.9831E+05
0000017   1.8797E+06 -4.5458E+05  3.4625E+05
0000018   2.0326E+06 -5.5966E+05  1.2139E+05
0000019   1.9351E+06 -9.1842E+04  3.0237E+04
0000020   1.6884E+06  3.7121E+05 -7.8087E+05
0000021   1.2285E+06 -2.2336E+05  5.5746E+05
0000022   7.8457E+05 -1.9792E+05  1.6210E+05
0000023   1.8213E+06 -1.8550E+05 -8.2184E+05
0000024   1.4280E+06  1.6031E+05 -3.5310E+05
0000025   2.0959E+06  2.5609E+05 -7.0520E+05
0000026   1.5629E+06 -3.6435E+05 -3.4576E+05
0000027   1.6365E+06  6.5613E+05  6.5473E+05
0000028   1.9254E+06 -7.3399E+05 -3.1365E+05
0000029   1.9240E+06 -5.5388E+05 -6.4865E+05
0000030   2.2194E+06  1.2475E+05 -4.0556E+05
0000031   2.1521E+06 -2.1706E+05  1.8372E+05
0000032   1.4084E+06 -5.1841E+04 -1.7054E+05
0000033   1.9346E+06  4.5170E+05 -3.8683E+05
0000034   1.8596E+06  3.8726E+05 -1.1188E+05
0000035   1.1707E+06 -7.1171E+05 -3.1549E+05
0000036   1.7636E+06  4.1626E+05 -1.9892E+05
0000037   6.3685E+05 -1.0486E+05 -1.3247E+05
0000038   1.8667E+06 -6.2951E+05  3.8685E+05
0000039   1.6651E+06 -7.7881E+05  5.2833E+05
0000040   2.0865E+06 -2.7140E+05 -6.7139E+05
0000041   1.9027E+06  2.3216E+05  1.1360E+06
0000042   1.8800E+06 -1.8781E+05 -3.9906E+05
0000043   1.5603E+06  7.5913E+05 -7.0932E+04
0000044   9.8102E+05  2.5274E+05 -2.0521E+05
0000045   1.8279E+06  2.9025E+05 -3.5106E+05
0000046   1.5628E+06  5.0421E+05  3.2923E+04
0000047   1.0170E+06  6.6800E+04 -1.0080E+05
0000048   7.8583E+05  5.6608E+05  8.0534E+05
0000049   1.6924E+06  1.5266E+04  2.8629E+05
0000050   1.7956E+06 -1.5879E+05 -9.8480E+05
0000051   1.8863E+06  2.3852E+05  4.9424E+04
0000052   2.5291E+06 -6.4200E+05  1.9763E+05
0000053   2.0324E+06  4.3385E+05 -3.3590E+05
0000054   1.6458E+06 -4.1190E+04  3.2500E+05
0000055   6.8868E+05 -4.0782E+05  3.5909E+04
0000056   1.7252E+06 -2.3790E+05 -2.3985E+05
0000057   1.3005E+06  3.7677E+05  7.1936E+05
0000058   2.2481E+06 -7.0017E+04 -1.9228E+05
0000059   1.7586E+06  2.4751E+05 -4.4736E+05
0000060   2.0251E+06  2.2444E+05  7.1814E+05
0000061   1.5486E+06  8.5098E+05 -6.1856E+05
0000062   2.0927E+06  4.7897E+04 -7.8609E+05
0000063   1.2795E+06 -3.6323E+05  3.1456E+05
0000064   8.5170E+05 -5.6842E+05 -7.6186E+05
0000065   1.2284E+06  5.4988E+05  5.2219E+05
0000066   1.5937E+06 -7.0911E+05  1.2012E+05
0000067   1.9621E+06  6.1386E+05  3.2310E+05
0000068   1.8957E+06 -6.8900E+04  4.5685E+05
0000069   1.7246E+06 -5.6770E+05 -8.5393E+04
0000070   1.2385E+06  4.8679E+05  1.2995E+05
0000071   1.7008E+06  5.7746E+05  5.0335E+05
0000072   1.8149E+06 -5.2408E+05 -4.5920E+05
0000073   2.3538E+06 -5.2540E+05 -4.7535E+05
0000074   2.4548E+06  8.0507E+04 -4.8493E+05
0000075   1.6302E+06  1.0598E+06 -6.3645E+05
0000076   1.8639E+06 -8.1820E+05 -9.5421E+05
0000077   1.4687E+06 -2.7076E+05  1.6963E+04
0000078   1.0694E+06  8.4236E+05 -8.8364E+05
0000079   1.0211E+06  6.4203E+05  3.5933E+05
0000080   1.9690E+06 -2.4825E+05  3.9778E+05
0000081   1.9550E+06 -7.6728E+05  5.1326E+05
0000082   1.8819E+06  5.0106E+05  4.6594E+05
0000083   1.7415E+06 -9.6737E+04  3.6431E+05
0000084   1.7469E+06 -7.0600E+05  9.3615E+05
0000085   1.8053E+06 -5.1706E+05 -5.9477E+05
0000086   1.7140E+06 -2.7525E+04  3.2640E+05
0000087   1.4797E+06  3.6060E+05  8.6276E+05
0000088   7.2137E+05  4.4259E+05 -3.9384E+05
0000089   1.6854E+06  2.6936E+05 -3.1817E+05
0000090   2.1773E+06  3.8641E+05 -4.0040E+05
0000091   1.6521E+06  5.8521E+05  5.2287E+05
0000092   1.9813E+06  1.9234E+05 -3.3617E+05
0000093   2.3949E+06  7.2160E+05 -3.7838E+05
0000094   2.2106E+06  2.9686E+05 -4.1960E+05
0000095   1.6121E+06 -1.5378E+05  5.1387E+05
0000096   1.4061E+06  7.0420E+05 -6.3607E+05
0000097   1.6993E+06 -8.8893E+05  5.2503E+05
0000098   2.3915E+06 -6.1126E+05 -7.5913E+04
0000099   1.5705E+06  5.1528E+04 -6.9284E+05
0000100   1.3413E+06 -4.3657E+05 -8.4209E+05
0000101   1.8892E+06  4.4510E+05  4.1918E+05
0000102   1.5280E+06 -5.0449E+05  5.1528E+05
0000103   1.7061E+06 -6.9643E+04 -2.8269E+05
0000104   1.9817E+06  7.7330E+05 -2.5395E+05
0000105   8.1016E+05  3.5934E+05 -1.2991E+05
0000106   1.5439E+06  2.7653E+05  1.8482E+05
0000107   1.2058E+06  2.7392E+05 -3.5576E+05
0000108   1.5338E+06 -4.4336E+05  3.2537E+05
0000109   1.5762E+06  2.5735E+05  7.2384E+05
0000110   1.6722E+06  4.8962E+05  1.6675E+05
0000111   1.4570E+06 -6.8335E+05  3.5701E+05
0000112   1.8638E+06  3.4024E+05  2.6409E+05
0000113   1.7772E+06  8.8217E+04 -6.4954E+05
0000114   2.2449E+06 -6.4415E+05  5.5773E+05
0000115   1.2997E+06 -1.7858E+05 -2.6786E+05
0000116   1.3106E+06  4.7443E+04  8.3908E+05
0000117   1.5962E+06 -6.2772E+05 -6.2451E+05
0000118   1.2086E+06  8.0560E+05  6.0340E+05
0000119   1.9106E+06 -1.2536E+05  2.5481E+05
0000120   1.5813E+06  4.1548E+05  1.1248E+05
0000121   1.3833E+06 -7.3795E+05  3.9796E+05
0000122   1.7490E+06 -2.4729E+05 -3.6203E+05
0000123   1.5254E+06 -3.6905E+05 -1.0019E+05
0000124   1.3430E+06  8.7823E+05  3.1153E+05
0000125   1.7636E+06  9.9909E+05  5.7731E+05
0000126   2.3874E+06 -6.9684E+04 -4.0252E+05
0000127   1.4928E+06  1.2659E+05 -1.3216E+06
0000128   1.6623E+06  8.1300E+05  5.8117E+05
0000129   1.7332E+06  3.0365E+05 -1.5884E+05
0000130   1.0315E+06 -2.8337E+05 -6.8109E+05
0000131   2.0161E+06 -1.5427E+05  4.8770E+05
0000132   3.5153E+05  4.7827E+04 -4.0001E+05
0000133   2.5092E+06  2.4058E+05  3.4147E+05
0000134   2.2654E+06 -5.6227E+05  3.1235E+05
0000135   1.9456E+06  2.0613E+05 -1.2276E+06
0000136   1.5611E+06 -3.2442E+05  3.4900E+05
0000137   1.9816E+06  2.4947E+05 -9.3533E+05
0000138   1.5601E+06 -6.2137E+05  1.8343E+05
0000139   1.3966E+06  2.3393E+05 -1.1068E+05
0000140   1.6084E+06 -4.6247E+05  1.0871E+06
0000141   7.6981E+05  1.2321E+06  1.3579E+06
0000142   1.7870E+06 -2.5632E+05  9.9969E+05
0000143   2.0682E+06 -7.6147E+04 -4.4492E+04
0000144   1.7699E+06  4.3108E+05  3.5286E+05
0000145   1.7516E+06  6.1761E+05  1.5194E+05
0000146   7.6516E+05  5.9297E+04 -2.6971E+04
0000147   1.2338E+06  2.0409E+05  5.5896E+04
0000148   1.3831E+06  1.0696E+05 -1.8309E+05
0000149   1.9415E+06 -8.8538E+05 -3.8726E+05
0000150   1.6476E+06 -2.7066E+05 -2.8259E+05
0000151   1.4776E+06 -5.9785E+05 -3.4938E+05
0000152   2.0761E+06  3.3873E+05  3.7539E+05
0000153   9.9164E+05  4.3551E+04 -1.8470E+05
0000154   1.9523E+06 -3.2971E+05  8.3644E+03
0000155   1.7132E+06  2.4594E+05  5.1243E+04
0000156   4.9256E+05 -1.0440E+05 -7.1161E+04
0000157   1.8055E+06 -1.4964E+04  8.7439E+04
0000158   1.2257E+06  5.4382E+05  1.1948E+05
0000159   2.2216E+06  2.8921E+05 -5.5801E+05
0000160   2.3289E+06  6.8002E+05 -2.1816E+05
0000161   1.8931E+06  4.7999E+05 -1.9321E+05
0000162   1.5172E+06 -5.6226E+05  3.9366E+05
0000163   2.0476E+06  2.3988E+05 -1.2562E+05
0000164   2.0929E+06  3.6093E+05  3.9917E+03
0000165   1.9408E+06 -8.2565E+04 -1.1480E+06
0000166   1.8257E+06  3.0776E+05  1.2642E+05
0000167   1.1435E+06  4.9049E+04  3.9107E+05
0000168   2.5076E+06 -4.5176E+05 -1.4618E+05
0000169   1.8599E+06  2.9885E+05  1.1450E+05
0000170   1.8661E+06 -7.5013E+04 -7.3564E+05
0000171   1.5500E+06 -6.9110E+04  2.8290E+05
0000172   2.2064E+06 -2.3642E+05  3.8075E+05
0000173   2.0855E+06  1.4271E+05  2.4288E+04
0000174   1.0429E+06  8.7435E+05 -3.1934E+05
0000175   2.1126E+06 -4.1371E+05 -4.9281E+05
0000176   1.6982E+06 -1.6058E+05 -1.3351E+04
0000177   1.5333E+06 -5.9301E+05 -6.1418E+05
0000178   1.6258E+06  2.9543E+05 -2.9959E+03
0000179   1.8179E+06  5.6604E+05 -3.7840E+05
0000180   1.8971E+06 -7.3852E+04 -5.3028E+05
0000181   1.5334E+06  1.1208E+06 -1.3202E+05
0000182   1.3149E+06  3.6297E+04  2.3354E+05
0000183   2.6189E+06  2.0574E+04  3.9652E+05
0000184   1.8291E+06  8.6813E+05  2.7744E+05
0000185   7.2851E+05 -3.1616E+05 -1.4226E+05
0000186   1.3404E+06  1.9282E+05  1.1039E+06
0000187   1.8839E+06 -2.8601E+05  4.0733E+05
0000188   2.0082E+06 -7.0474E+05 -1.5030E+05
0000189   1.4392E+06  3.6836E+05  1.6847E+05
0000190   6.6949E+05  2.9543E+05  4.4797E+03
0000191   2.0900E+06  3.5964E+05  3.9614E+05
0000192   1.7680E+06  9.7742E+05  2.9517E+05
0000193   1.9427E+06 -8.7587E+05 -1.5477E+05
0000194   1.6384E+06  4.8717E+05 -4.5603E+04
0000195   1.3431E+06 -2.9566E+04 -4.5445E+05
0000196   1.6459E+06 -2.5514E+05 -2.8480E+05
0000197   1.4730E+06  1.0017E+05 -1.2999E+06
0000198   1.6979E+06 -3.2670E+05  5.4117E+05
0000199   2.1828E+06  2.0550E+05  5.1585E+05
0000200   1.1681E+06  4.2858E+05  6.7478E+05
0000201   9.5335E+05  4.3206E+05 -5.6049E+05
0000202   1.2969E+06  1.1487E+06  1.9411E+05
0000203   1.0714E+06 -4.0428E+05 -4.8785E+04
0000204   6.8790E+05  1.1928E+04  9.3511E+04
0000205   1.4503E+06  2.1760E+05 -2.9340E+05
0000206   1.0910E+06 -3.3936E+05  3.1008E+05
0000207   2.0093E+06 -2.5863E+05  4.2874E+05
0000208   2.1152E+06  1.7030E+05  3.9320E+05
0000209   1.8494E+06 -3.3784E+05 -2.5133E+05
0000210   1.4788E+06 -1.9762E+05 -4.9622E+05
0000211   1.8257E+06 -1.0347E+06 -8.2828E+04
0000212   7.9496E+05  3.1590E+05 -1.3318E+05
0000213   1.8692E+06 -4.9180E+05 -1.2075E+06
0000214   1.2407E+06  4.1984E+05  1.7887E+05
0000215   1.8863E+06  1.4962E+06  3.4717E+05
0000216   1.4766E+06  2.2136E+05 -4.2384E+05
0000217   1.4824E+06 -5.2043E+04  5.4847E+05
0000218   6.8340E+05  1.6852E+05 -8.5761E+05
0000219   2.0493E+06 -1.3000E+04 -1.7885E+05
0000220   2.2308E+06 -7.2741E+05  1.5804E+05
0000221   1.3802E+06  4.7225E+02 -6.0762E+05
0000222   8.9835E+05 -9.9470E+05  3.5797E+05
0000223   2.6670E+05  1.9132E+05  4.4042E+04
0000224   2.0514E+06  3.5533E+05 -1.4519E+05
0000225   2.3545E+06  7.4591E+05  3.7899E+05
0000226   2.1478E+06 -1.8449E+05 -7.8701E+05
0000227   2.3429E+06 -2.8634E+04 -3.1476E+05
0000228   1.2001E+06  3.6249E+05  3.5907E+05
0000229   1.3266E+06 -3.9899E+05 -1.4920E+04
0000230   1.4756E+06 -2.5484E+05  6.1827E+05
0000231   1.8852E+06  2.5054E+04  6.9910E+05
0000232   1.9760E+06 -6.8093E+05 -4.2585E+05
0000233   1.9049E+06 -1.0962E+04 -6.7216E+05
0000234   2.4111E+06  1.9764E+05  1.5693E+05
0000235   1.5831E+06 -7.4205E+05 -4.4388E+05
0000236   1.7785E+06  5.4962E+04  7.2290E+05
0000237   1.1637E+06  2.4744E+05  9.4659E+05
0000238   1.7360E+06  1.9955E+05  1.2363E+06
0000239   1.7489E+06 -6.9104E+05 -6.2428E+05
0000240   2.1348E+06 -5.2234E+04 -3.2702E+05
0000241   2.3937E+06  3.6640E+05  1.6581E+05
0000242   1.8503E+06 -1.0667E+06 -2.2472E+05
0000243   1.4784E+06  5.5247E+03  5.1144E+04
0000244   1.0631E+06 -1.3587E+06 -5.1984E+04
0000245   1.1454E+06  3.6289E+03  2.7293E+05
0000246   2.1390E+06 -7.4969E+04  4.1994E+05
0000247   1.5929E+06  6.8435E+05  7.7970E+04
0000248   1.4392E+06 -1.1012E+05  6.8919E+05
0000249   1.9074E+06  1.0357E+06  3.6232E+04
0000250   1.8951E+06  7.6558E+05  4.3233E+05
0000251   2.4380E+06 -7.3600E+05  3.9377E+05
0000252   7.3254E+05 -1.2396E+05 -4.1085E+05
0000253   8.9861E+05 -1.9508E+05 -9.5537E+05
0000254   8.2866E+05 -7.4421E+05 -1.3264E+05
0000255   1.6821E+06 -1.8906E+05 -5.1495E+04
0000256   1.6008E+06  8.3939E+04  5.7415E+05
0000257   1.8811E+06  9.2264E+05  6.2538E+04
0000258   2.1664E+06  1.5357E+05  5.5323E+04
0000259   1.3998E+06 -9.2376E+05 -1.6990E+05
0000260   2.2812E+06 -4.7647E+04  1.0815E+06
0000261   1.8631E+06  7.6525E+05 -1.4852E+05
0000262   1.9732E+06 -1.4826E+05  9.0382E+04
0000263   2.7906E+06  3.6406E+05  4.3538E+05
0000264   2.1658E+06  4.2612E+05 -2.8103E+04
0000265   1.7572E+06  1.3853E+06 -5.8549E+05
0000266   1.0916E+06  9.7793E+05 -3.6435E+05
0000267   1.5789E+06  4.8907E+05 -2.3457E+05
0000268   2.2050E+06  1.5739E+05 -5.5728E+04
0000269   2.1039E+06 -2.5786E+05 -6.5758E+05
0000270   1.3736E+06 -1.0558E+06 -2.4749E+05
0000271   6.1703E+05  4.5224E+04  8.6062E+04
0000272   1.3705E+06 -2.6444E+05  4.2039E+05
0000273   2.5485E+06 -7.9499E+04 -1.7890E+05
0000274   1.2001E+06 -3.7989E+04  9.3566E+05
0000275   2.0006E+06  6.0922E+04  3.2998E+05
0000276   2.2017E+06  5.8555E+05  4.1439E+04
0000277   1.2599E+06  1.8337E+05 -6.1489E+05
0000278   2.1581E+06 -2.6069E+05  4.9386E+05
0000279   1.7800E+06 -3.8180E+04  3.0924E+04
0000280   1.7225E+06  2.4767E+05  3.2700E+05
0000281   2.3989E+06 -3.2974E+05 -4.5343E+04
0000282   1.2649E+06 -1.0180E+06 -2.7860E+05
0000283   1.2288E+06  1.0241E+06 -3.9092E+05
0000284   2.1714E+06 -3.9073E+05 -4.2120E+04
0000285   1.3852E+06  1.6397E+05  4.6854E+05
0000286   1.9312E+06 -2.2457E+05  4.1689E+05
0000287   1.4264E+06 -1.1482E+05 -1.2638E+06
0000288   2.0269E+06  1.7669E+05 -3.1843E+05
0000289   1.7795E+06 -4.1106E+05  5.6684E+05
0000290   1.5755E+06 -1.2739E+06 -4.6621E+04
0000291   5.8246E+05 -7.6322E+05 -7.9474E+04
0000292   1.6394E+06 -5.8568E+05  8.0193E+05
0000293   1.3318E+06 -5.9002E+05  8.1511E+05
0000294   2.2424E+06  1.5103E+05  1.0961E+06
0000295   2.3921E+06 -3.0637E+05  1.0561E+05
0000296   8.9440E+05 -1.3708E+04 -2.7116E+05
0000297   1.4039E+06 -1.1631E+06  7.9180E+04
0000298   1.9008E+06  7.4783E+04  9.2980E+05
0000299   1.6529E+06 -1.8224E+05 -2.6063E+05
0000300   2.0679E+06 -3.3563E+05  1.7066E+05
0000301   1.9105E+06 -5.6917E+05  9.8761E+04
0000302   1.6892E+06 -1.3021E+06 -1.0447E+05
0000303   2.0725E+06  4.6167E+05  6.8054E+05
0000304   1.9545E+06 -4.7841E+05  2.8612E+05
0000305   1.4888E+06 -3.4587E+05 -5.1980E+05
0000306   1.4149E+06  6.6944E+05  5.0207E+05
0000307   2.0158E+06 -9.1562E+04  7.6277E+03
0000308   1.0416E+06  7.2080E+05  6.0642E+04
0000309   2.1534E+06 -2.8597E+05 -7.1122E+05
0000310   1.8077E+06  1.7227E+05  6.6367E+05
0000311   9.2221E+05  3.3944E+05 -6.9772E+05
0000312   2.3662E+06  5.0464E+05 -4.1456E+05
0000313   1.4932E+06  3.6863E+05 -4.5477E+05
0000314   1.5036E+06  7.7941E+05 -8.1596E+05
0000315   1.7360E+06 -5.7422E+05 -3.4755E+05
0000316   9.6834E+05  1.5103E+05  7.8949E+05
0000317   2.0794E+06 -2.7963E+05 -2.3354E+05
0000318   1.8140E+06 -5.0614E+05 -2.0813E+05
0000319   1.9794E+06  6.3950E+04 -2.3222E+05
0000320   1.1156E+06  2.8061E+05 -9.5348E+05
0000321   2.2561E+06  4.9813E+04  1.7067E+05
0000322   1.4505E+06 -3.6181E+05 -7.0290E+05
0000323   1.6683E+06  4.7028E+05 -8.3174E+05
0000324   2.0427E+06 -4.4252E+05 -7.4888E+05
0000325   2.2134E+06  4.8747E+05 -6.1692E+04
0000326   1.8328E+06  2.6516E+04  7.2919E+05
0000327   1.4907E+06  4.1975E+04 -5.5098E+05
0000328   2.1346E+06 -5.6236E+05  2.8170E+05
0000329   1.5970E+06  4.3478E+05  1.6822E+04
0000330   3.1651E+05  4.7727E+05  6.3917E+05
0000331   1.3388E+06  1.7410E+05  3.2546E+05
0000332   1.4223E+06  9.1353E+05 -1.2260E+06
0000333   2.3826E+06 -2.3165E+05  3.6919E+05
0000334   2.1725E+06 -7.1706E+04  3.3938E+05
0000335   1.0977E+06  1.1220E+05 -2.0238E+05
0000336   1.2291E+06  2.9832E+05 -3.0945E+05
0000337   2.0747E+06  1.4026E+05 -2.4491E+05
0000338   1.7274E+06 -6.0060E+05  2.2178E+05
0000339   1.5074E+06  3.2951E+05  2.0192E+05
0000340   1.8145E+06 -4.0761E+05  6.6914E+04
0000341   9.2054E+05 -7.0584E+05  4.0239E+05
0000342   2.1920E+06 -2.4314E+05 -1.3293E+04
0000343   1.8853E+06 -7.8759E+05 -5.7765E+05
0000344   1.8772E+06  5.8366E+05  5.5896E+05
0000345   2.4243E+06 -3.6019E+05 -2.2336E+05
0000346   1.6651E+06  8.9953E+05  3.4958E+05
0000347   1.8024E+06 -2.1683E+05  5.5530E+05
0000348   1.7510E+06 -3.5346E+05  3.5905E+05
0000349   1.7095E+06  3.8677E+05 -6.3381E+04
0000350   1.8194E+06 -2.0683E+05 -2.4586E+05
0000351   1.9377E+06 -2.9654E+05 -2.5683E+05
0000352   1.6151E+06 -6.6724E+05  1.8915E+05
0000353   1.6429E+06 -8.4109E+05 -5.1227E+05
0000354   6.9013E+05  3.8244E+05  3.6777E+05
0000355   1.5998E+06 -1.0718E+06 -1.5248E+05
0000356   1.7900E+06 -8.2208E+05 -2.9885E+05
0000357   2.0883E+06  4.1659E+05  1.5197E+05
0000358   1.0455E+06  2.2775E+05  9.7983E+05
0000359   1.7846E+06 -3.8567E+04 -4.4763E+05
0000360   1.7148E+06 -5.8625E+05  2.1655E+05
0000361   1.6230E+06 -2.3792E+05 -6.3902E+05
0000362   2.0962E+06  5.3810E+05  1.0307E+06
0000363   1.3834E+06  4.0180E+05 -3.3205E+05
0000364   1.5688E+06  6.7422E+04 -4.1900E+05
0000365   1.6978E+06 -8.7025E+05  8.1407E+05
0000366   1.6342E+06 -4.5412E+05 -6.1640E+05
0000367   1.4972E+06 -5.3379E+05  1.6675E+05
0000368   2.5441E+06 -3.1095E+05 -8.4786E+05
0000369   1.4434E+06  2.7647E+05 -6.8802E+04
0000370   2.0703E+06  2.5486E+05  1.1353E+05
0000371   1.9797E+06 -2.2950E+05  1.0308E+06
0000372   1.2902E+06  3.0638E+05  2.8842E+05
0000373   1.3594E+06  1.4924E+05 -1.5341E+05
0000374   1.5411E+06 -4.6174E+05 -6.5153E+05
0000375   2.0509E+06 -8.0349E+05 -3.7178E+04
0000376   1.3073E+06 -3.3794E+05 -4.8700E+05
0000377   1.7869E+06  1.8618E+05 -1.1688E+05
0000378   1.7854E+06 -2.6956E+02  2.8122E+05
0000379   1.7208E+06  8.8965E+04 -3.6847E+05
0000380   1.5881E+06 -1.2988E+06 -2.6448E+05
0000381   1.8726E+06  1.4095E+06  3.3279E+05
0000382   1.8110E+06  2.3081E+05 -7.0018E+05
0000383   1.8344E+06  3.8891E+05 -3.3335E+05
0000384   1.8837E+06  2.0776E+05 -9.3206E+05
0000385   1.7286E+06  4.7347E+05 -1.2981E+05
0000386   9.4094E+05  2.0829E+05  9.6523E+04
0000387   1.8472E+06 -7.2025E+05  2.0145E+05
0000388   2.0211E+06  3.4096E+05 -4.1887E+05
0000389   1.8449E+06  4.4552E+05 -5.7998E+05
0000390   1.8539E+06 -1.6784E+05  7.4883E+05
0000391   1.0587E+06  6.3439E+05 -6.0030E+05
0000392   1.0750E+06  7.5692E+05 -1.4578E+06
0000393   1.9964E+06 -5.2673E+05 -9.0544E+05
0000394   1.6304E+06 -8.4625E+04  1.6081E+05
0000395   2.1546E+06  1.2720E+05 -7.7418E+05
0000396   1.6686E+06 -2.9195E+05 -2.8522E+05
0000397   1.8383E+06 -7.1322E+05  2.7575E+05
0000398   1.6251E+06  2.2788E+05  3.8249E+05
0000399   2.5424E+06 -2.9321E+05  3.5026E+05
0000400   1.4899E+06  3.1429E+05  3.7297E+05
0000401   7.9877E+05  8.5992E+05 -4.2735E+05
0000402   1.4070E+06  5.7954E+05  1.4321E+05
0000403   2.2455E+06 -4.4807E+05 -9.2263E+04
0000404   2.1897E+06  3.4684E+05  1.2401E+05
0000405   1.3946E+06 -4.2325E+05 -4.5487E+05
0000406   2.1604E+06  9.9882E+03  5.4047E+05
0000407   2.4428E+06  1.8475E+05  1.3955E+05
0000408   2.1537E+06  2.5939E+05 -2.6365E+05
0000409   2.1872E+06  2.7596E+05 -3.0981E+05
0000410   2.0885E+06 -7.1738E+05  3.0013E+05
0000411   1.0162E+06 -2.0167E+05 -4.3988E+05
0000412   1.2937E+06  2.6530E+05 -3.1273E+05
0000413   1.9634E+06  1.7263E+05 -6.9605E+05
0000414   2.4632E+06  5.2294E+05  3.7386E+04
0000415   2.4413E+06 -1.0218E+05 -1.3193E+05
0000416   1.8919E+06  1.0091E+06 -6.1088E+04
0000417   2.1752E+06  9.8033E+04 -1.6684E+05
0000418   2.1586E+06 -5.5421E+05  2.0128E+05
0000419   2.0991E+06  3.7538E+05  2.3089E+05
0000420   2.1571E+06  5.8575E+05  3.2504E+03
0000421   1.8397E+06 -3.5544E+05 -1.2645E+05
0000422   1.3724E+06 -7.1597E+04  5.3400E+05
0000423   1.8666E+06  2.6146E+05  3.8262E+05
0000424   1.5876E+06 -1.9582E+05 -1.4492E+06
0000425   1.8468E+06 -1.0042E+05 -7.7969E+05
0000426   1.1581E+06  2.8500E+05  1.0879E+06
0000427   2.1895E+06  8.2777E+05  2.6011E+05
0000428   2.4865E+06 -2.2657E+05 -6.1888E+05
0000429   1.7293E+06  1.4687E+06  1.7240E+05
0000430   1.2092E+06 -3.8305E+04 -7.2489E+04
0000431   2.2274E+06 -4.9090E+05  2.4387E+05
0000432   2.0213E+06 -2.0263E+05  1.5433E+05
0000433   1.2891E+06 -4.2178E+05  3.1598E+05
0000434   1.6896E+06  3.9143E+05 -3.3678E+04
0000435   1.9499E+06  2.0903E+05  5.9154E+05
0000436   2.2993E+06  5.6135E+05  3.5390E+05
0000437   1.3494E+06 -3.6690E+05 -3.2752E+05
0000438   2.2033E+06 -2.3682E+04  1.8435E+05
0000439   1.5948E+06 -3.6487E+05  2.0869E+05
0000440   2.2513E+06 -5.8860E+05 -2.4464E+05
0000441   2.1458E+06  7.8547E+04 -4.6940E+05
0000442   1.7302E+06  6.4026E+05  4.0293E+04
0000443   1.9299E+06 -4.9499E+05 -5.7572E+05
0000444   2.6495E+05 -9.3177E+05 -5.5764E+05
0000445   1.6618E+06  6.9835E+05 -9.8197E+05
0000446   1.9582E+06 -1.7289E+05  8.2102E+05
0000447   2.0095E+06  5.6909E+05  1.3969E+05
0000448   1.4805E+06  1.0200E+06  3.0925E+05
0000449   2.1061E+06  4.2741E+05  6.4465E+03
0000450   1.0218E+06 -9.1918E+05 -8.3810E+05
0000451   2.1892E+06 -4.6829E+04 -7.0738E+05
0000452   1.0746E+06 -1.4969E+05 -9.2964E+04
0000453   2.0399E+06  2.6813E+05 -3.0828E+05
0000454   1.9404E+06 -8.0361E+05  5.8122E+05
0000455   7.1414E+05 -1.0209E+06 -3.0295E+05
0000456   2.5178E+06  2.9216E+05 -6.1171E+04
0000457   1.4567E+06  1.4186E+05  2.8133E+05
0000458   1.5559E+06  2.3319E+05  3.1120E+05
0000459   1.4859E+06 -3.6089E+05 -5.2701E+04
0000460   8.7519E+05  2.4078E+05 -2.7617E+04
0000461   1.5021E+06 -4.1258E+04 -1.2617E+06
0000462   1.9568E+06  4.7277E+05  5.3096E+05
0000463   2.1391E+06  1.0891E+05  5.5416E+04
0000464   1.9875E+06  7.2968E+05  1.1835E+05
0000465   1.6679E+06 -5.7702E+05 -2.1569E+05
0000466   1.6864E+06 -5.1954E+05 -1.8466E+05
0000467   1.0116E+06 -5.4259E+05  6.5477E+05
0000468   2.1041E+06  4.9692E+05  3.8228E+05
0000469   1.3662E+06  6.8510E+05 -4.6480E+05
0000470   1.7450E+06 -2.5513E+05  2.8924E+04
0000471   2.4915E+06 -3.9701E+05 -4.3282E+05
0000472   1.9913E+06  5.1687E+03 -2.7509E+05
0000473   1.8947E+06  2.5869E+05  3.9951E+05
0000474   2.1164E+06  6.9731E+05  3.4682E+05
0000475   1.5493E+06 -1.1556E+03 -1.2025E+06
0000476   2.6134E+06 -7.4580E+05 -1.1074E+04
0000477   1.5460E+06 -3.8128E+04 -1.2461E+05
0000478   1.1081E+06 -1.1961E+05  3.4447E+05
0000479   1.9232E+06 -9.2523E+05 -7.2589E+04
0000480   1.3666E+06 -6.7825E+04  3.8131E+05
0000481   2.5615E+06  2.6773E+05 -3.9216E+05
0000482   5.5575E+05 -1.5282E+05  4.7658E+05
0000483   1.1124E+06 -1.1080E+06 -2.0227E+05
0000484   2.2309E+06 -9.5066E+04 -8.4706E+04
0000485   1.5639E+06 -2.0790E+05 -3.7824E+04
0000486   2.3643E+06  5.0684E+05 -8.3568E+04
0000487   1.0012E+06  4.8334E+05 -5.2786E+05
0000488   1.8306E+06  5.2167E+04  1.6648E+05
0000489   1.7301E+06 -6.1808E+05  6.3566E+04
0000490   1.4665E+06  4.6128E+04 -4.6947E+05
0000491   1.8569E+06 -2.5824E+05  1.1899E+06
0000492   2.0526E+06  1.2669E+05  1.4084E+05
0000493   2.0154E+06  3.9903E+05  4.5258E+05
0000494   1.5263E+06  2.3900E+04 -5.5502E+05
0000495   1.6953E+06 -1.3652E+05  4.5229E+05
0000496   1.0145E+06  5.4127E+05 -4.6532E+05
0000497   1.2402E+06 -3.8095E+05 -9.1978E+05
0000498   2.1807E+06  4.6584E+05 -5.1799E+04
0000499   1.8324E+06  4.0090E+05 -1.4792E+05
0000500   2.1591E+06  1.9394E+05 -2.3109E+05
0000501   2.1100E+06 -1.9716E+05 -1.8064E+04
0000502   2.2306E+06 -7.8766E+04  3.0609E+05
0000503   1.5145E+06  5.2742E+05  5.9178E+04
0000504   1.6442E+06 -2.0509E+05  2.2757E+05
0000505   2.0029E+06  6.5026E+05 -1.6261E+05
0000506   1.5048E+06  7.2998E+05 -1.4578E+05
0000507   1.8267E+06  1.3003E+05 -4.0117E+04
0000508   2.1859E+06 -1.8556E+05 -1.2809E+05
0000509   2.0668E+06  8.2461E+05 -8.8456E+04
0000510   2.2727E+06 -6.4956E+04 -3.4355E+04
0000511   5.0506E+05 -3.2989E+05  1.2906E+06
0000512   1.8288E+06 -3.1288E+05 -2.2316E+05
0000513   1.1980E+06  3.4148E+05  1.3879E+05
0000514   1.0303E+06  1.9795E+05 -1.6495E+05
0000515   2.3151E+06  6.6102E+05  5.6675E+05
0000516   1.7654E+06 -2.0480E+05 -4.1002E+05
0000517   2.2628E+06  1.7628E+05  2.7622E+05
0000518   9.0944E+05  3.4894E+05  2.6160E+05
0000519   1.5449E+06 -1.9262E+04  1.0270E+06
0000520   1.8122E+06 -2.9343E+05 -3.5680E+05
0000521   1.8736E+06  8.4866E+05 -6.9290E+05
0000522   1.9900E+06 -4.5596E+05  3.4499E+05
0000523   1.3598E+06  5.4147E+05 -1.0786E+06
0000524   2.1384E+06  2.1287E+05  2.4145E+05
0000525   8.3299E+05  1.5627E+05 -4.3309E+04
0000526   1.5615E+06  1.3318E+06  3.0251E+05
0000527   1.3528E+06  1.8038E+05 -7.8741E+05
0000528   6.5011E+05 -8.0486E+05  5.2286E+05
0000529   1.7847E+06 -1.6060E+05 -4.4387E+05
0000530   2.6103E+06  1.6170E+04 -5.9994E+05
0000531   1.6624E+06  1.2457E+05 -3.3284E+05
0000532   1.4954E+06 -8.3614E+05  1.4527E+06
0000533   2.2721E+06 -2.2240E+05 -3.3452E+05
0000534   1.3544E+06 -2.0614E+05 -5.4258E+05
0000535   1.7988E+06  6.5799E+05 -2.3850E+05
0000536   2.4054E+06  8.9247E+05  2.2045E+05
0000537   1.7221E+06 -3.4577E+05 -3.9980E+05
0000538   2.1464E+06  1.3881E+05 -5.0216E+04
0000539   2.0185E+06 -8.5653E+04 -8.2447E+05
0000540   1.9217E+06  2.2061E+05  9.0497E+05
0000541   2.0387E+06 -6.2486E+05  2.4323E+05
0000542   1.8061E+06  2.8252E+05  6.5125E+05
0000543   2.3968E+06 -3.0830E+05  1.8821E+05
0000544   1.0887E+06 -2.7981E+05 -1.7560E+05
0000545   1.5020E+06  4.2793E+05  2.1943E+05
0000546   2.2558E+06  1.8287E+05  1.6371E+05
0000547   1.2872E+06  5.0663E+05 -2.0788E+05
0000548   1.7917E+06  4.4598E+05  8.9392E+04
0000549   1.1790E+06 -4.5593E+05  7.2022E+05
0000550   2.6782E+06 -4.0984E+05 -2.0356E+05
0000551   1.5207E+06  4.2420E+05 -6.5557E+04
0000552   2.3434E+06 -3.2239E+05  2.7633E+05
0000553   1.8225E+06  3.0091E+04 -4.9751E+04
0000554   8.1965E+05  2.9693E+05  3.3021E+05
0000555   1.8315E+06 -4.1157E+05  5.0555E+05
0000556   1.7820E+06  1.3801E+05  8.6271E+05
0000557   2.1185E+06 -1.1133E+04 -1.0151E+06
0000558   1.5993E+06  6.8434E+04 -1.4077E+05
0000559   2.4278E+06  2.8751E+05  6.8955E+05
0000560   1.3972E+06  6.8489E+05 -1.2750E+05
0000561   9.3378E+05 -1.5037E+05  6.2020E+03
0000562   9.6377E+05  3.6515E+05  7.5889E+04
0000563   2.1800E+06 -9.0693E+04  7.0899E+05
0000564   6.3210E+05  7.3266E+05  4.8665E+05
0000565   2.1392E+06  5.9817E+05 -1.3057E+05
0000566   2.6634E+06 -9.2878E+04  8.0580E+05
0000567   2.0484E+06  5.2399E+05  2.5241E+04
0000568   8.5543E+05  7.1424E+04  7.4295E+05
0000569   1.2922E+06 -6.1335E+04 -1.5798E+04
0000570   1.1393E+06  3.1802E+05 -1.1585E+05
0000571   1.3569E+06  8.7505E+05  6.5064E+05
0000572   1.7120E+06 -1.6350E+05  6.2867E+05
0000573   1.7510E+06 -5.4213E+05 -1.3209E+05
0000574   2.4109E+06  2.6914E+05  5.5169E+04
0000575   1.7936E+06 -5.3952E+04  4.0979E+05
0000576   1.5789E+06 -8.2956E+04  2.6819E+05
0000577   5.2344E+05  1.7689E+05  6.9229E+05
0000578   2.0896E+06 -8.0743E+04  1.0304E+06
0000579   2.0349E+06 -3.4096E+05  2.7214E+05
0000580   1.8831E+06 -5.8312E+05  5.1863E+05
0000581   9.2258E+05 -3.5333E+04  1.7092E+05
0000582   2.1182E+06  3.3535E+05  2.9581E+05
0000583   1.9582E+06 -4.2091E+05 -2.9966E+05
0000584   2.1388E+06 -1.0786E+05 -4.0382E+05
0000585   1.7850E+06 -4.8793E+05  3.4440E+05
0000586   1.7238E+06  1.1766E+05 -1.1322E+06
0000587   2.0194E+06 -9.0838E+05  2.0207E+05
0000588   1.8078E+06 -9.0180E+04 -9.0720E+05
0000589   1.4031E+06 -1.3049E+03 -1.3650E+05
0000590   1.6673E+06  6.7852E+04 -8.9125E+05
0000591   1.8779E+06 -4.7980E+05 -4.0669E+05
0000592   2.0230E+06  8.4410E+03 -3.2992E+05
0000593   1.7870E+06  4.1228E+05 -3.3829E+05
0000594   2.0401E+06 -1.3433E+05 -1.6387E+05
0000595   2.2736E+06 -1.6960E+05 -5.0160E+05
0000596   1.3341E+06  3.0137E+04 -1.1629E+05
0000597   2.2426E+06  1.3423E+03 -2.4799E+05
0000598   1.8695E+06 -1.4373E+05  6.7479E+05
0000599   1.9826E+06 -2.3175E+05 -8.0696E+05
0000600   2.5467E+06  6.5870E+04 -7.9387E+05
0000601   2.5326E+06 -3.4933E+05 -2.2338E+05
0000602   1.7254E+06  7.3302E+05  2.0069E+05
0000603   1.7888E+06  6.7923E+05 -1.6149E+05
0000604   1.2926E+06  3.7373E+04  9.1781E+05
0000605   1.5492E+06 -9.7391E+05 -1.4623E+04
0000606   1.9761E+06  5.3426E+05  3.7891E+05
0000607   1.7736E+06  3.7418E+05 -8.3408E+05
0000608   2.0383E+06 -2.3383E+05  2.0872E+05
0000609   2.0309E+06 -2.1341E+05  3.8320E+05
0000610   1.9227E+06  4.6485E+05  3.4859E+05
0000611   7.3382E+05 -1.3556E+06 -7.6499E+05
0000612   3.2301E+05  3.5369E+05 -2.4684E+05
0000613   1.7153E+06  4.5467E+05 -9.9935E+04
0000614   1.6776E+06 -6.5508E+05 -3.0592E+05
0000615   1.8808E+06  1.0482E+05 -9.8363E+04
0000616   1.9962E+06  1.6547E+05 -2.1577E+05
0000617   1.9850E+06 -2.4345E+05 -9.4980E+05
0000618   1.0528E+06  6.8122E+05  1.2592E+05
0000619   2.0750E+06  3.7841E+05  3.6590E+05
0000620   1.7042E+06  3.2920E+05  7.7155E+05
0000621   9.5433E+05  1.0260E+06  5.2845E+05
0000622   1.7344E+06 -1.9821E+05 -2.3841E+05
0000623   1.5728E+06  3.5638E+04  6.2445E+05
0000624   2.0867E+06  3.2587E+05  8.0721E+05
0000625   2.0930E+06  7.3556E+05 -5.9223E+05
0000626   2.1651E+06  1.9239E+04  2.2872E+05
0000627   1.5244E+06  3.0407E+05 -1.7573E+05
0000628   1.0224E+06 -4.9342E+05  1.1908E+05
0000629   1.8273E+06  3.5139E+05 -2.2360E+03
0000630   1.0984E+06  1.0397E+06 -3.3443E+05
0000631   1.8599E+06 -1.5423E+06 -1.6749E+05
0000632   2.0277E+06 -1.1496E+05  1.9105E+05
0000633   1.5926E+06  1.8360E+05 -4.4098E+05
0000634   1.5317E+06  7.2426E+05  1.9467E+05
0000635   1.9240E+06  1.1367E+05  4.6422E+05
0000636   1.5244E+06 -3.5661E+05 -1.0089E+06
0000637   1.6602E+06 -3.0184E+04 -1.7717E+05
0000638   1.6848E+06 -5.6439E+05 -2.1329E+05
0000639   1.8511E+06  1.7271E+05  3.9514E+04
0000640   2.2541E+06 -6.2045E+05  1.4795E+05
0000641   1.9850E+06  9.1574E+04 -1.1597E+05
0000642   2.1736E+06 -5.6581E+05 -1.0401E+06
0000643   2.4756E+06 -1.3146E+05 -2.3373E+04
0000644   2.3362E+06  2.7463E+05  1.2849E+05
0000645   1.3949E+06 -2.3488E+05 -3.1792E+05
0000646   1.4487E+06 -4.8082E+04  3.4680E+05
0000647   1.5180E+06  4.4117E+05 -3.1812E+05
0000648   1.5488E+06  6.2022E+05 -4.5731E+05
0000649   2.1304E+06  2.2146E+05  7.6487E+05
0000650   1.6963E+06  5.7748E+05 -9.7915E+02
0000651   1.4314E+06 -2.2520E+05  7.0878E+05
0000652   2.0604E+06 -4.1805E+05  2.6495E+04
0000653   1.9411E+06 -1.0789E+06 -1.9512E+05
0000654   1.8625E+06  2.2217E+05 -2.7454E+05
0000655   9.5955E+05 -5.9176E+05 -3.2749E+03
0000656   1.4593E+06 -1.9170E+05 -1.4982E+05
0000657   1.9295E+06  7.5623E+04 -9.2587E+04
0000658   5.8544E+04 -1.4779E+05 -7.8142E+04
0000659   2.1028E+06 -6.3087E+05 -6.6039E+04
0000660   9.0731E+05  8.6701E+05  1.0009E+05
0000661   2.1353E+06  7.9809E+05  4.9529E+05
0000662   1.7937E+06  1.5648E+04 -3.0278E+04
0000663   1.1657E+06 -5.2142E+05  1.0165E+05
0000664   2.1486E+06  4.2634E+05  4.6438E+05
0000665   1.4421E+06  7.1197E+04  2.6077E+05
0000666   8.7541E+05 -9.1368E+04 -4.6284E+05
0000667   1.9342E+06 -2.6844E+05 -2.1646E+05
0000668   2.3892E+06  4.6873E+05 -1.8279E+05
0000669   1.7046E+06 -2.8364E+05  1.0772E+05
0000670   2.0427E+06 -3.7779E+04 -2.9903E+05
0000671   1.9944E+06  3.0079E+05 -1.8093E+05
0000672   2.4953E+06 -8.5356E+05 -9.7399E+04
0000673   1.4530E+06 -3.2044E+05 -2.0532E+05
0000674   5.7526E+05 -4.6719E+04  1.5973E+04
0000675   2.2273E+06 -1.1027E+05  7.1931E+05
0000676   1.9297E+06 -4.7846E+05  1.0438E+05
0000677   2.4338E+06 -2.1583E+05  5.9292E+05
0000678   1.0863E+06 -6.8058E+05  7.0665E+04
0000679   1.9167E+06  4.8729E+05  5.6085E+05
0000680   2.0141E+06 -3.8381E+05  2.2699E+04
0000681   8.1243E+05  2.2647E+05 -1.2912E+06
0000682   1.0566E+06  5.7291E+04  1.2106E+05
0000683   2.3731E+06  6.3011E+05  6.9006E+05
0000684   2.3331E+06 -1.1189E+06  5.7061E+05
0000685   1.6091E+06  7.9743E+04 -3.5127E+05
0000686   1.2410E+06 -7.5517E+05  2.5142E+05
0000687   1.5695E+06  4.6070E+05 -2.0884E+05
0000688   1.8116E+06 -5.2101E+05 -1.1609E+05
0000689   1.5010E+06 -1.0602E+06  3.4469E+05
0000690   1.9899E+06 -3.8193E+04  8.7092E+04
0000691   2.4858E+06 -1.9929E+05 -6.1321E+04
0000692   1.4618E+06 -7.9685E+04  9.4630E+05
0000693   4.5696E+05 -5.9933E+05 -1.3777E+05
0000694   2.4261E+06 -2.9499E+05 -4.3267E+05
0000695   1.4223E+06 -4.9144E+05 -3.9346E+05
0000696   1.4689E+06 -2.6531E+04 -6.8055E+05
0000697   1.2641E+06  7.1601E+05  1.0969E+05
0000698   1.6991E+06 -5.4281E+05  4.9244E+05
0000699   1.6680E+06 -4.4686E+05  4.5198E+05
0000700   1.5490E+06  1.0211E+06 -3.9222E+05
0000701   1.4364E+06  6.6728E+04 -3.8739E+05
0000702   1.8311E+06  1.6432E+05 -1.5148E+05
0000703   2.1170E+06  4.2687E+05  1.3549E+06
0000704   2.0156E+06 -8.8985E+05  1.7276E+05
0000705   7.4680E+05  8.0095E+04  3.3628E+05
0000706   2.5011E+06 -4.8147E+05 -1.2425E+05
0000707   1.9588E+06 -2.6060E+05 -2.6510E+05
0000708   1.2951E+06  7.5834E+04  1.4149E+05
0000709   1.0170E+06  1.4083E+04 -1.0855E+06
0000710   2.1463E+06  6.1838E+05  6.5321E+05
0000711   1.3654E+06 -3.2898E+05 -6.7936E+05
0000712   8.0967E+05 -2.9379E+04  5.6184E+04
0000713   9.8233E+05  1.4304E+05 -1.7225E+05
0000714   1.7640E+06 -1.5426E+05  1.1122E+05
0000715   2.2301E+06  1.4647E+05 -1.1099E+06
0000716   1.3180E+06  3.6392E+05  2.9703E+05
0000717   1.5440E+06  2.0939E+05  7.5229E+05
0000718   2.3427E+06  5.9825E+04  4.2576E+04
0000719   1.9610E+06  3.7551E+05 -3.0647E+05
0000720   1.9365E+06  3.6393E+05  6.7377E+04
0000721   1.4397E+06  1.2839E+04  4.5772E+05
0000722   1.8036E+06  4.2701E+05  2.4979E+05
0000723   2.2755E+06 -5.2009E+05  4.3711E+03
0000724   1.8368E+06 -3.3169E+05 -4.2443E+04
0000725   2.0124E+06 -6.8592E+05 -4.1189E+05
0000726   1.2606E+06  1.6861E+05  1.3443E+05
0000727   2.1393E+06  2.7414E+05 -7.0872E+05
0000728   1.0851E+06  7.2574E+04 -2.9331E+05
0000729   2.1500E+06  2.4799E+05 -5.2599E+05
0000730   2.2136E+06  8.8298E+05 -1.1706E+05
0000731   1.6999E+06 -8.3848E+05  3.1145E+05
0000732   1.5996E+06  4.6735E+05  7.6185E+05
0000733   1.8600E+06 -3.2085E+05 -2.3353E+05
0000734   2.1348E+06 -8.6759E+04  1.6690E+05
0000735   1.4559E+06 -1.0369E+06  1.8174E+04
0000736   1.7743E+06 -3.0356E+05  2.0148E+05
0000737   1.8501E+06  9.9342E+05 -3.2044E+05
0000738   2.0615E+06 -1.4538E+05 -2.6777E+05
0000739   1.7801E+06  6.1572E+05 -8.8355E+04
0000740   1.8151E+06  5.7470E+05 -9.9159E+05
0000741   1.7215E+06  5.7096E+05 -3.5544E+05
0000742   1.5372E+06  1.4792E+05  5.6035E+04
0000743   1.3784E+06 -5.6665E+05 -2.9839E+03
0000744   2.3129E+06  4.6711E+05 -7.6503E+04
0000745   2.2884E+06  6.1291E+05  1.0043E+05
0000746   1.7808E+06  5.4773E+04  3.1771E+05
0000747   2.1141E+06 -3.3154E+05 -1.5529E+05
0000748   2.2829E+06 -1.7035E+05 -2.5500E+05
0000749   1.7384E+06 -3.6121E+05  7.2116E+05
0000750   1.9062E+06  4.5624E+05 -3.2360E+04
0000751   1.8317E+06 -3.7113E+04 -2.9652E+05
0000752   1.8383E+06  2.0146E+05  5.6641E+04
0000753   1.0567E+06  9.7692E+05  4.7088E+05
0000754   2.0996E+06  1.4956E+05  2.2944E+05
0000755   2.4169E+06  2.7275E+05 -4.4032E+04
0000756   2.0454E+06 -3.0605E+05  9.5205E+05
0000757   2.2072E+06  3.3459E+05  5.8691E+05
0000758   1.3224E+06 -1.9421E+05  6.2529E+05
0000759   1.8179E+06  5.4679E+05 -9.3712E+04
0000760   7.1757E+05  5.9942E+05  1.6225E+05
0000761   2.2121E+06 -4.1163E+05  5.5326E+05
0000762   2.0303E+06 -1.7159E+05  1.9903E+05
0000763   1.7225E+06 -1.9896E+05  1.8923E+05
0000764   1.0495E+06 -7.9831E+04  2.8200E+05
0000765   2.4730E+06 -5.0334E+05 -3.6169E+04
0000766   1.1729E+06 -1.0008E+06  5.4018E+05
0000767   1.9271E+06 -7.0598E+05 -9.6189E+05
0000768   1.7854E+06 -1.2195E+04 -5.6329E+05
0000769   8.8033E+05 -2.5086E+05 -5.3783E+05
0000770   2.1414E+06  5.3763E+05 -2.6447E+05
0000771   1.3537E+06 -3.8363E+05 -5.0246E+04
0000772   2.5604E+06  3.7048E+05 -9.0680E+05
0000773   1.7815E+06 -1.0787E+05  6.9993E+05
0000774   1.7089E+06  4.3010E+05  2.7360E+05
0000775   1.3443E+06  3.6306E+05 -4.9917E+05
0000776   2.4683E+06 -1.6169E+05  3.8387E+05
0000777   1.3368E+06  1.0555E+06  1.6076E+05
0000778   8.2466E+05  3.1297E+05  4.5072E+05
0000779   1.3140E+06  2.4366E+04  2.4223E+05
0000780   1.5817E+06 -3.2492E+05 -2.0544E+05
0000781   2.1184E+06  3.1845E+04 -1.8919E+05
0000782   1.8897E+06 -5.9787E+05 -1.8284E+05
0000783   1.3318E+06 -2.4909E+05  3.1809E+05
0000784   2.4426E+06 -2.3729E+05 -7.0865E+04
0000785   1.9685E+06 -3.2942E+05  4.0792E+05
0000786   2.0495E+06  8.7761E+05 -2.3651E+04
0000787   2.3118E+06  5.0792E+05  5.5369E+04
0000788   1.5299E+06 -5.8971E+05 -3.0472E+04
0000789   2.0821E+06  2.3688E+05  4.8201E+04
0000790   1.7420E+06 -2.9040E+05  4.3400E+05
0000791   1.5828E+06  8.1341E+05 -3.2706E+05
0000792   1.4423E+06  3.0070E+04  4.3678E+04
0000793   1.6775E+06 -3.2949E+05  3.4116E+05
0000794   1.4169E+06 -9.1954E+05 -3.9235E+05
0000795   1.5948E+06 -1.2130E+05 -4.5749E+04
0000796   9.7456E+05 -5.7530E+05  3.4453E+05
0000797   2.1479E+06 -2.3443E+05 -5.0644E+05
0000798   1.4581E+06 -1.9123E+05 -1.5451E+05
0000799   1.9604E+06  6.6578E+05 -4.9354E+04
0000800   9.1045E+05  6.7846E+05 -6.0328E+05
0000801   1.7816E+06 -1.8772E+05 -5.8229E+05
0000802   1.6085E+06  9.8696E+05  4.9119E+05
0000803   6.6777E+05 -2.2934E+05 -4.6306E+05
0000804   1.7373E+06  5.9594E+05  7.8048E+05
0000805   1.1410E+06  4.4864E+05  1.3593E+05
0000806   2.2659E+06 -2.6415E+05 -5.3859E+05
0000807   2.1196E+06 -2.4652E+04  2.8935E+05
0000808   1.7122E+06 -2.2836E+05 -1.3252E+05
0000809   1.9453E+06  1.4160E+05 -1.3491E+06
0000810   2.2123E+06 -5.5528E+05  3.5464E+05
0000811   1.8918E+06 -2.8293E+05  4.8090E+05
0000812   1.7664E+06 -4.0919E+05  7.1881E+05
0000813   1.7477E+06 -3.6280E+05 -8.5994E+04
0000814   2.0915E+06  3.3547E+05  3.8438E+05
0000815   1.0399E+06 -2.3330E+05  6.7783E+05
0000816   2.1038E+06 -1.4460E+05 -7.6351E+04
0000817   2.6588E+06 -2.2267E+05  7.6199E+04
0000818   1.4218E+06  6.4175E+05  9.4864E+04
0000819   2.0153E+06 -2.3148E+05 -3.6041E+05
0000820   1.6237E+06  2.8948E+05 -2.5783E+05
0000821   2.3669E+06  4.6636E+05  1.5027E+05
0000822   1.0471E+06  2.4749E+05  3.0544E+05
0000823   2.0714E+06  7.0716E+05  2.0058E+05
0000824   2.1463E+06 -3.9798E+05  3.1947E+05
0000825   1.8420E+06 -7.5195E+05 -1.8851E+05
0000826   1.7722E+06  2.2496E+05 -8.3858E+05
0000827   2.0963E+06  1.7465E+05  7.3584E+05
0000828   2.5140E+06  1.3595E+05  2.2260E+05
0000829   2.1592E+06 -4.6206E+04 -3.2450E+05
0000830   1.7696E+06  2.1436E+05 -9.5733E+05
0000831   6.5605E+05 -5.9477E+05  5.2109E+05
0000832   1.7655E+06 -3.2749E+05  7.3132E+04
0000833   1.6556E+06  6.2383E+05  1.2982E+05
0000834   2.1487E+06 -2.5866E+05 -1.1605E+05
0000835   2.2306E+06  1.6252E+05 -6.9921E+05
0000836   1.9559E+06 -1.7402E+05  1.7877E+06
0000837   1.6646E+06  8.0662E+05 -3.6992E+05
0000838   1.9568E+06  9.0146E+05 -2.8291E+05
0000839   1.7994E+06 -4.9563E+05  1.6141E+05
0000840   1.8132E+06 -6.2409E+04  1.7409E+05
0000841   1.4708E+06 -4.1513E+04  6.6113E+05
0000842   1.7838E+06 -1.3117E+05  1.4667E+05
0000843   2.3329E+06 -3.2417E+05 -5.4743E+04
0000844   1.9040E+06  3.6403E+04  8.7758E+04
0000845   2.3518E+06  3.5998E+04 -2.5487E+05
0000846   2.0029E+06 -3.9677E+05 -1.1046E+06
0000847   1.4416E+06  1.0287E+06  4.0592E+05
0000848   1.7101E+06  2.9333E+04 -5.1321E+05
0000849   2.4195E+06 -5.7313E+05  6.4123E+04
0000850   2.0463E+06 -2.0182E+05  8.4044E+05
0000851   9.7278E+05  2.0805E+05 -2.9741E+05
0000852   1.9968E+06 -1.0321E+06  8.6799E+05
0000853   1.6397E+06 -3.0454E+05  6.0737E+05
0000854   1.4263E+06  1.9291E+05 -4.7701E+04
0000855   2.5255E+06  3.8686E+03  6.2550E+05
0000856   2.0407E+06  4.5528E+05 -1.8562E+05
0000857   1.9065E+06  4.6618E+04 -6.2259E+05
0000858   2.1323E+06  4.2065E+05  4.9788E+04
0000859   2.1664E+06 -2.6169E+03  7.3013E+05
0000860   1.4348E+06 -5.8063E+05  1.1662E+05
0000861   2.1490E+06 -7.7022E+05 -1.1357E+05
0000862   5.7493E+05  7.9074E+04  8.1405E+05
0000863   6.6102E+05  9.2151E+05 -1.2768E+05
0000864   1.9703E+06 -1.5603E+05 -4.9125E+05
0000865   2.0525E+06  5.8446E+05  3.1594E+05
0000866   2.1294E+06 -4.2801E+04  6.4109E+05
0000867   1.5619E+06 -7.4491E+04 -8.6347E+05
0000868   7.7133E+05  4.8282E+05 -4.3323E+05
0000869   1.8939E+06  3.3179E+05  5.2661E+05
0000870   2.3280E+06  7.1936E+05 -4.4310E+05
0000871   1.2853E+06 -2.9066E+05  3.0855E+05
0000872   2.6163E+06 -7.7777E+04 -4.2888E+05
0000873   5.8520E+05  4.8577E+04  7.4497E+04
0000874   1.6203E+06  5.2900E+03 -1.9582E+05
0000875   1.1647E+06 -1.2453E+05 -7.9993E+04
0000876   2.3765E+06 -5.8017E+05  4.2937E+05
0000877   2.6737E+06  3.5273E+05  7.3190E+04
0000878   2.4775E+06  4.2825E+05 -4.7158E+05
0000879   1.9708E+06  1.4128E+05  6.2117E+05
0000880   1.4195E+06  1.4574E+05 -2.4746E+05
0000881   9.5236E+05 -5.4235E+05  8.3022E+05
0000882   2.5883E+06  1.8994E+05 -2.9681E+05
0000883   1.6913E+06 -3.9335E+05  8.6047E+05
0000884   2.0335E+06 -9.9936E+05 -6.2674E+05
0000885   1.7167E+06  2.4269E+05 -5.8926E+05
0000886   1.4930E+06  1.4236E+05  3.7529E+05
0000887   1.4459E+06 -6.0855E+05 -1.0542E+05
0000888   1.7063E+06  7.1017E+05 -6.1712E+04
0000889   1.2311E+06 -5.8723E+05  4.1583E+05
0000890   2.1132E+06 -2.8022E+05  7.8934E+04
0000891   7.2725E+05 -7.2494E+05  9.3064E+04
0000892   2.4432E+06 -7.4281E+05  2.4089E+05
0000893   2.4569E+06 -7.6222E+05 -2.6471E+05
0000894   2.3781E+06 -3.7212E+05 -5.3788E+05
0000895   1.9906E+06  4.3292E+05  4.1052E+04
0000896   1.6396E+06 -7.5687E+05  7.7015E+03
0000897   2.4866E+06 -7.1016E+04  2.6583E+05
0000898   1.9287E+06 -1.0541E+06  3.8586E+05
0000899   3.3070E+05  1.1199E+05 -2.0398E+05
0000900   1.6833E+06 -6.6284E+05 -4.7040E+05
0000901   1.4443E+06  3.7559E+05 -1.3214E+05
0000902   1.8107E+06 -1.2635E+04 -5.4224E+05
0000903   2.0605E+06  4.2489E+04 -8.1719E+05
0000904   8.6213E+05  3.4391E+05  3.5700E+05
0000905   1.2357E+06  3.4318E+05 -5.6251E+05
0000906   1.4989E+06  1.2711E+06 -8.2965E+05
0000907   1.3565E+06 -1.9789E+04 -4.2506E+05
0000908   2.6361E+06 -1.0920E+04  8.0483E+05
0000909   1.7337E+06 -8.1953E+04  1.8627E+05
0000910   1.2426E+06  6.6538E+05 -1.1001E+06
0000911   2.2319E+06 -9.3178E+04  3.4646E+05
0000912   1.7103E+06 -7.6759E+04  4.4373E+05
0000913   2.5844E+06  4.0139E+05  6.8558E+04
0000914   2.6433E+06 -4.7593E+05 -2.6582E+05
0000915   1.0925E+06 -4.3002E+05  5.5047E+05
0000916   2.1622E+06  5.7486E+04 -7.4713E+04
0000917   1.6932E+06  6.0963E+04  4.6645E+05
0000918   1.5387E+06  1.8943E+05 -5.0455E+05
0000919   1.2843E+06  7.1559E+04 -3.4023E+05
0000920   1.0837E+06  2.3206E+05 -1.0653E+06
0000921   1.2009E+06 -3.8383E+05  1.4455E+05
0000922   1.0098E+06  3.3494E+03  6.8836E+05
0000923   1.9417E+06 -4.7921E+05 -2.2343E+04
0000924   2.1324E+06  3.2131E+05 -6.0866E+05
0000925   1.7230E+06  1.1221E+06  4.6849E+04
0000926   1.9294E+06  3.0651E+05  2.9612E+05
0000927   2.6170E+06  9.4931E+04 -3.0168E+05
0000928   1.8315E+06  8.9429E+04 -6.0297E+05
0000929   1.5803E+06 -7.0956E+05 -1.2595E+05
0000930   1.2390E+06 -1.0411E+06  4.3218E+05
0000931   8.3439E+05 -4.0417E+04 -8.5472E+05
0000932   2.1270E+06 -9.4624E+05  2.3691E+05
0000933   1.5418E+06 -5.3745E+05  1.0497E+04
0000934   1.0429E+06 -2.6598E+05 -3.1898E+04
0000935   1.6717E+06  3.2726E+05  3.8861E+05
0000936   2.2041E+06 -2.2097E+05  4.5003E+05
0000937   1.8248E+06  3.7084E+05  1.1160E+05
0000938   2.0638E+06  1.9763E+05  3.2108E+05
0000939   2.0633E+06  7.7998E+05 -1.0344E+05
0000940   1.7245E+06 -4.6211E+05  5.5363E+05
0000941   1.6802E+06  5.5818E+05  2.1728E+05
0000942   1.8944E+06  2.3629E+04  2.1116E+05
0000943   1.6805E+06 -1.9414E+05  1.1748E+06
0000944   1.2104E+06  7.8964E+04  7.7716E+05
0000945   2.0052E+06  2.2088E+05  4.4572E+05
0000946   2.2014E+06  4.4243E+05  4.0674E+05
0000947   1.1412E+06  2.2099E+05  4.4057E+05
0000948   2.4220E+06  1.6445E+05 -7.5569E+04
0000949   9.0656E+05 -2.6768E+04 -1.8409E+05
0000950   1.9506E+06  7.2760E+05  4.7219E+05
0000951   2.2152E+06 -6.6555E+04 -3.1429E+05
0000952   2.1503E+06 -4.8531E+05 -8.3152E+05
0000953   1.7418E+06  1.1445E+06 -5.4459E+05
0000954   1.9374E+06  6.0736E+05  1.3974E+05
0000955   1.5245E+06  9.2794E+04  4.5540E+05
0000956   1.9112E+06 -2.7564E+05 -8.8889E+05
0000957   1.3640E+06  8.1077E+05  4.0846E+05
0000958   2.1567E+06  2.6173E+05 -8.1383E+05
0000959   1.2042E+06  2.3374E+05  6.3220E+05
0000960   1.5369E+06 -3.0084E+05  6.4934E+05
0000961   2.2696E+06 -1.6526E+05  8.8755E+02
0000962   1.8012E+06 -2.3151E+04 -2.8720E+05
0000963   1.5236E+06  2.4885E+05 -1.1516E+06
0000964   2.2471E+06  3.0588E+05  3.9129E+05
0000965   2.4064E+06  4.7657E+05  2.1189E+05
0000966   1.9568E+06 -7.4051E+05  6.5128E+03
0000967   1.3432E+06  1.4711E+05 -5.9428E+05
0000968   8.6983E+05 -1.2418E+05  1.2707E+05
0000969   1.3982E+06 -1.7512E+05  1.8464E+05
0000970   9.8313E+05 -6.4861E+05  7.4541E+05
0000971   1.9806E+06 -5.8228E+05  3.8735E+05
0000972   2.5452E+06 -5.0703E+05  4.7458E+04
0000973   1.9850E+06  7.5435E+05 -5.6105E+05
0000974   2.5090E+06  3.5105E+05 -3.9630E+05
0000975   1.4877E+06 -5.1457E+05 -1.8059E+03
0000976   2.3881E+06  4.9705E+05 -7.8727E+05
0000977   2.3731E+06 -2.6435E+04 -6.0802E+05
0000978   2.1159E+05 -2.1621E+05 -1.0512E+05
0000979   1.8870E+06 -1.6215E+05 -5.0886E+05
0000980   1.0690E+06 -5.8735E+05 -8.7025E+03
0000981   1.2746E+06 -8.8547E+05 -8.8776E+04
0000982   1.2605E+06 -5.4527E+05 -2.5647E+05
0000983   1.8271E+06 -2.7979E+05 -8.0870E+05
0000984   1.9521E+06  1.6785E+05 -6.5568E+05
0000985   2.4361E+06  6.0519E+05 -5.1069E+05
0000986   1.9790E+06  3.3847E+05  1.7682E+05
0000987   1.8309E+06 -3.3716E+05  3.0528E+05
0000988   2.0694E+06 -5.3477E+05 -2.3335E+05
0000989   7.5653E+05 -9.8263E+04  3.8167E+04
0000990   1.5295E+06  7.0256E+04  9.2270E+04
0000991   9.2057E+05 -5.1190E+05 -4.6602E+04
0000992   1.9930E+06 -9.3059E+05  4.2710E+05
0000993   1.8316E+06  1.6106E+05  2.3623E+04
0000994   2.0745E+06 -5.9632E+05  3.7480E+05
0000995   1.4763E+06  3.1268E+05  9.7806E+05
0000996   1.8689E+06 -8.3338E+05  7.8216E+05
0000997   1.6250E+06  3.9087E+05  4.4674E+05
0000998   2.4198E+06 -1.2845E+05 -6.7696E+05
0000999   2.0027E+06 -1.1742E+04  4.4146E+05
0001000   8.7372E+05 -4.2296E+05  3.2245E+05
