============================== SRIM-2013.00 ==============================
==============================================================================
====== SRIM Outputs\RANGE_3D.txt : File of Final Ion Positions =====

Ion = Ar (18)   Ion Mass= 039.9620
Energy  = 6866489.E-04 keV
Ion Angle to Surface = 00.0 degrees
==================== TARGET =======================
  Layer # 1 - Layer 1
  Layer # 1 - Bottom Depth=500000.E+02 A
  Layer # 1 - Density =0000.0125 g/cm3
  Layer # 1 -  100 % of Ar
様様様様様様様様様様様様様様様様様様様様様様様様様様
                                            
Ion       Depth  X   Lateral Y   Lateral Z  
Number    (Angstrom) (Angstrom)  (Angstrom) 
-------  ----------- ----------- -----------
0000001   1.9236E+06 -8.7269E+05  9.7385E+05
0000002   1.5829E+06  2.6116E+04 -3.0202E+05
0000003   1.5805E+06  8.2458E+05 -3.2891E+05
0000004   1.0066E+06 -6.0097E+05  4.7797E+05
0000005   1.2246E+06 -5.8538E+05 -4.1158E+05
0000006   1.5638E+06 -4.6446E+05  1.2661E+05
0000007   1.8746E+06  3.7255E+05 -6.8725E+05
0000008   6.8569E+05 -3.5260E+05  2.4378E+05
0000009   1.9838E+06  9.7536E+05  1.4626E+05
0000010   2.2327E+06  4.5104E+05  8.6974E+05
0000011   1.2595E+06  4.8656E+05  7.4055E+05
0000012   2.4926E+06 -1.1785E+05 -9.1442E+04
0000013   2.1752E+06  6.6942E+04 -2.5569E+05
0000014   1.3162E+06  3.3372E+05 -3.9188E+05
0000015   1.1966E+06 -3.3093E+05  7.0273E+05
0000016   4.5437E+05  4.4923E+05  4.9145E+05
0000017   1.9425E+06  4.5693E+05 -5.0125E+05
0000018   1.4738E+06  2.0711E+05  1.1607E+06
0000019   2.4967E+06  5.6068E+05  9.7076E+04
0000020   1.8705E+06 -1.5938E+05 -4.4774E+05
0000021   1.9742E+06 -1.9042E+05 -9.9532E+05
0000022   1.2899E+06  3.0094E+05 -3.6084E+05
0000023   7.7956E+05  1.6859E+05  4.4764E+05
0000024   1.8684E+06  5.5703E+05 -4.5671E+05
0000025   2.3959E+06  3.7931E+03  3.6662E+05
0000026   2.2165E+06  4.6857E+05  6.0200E+05
0000027   1.6856E+06 -4.9268E+05  3.6345E+03
0000028   1.4807E+06 -2.6995E+04 -2.0633E+05
0000029   2.7237E+06  2.9342E+05 -2.4341E+05
0000030   2.3865E+06  8.5980E+05 -6.4469E+04
0000031   2.3121E+06 -1.5577E+05 -5.8367E+04
0000032   2.6124E+06 -5.1363E+05 -2.0096E+05
0000033   2.1021E+06 -5.3000E+05  1.5789E+05
0000034   1.5927E+06  2.9189E+05  4.0835E+05
0000035   1.6703E+06  1.7709E+05  1.3507E+05
0000036   3.0448E+05 -1.6785E+04  6.6242E+04
0000037   2.3212E+06  6.1426E+04 -2.4857E+05
0000038   1.7296E+06 -5.0099E+05 -4.1685E+03
0000039   1.9615E+06  7.8659E+05 -2.4252E+05
0000040   2.0546E+06 -7.8024E+04  9.2446E+05
0000041   2.3505E+06  4.8517E+05  5.4065E+05
0000042   1.5337E+06 -3.0280E+05  7.1235E+05
0000043   2.1433E+06 -2.1524E+05  2.2672E+05
0000044   2.2269E+06  2.9707E+05 -3.5135E+05
0000045   1.7661E+06 -6.2999E+05 -2.3398E+05
0000046   1.6563E+06  3.9791E+05 -7.3995E+05
0000047   2.0667E+06  2.3246E+05  3.2230E+05
0000048   2.3109E+06 -1.5297E+04 -1.4231E+04
0000049   1.5904E+06  1.3476E+06 -1.3064E+05
0000050   2.2987E+06  4.6648E+04 -6.1130E+05
0000051   2.2446E+06  5.2325E+05 -1.3649E+05
0000052   5.9679E+05 -7.7450E+04 -3.4250E+05
0000053   2.3400E+06  4.5504E+05  2.6589E+04
0000054   1.7499E+06  7.4967E+05 -5.3640E+05
0000055   2.4637E+06  3.1444E+05  2.6425E+05
0000056   1.9055E+06 -1.0434E+05  3.2290E+05
0000057   1.8714E+06  3.4923E+05  7.8218E+05
0000058   1.3004E+06 -1.1717E+06 -3.8534E+05
0000059   1.9302E+06  1.9605E+05 -8.9867E+05
0000060   1.5339E+06 -3.2272E+05  4.4021E+05
0000061   1.8256E+06 -8.1015E+05  4.2133E+05
0000062   1.3591E+06  1.0692E+06  4.4292E+05
0000063   2.1171E+06  3.0532E+05 -2.8161E+05
0000064   2.4174E+06  4.0890E+05 -3.9730E+05
0000065   2.1869E+06 -3.3417E+05 -2.7310E+04
0000066   1.9998E+06  8.1933E+05 -1.8639E+04
0000067   1.7954E+06  5.4888E+05 -3.4132E+05
0000068   2.4845E+06 -5.7171E+05 -3.1453E+05
0000069   1.7783E+06 -1.7163E+04 -4.1046E+05
0000070   2.3896E+06 -3.0092E+04  2.5291E+05
0000071   2.0435E+06 -4.7134E+05 -5.7565E+05
0000072   2.7309E+06 -1.2771E+04 -1.1441E+06
0000073   1.3547E+06  2.8428E+05  3.5411E+05
0000074   2.1154E+06  4.7137E+05 -7.3642E+05
0000075   2.5742E+06  3.2282E+05 -3.0046E+05
0000076   1.7175E+06 -7.3237E+04 -9.7086E+05
0000077   2.1717E+06 -8.5554E+05 -4.7030E+04
0000078   2.1689E+06  4.3175E+05  4.6325E+04
0000079   2.0045E+06 -5.5469E+05 -5.9502E+05
0000080   1.7305E+06  1.6581E+05 -1.2057E+06
0000081   2.1514E+06 -4.5080E+04  4.0687E+05
0000082   1.2601E+06 -6.1555E+05  8.8767E+05
0000083   1.5972E+06  4.9989E+05  7.1442E+05
0000084   1.8367E+06  4.6529E+04 -1.6480E+05
0000085   1.8942E+06 -5.2568E+04  1.8789E+05
0000086   2.0226E+06  7.2992E+05  1.9734E+05
0000087   1.9647E+06  1.0287E+06 -3.1324E+05
0000088   2.5769E+06 -4.8992E+04 -1.2606E+05
0000089   1.5798E+06 -1.2313E+05  2.5646E+05
0000090   1.3677E+06 -3.8620E+05  5.7026E+05
0000091   1.9978E+06 -3.6955E+05 -8.6949E+04
0000092   2.3515E+06 -9.6701E+05 -6.6557E+05
0000093   1.9728E+06 -9.9223E+05  3.8293E+05
0000094   1.6018E+06  6.0778E+05  2.4564E+05
0000095   2.3612E+06  4.2697E+05  1.9795E+05
0000096   1.1821E+06 -3.5812E+05 -1.1649E+05
0000097   2.7569E+06 -7.0221E+05 -1.3067E+05
0000098   1.3654E+06  5.5617E+05  9.0220E+05
0000099   1.7899E+06  7.5335E+05  5.6236E+05
0000100   8.9259E+05 -2.8207E+05  1.9312E+05
0000101   1.4129E+06 -6.1019E+05  4.5182E+04
0000102   1.8190E+06  4.3797E+05 -3.0226E+05
0000103   2.2066E+06 -1.2785E+05 -4.9828E+05
0000104   1.3792E+06  5.5453E+05 -3.9782E+05
0000105   2.0493E+06 -4.0457E+05 -1.3471E+05
0000106   1.8523E+06 -1.3639E+05 -6.8427E+05
0000107   2.5566E+06 -8.2218E+05  7.1473E+04
0000108   9.7478E+05  1.0779E+06 -6.3318E+05
0000109   2.2589E+06  9.8200E+05  5.4674E+05
0000110   1.0766E+06  7.5646E+05 -7.0404E+05
0000111   2.2057E+06 -1.3318E+04 -1.8580E+05
0000112   1.8538E+06 -9.6653E+05  1.9350E+05
0000113   1.5683E+06 -4.2397E+05 -6.7994E+05
0000114   2.0030E+06  5.8940E+05  3.1244E+04
0000115   1.2300E+06  6.8670E+05 -4.6614E+05
0000116   1.3100E+06  5.7808E+04  6.2994E+05
0000117   1.9143E+06 -3.3939E+05  4.6608E+05
0000118   2.6723E+06  2.6484E+05  5.5238E+04
0000119   1.2100E+06  1.4564E+06 -4.1615E+05
0000120   1.8132E+06  5.0269E+05  4.7924E+03
0000121   1.8756E+06  8.4367E+05  2.8809E+05
0000122   1.5250E+06 -2.0247E+05 -2.3728E+05
0000123   2.0749E+06  3.5521E+05  4.2763E+05
0000124   2.2939E+06  1.3339E+05  7.3185E+05
0000125   2.2555E+06 -1.9377E+05  8.8529E+05
0000126   7.1252E+05 -6.3221E+04 -2.6576E+05
0000127   2.6366E+06  6.8561E+05  2.6996E+05
0000128   6.0112E+05 -1.9735E+04  8.1683E+04
0000129   2.1394E+06 -7.8798E+05  2.1489E+05
0000130   1.7780E+06 -7.0846E+05 -5.8752E+05
0000131   1.7410E+06 -3.3763E+04 -5.6287E+04
0000132   2.4390E+06  9.4068E+05  1.4704E+05
0000133   2.6202E+06 -4.6239E+05  1.3045E+06
0000134   2.3445E+06  7.8706E+04  4.6525E+05
0000135   1.8552E+06  5.9346E+05 -2.7125E+05
0000136   2.4981E+06  3.5697E+05  4.3062E+05
0000137   2.0493E+06 -6.9711E+05 -8.3667E+05
0000138   1.6318E+06  1.1034E+06  5.1098E+05
0000139   1.4646E+06  9.0681E+05 -2.9114E+05
0000140   1.8685E+06  9.1312E+04  8.0314E+05
0000141   1.4174E+06  4.9029E+05 -2.9735E+05
0000142   1.3957E+06 -1.5489E+05 -4.7742E+05
0000143   1.8578E+06 -8.1956E+05 -3.1147E+05
0000144   1.8031E+06  2.2761E+05 -5.2623E+05
0000145   1.9525E+06  4.7815E+05  2.0639E+05
0000146   1.9236E+06 -2.3510E+05 -3.8010E+04
0000147   2.2203E+06 -2.6190E+05  9.1758E+05
0000148   2.8896E+06  2.2227E+05  8.6145E+04
0000149   2.0315E+06 -9.9622E+05  3.1559E+05
0000150   1.8039E+06 -5.3190E+05 -1.3584E+05
0000151   2.0934E+06 -8.3409E+03 -1.7313E+05
0000152   2.7600E+06 -1.4222E+05 -4.8495E+05
0000153   7.2586E+04 -4.9808E+04 -1.8290E+05
0000154   2.2624E+06  2.5140E+05  6.2011E+05
0000155   2.0387E+06  1.5102E+05  4.2858E+05
0000156   1.5958E+06  1.1515E+06  4.3262E+05
0000157   1.9118E+06  5.8586E+05 -5.8816E+05
0000158   7.9555E+05  3.1377E+05  9.9079E+04
0000159   1.9059E+06 -2.5622E+05  5.5041E+05
0000160   1.5703E+06  2.3104E+05 -1.0770E+05
0000161   2.0383E+06  2.6397E+05  6.1509E+05
0000162   1.7549E+06 -2.0361E+04 -3.6636E+05
0000163   1.6162E+06 -8.5311E+05 -9.5969E+05
0000164   2.3233E+06  3.9350E+05 -3.3194E+05
0000165   1.8179E+06 -7.4699E+05  1.0179E+06
0000166   2.3899E+06 -4.4068E+05  1.1308E+05
0000167   2.0774E+06  4.5317E+05 -2.5298E+05
0000168   2.2633E+06  5.1779E+05  1.1132E+05
0000169   2.0097E+06  4.9248E+05  4.9349E+05
0000170   1.3952E+06 -9.3604E+04 -3.4962E+05
0000171   2.0525E+06 -5.9917E+05 -2.7398E+05
0000172   2.0174E+06  2.9636E+05 -5.9715E+05
0000173   1.1250E+06  1.4798E+05 -2.4070E+05
0000174   1.4190E+06  8.0551E+04 -9.2699E+05
0000175   2.2674E+06  2.5194E+05  2.2861E+05
0000176   2.3907E+06  4.1235E+05 -5.0408E+05
0000177   7.8364E+05  6.8756E+05  1.5545E+05
0000178   9.0041E+05 -2.0440E+05 -3.3042E+04
0000179   2.6162E+06 -7.4552E+05 -4.0821E+05
0000180   1.8820E+06  5.8359E+05 -6.5315E+05
0000181   2.1605E+06 -4.5266E+05 -6.0618E+05
0000182   1.5777E+06 -5.5864E+05 -1.2440E+04
0000183   1.3726E+06 -2.9937E+05 -3.3141E+05
0000184   1.5528E+06 -1.7265E+05 -4.8432E+05
0000185   5.6458E+05  4.9597E+05  7.6397E+05
0000186   2.4026E+06 -5.6120E+05  9.4020E+04
0000187   2.0494E+06 -3.0445E+05  7.0544E+05
0000188   1.0412E+06 -4.4157E+04 -3.7965E+05
0000189   1.3002E+06 -3.5112E+05 -7.4142E+05
0000190   2.0000E+06 -7.7391E+05  3.7104E+05
0000191   1.1556E+06  4.5385E+05  1.7943E+05
0000192   2.0248E+06 -8.2231E+05 -4.8662E+05
0000193   1.3515E+06 -6.7656E+05 -4.0196E+04
0000194   2.3822E+06  1.7154E+05 -4.3309E+05
0000195   2.0348E+06 -5.4674E+05 -6.2843E+05
0000196   1.4733E+06 -7.0744E+05  6.9670E+03
0000197   1.5582E+06  6.5885E+05 -8.5085E+05
0000198   1.1124E+06 -1.7706E+05 -3.0459E+05
0000199   2.1266E+06  1.0097E+06 -2.4326E+05
0000200   1.8562E+06 -7.4474E+04 -1.3664E+05
0000201   2.3309E+06 -5.4633E+05 -8.1073E+05
0000202   1.3426E+06 -1.3812E+05  3.8451E+05
0000203   1.3838E+06  5.1551E+05 -7.4006E+05
0000204   1.4348E+06 -4.4935E+05 -9.2049E+05
0000205   1.7719E+06  9.5623E+05  4.0309E+04
0000206   2.2412E+06  1.0183E+06  5.4373E+05
0000207   9.8629E+05 -8.6016E+05 -3.1494E+05
0000208   1.6168E+06 -1.8439E+05  8.0058E+05
0000209   2.6489E+06 -1.9224E+05 -2.7603E+05
0000210   1.4829E+06  4.4996E+05 -1.9547E+05
0000211   2.2340E+06 -3.8679E+05  5.8903E+05
0000212   2.4666E+06  1.3506E+05  4.7513E+05
0000213   1.4034E+06 -5.9421E+05  8.3048E+05
0000214   1.8399E+06 -5.8563E+05 -6.0341E+05
0000215   8.3934E+05  2.5813E+05  2.3098E+05
0000216   2.4651E+06  3.4094E+05 -1.6546E+04
0000217   1.3078E+06 -6.3249E+05 -5.5056E+05
0000218   2.3587E+06  3.5246E+05  5.3967E+05
0000219   1.4984E+06 -4.9946E+05  1.3768E+05
0000220   2.7678E+06 -4.4719E+05 -3.2357E+05
0000221   1.3342E+06  1.4305E+06  4.1765E+04
0000222   2.0299E+06 -1.8871E+04 -9.1352E+04
0000223   1.9110E+06 -1.0343E+06  9.3259E+04
0000224   1.8275E+06  2.1556E+05 -1.7163E+04
0000225   2.3916E+06  4.1983E+05 -3.9308E+05
0000226   2.5057E+06 -2.4743E+05 -5.3599E+05
0000227   1.8707E+06 -8.7305E+04  6.8806E+04
0000228   9.3507E+05  1.1989E+06  3.7119E+05
0000229   1.8573E+06 -1.6701E+05  4.7303E+05
0000230   1.9056E+06 -6.2460E+05 -1.4929E+05
0000231   1.9711E+06 -6.3686E+05  9.3233E+04
0000232   1.6441E+06  1.9871E+05 -3.1683E+05
0000233   1.7640E+06  5.4066E+05 -5.1083E+05
0000234   2.0114E+06 -4.8984E+05 -6.8837E+05
0000235   1.8315E+06 -4.1102E+05  2.2981E+05
0000236   1.5286E+06 -1.7924E+04 -4.1827E+05
0000237   1.3493E+06  2.3465E+05  8.1718E+03
0000238   1.7151E+06 -9.9456E+05 -7.8872E+05
0000239   2.5241E+06 -5.2387E+05  2.6082E+05
0000240   2.1979E+06 -2.7463E+05 -7.2265E+04
0000241   1.8031E+06 -5.5025E+05  6.3363E+05
0000242   2.2488E+06 -4.2345E+05 -6.9838E+04
0000243   2.0371E+06 -5.2177E+05 -2.5037E+05
0000244   2.4219E+06 -4.1613E+05  1.3783E+06
0000245   1.2775E+06 -1.0572E+05 -4.7598E+05
0000246   1.6147E+06 -3.7128E+05 -6.2478E+05
0000247   2.2105E+06 -7.2750E+05  1.1656E+06
0000248   2.1310E+06 -1.6071E+05 -2.5512E+04
0000249   2.3128E+06  2.6707E+05  5.1348E+05
0000250   2.5515E+06  1.2931E+05 -9.5601E+05
0000251   1.4893E+06  2.1117E+05  7.4353E+05
0000252   1.8186E+06 -1.4727E+05  3.5381E+05
0000253   2.4837E+06  5.8181E+04  1.5268E+05
0000254   2.1939E+06  5.4586E+04 -1.0677E+05
0000255   1.6163E+06 -4.9352E+05 -8.6389E+04
0000256   2.2371E+06 -7.5144E+05 -3.3620E+05
0000257   2.2141E+06 -3.4054E+05 -5.6968E+05
0000258   1.7599E+06 -2.0924E+05 -2.9411E+05
0000259   2.0129E+06  5.8606E+05  2.3538E+04
0000260   2.6171E+06  9.9301E+04 -1.8259E+05
0000261   2.3734E+06 -5.2956E+05 -3.4161E+04
0000262   1.9208E+06  4.6438E+05 -6.2973E+04
0000263   2.2183E+06 -3.3364E+05  2.1343E+05
0000264   1.5352E+06 -1.1917E+06 -1.0446E+05
0000265   2.7573E+06 -1.2615E+04 -3.3484E+05
0000266   2.3371E+06  1.0077E+06  7.1414E+05
0000267   1.7900E+06  1.9705E+05 -2.5351E+05
0000268   2.0893E+06  3.0977E+05  3.5278E+05
0000269   1.8729E+06  8.1990E+05  1.0345E+06
0000270   1.4220E+06 -1.1340E+06  1.3518E+05
0000271   1.4654E+06 -6.2990E+05  6.4155E+05
0000272   2.0049E+06  7.3350E+04 -2.6858E+05
0000273   1.5894E+06  5.5565E+05  1.5587E+04
0000274   1.7924E+06  9.0971E+05 -3.2858E+05
0000275   1.2140E+06 -4.8724E+05 -1.2449E+06
0000276   2.6837E+06  1.0802E+04 -7.0827E+05
0000277   2.1279E+06  2.2648E+05  2.1978E+05
0000278   1.3616E+06 -2.1722E+04 -5.4759E+05
0000279   9.2560E+05  2.7601E+05 -3.2443E+05
0000280   1.7414E+06  3.2247E+05  1.9616E+05
0000281   2.1466E+06  2.4936E+05 -2.1784E+05
0000282   1.8717E+06 -2.2527E+04  6.3971E+05
0000283   1.1753E+06 -1.1367E+06  4.1881E+04
0000284   2.2872E+06 -1.3461E+05  1.5509E+05
0000285   1.9720E+06 -2.8750E+04 -8.8336E+05
0000286   1.7143E+06 -1.4963E+05  1.7265E+05
0000287   1.3822E+06  2.0726E+04 -2.9273E+05
0000288   1.2007E+06  2.0025E+05  4.9025E+05
0000289   1.7475E+06  1.8957E+05 -7.3753E+05
0000290   1.9478E+06 -5.4436E+05  7.3081E+05
0000291   2.1429E+06 -9.8546E+04  4.8955E+05
0000292   1.5718E+06  8.0374E+04 -1.1038E+05
0000293   2.0933E+06  1.1250E+06  3.8163E+05
0000294   1.7044E+06 -4.2649E+05 -1.3839E+05
0000295   1.5415E+06  1.3441E+06 -5.5507E+05
0000296   2.6073E+06  4.6042E+05 -5.5755E+05
0000297   1.7019E+06 -4.9040E+05  9.3587E+05
0000298   2.4417E+06 -1.7498E+05  3.3995E+05
0000299   9.4246E+05 -4.4184E+05  3.2436E+05
0000300   2.1675E+06 -9.6492E+04 -5.2472E+05
0000301   1.1734E+06  4.7931E+05 -3.9975E+05
0000302   2.0262E+06  6.7406E+05  2.0554E+05
0000303   2.2405E+06 -6.5394E+04  7.0169E+05
0000304   1.4107E+06 -3.1919E+05 -1.3197E+05
0000305   2.2552E+06  9.6287E+05 -4.9079E+04
0000306   2.2200E+06  5.4543E+04 -8.5365E+05
0000307   2.1748E+06 -6.0570E+05  7.1182E+05
0000308   1.9615E+06  1.2362E+05  1.8419E+05
0000309   2.6249E+06 -8.4371E+05 -6.2209E+05
0000310   1.8898E+06 -7.5936E+05 -4.4071E+05
0000311   1.5857E+06 -8.8521E+04 -4.8275E+05
0000312   1.0188E+06  6.5747E+05 -6.8438E+05
0000313   2.2489E+06 -3.6198E+05 -7.6132E+05
0000314   2.4569E+06  3.0230E+05  3.9202E+05
0000315   2.7558E+06  7.8754E+04 -7.6372E+04
0000316   1.3587E+06  5.7367E+05 -1.3936E+05
0000317   1.5650E+06  1.9260E+05  9.5281E+05
0000318   1.9855E+06 -1.4584E+06 -5.0686E+05
0000319   1.2750E+06  1.6733E+05  2.1724E+05
0000320   1.4774E+06  8.7521E+05  2.5832E+05
0000321   2.0312E+06  2.2364E+04  4.4139E+05
0000322   2.0645E+06  5.6186E+05  5.2741E+05
0000323   2.0936E+06 -6.8588E+05 -4.5417E+04
0000324   2.8597E+06 -3.5110E+05  2.9695E+05
0000325   1.8666E+06  8.0588E+05 -6.9105E+05
0000326   2.0219E+06  2.2778E+05  7.0472E+05
0000327   2.2502E+06 -4.9320E+05  1.7465E+04
0000328   2.6229E+06  5.7530E+05  1.0050E+06
0000329   2.1635E+06 -3.6895E+04 -4.9227E+05
0000330   1.8271E+06  2.5532E+05 -7.2717E+05
0000331   1.7123E+06 -2.7907E+05  7.8098E+05
0000332   7.7141E+05 -9.5066E+04 -6.2514E+05
0000333   2.3718E+06  3.2999E+05  6.0963E+05
0000334   2.2890E+06  7.4683E+05 -2.2382E+05
0000335   1.8095E+06  4.6148E+05  9.2955E+05
0000336   1.3439E+06 -2.5259E+04  6.9188E+05
0000337   1.7282E+06  7.0904E+03 -2.9452E+05
0000338   1.9562E+06  1.2193E+04  4.7779E+05
0000339   1.8705E+06  7.2604E+05  1.1491E+06
0000340   2.3763E+06 -7.7580E+05 -3.4595E+05
0000341   1.9314E+06  1.1509E+05 -3.7718E+05
0000342   8.2812E+05  1.9249E+05 -4.4514E+05
0000343   2.1886E+06 -6.1385E+05  5.4956E+05
0000344   1.1990E+06  5.6746E+05  6.0517E+05
0000345   1.7849E+06  6.7506E+05  1.5415E+05
0000346   2.3651E+06 -3.2172E+05  1.2854E+04
0000347   1.7689E+06  2.8329E+05 -1.9716E+04
0000348   1.3271E+06 -7.5396E+05 -2.0154E+05
0000349   2.1665E+06 -2.8860E+05  8.7162E+04
0000350   1.4509E+06  1.0192E+06  1.1130E+05
0000351   1.7421E+06 -8.2223E+04  2.8036E+05
0000352   1.7566E+06  7.2748E+05  1.0623E+05
0000353   1.1237E+06  1.4247E+05  2.1167E+05
0000354   1.5979E+06 -1.2147E+05  3.7064E+05
0000355   1.2325E+06  6.0406E+05 -3.0707E+05
0000356   1.0493E+06 -2.8386E+05  1.0654E+06
0000357   2.3213E+06  1.6224E+05  2.5639E+05
0000358   1.8546E+06 -7.6002E+05 -1.1870E+06
0000359   1.9713E+06  4.7199E+05  1.0482E+05
0000360   2.1133E+06  3.4991E+05 -3.4642E+05
0000361   1.9962E+06 -2.6321E+05 -1.2154E+05
0000362   1.6992E+06 -3.8564E+05 -3.3558E+04
0000363   1.5230E+06  5.4299E+05 -1.4206E+05
0000364   1.3898E+06  2.3472E+05  3.2064E+05
0000365   1.9621E+06  1.0860E+06  3.5938E+05
0000366   2.5583E+06 -5.1344E+05 -3.0230E+05
0000367   1.7229E+06 -3.4905E+05  2.4503E+05
0000368   1.8194E+06  9.8138E+05 -1.7184E+05
0000369   2.2182E+06  7.6805E+05  6.6595E+05
0000370   2.0289E+06 -1.1575E+06  9.4320E+05
0000371   1.9130E+06 -1.9483E+05  1.9891E+05
0000372   1.0224E+06  6.7000E+04 -5.1429E+05
0000373   2.2839E+06  5.4692E+05 -3.1141E+05
0000374   2.5424E+06  6.4828E+05 -2.4387E+05
0000375   1.7957E+06  5.4331E+05 -1.1961E+05
0000376   2.5139E+06 -5.6437E+05  1.0215E+05
0000377   1.6238E+06  3.7668E+05 -2.9694E+05
0000378   1.8740E+06 -5.1882E+05  9.0840E+05
0000379   1.6621E+06  5.1297E+03  1.4066E+05
0000380   2.2750E+06  1.6520E+04 -4.3865E+05
0000381   2.0557E+06  1.2375E+06 -3.0787E+05
0000382   1.8243E+06  6.7862E+05  2.5279E+05
0000383   1.5594E+06 -9.3008E+05 -7.6730E+05
0000384   1.8059E+06 -1.2745E+05  5.1527E+05
0000385   3.5853E+05 -2.5043E+05  9.7101E+04
0000386   1.9189E+06  6.1916E+05 -1.6922E+05
0000387   2.3503E+06  6.9994E+05 -5.6497E+04
0000388   2.2338E+06  4.3790E+05 -7.4541E+05
0000389   1.2909E+06  3.1889E+04  3.4114E+05
0000390   1.4190E+06 -1.5720E+05 -3.3320E+05
0000391   2.0941E+06  3.2988E+05  2.4373E+05
0000392   2.1451E+06 -5.5939E+05  3.7529E+05
0000393   2.2996E+06 -3.6198E+04 -4.3486E+04
0000394   3.6436E+05 -5.8353E+04  8.6026E+04
0000395   2.5611E+06 -2.3428E+05 -5.4814E+05
0000396   1.7545E+06  1.6989E+05 -6.4265E+04
0000397   2.2955E+06 -1.5673E+05 -6.7593E+05
0000398   2.5805E+06  2.0162E+05  5.1047E+05
0000399   1.7938E+06 -1.3864E+05  2.6310E+05
0000400   2.1345E+06  3.4766E+04 -6.5700E+04
0000401   1.4534E+06  6.0849E+04  9.9624E+05
0000402   1.4345E+06  2.6732E+05 -4.1971E+05
0000403   1.8919E+06  2.3718E+05  7.7621E+05
0000404   1.9494E+06 -8.0592E+04  1.0082E+06
0000405   1.5201E+06 -6.4089E+05  1.2655E+05
0000406   1.2784E+06  3.8835E+05 -6.6677E+05
0000407   2.3066E+06  5.5182E+05 -3.5752E+05
0000408   2.0101E+06 -6.3964E+05  7.1183E+05
0000409   1.5338E+06  4.9925E+05  3.0355E+05
0000410   1.2575E+06  1.5592E+05 -1.6784E+05
0000411   2.7264E+06 -4.4161E+04 -7.1612E+05
0000412   1.3701E+06 -1.2122E+06  3.1175E+05
0000413   1.8670E+06  3.5214E+05  2.2971E+05
0000414   1.4394E+06  5.0174E+05 -2.6475E+05
0000415   2.3382E+06 -1.5922E+05  6.8307E+05
0000416   1.5558E+06 -1.6794E+06 -3.3183E+05
0000417   1.8731E+06  5.6073E+05 -3.7721E+05
0000418   1.6335E+06 -3.2001E+04  5.7963E+05
0000419   2.2540E+06  2.6908E+05 -4.7089E+05
0000420   1.8919E+06  4.8908E+05 -1.0255E+06
0000421   2.6634E+06 -1.4860E+05 -1.5059E+05
0000422   1.9127E+05 -1.2864E+06  1.3247E+05
0000423   1.8843E+06 -1.3066E+05  1.2645E+06
0000424   1.7520E+06 -1.9534E+05  1.3120E+05
0000425   1.8067E+06  1.0548E+05 -5.0200E+04
0000426   1.9269E+06  6.4101E+05 -9.8268E+05
0000427   2.2574E+06  1.5766E+04  2.1629E+05
0000428   2.0872E+06  2.8329E+05  6.6323E+05
0000429   1.8604E+06 -1.6249E+05 -4.4195E+05
0000430   1.2593E+06 -4.6812E+05  2.7904E+05
0000431   2.5818E+06  8.6706E+04  4.9663E+05
0000432   2.1208E+06  7.7042E+05  2.9862E+05
0000433   1.1698E+06  1.3023E+06 -6.2588E+05
0000434   2.1771E+06 -3.8992E+05  7.3710E+04
0000435   1.3184E+06  8.3016E+03  1.7159E+05
0000436   2.2199E+06 -5.4676E+05 -6.3649E+05
0000437   1.3914E+06 -4.1656E+05 -1.1894E+05
0000438   2.2822E+06  3.9380E+05  7.9517E+05
0000439   2.0645E+06  2.2630E+05 -6.4628E+05
0000440   2.2400E+06  1.6181E+04 -1.0111E+04
0000441   2.1026E+06 -7.6194E+05 -7.0044E+05
0000442   1.2860E+06  7.1576E+05 -4.8854E+05
0000443   1.9829E+06 -3.5583E+04 -2.2909E+05
0000444   2.3382E+06 -5.5527E+05  1.6995E+05
0000445   1.9094E+06  3.8003E+04 -2.0710E+05
0000446   2.0972E+06 -5.9067E+05  2.4762E+05
0000447   1.2830E+06  6.0997E+05  4.7600E+05
0000448   2.4812E+06 -3.8824E+05  2.1294E+05
0000449   2.1284E+06  1.6022E+05  6.7266E+05
0000450   1.8475E+06  4.5685E+05 -4.6063E+05
0000451   2.4770E+06  8.8870E+05 -2.5433E+05
0000452   1.8673E+06  4.9676E+04 -9.8647E+05
0000453   2.5645E+06  8.6507E+04  4.3383E+04
0000454   1.3320E+06  1.0194E+05 -6.0667E+05
0000455   1.6464E+06  2.4045E+05 -3.0029E+05
0000456   1.8100E+06 -4.3117E+05  5.4385E+05
0000457   2.1522E+06  2.1983E+05 -8.8563E+04
0000458   2.4980E+06  8.7916E+04  1.4475E+05
0000459   1.5171E+06 -1.3071E+05  2.4825E+05
0000460   1.8599E+06 -7.5956E+05 -3.4311E+05
0000461   2.5894E+06  6.6332E+05  2.6041E+05
0000462   2.4471E+06  1.4401E+05  4.2756E+05
0000463   1.1572E+06  4.9307E+05 -5.7099E+05
0000464   2.7019E+06 -2.6588E+05  8.0830E+05
0000465   2.4604E+06  6.4019E+05  4.9827E+05
0000466   2.6649E+06 -4.5983E+05  1.4109E+05
0000467   2.4480E+06  1.7523E+04 -2.3787E+04
0000468   1.2245E+06  1.0008E+06 -2.0287E+05
0000469   1.8710E+06 -5.5767E+05  8.3610E+04
0000470   2.1924E+06 -3.0923E+05 -2.6455E+05
0000471   1.9591E+06 -1.0301E+05 -8.0976E+05
0000472   1.9257E+06 -3.1408E+05 -2.1685E+04
0000473   1.2742E+06 -6.5068E+05  7.8350E+05
0000474   1.1872E+06 -1.3427E+05 -3.2304E+05
0000475   1.2429E+06 -6.8546E+04  1.4118E+05
0000476   2.4453E+06  2.7572E+04  3.9703E+04
0000477   2.1301E+06  5.5809E+05  7.8050E+04
0000478   1.6626E+06 -1.5969E+05 -4.4422E+05
0000479   2.6376E+06  2.6305E+05 -6.2203E+05
0000480   1.3695E+06  2.6200E+04  4.5316E+05
0000481   1.5600E+06  8.7453E+05  2.3928E+05
0000482   2.0349E+06  4.3142E+04  8.0734E+05
0000483   1.8592E+06  1.0987E+06  7.5026E+05
0000484   2.1717E+06 -4.8869E+05  8.5729E+04
0000485   1.2134E+06  9.3482E+05 -2.9395E+04
0000486   1.9530E+06 -3.1068E+04  2.6363E+05
0000487   1.7402E+06 -1.2645E+05 -2.7199E+05
0000488   1.0932E+06  6.6257E+05 -2.0680E+05
0000489   2.0979E+06 -2.3638E+05 -4.7025E+05
0000490   2.5652E+06 -5.4903E+05  3.0899E+05
0000491   2.4663E+06 -4.4281E+05 -1.2786E+05
0000492   9.2625E+05 -3.2042E+05 -4.1734E+04
0000493   1.9766E+06  5.2901E+05 -6.0285E+05
0000494   1.8205E+06 -5.5417E+05 -1.5547E+05
0000495   1.4877E+06 -1.6522E+05 -1.3214E+06
0000496   2.0722E+06 -4.7610E+05 -3.0016E+05
0000497   1.3185E+06 -3.8647E+05 -1.4443E+06
0000498   1.5575E+06  6.1499E+05 -2.0702E+05
0000499   8.9119E+05 -6.8245E+04  2.8942E+03
0000500   1.7959E+06  1.4310E+06  5.3440E+04
0000501   2.6907E+06  7.0829E+04 -4.1850E+05
0000502   2.4444E+06 -2.1561E+05  1.3164E+05
0000503   1.7635E+06  4.1464E+05  5.9567E+05
0000504   1.8152E+06 -8.1127E+04 -4.2936E+05
0000505   1.7918E+06 -2.6742E+05 -8.8438E+05
0000506   1.5867E+06  4.9599E+03 -3.9582E+05
0000507   1.8834E+06 -4.6398E+05  9.7089E+05
0000508   1.5909E+06  1.3537E+03  6.7078E+04
0000509   2.2534E+06  2.7165E+05 -5.0371E+05
0000510   2.3862E+06  5.0612E+05 -4.5963E+05
0000511   1.6791E+06 -2.7946E+05  6.5528E+05
0000512   1.7935E+06  3.7735E+05 -4.3708E+05
0000513   1.9608E+06  3.3718E+05 -5.3036E+05
0000514   2.3313E+06  1.7001E+05 -4.3074E+05
0000515   2.1339E+06  1.4768E+05  1.1797E+05
0000516   2.6005E+06  9.7509E+04  2.9922E+04
0000517   2.4523E+06  3.1641E+05  6.2009E+04
0000518   2.2369E+06  3.9384E+05  5.4997E+05
0000519   2.3783E+06  2.3866E+04  4.2629E+05
0000520   1.3756E+06 -6.5827E+05  7.2163E+05
0000521   1.4804E+06  2.4963E+05 -2.8347E+05
0000522   2.0074E+06 -8.7195E+05 -3.8903E+05
0000523   2.6964E+06 -2.7812E+05 -1.7063E+05
0000524   1.7459E+06  1.0412E+06 -3.7250E+05
0000525   1.6134E+06  7.4143E+05  4.4374E+04
0000526   1.5556E+06  5.9203E+04 -2.5422E+04
0000527   2.3686E+06 -4.2596E+05 -2.8611E+05
0000528   1.3537E+06  7.0283E+04  4.7603E+05
0000529   1.8598E+06 -4.3688E+05  4.9975E+05
0000530   2.1530E+06 -3.2067E+05 -3.2765E+05
0000531   1.6333E+06  2.0213E+05  6.2790E+05
0000532   1.9095E+06 -3.3244E+05 -8.7959E+05
0000533   1.5224E+06 -9.5758E+05 -8.4212E+05
0000534   2.4818E+06 -1.0977E+06 -3.8527E+05
0000535   1.3862E+06  4.7503E+05  2.2902E+05
0000536   2.5806E+06 -6.4086E+05 -4.3196E+05
0000537   2.5274E+06 -5.6343E+05  3.0162E+05
0000538   2.5176E+06 -4.0379E+04  1.5788E+05
0000539   1.5755E+06  2.3621E+04 -1.0257E+05
0000540   2.1048E+06  7.5304E+05  7.9083E+05
0000541   2.1427E+06  9.2916E+05 -2.9162E+05
0000542   2.1905E+06  3.1008E+05  4.2581E+05
0000543   1.9271E+06  5.6506E+05  1.2071E+05
0000544   2.3344E+06  2.8583E+05  6.1428E+05
0000545   1.9318E+06  1.1128E+05  3.6554E+05
0000546   1.5407E+06 -3.1534E+03 -3.9676E+04
0000547   1.9600E+06  4.2798E+05 -5.5659E+05
0000548   2.2334E+06  2.6797E+04 -1.7493E+04
0000549   8.1491E+05  2.1810E+05 -2.7792E+05
0000550   2.7396E+06  6.6399E+05 -6.4138E+05
0000551   2.0188E+06  4.0996E+05  3.8249E+05
0000552   2.3449E+06 -2.9179E+05 -4.1067E+05
0000553   2.2906E+06 -4.3966E+05 -2.2901E+05
0000554   2.0219E+06  8.4608E+05  6.6807E+05
0000555   2.0911E+06  3.4322E+05  9.7868E+05
0000556   2.2093E+06 -2.2184E+05 -1.2024E+06
0000557   2.0792E+06  3.6660E+05  1.8700E+05
0000558   7.1712E+05 -1.6237E+04 -3.1140E+05
0000559   1.7308E+06 -9.6392E+05 -8.2274E+04
0000560   1.4745E+06  5.6070E+05  4.4300E+05
0000561   2.0052E+06  6.2444E+05 -8.6741E+05
0000562   1.5857E+06 -2.9092E+04 -5.1238E+04
0000563   2.0126E+06  2.1929E+05 -4.0547E+05
0000564   2.0575E+06  3.5652E+05  8.2313E+05
0000565   1.3400E+06  7.8751E+05 -4.7783E+05
0000566   1.7485E+06  3.5242E+05  3.4726E+05
0000567   1.7002E+06 -1.3193E+05 -4.1271E+05
0000568   2.2048E+06 -1.7542E+05  1.0585E+05
0000569   2.4205E+06  3.4089E+05  4.5972E+05
0000570   9.7422E+05  1.1517E+05 -9.0278E+05
0000571   2.1905E+06  5.7408E+04 -5.7573E+05
0000572   2.0825E+06 -1.4428E+05 -7.3461E+05
0000573   1.2244E+06  4.6569E+04 -7.8189E+05
0000574   1.2972E+06  1.0274E+05  8.3068E+05
0000575   2.1575E+06 -3.1514E+05 -1.0089E+05
0000576   1.4904E+06  1.0125E+06 -8.5382E+05
0000577   1.8092E+06  3.1761E+05  5.2547E+05
0000578   1.6111E+06  2.6788E+05  1.3130E+05
0000579   1.7645E+06  7.7286E+04  7.3945E+05
0000580   1.7271E+06  7.8603E+05  3.7658E+05
0000581   1.7205E+06  5.3709E+05  6.9721E+04
0000582   1.7272E+06 -6.9874E+05  1.3104E+05
0000583   2.5428E+06  6.6202E+05 -3.3017E+05
0000584   6.6989E+05  1.3897E+06 -5.6707E+05
0000585   2.3282E+06 -1.7205E+05 -9.7578E+04
0000586   2.0172E+06  9.6072E+04  7.2379E+05
0000587   1.8096E+06  1.2543E+06  5.1065E+05
0000588   2.2270E+06 -8.6563E+05  7.6990E+05
0000589   1.1477E+06  4.7770E+05  4.1775E+05
0000590   2.2108E+06  6.1893E+05  1.5500E+05
0000591   1.7892E+06  6.7130E+05 -2.8295E+05
0000592   2.0577E+06 -6.2067E+05 -2.1171E+05
0000593   2.2090E+06 -4.1012E+05  1.5852E+05
0000594   4.1324E+05  1.3543E+06  3.1658E+05
0000595   1.0979E+06 -4.9189E+04 -7.7936E+05
0000596   1.6862E+06  2.1667E+05 -2.1103E+05
0000597   2.0177E+06 -5.0937E+04 -3.7504E+05
0000598   1.2136E+06 -8.5041E+05 -2.2885E+05
0000599   2.4378E+06  9.7016E+05  4.1235E+05
0000600   2.3269E+06 -2.0753E+05  3.9730E+05
0000601   1.7792E+06 -4.6058E+05 -4.9862E+05
0000602   1.8824E+06 -8.3041E+05  5.6999E+05
0000603   2.1287E+06  1.4622E+05  2.9941E+05
0000604   1.8496E+06 -1.0183E+06  4.9083E+05
0000605   1.6546E+06  3.5404E+05  1.3742E+05
0000606   1.6304E+06 -8.4565E+04  4.6546E+05
0000607   1.9985E+06  1.9624E+05  1.8880E+04
0000608   1.9460E+06  5.3309E+04  1.0627E+05
0000609   2.0440E+06 -1.9187E+05 -1.1645E+05
0000610   2.1517E+06 -1.1597E+06 -1.7404E+05
0000611   2.4477E+06 -2.9782E+05  1.6591E+05
0000612   2.3314E+06 -8.2516E+04  6.7398E+04
0000613   1.2697E+06  1.1371E+05  4.0334E+05
0000614   1.7486E+06 -2.1620E+05  5.0750E+05
0000615   2.1673E+06  7.4197E+05 -3.4930E+05
0000616   4.5627E+04 -4.3280E+04  3.4347E+04
0000617   2.3706E+06 -3.3160E+05  3.5534E+05
0000618   1.9708E+06  2.7810E+05  3.6866E+05
0000619   1.8161E+06 -4.8950E+05  2.3791E+05
0000620   1.1791E+06 -7.3750E+05  4.2072E+04
0000621   2.2882E+06  2.8976E+04  1.1812E+06
0000622   2.1575E+06  3.8435E+05 -2.8338E+05
0000623   2.2463E+06  1.3901E+05  4.0681E+05
0000624   6.4653E+05 -1.8588E+05  6.0869E+05
0000625   1.7926E+06  2.0015E+05 -2.7462E+05
0000626   2.0791E+06  6.5891E+05 -9.5580E+04
0000627   1.5205E+06  5.1831E+05  4.6761E+05
0000628   2.6110E+06 -1.7111E+04 -1.3467E+05
0000629   1.8273E+06  2.2773E+05  1.4670E+05
0000630   1.1903E+06 -7.8588E+05 -2.6332E+05
0000631   2.2743E+06  2.5158E+05  9.4052E+04
0000632   1.2591E+06 -7.7168E+05 -3.2736E+04
0000633   2.3633E+06 -1.0687E+05  5.6452E+04
0000634   2.2823E+06 -2.3584E+05  3.8614E+05
0000635   1.9082E+06  7.6333E+05 -4.6002E+05
0000636   2.4570E+06  3.9182E+05  1.7647E+05
0000637   2.3676E+06 -4.9511E+04  9.7491E+04
0000638   1.9487E+06 -2.0306E+05 -2.8040E+05
0000639   1.7961E+06 -5.0276E+05 -2.5236E+05
0000640   9.4119E+05 -2.3668E+04  2.2564E+04
0000641   1.9945E+06 -6.6405E+05 -3.0986E+05
0000642   1.9962E+06  4.6501E+05  7.2402E+04
0000643   1.4857E+06 -5.5691E+05 -1.4788E+05
0000644   2.2476E+06  5.4266E+04  3.5853E+05
0000645   8.0632E+05  1.5129E+05  1.7413E+05
0000646   2.0879E+06  7.9450E+05  6.5075E+05
0000647   1.8628E+06  1.7842E+05  2.1823E+05
0000648   2.1862E+06  7.1693E+05  4.4675E+05
0000649   1.2549E+06  1.1382E+05  2.0896E+05
0000650   1.6954E+06  2.8964E+05  4.4880E+04
0000651   1.6248E+06 -8.6716E+04  1.3798E+05
0000652   1.8827E+06 -1.4898E+05 -7.3951E+05
0000653   1.2553E+06  2.6589E+05  5.3447E+05
0000654   1.9510E+06  6.0416E+05 -7.3520E+04
0000655   2.1899E+06 -4.1978E+05 -5.7012E+05
0000656   2.0051E+06  3.0267E+05  6.7870E+05
0000657   2.1172E+06  7.2013E+04  4.5878E+05
0000658   2.1346E+06 -8.6490E+04 -7.3117E+04
0000659   1.6731E+06 -7.4595E+05  3.7898E+05
0000660   1.2269E+06  4.6291E+05  1.4315E+05
0000661   2.8602E+06 -1.9098E+05 -1.5441E+05
0000662   1.4873E+06 -1.4327E+05  4.1146E+05
0000663   2.5639E+06  2.8408E+05  2.1185E+05
0000664   2.6874E+06  5.8171E+05  9.6174E+04
0000665   2.2455E+06 -1.7324E+05 -7.9534E+05
0000666   8.6430E+05 -1.6800E+06  1.0861E+06
0000667   1.9429E+06  2.1967E+05  1.8287E+05
0000668   1.1699E+06  1.6443E+05 -1.8091E+05
0000669   1.9539E+06  1.6380E+04 -4.6706E+05
0000670   1.7403E+06 -3.1282E+05  9.6145E+05
0000671   1.1779E+06 -2.1026E+04 -3.3869E+05
0000672   2.7913E+06 -8.9642E+04  5.1984E+05
0000673   1.9996E+06 -1.3834E+05  6.9751E+05
0000674   1.4356E+06  2.0166E+05  2.5697E+05
0000675   8.9922E+05 -6.2955E+05  9.2323E+05
0000676   1.9653E+06  8.7162E+05 -6.0865E+05
0000677   1.6865E+06  2.2565E+05 -1.4108E+05
0000678   1.1198E+06  8.4154E+04 -3.6575E+05
0000679   1.0632E+06 -7.3099E+05 -1.1455E+05
0000680   1.4562E+06  3.3467E+05  4.2355E+05
0000681   2.0770E+06 -1.9677E+05 -1.1387E+06
0000682   1.1323E+06  1.1921E+05 -2.5640E+05
0000683   2.4194E+06 -1.0453E+06 -6.6957E+04
0000684   2.1939E+06  4.4245E+05  3.7058E+05
0000685   2.1928E+06  5.4224E+05 -4.4634E+05
0000686   1.4156E+06 -3.9800E+05 -2.7384E+05
0000687   1.6070E+06 -1.3876E+05 -8.6189E+04
0000688   2.2299E+06  7.5207E+05 -6.6879E+05
0000689   2.0455E+06 -2.2767E+05  9.4075E+04
0000690   1.3818E+06 -3.5971E+05 -1.0462E+05
0000691   2.2590E+06  1.2564E+05  9.2741E+05
0000692   1.4809E+06 -2.5073E+04 -2.1813E+05
0000693   2.8469E+06 -3.3845E+05  2.7976E+05
0000694   2.2208E+06  2.6927E+05 -1.6627E+05
0000695   1.5356E+06  8.8202E+05 -2.1697E+05
0000696   1.3505E+06  7.4090E+05  4.0995E+05
0000697   1.0527E+06 -4.0705E+05 -5.2293E+05
0000698   2.3739E+06 -6.4356E+05 -6.7372E+04
0000699   1.6536E+06  1.3219E+05  1.0101E+06
0000700   1.3158E+06  2.1935E+05 -2.9649E+05
0000701   2.0731E+06  3.4874E+05  5.2179E+04
0000702   1.6104E+06 -4.8039E+05  4.6203E+05
0000703   1.3936E+06 -3.6718E+05  3.3609E+05
0000704   2.1836E+06  1.4283E+05  2.6661E+05
0000705   1.6603E+06 -5.2764E+04 -1.1923E+06
0000706   1.4777E+06 -3.0365E+05 -7.1497E+05
0000707   2.0896E+06 -1.6166E+05 -5.6501E+05
0000708   1.6511E+06  6.0680E+04 -1.7201E+05
0000709   1.8643E+06  1.7896E+05  4.0319E+04
0000710   2.4136E+06  5.4675E+04 -8.0766E+05
0000711   1.7521E+06 -6.1538E+04 -2.0630E+05
0000712   2.2102E+06 -1.3616E+05  3.1974E+05
0000713   1.4667E+06  1.4642E+05 -6.0756E+04
0000714   2.3578E+06 -2.9407E+05 -9.7609E+04
0000715   2.0030E+06 -4.9623E+05  4.9917E+05
0000716   1.6107E+06  2.0047E+05  1.9124E+05
0000717   1.7891E+06  1.7196E+05 -1.1666E+05
0000718   1.6473E+06 -8.6408E+05 -8.6432E+05
0000719   1.7629E+06  6.2956E+04 -1.0718E+06
0000720   1.9341E+06 -5.6717E+05 -1.1374E+04
0000721   2.0290E+06  1.6041E+05 -2.8071E+05
0000722   2.3003E+06  2.6337E+05 -9.1114E+05
0000723   8.0864E+05  5.0594E+04  4.4198E+05
0000724   1.6549E+06  3.8236E+05  3.7207E+05
0000725   2.0806E+06 -2.2785E+05 -2.3336E+05
0000726   2.1178E+06 -9.5000E+04 -2.9686E+05
0000727   2.0566E+06  3.2432E+05 -9.0744E+05
0000728   1.9096E+06 -5.2944E+03 -4.6591E+05
0000729   1.8280E+06 -1.4155E+05 -3.7979E+05
0000730   1.6093E+06 -5.2132E+05  5.9277E+05
0000731   2.2815E+06  2.5079E+05 -1.5676E+05
0000732   1.2856E+06  5.3676E+05  1.4890E+06
0000733   2.1154E+06  3.5923E+05 -1.2294E+05
0000734   2.3682E+06 -5.8955E+05  5.2336E+05
0000735   1.6057E+06  5.6933E+05  2.2600E+05
0000736   1.5433E+06  7.1180E+05  2.5613E+05
0000737   2.1346E+06  4.2844E+05  9.7681E+04
0000738   2.5142E+06 -5.0504E+05 -3.2179E+05
0000739   2.1640E+06  7.6003E+05  8.7122E+05
0000740   1.4180E+06 -5.7986E+05 -6.5232E+05
0000741   2.2776E+06  3.1022E+05 -2.1958E+05
0000742   1.6366E+06  5.1449E+05 -9.1530E+05
0000743   9.4909E+05  4.6139E+05  2.8756E+05
0000744   2.0097E+06  8.8333E+04  1.3783E+05
0000745   2.5426E+06  1.5767E+05 -3.5502E+05
0000746   1.8799E+06 -5.9269E+05 -1.1378E+05
0000747   2.0531E+06 -1.3708E+05  1.0257E+05
0000748   1.9839E+06  4.9855E+05  6.5581E+04
0000749   2.5113E+06  2.1527E+05  4.7946E+05
0000750   1.7078E+06 -7.8174E+04 -2.8514E+05
0000751   2.5432E+06 -4.1451E+05 -2.6907E+05
0000752   1.7844E+06 -1.0478E+05  4.6415E+05
0000753   2.1268E+06 -6.3040E+05  3.9050E+05
0000754   2.2740E+06  5.6757E+05  3.9235E+05
0000755   1.8316E+06 -1.3097E+04  8.1207E+05
0000756   1.0062E+06 -6.4194E+05 -2.9474E+05
0000757   1.4314E+06 -3.7777E+05 -1.9942E+05
0000758   2.0423E+06  1.6778E+05 -8.5764E+05
0000759   2.0508E+06  2.3777E+05 -3.4873E+05
0000760   1.2670E+06  9.6711E+04 -6.4385E+05
0000761   1.7299E+06  1.1144E+06 -2.6893E+05
0000762   1.3617E+06  3.2058E+05  5.5708E+05
0000763   1.1679E+06 -4.6208E+05  6.8280E+05
0000764   1.4355E+06 -3.1819E+05 -6.6310E+05
0000765   1.9795E+06 -4.2182E+05  1.7648E+05
0000766   2.2255E+06 -6.7660E+05  4.4585E+05
0000767   1.9953E+06  2.8977E+05  5.8635E+05
0000768   2.0623E+06 -4.7442E+05  4.4564E+05
0000769   2.1217E+06 -7.4570E+04  3.7896E+04
0000770   1.7353E+06  1.8115E+05 -3.5905E+05
0000771   2.0471E+06  5.3583E+05  1.7834E+05
0000772   2.0659E+06  7.6437E+05  3.9014E+05
0000773   2.2551E+06 -3.6654E+05  5.1647E+05
0000774   2.2969E+06 -4.9325E+05 -1.5906E+05
0000775   2.4295E+06 -8.9432E+05  8.4604E+05
0000776   2.0497E+06 -2.6412E+05 -1.7113E+05
0000777   2.5352E+06  4.6491E+05 -3.7864E+05
0000778   1.7204E+06  4.8795E+05 -8.4385E+05
0000779   2.0533E+06 -7.1746E+05  5.1671E+05
0000780   2.0131E+06 -5.6719E+05 -7.9199E+05
0000781   2.3535E+06  1.1644E+05 -3.4058E+05
0000782   1.5062E+06  1.4844E+05 -4.0764E+05
0000783   2.4760E+06 -6.6217E+05 -1.6351E+05
0000784   1.7943E+06  4.5294E+05  2.1794E+05
0000785   1.7683E+06  2.1289E+05  5.9315E+05
0000786   2.3333E+06  4.5107E+05 -5.2997E+05
0000787   2.5824E+06  5.1846E+05  6.1324E+04
0000788   1.8144E+06 -7.9844E+05  8.7470E+05
0000789   1.9806E+06 -4.4542E+05  4.3283E+05
0000790   2.2472E+06  1.5814E+05 -2.3689E+05
0000791   1.6060E+06 -3.6323E+04  5.4804E+05
0000792   1.9386E+06 -5.9759E+05 -4.0835E+05
0000793   1.2958E+06  7.6576E+05  4.2660E+05
0000794   2.1706E+06 -9.7520E+05  6.2998E+05
0000795   1.2952E+06  2.9057E+05 -8.0508E+04
0000796   2.0466E+06 -4.0955E+05  2.9809E+05
0000797   2.3380E+06  1.2119E+05 -2.3789E+05
0000798   2.5091E+06 -1.3255E+05  7.6762E+05
0000799   1.9386E+06 -5.2299E+05 -3.8765E+05
0000800   2.5087E+06 -9.5499E+05 -5.4753E+05
0000801   2.2908E+06 -1.7067E+05 -4.2368E+05
0000802   1.8943E+06  1.6342E+05 -1.0325E+05
0000803   1.5088E+06  2.2309E+05 -4.7883E+05
0000804   2.1936E+06  2.6033E+05  2.0946E+05
0000805   3.3356E+05 -2.0909E+05 -1.3780E+05
0000806   2.3713E+06 -1.9302E+05  7.0764E+04
0000807   2.6868E+06  1.4318E+05  2.2702E+05
0000808   2.1681E+06 -5.7809E+05 -7.7693E+05
0000809   1.9242E+06  8.3238E+05  3.2175E+05
0000810   1.5870E+06 -4.8475E+05 -3.8578E+05
0000811   2.5077E+06 -3.5974E+05 -1.5902E+05
0000812   2.4170E+06  1.4025E+05  6.6777E+05
0000813   2.0614E+06 -7.9235E+05  4.6358E+05
0000814   1.7162E+06  9.9505E+04 -2.9136E+05
0000815   1.6301E+06  9.9987E+05  1.6457E+05
0000816   2.0579E+06  9.0324E+05 -3.9550E+04
0000817   2.7365E+06 -5.5640E+05 -4.1484E+05
0000818   1.6409E+06  1.9974E+05  8.2975E+04
0000819   2.1654E+06  1.2431E+05  1.9698E+05
0000820   2.1170E+06 -3.3413E+04  3.4921E+05
0000821   1.1268E+06  9.0320E+05 -5.8719E+05
0000822   2.3953E+06  3.5134E+04 -9.6842E+05
0000823   1.2898E+06  4.8086E+05  9.0009E+05
0000824   1.4075E+06 -1.5652E+06  1.8228E+05
0000825   1.5559E+06 -3.5476E+05 -7.4062E+05
0000826   2.1352E+06  5.6443E+05  1.2865E+06
0000827   1.6754E+06 -5.8820E+05  2.3125E+05
0000828   1.3615E+06  2.7130E+05 -4.8648E+05
0000829   2.7313E+06  9.7732E+05  3.4306E+05
0000830   2.1017E+06 -2.1700E+05  4.2958E+05
0000831   1.8995E+06  1.6688E+05  7.5131E+04
0000832   2.3311E+06  2.6857E+04 -2.1074E+05
0000833   2.1358E+06  1.2386E+05  1.9171E+04
0000834   1.7229E+06 -1.6711E+04  7.5935E+05
0000835   1.7546E+06  3.7988E+05 -8.6432E+04
0000836   2.3595E+06  6.3073E+04 -6.3697E+02
0000837   2.2547E+06 -3.7839E+05  1.4497E+05
0000838   1.4688E+06  5.8743E+05 -4.7524E+05
0000839   2.2369E+06  9.3313E+04 -9.6043E+05
0000840   1.2597E+06 -6.5176E+05  5.6604E+05
0000841   2.7975E+06 -6.7765E+04 -2.9674E+05
0000842   1.5343E+06  3.3291E+05  9.7576E+05
0000843   2.0491E+06  9.5383E+05  8.1679E+05
0000844   1.6564E+06 -8.6953E+04 -2.8423E+05
0000845   2.0448E+06  3.5716E+05 -8.6632E+04
0000846   1.1961E+06 -5.9306E+05  8.1706E+04
0000847   2.1243E+06 -1.0465E+05 -2.8842E+05
0000848   7.5744E+05 -7.4429E+05  7.7782E+05
0000849   1.7880E+06  8.9834E+05 -2.4689E+05
0000850   2.2435E+06  3.1470E+05 -8.4458E+05
0000851   2.3419E+06  3.6132E+05  2.8671E+05
0000852   2.7074E+06  2.0160E+05 -3.0754E+05
0000853   2.0154E+06 -4.8065E+03 -3.2846E+05
0000854   1.8298E+06 -3.9604E+05 -1.2127E+05
0000855   2.3046E+06  6.1348E+04 -9.1931E+04
0000856   2.0844E+06  3.6268E+05  2.9198E+05
0000857   2.0635E+06  6.2411E+04  1.0970E+04
0000858   1.8230E+06  6.2441E+05 -2.7872E+05
0000859   9.9676E+05  3.6655E+05  1.1464E+05
0000860   2.1831E+06  2.6379E+05  2.8471E+04
0000861   2.4652E+06  1.0070E+06 -2.7350E+05
0000862   1.0729E+06  1.5383E+05  1.0211E+05
0000863   1.5324E+06 -2.6268E+05  7.7002E+05
0000864   2.4288E+06  3.9724E+05  1.2128E+06
0000865   1.1765E+06 -4.0037E+05 -6.1550E+05
0000866   2.6791E+06  1.1431E+05 -6.1077E+04
0000867   1.6627E+06  5.3352E+05 -9.6388E+04
0000868   2.4936E+06 -4.2423E+04 -1.7227E+05
0000869   2.1724E+06  1.3079E+05  2.4640E+05
0000870   2.4620E+06  5.4357E+04  6.6007E+03
0000871   2.0199E+06 -1.0550E+06 -7.7687E+05
0000872   2.0829E+06  6.8621E+05  3.1706E+05
0000873   1.4729E+06 -6.5293E+05 -4.2570E+04
0000874   2.2114E+06 -1.1208E+05  2.8312E+05
0000875   1.8353E+06  1.6571E+05 -3.1172E+05
0000876   1.6529E+06 -2.1893E+05  2.3641E+05
0000877   1.8992E+06  2.1139E+05  5.5766E+04
0000878   2.5475E+06  1.0403E+05  6.8471E+05
0000879   2.0276E+06  1.3257E+05 -7.3278E+05
0000880   1.6228E+06 -1.5662E+05  7.4982E+05
0000881   1.9948E+06 -1.0603E+06  8.5833E+04
0000882   1.9742E+06 -1.1376E+06 -8.8207E+05
0000883   1.7754E+06  7.0730E+05 -2.2249E+05
0000884   2.6901E+06  1.5323E+05  1.1708E+04
0000885   1.0043E+06 -9.1033E+05 -3.3098E+04
0000886   1.8764E+06  2.4206E+05 -6.4823E+03
0000887   2.1175E+06 -3.5463E+05 -1.7569E+05
0000888   1.6060E+06 -6.5015E+04  4.2999E+05
0000889   7.3737E+05  9.2977E+05 -3.8393E+05
0000890   1.2198E+06 -2.2011E+05  5.2713E+05
0000891   7.0820E+05 -1.7265E+05 -1.7771E+05
0000892   1.3762E+06 -3.9204E+05  4.6561E+05
0000893   2.6639E+06 -7.9365E+04 -5.9281E+05
0000894   2.4414E+06 -2.4634E+05  6.7097E+05
0000895   2.0347E+06 -9.2315E+04 -1.0931E+06
0000896   2.6282E+06 -1.1110E+05  2.4505E+05
0000897   2.2422E+06  3.8144E+04 -5.0020E+05
0000898   2.4619E+06 -1.3863E+05  5.8608E+05
0000899   2.2647E+06 -2.0447E+05  1.0025E+06
0000900   2.1515E+06  3.6740E+05  2.2126E+05
0000901   1.7510E+06  4.3813E+05 -4.3163E+05
0000902   2.2708E+06 -3.0730E+04 -2.0019E+05
0000903   1.0003E+06  1.0189E+06 -2.9647E+05
0000904   2.0350E+06  4.4626E+05  7.0656E+05
0000905   1.9911E+06 -7.4659E+05  1.2097E+05
0000906   2.4894E+06 -1.8006E+05  4.5957E+05
0000907   2.6652E+06 -3.2793E+05 -8.3365E+05
0000908   1.9399E+06  6.8154E+05  2.0990E+05
0000909   1.9907E+06  1.7431E+05 -3.9093E+05
0000910   1.8973E+06 -5.5628E+04 -4.5483E+05
0000911   1.6472E+06 -6.1379E+05 -3.6523E+05
0000912   1.7478E+06 -3.4099E+04 -5.4857E+05
0000913   2.0772E+06 -9.8327E+05  5.6806E+05
0000914   2.1766E+06  5.7491E+05 -7.7287E+05
0000915   1.4710E+06  8.9792E+05  9.3909E+05
0000916   1.9989E+06 -2.5665E+05 -3.6551E+05
0000917   1.8881E+06 -2.5533E+05 -2.5881E+05
0000918   2.0595E+06  2.0537E+05 -2.9351E+05
0000919   1.8471E+06  1.6350E+05  9.7424E+05
0000920   2.3908E+06 -7.0365E+04  3.2495E+05
0000921   1.4811E+06  1.1742E+04  1.4223E+05
0000922   1.1809E+06 -1.1406E+06  2.9666E+05
0000923   4.6657E+05 -1.1778E+05  3.1798E+04
0000924   2.5192E+06 -2.3302E+05 -2.0004E+04
0000925   1.3008E+06 -4.6959E+05  4.3908E+04
0000926   1.7705E+06 -4.5031E+05 -1.3540E+05
0000927   2.6597E+06 -2.7549E+05  1.1920E+05
0000928   2.4081E+06  6.4041E+05  4.5551E+05
0000929   2.1393E+06 -4.1504E+05 -2.6685E+05
0000930   1.3990E+06  9.0349E+05 -2.4627E+05
0000931   2.7391E+06 -6.8115E+05  8.6287E+05
0000932   2.1415E+06 -7.5648E+05  5.7164E+05
0000933   2.1510E+06 -3.7514E+05  4.2223E+05
0000934   1.4388E+06 -3.3244E+05 -4.0873E+05
0000935   1.3234E+06  3.9743E+04 -8.9118E+05
0000936   2.2703E+06 -5.0017E+04 -2.2794E+05
0000937   2.2171E+06  7.2606E+05  1.0761E+06
0000938   1.6690E+06 -3.3679E+05  4.2467E+04
0000939   1.9014E+06 -1.3745E+04  2.0710E+05
0000940   1.8738E+06 -3.2143E+05  1.9250E+05
0000941   1.8311E+06  4.2289E+05 -5.4099E+05
0000942   2.1989E+06  3.9201E+05  3.2208E+05
0000943   7.6552E+05 -5.4476E+04  1.4367E+05
0000944   1.7318E+06  6.2780E+05 -3.5038E+05
0000945   1.1445E+06 -3.6704E+05 -6.2190E+05
0000946   2.0483E+06  7.6686E+05 -4.2049E+05
0000947   1.9695E+06  1.2079E+05 -3.2127E+05
0000948   1.7827E+06 -1.2079E+05  5.8195E+05
0000949   1.2963E+06 -5.8886E+05  6.6934E+05
0000950   2.4869E+06 -7.0287E+05 -5.3104E+05
0000951   1.7124E+06  8.4192E+05  4.6904E+05
0000952   2.9532E+06  6.6763E+05 -1.9473E+05
0000953   1.5910E+06  6.6152E+05 -1.0060E+06
0000954   2.2480E+06  5.8975E+05  1.7220E+04
0000955   2.5508E+06 -2.3966E+04  2.9262E+05
0000956   1.8397E+06  7.4018E+05 -8.5842E+04
0000957   1.6183E+06  1.4157E+05 -2.5129E+05
0000958   2.1595E+06 -4.5027E+05  5.9938E+05
0000959   1.9660E+06 -5.9040E+05 -1.0697E+05
0000960   9.5331E+05 -3.5253E+05  2.8376E+05
0000961   1.6569E+06 -1.0564E+06 -1.8507E+05
0000962   1.9463E+06  2.1483E+05 -6.5058E+05
0000963   1.6460E+06  1.0792E+06  8.1408E+04
0000964   1.5025E+06  5.5716E+05  7.3553E+05
0000965   2.0850E+06 -6.4185E+04 -3.1513E+04
0000966   1.7120E+06  4.4059E+05  1.2367E+05
0000967   2.2583E+06 -4.0853E+05  6.7458E+05
0000968   1.6773E+06  4.0626E+04 -2.4887E+05
0000969   1.7215E+06 -1.0897E+06 -9.4794E+04
0000970   2.3046E+06 -5.1650E+05  3.2947E+05
0000971   1.1311E+06  1.1255E+05  5.3806E+05
0000972   1.9507E+06  3.9995E+05  4.6343E+04
0000973   9.8375E+05  5.8344E+05 -5.7272E+05
0000974   5.5354E+05 -9.7447E+05 -1.4044E+05
0000975   1.4221E+06  1.1480E+05  1.5074E+06
0000976   1.8414E+06  8.0139E+05 -2.3552E+05
0000977   2.1317E+06  1.0767E+05  8.9794E+05
0000978   1.4449E+06  3.7855E+05 -4.1501E+05
0000979   1.3197E+06  7.0945E+05  3.3299E+05
0000980   1.5457E+06 -5.5618E+05 -7.6660E+05
0000981   2.0605E+06  7.2733E+05  2.7455E+05
0000982   1.7254E+06  9.5989E+05 -3.8663E+05
0000983   1.7437E+06 -4.2014E+05 -1.3477E+05
0000984   2.2909E+06 -3.1836E+05  3.1118E+05
0000985   1.6970E+06  5.8031E+05 -1.2097E+06
0000986   1.6125E+06  1.9082E+05  4.3092E+05
0000987   1.6869E+06  1.1873E+06  1.1476E+06
0000988   2.0144E+06 -5.4123E+05 -5.0338E+05
0000989   2.1134E+06 -4.1591E+05 -3.7273E+05
0000990   1.6179E+06  2.1637E+05  4.2621E+04
0000991   1.8699E+06 -4.8749E+05 -2.6561E+03
0000992   1.8175E+06 -5.6078E+05  1.4397E+05
0000993   2.4534E+06  8.1444E+04 -2.0141E+05
0000994   1.2352E+06  1.3472E+06  9.1270E+05
0000995   1.8595E+06  2.3801E+05  1.0519E+04
0000996   1.4007E+06 -6.1777E+05 -7.1999E+05
0000997   1.0470E+06  7.2521E+05 -1.3284E+06
0000998   1.7597E+06 -2.5857E+05 -4.2220E+04
0000999   9.4693E+05  2.4225E+05  1.2225E+06
0001000   1.9275E+06  1.9679E+05  1.0321E+06
