============================== SRIM-2013.00 ==============================
==============================================================================
====== SRIM Outputs\RANGE_3D.txt : File of Final Ion Positions =====

Ion = Ar (18)   Ion Mass= 039.9620
Energy  = 1930697.E-05 keV
Ion Angle to Surface = 00.0 degrees
==================== TARGET =======================
  Layer # 1 - Layer 1
  Layer # 1 - Bottom Depth=500000.E+02 A
  Layer # 1 - Density =0000.0125 g/cm3
  Layer # 1 -  100 % of Ar
様様様様様様様様様様様様様様様様様様様様様様様様様様
                                            
Ion       Depth  X   Lateral Y   Lateral Z  
Number    (Angstrom) (Angstrom)  (Angstrom) 
-------  ----------- ----------- -----------
0000001   7.5651E+04 -9.8789E+03 -8.6926E+03
0000002   7.3006E+04 -3.1771E+04 -2.8185E+04
0000003   2.4807E+04  2.6009E+04 -5.0677E+03
0000004   1.1663E+05 -1.9171E+03 -3.0125E+04
0000005   4.1933E+04 -4.4088E+03  2.1153E+04
0000006   4.5436E+04 -3.1387E+04 -1.0955E+03
0000007   7.0985E+04 -1.1836E+04  3.7834E+04
0000008   4.5963E+04  2.1620E+04  3.1553E+04
0000009   7.8521E+04 -2.0419E+04 -2.2315E+04
0000010   4.0349E+04  8.7799E+04 -9.3840E+03
0000011   1.2856E+05  2.6290E+04 -1.8234E+04
0000012   6.8339E+04  3.9101E+04  2.7432E+04
0000013   7.7885E+04 -1.0269E+04  2.5173E+04
0000014   7.1468E+04 -3.3230E+03 -2.9932E+04
0000015   5.9706E+04  5.0860E+03 -3.3596E+04
0000016   5.7898E+04  1.9821E+04 -6.1255E+03
0000017   7.7977E+04 -6.9592E+04 -5.0858E+04
0000018   1.0462E+05 -7.5778E+03 -4.5752E+04
0000019   5.4413E+04  1.6363E+04  6.2032E+04
0000020   3.8408E+04  1.2738E+04 -2.3736E+04
0000021   3.8386E+04  2.3286E+04  1.9847E+04
0000022   5.2542E+04 -1.0802E+04  2.3491E+04
0000023   3.3324E+04  2.0168E+04  5.7511E+03
0000024   3.2605E+04  9.8851E+03  2.6519E+03
0000025   7.5585E+04  3.8308E+04 -1.0000E+04
0000026   9.0519E+04  2.3723E+04 -1.5977E+04
0000027   8.2698E+04 -2.1161E+04 -2.9195E+04
0000028   3.0092E+03 -4.3186E+03  7.9122E+03
0000029   6.4967E+04  2.0036E+04  2.9076E+04
0000030   5.5429E+04  2.1935E+04 -5.5554E+03
0000032   6.6744E+03 -2.4351E+04  2.5957E+04
0000033   7.2635E+04  4.5940E+04  1.4595E+04
0000034   4.2055E+04 -8.5623E+03 -2.8166E+04
0000035   9.1831E+04 -2.5602E+03 -2.5439E+04
0000036   1.8528E+04  3.2740E+04  9.2993E+03
0000037   4.1727E+04 -1.3900E+04 -4.7656E+03
0000038   6.6591E+04 -4.9072E+02 -1.2612E+04
0000039   3.8800E+04  1.9146E+03  4.8995E+03
0000040   9.2910E+04  3.3690E+04  1.8537E+04
0000041   6.6321E+04  9.6716E+03  2.2883E+04
0000042   5.6906E+04  2.0966E+04 -7.9748E+03
0000043   8.4152E+04 -1.9035E+04 -3.1010E+03
0000044   2.0585E+04 -9.5361E+03 -1.4482E+04
0000045   4.2934E+04 -2.1997E+04  2.3477E+04
0000046   2.5600E+04 -3.4882E+04 -1.2843E+04
0000047   5.2278E+04  1.9980E+04 -2.5186E+03
0000048   1.5779E+05 -1.6505E+04 -8.2000E+01
0000049   1.5467E+05 -3.1422E+04 -4.3952E+04
0000050   5.4303E+04  3.0410E+02  3.6094E+04
0000051   5.4503E+04 -7.8424E+02 -2.8501E+02
0000052   1.1358E+05  9.6592E+03 -6.2606E+04
0000053   4.9041E+04 -2.1646E+04  4.5908E+03
0000054   4.0211E+04 -2.1699E+03  3.0241E+04
0000055   1.3190E+04  1.4928E+04  1.2427E+04
0000056   8.7273E+04 -2.8242E+04 -1.4232E+04
0000057   9.7398E+04 -1.2953E+04 -1.9671E+02
0000058   8.2920E+04  8.6109E+03  3.8207E+04
0000059   3.9528E+04  2.6076E+04 -1.9892E+04
0000060   7.1651E+04  3.4399E+04 -4.7473E+04
0000061   1.0137E+04  1.6194E+04 -1.3517E+04
0000062   3.3694E+04  3.1367E+04 -3.8777E+04
0000063   1.9527E+04 -2.6932E+04  8.3882E+02
0000064   4.9760E+04  2.5822E+04  3.8243E+04
0000065   1.0043E+05 -1.4397E+03  6.7973E+04
0000066   4.9595E+04  4.4728E+04  2.7397E+04
0000067   3.9822E+04  3.6758E+04  4.0374E+04
0000068   6.0512E+04  4.7015E+04  3.0745E+04
0000069   6.6731E+04  2.7435E+04  2.3409E+04
0000070   8.2117E+04 -3.9038E+04 -8.1079E+04
0000071   6.6655E+04 -1.8595E+04 -3.7863E+04
0000072   7.5812E+04 -1.5548E+04 -1.0353E+04
0000073   4.2280E+04  1.3039E+04 -9.5652E+03
0000074   3.8057E+04 -5.9115E+04  5.5162E+03
0000075   6.1333E+04  2.6672E+04  2.9548E+04
0000076   5.3518E+04  2.3261E+04  2.9654E+04
0000077   5.4522E+04  9.8383E+03 -1.5411E+04
0000078   8.1347E+04 -1.5896E+04 -1.5042E+04
0000079   4.2167E+04  1.0365E+04 -3.0340E+04
0000080   6.4760E+04  1.0229E+04 -2.2135E+04
0000081   1.1435E+05 -2.8959E+04  5.5493E+04
0000082   3.0523E+04  1.1086E+04 -1.8745E+04
0000083   7.4570E+04  5.1234E+04  2.0081E+04
0000084   1.4307E+05  2.5427E+04  2.5680E+03
0000085   8.2683E+04 -1.6638E+04 -5.2633E+04
0000086   2.5096E+04 -6.9235E+03  6.0801E+03
0000087   5.7229E+04 -2.4325E+04  2.6197E+04
0000088   4.1000E+04 -1.0070E+03  7.8167E+03
0000089   8.5946E+04  7.7106E+03  5.3326E+04
0000090   3.0033E+04  1.0953E+04  4.2493E+04
0000091   7.6635E+04 -2.1838E+04  5.6176E+04
0000092   7.7978E+04  2.9067E+04 -6.1592E+04
0000093   4.2712E+04 -3.5171E+04 -1.5208E+04
0000094   8.7647E+04  3.5689E+04 -2.6278E+04
0000095   6.8023E+04  7.2046E+04 -9.8380E+03
0000096   7.1823E+04 -1.2660E+04  1.0045E+04
0000097   2.5323E+04  2.6328E+03  1.6120E+03
0000098   2.5904E+04  1.6127E+04  1.5189E+04
0000099   5.3285E+04 -9.0112E+03  1.8237E+04
0000100   5.2197E+04 -2.1088E+04  5.3041E+03
0000101   5.3274E+04  2.9158E+04  4.3345E+04
0000102   8.8734E+04  5.7179E+03 -1.5050E+04
0000103   3.2172E+04  2.6664E+04  2.7683E+04
0000104   4.2037E+04  1.9333E+04  7.9021E+03
0000106   4.9602E+04 -3.0186E+04  1.2579E+04
0000107   4.3726E+04  9.5405E+03 -4.4853E+04
0000108   2.8561E+04  4.2304E+04 -3.9917E+04
0000109   6.5056E+04 -6.2072E+04  2.7359E+04
0000110   1.3376E+05  2.6177E+04 -3.0478E+03
0000111   2.8971E+04 -1.4131E+04 -8.8234E+03
0000112   9.7067E+04  1.7583E+04  2.9704E+04
0000113   6.3344E+04 -4.4949E+04  1.8447E+04
0000114   6.2127E+04 -4.5716E+04  3.7627E+04
0000115   5.1178E+04  1.6827E+04 -2.7001E+04
0000116   1.6929E+04  1.9803E+03  4.1957E+03
0000117   4.6809E+04 -1.0845E+04  1.1996E+04
0000118   3.5133E+04  4.5771E+04  1.4729E+04
0000119   7.1954E+04 -3.6758E+04 -1.3525E+04
0000120   1.0347E+05 -2.5525E+03 -1.3522E+04
0000121   7.1247E+04  3.1458E+04  9.2218E+03
0000122   6.4435E+04 -4.2814E+04  2.4763E+04
0000124   1.6770E+04 -1.0910E+04 -3.3402E+03
0000125   7.9395E+04  1.2065E+04 -9.3036E+03
0000126   3.4495E+04  3.9232E+04 -4.4996E+04
0000127   7.8784E+04  1.1457E+04  9.6848E+03
0000128   2.5434E+04  1.8778E+04 -5.7570E+03
0000129   1.0247E+05 -1.9565E+04  1.1383E+04
0000130   1.0249E+04  7.7097E+03 -1.3387E+04
0000131   6.5920E+04  1.6658E+03 -1.9722E+04
0000132   2.9347E+04 -5.3659E+03 -1.2930E+04
0000133   8.2140E+04 -1.0388E+04  1.6721E+04
0000134   1.3622E+05 -2.5266E+04  2.2909E+04
0000135   4.6806E+04  1.2291E+04 -2.6980E+04
0000136   6.2113E+04  3.6526E+04  1.2103E+04
0000137   6.5592E+04  6.9297E+03 -3.3292E+04
0000138   4.9129E+04 -7.5144E+03 -1.0126E+04
0000139   8.3164E+04 -1.2303E+04  5.9362E+04
0000140   5.7872E+04 -2.5753E+04 -9.9318E+03
0000141   5.6443E+04 -7.3568E+03  5.1338E+03
0000142   6.0418E+04  2.1629E+04 -1.2243E+04
0000143   5.7805E+04  7.0573E+03 -4.0112E+04
0000144   6.1143E+04 -1.0357E+04  3.7981E+03
0000145   1.4383E+05  4.5709E+02 -7.7287E+04
0000146   1.6984E+05 -1.9979E+04 -2.3261E+04
0000147   4.3718E+04  4.4847E+03 -8.3788E+03
0000148   6.6367E+04 -3.3399E+04  1.4453E+04
0000149   6.2863E+04 -1.5166E+04  3.7610E+03
0000150   3.5670E+04 -5.8496E+04 -5.9830E+03
0000151   4.8162E+04 -1.1748E+04 -9.0376E+03
0000152   7.8970E+04  1.7180E+04  7.0497E+03
0000153   5.2681E+04  4.4668E+04  6.0832E+04
0000154   2.6810E+04 -1.0450E+04  2.8664E+04
0000155   1.0421E+05 -1.5099E+04  1.2317E+04
0000156   8.1207E+04 -2.4635E+04 -4.1134E+03
0000157   1.5378E+05 -4.9590E+04  5.9114E+03
0000158   8.3297E+04 -3.7437E+03 -1.9746E+04
0000159   7.1806E+04  2.1096E+04  2.5206E+04
0000160   6.4921E+04 -1.4693E+04 -1.1256E+04
0000161   7.4553E+04 -5.6311E+04  1.9968E+04
0000162   3.6440E+04  1.0427E+04 -6.8568E+03
0000163   4.9481E+04 -2.3017E+04 -6.6207E+03
0000164   3.7152E+04 -5.9533E+04  1.4886E+04
0000165   7.6765E+04  4.1905E+04 -2.3573E+04
0000166   2.9545E+04 -9.9785E+03 -3.0944E+03
0000167   9.9349E+04  5.0817E+04 -8.1064E+02
0000168   1.0789E+05 -2.2536E+04  2.9572E+04
0000169   4.0236E+04 -5.4091E+04  5.2723E+04
0000170   1.6551E+04 -1.3687E+04  4.8015E+03
0000171   7.3768E+04  2.1302E+04  2.8748E+04
0000172   6.2917E+04  1.4098E+04 -1.0709E+04
0000173   9.7362E+04 -4.7045E+04  2.0176E+04
0000174   5.6388E+04  2.3546E+03 -3.4611E+04
0000175   6.4266E+04  5.1077E+03 -5.1351E+04
0000176   6.0381E+04  1.7482E+04 -3.1167E+03
0000177   6.2667E+04 -4.3694E+04  3.5456E+04
0000178   3.3821E+04  4.9323E+04  1.8140E+04
0000179   1.0789E+05  2.0653E+03  9.2346E+03
0000180   8.1555E+04  3.4156E+04  7.5817E+03
0000181   5.5550E+04 -3.2340E+04  7.1646E+03
0000182   5.5277E+04 -5.1620E+04  2.0050E+04
0000183   5.2755E+04 -1.3433E+04 -2.5539E+04
0000184   3.3681E+04 -4.3341E+04  6.3565E+03
0000185   8.8727E+04 -1.1920E+04 -2.3568E+04
0000186   5.2735E+04  1.5139E+04  1.1425E+04
0000187   5.0400E+04 -3.1701E+04 -5.0642E+04
0000188   5.4173E+04 -9.1481E+02  4.3103E+04
0000189   7.2518E+04  1.6809E+04  1.5168E+04
0000190   6.4825E+04  2.5172E+04  8.1291E+03
0000191   2.7510E+04 -1.3405E+04  1.2575E+04
0000192   5.1990E+04  2.4370E+02 -2.1623E+04
0000193   8.1268E+04  2.5277E+04 -4.8653E+04
0000194   8.6273E+04 -2.8465E+04  2.0820E+04
0000195   5.5434E+04 -6.4910E+04 -2.2818E+04
0000196   7.3062E+04 -3.0533E+03 -1.8693E+04
0000197   4.8659E+04 -1.0300E+04 -6.9250E+04
0000198   2.0034E+04 -5.5523E+03  1.3781E+04
0000199   4.4046E+04 -1.7699E+04  2.1534E+04
0000200   1.0180E+05 -4.3828E+04  8.6946E+03
0000201   4.0173E+04 -2.0822E+04  1.5347E+04
0000202   9.2835E+04  5.1502E+03  7.0128E+03
0000203   1.5764E+04  9.5144E+03  1.3161E+04
0000204   2.7021E+04  1.2568E+04 -9.9663E+03
0000205   5.1956E+04  2.7942E+03  8.5234E+03
0000206   5.9467E+04 -2.1593E+04  7.7407E+03
0000207   6.5001E+04  2.7431E+04 -2.5837E+04
0000208   4.0181E+04 -2.1007E+04  1.3124E+04
0000209   2.1661E+04 -1.8487E+04 -3.2806E+04
0000210   8.9110E+04 -2.9872E+04 -4.5565E+04
0000211   5.7732E+04  1.6348E+03 -2.5621E+03
0000212   2.8423E+04  8.8901E+03 -2.3625E+04
0000213   7.0268E+04 -9.4627E+03  9.2582E+03
0000214   7.1910E+04  2.7789E+04 -6.2068E+03
0000215   5.6244E+04  1.1383E+02  5.5488E+03
0000216   4.9063E+04  1.9159E+04 -1.7778E+04
0000217   5.9864E+04 -9.5615E+03  1.4800E+04
0000218   1.0892E+05 -4.2876E+04  3.3408E+04
0000219   8.9151E+04  5.0140E+03 -4.4908E+04
0000220   5.7726E+04 -1.0983E+04  1.2233E+04
0000221   4.5299E+04 -1.0339E+04 -1.1788E+04
0000222   1.2513E+04  1.2880E+04 -8.7281E+03
0000223   5.0852E+04 -2.8261E+02  6.8115E+04
0000224   8.4160E+04 -1.3630E+04 -2.7051E+04
0000225   7.1714E+04 -2.0679E+04  4.6022E+03
0000226   9.6208E+04 -5.6846E+02 -2.9257E+04
0000227   6.1645E+04 -4.2133E+04  4.1464E+03
0000228   8.1036E+04 -5.8767E+03  1.7809E+04
0000229   3.7383E+04 -3.7767E+04 -9.6058E+03
0000230   4.6603E+04 -1.6796E+03  1.3153E+03
0000231   3.3349E+04 -5.0631E+03 -3.4405E+03
0000232   6.1390E+04  1.3854E+04 -1.0254E+04
0000233   4.3675E+04  3.5322E+04 -4.4122E+04
0000234   3.9380E+04 -1.5739E+04 -5.4409E+03
0000235   6.0229E+04  1.0832E+04  1.9236E+04
0000236   1.7027E+04 -2.3381E+03 -2.8468E+03
0000237   1.0549E+05  4.7091E+04  1.6539E+04
0000238   9.1206E+04  4.8706E+04  3.6273E+03
0000239   7.1115E+04  1.4787E+04 -3.5560E+04
0000240   1.9925E+04 -3.6338E+04 -1.1456E+05
0000241   5.3818E+04  2.3142E+04 -4.0858E+02
0000242   8.6158E+04  2.9227E+03 -1.9304E+04
0000243   7.5533E+04 -1.2684E+04 -1.7762E+04
0000244   2.4234E+04 -5.7575E+04  1.0622E+03
0000245   9.1161E+04 -3.3249E+04  9.3962E+03
0000246   6.5799E+04  6.6579E+03  2.0077E+04
0000247   7.8577E+04  1.5000E+04 -5.0735E+04
0000248   3.5290E+04  7.6603E+03  1.2460E+04
0000249   3.9388E+04 -2.2945E+04  1.1348E+04
0000250   1.6047E+05 -2.9375E+04 -3.7857E+04
0000251   9.5683E+04  4.0009E+04 -2.3540E+04
0000252   6.7096E+04  4.3798E+04  4.7053E+03
0000253   8.6187E+04 -2.5741E+04  2.4606E+04
0000254   4.4289E+04 -1.1168E+04  9.4335E+04
0000255   7.8240E+04 -3.6841E+04  8.7020E+03
0000256   5.9837E+04  2.8459E+04 -2.5754E+02
0000257   1.5670E+05  1.1829E+04  3.9419E+04
0000258   1.0125E+05  4.1659E+04 -2.1866E+04
0000259   3.7614E+04  7.6477E+03  1.9818E+04
0000260   6.9060E+04  1.5227E+03 -1.1552E+04
0000261   7.3425E+04  1.1958E+04  6.8488E+03
0000262   8.5154E+04  3.9172E+04 -1.9095E+04
0000263   1.2158E+05  1.3081E+04 -4.4635E+04
0000264   3.3541E+04 -5.1323E+03 -2.4298E+04
0000265   5.3193E+04  1.6007E+03 -3.3461E+03
0000266   7.6077E+04  1.8635E+04 -1.7247E+04
0000267   6.3910E+04 -2.9994E+04 -1.5803E+04
0000268   1.0521E+05  3.3966E+04 -2.7591E+04
0000269   6.4378E+04 -1.6271E+04 -2.6221E+04
0000270   4.7044E+04  1.0065E+04 -5.6228E+03
0000271   3.9608E+04  1.8736E+04  1.2992E+04
0000272   4.0357E+04 -1.9387E+04 -5.7592E+03
0000273   8.7700E+04 -1.0429E+04  4.3206E+04
0000274   4.5488E+04  1.2922E+03  1.4582E+04
0000275   1.3487E+05  3.9178E+04  9.3332E+03
0000276   4.1271E+04 -4.1684E+03  2.0743E+04
0000277   1.0012E+05  2.3425E+03  5.7553E+04
0000278   1.0889E+05 -1.8665E+04  3.0692E+03
0000279   2.1768E+04 -7.7161E+03  1.0990E+03
0000280   6.3363E+04 -4.2881E+04  8.6374E+03
0000281   4.3644E+03 -1.2063E+04 -4.7560E+03
0000282   9.3996E+03  4.8463E+03  1.1561E+04
0000283   8.5678E+04 -3.6269E+03 -4.0778E+03
0000284   5.4450E+04  2.6268E+04 -3.5319E+02
0000285   7.1440E+04  3.9700E+02 -1.0301E+04
0000286   4.4606E+04 -9.5436E+03 -2.3066E+04
0000287   6.9490E+04  6.1001E+04 -3.2843E+03
0000288   1.6115E+04  1.4628E+04 -2.0021E+04
0000289   4.8129E+04  6.4824E+04  1.8547E+04
0000290   1.6621E+04 -8.1732E+03 -1.7768E+04
0000291   7.5498E+04  1.8796E+04  6.2345E+03
0000292   7.3173E+04  1.0239E+05  3.2720E+04
0000293   4.0079E+04  4.5262E+04  4.5908E+04
0000294   5.6361E+04 -1.7994E+03  9.3276E+03
0000295   8.3081E+04  2.2362E+04 -3.3562E+04
0000296   2.3067E+04  3.7598E+04 -1.3542E+04
0000297   2.5477E+04  1.0554E+04  8.9652E+03
0000298   9.6289E+04  3.6928E+03 -4.0015E+04
0000299   4.7521E+04 -3.4782E+03 -1.6879E+04
0000300   6.5772E+04  4.5364E+03 -5.8807E+04
0000301   3.5609E+04 -7.1293E+03 -3.3384E+04
0000302   5.1886E+04 -1.9194E+04  6.3862E+03
0000303   8.1395E+04  3.4217E+04  3.7232E+04
0000304   7.5525E+04 -5.6355E+03  1.9975E+04
0000305   5.8910E+04  4.5248E+04  1.6730E+04
0000306   3.5537E+04  7.9110E+02 -1.0008E+04
0000307   6.8282E+04 -1.6517E+03  8.6669E+03
0000308   8.2895E+04 -2.8270E+03  3.3328E+04
0000309   5.1911E+04 -8.6090E+03 -1.1528E+03
0000310   1.0771E+05 -1.8733E+03  3.4363E+03
0000311   6.8479E+04  1.3498E+03 -4.0838E+04
0000312   4.0363E+04 -3.1304E+04 -1.4292E+04
0000313   6.1030E+04  3.1950E+03  1.6317E+04
0000314   3.7473E+04  4.1390E+04  8.6603E+02
0000315   1.3038E+04 -3.2981E+03  1.0640E+03
0000316   1.8249E+04  1.4496E+04  6.3620E+03
0000317   1.0027E+05  4.4432E+04  1.4555E+04
0000318   6.2428E+04 -5.6380E+03  2.2061E+04
0000319   9.0223E+04 -2.0192E+04  3.6396E+04
0000320   1.0863E+05 -5.4974E+02  6.5634E+04
0000321   1.0189E+05 -7.5952E+03 -3.0847E+04
0000322   3.7494E+04  2.3757E+04  7.9830E+03
0000323   4.3398E+04 -1.5778E+04  7.5647E+03
0000324   8.7723E+04 -3.1620E+04 -4.8784E+04
0000325   4.9602E+04 -6.3456E+04  1.7235E+04
0000326   2.2841E+04  5.6137E+02  1.1005E+04
0000327   8.3709E+04  4.7763E+04  3.2978E+04
0000328   4.0424E+04  6.8197E+02 -1.2198E+04
0000329   3.9567E+04 -1.2805E+04 -1.5984E+04
0000330   9.5962E+04 -2.8898E+04 -1.9909E+04
0000331   5.6661E+04  1.8824E+04 -9.5083E+03
0000332   7.1803E+04  6.1924E+04 -6.3097E+03
0000333   6.3019E+04  3.3149E+04  3.2553E+04
0000334   3.8435E+04 -1.6840E+04  6.3752E+03
0000335   7.8799E+04  1.0429E+04 -7.6900E+03
0000336   5.8696E+04 -4.8678E+04  1.5827E+04
0000337   2.7240E+04  7.3512E+03  1.0121E+04
0000338   8.5416E+04  3.4503E+04 -3.5878E+03
0000339   1.0549E+05 -3.4967E+04 -6.4997E+04
0000340   1.5875E+04 -2.4355E+04  2.1688E+04
0000341   2.5494E+04 -2.4438E+04 -2.8504E+03
0000342   7.2394E+04  4.5419E+04  3.6004E+03
0000343   1.1901E+04  1.8813E+03  1.0284E+03
0000344   2.2683E+04 -1.2976E+04 -9.2571E+03
0000345   3.6957E+04 -4.4620E+03  8.9919E+03
0000346   6.1907E+04  3.1221E+04  3.0353E+04
0000347   2.7301E+04 -5.1277E+03 -9.0991E+03
0000348   2.3635E+04 -2.8155E+04  8.6427E+03
0000349   8.8272E+04  2.3945E+03  2.0323E+03
0000350   1.8996E+04 -2.4427E+04 -2.6620E+04
0000351   1.0233E+04  6.5041E+03 -8.9210E+03
0000352   2.1334E+04 -3.5257E+03 -4.4093E+03
0000353   6.4645E+04  3.8839E+03 -4.5798E+04
0000354   6.0381E+04 -2.8039E+04 -4.2337E+04
0000355   3.3621E+04  1.7156E+04 -4.1212E+04
0000356   4.6148E+04  1.6788E+04  3.0244E+02
0000357   3.1482E+04 -1.0065E+04  3.0856E+04
0000358   5.0901E+04  3.8415E+03  5.6256E+04
0000359   9.2144E+04 -2.0845E+04  1.5670E+03
0000360   6.1005E+04 -2.9511E+03 -5.7670E+03
0000361   4.5191E+04 -1.1019E+04 -2.2750E+04
0000362   6.9787E+03 -2.5953E+02 -2.1027E+03
0000363   1.9782E+04 -7.0996E+04  2.1674E+04
0000364   9.5364E+04 -2.2414E+04 -4.8751E+03
0000365   3.1269E+04  1.4832E+04  1.8471E+04
0000366   5.4463E+04 -5.6688E+03  3.1851E+03
0000367   2.1325E+04 -5.3201E+03 -3.8675E+03
0000368   5.1153E+04  5.1876E+03  2.2140E+04
0000369   1.0012E+05 -1.1855E+04 -2.0552E+04
0000370   6.5877E+04 -2.9206E+04  1.2110E+03
0000371   8.3756E+04 -9.4458E+03 -7.5692E+03
0000372   7.8989E+04  1.8858E+04  2.7701E+04
0000373   9.8784E+04  2.7918E+04 -2.0442E+03
0000374   4.6712E+04  2.3799E+02 -1.4832E+04
0000375   8.5626E+04 -5.2411E+04 -5.9087E+04
0000376   7.5724E+04  2.8419E+04  2.5386E+03
0000377   1.5040E+04 -5.7881E+03 -1.5194E+04
0000378   3.2578E+04 -2.1912E+04  2.5210E+04
0000379   7.9409E+03  3.6515E+04  2.6338E+04
0000380   1.3044E+04  5.8397E+03 -3.6597E+03
0000381   3.0842E+04 -1.5179E+04  3.7505E+04
0000382   3.5508E+04  2.2070E+04  1.3597E+04
0000383   5.7626E+04 -1.5074E+04  1.8306E+04
0000384   6.2374E+04  1.3516E+03  2.3902E+04
0000385   4.6687E+04 -9.2454E+03 -9.7387E+03
0000386   1.5549E+04  7.7562E+03  1.0571E+04
0000387   7.0038E+04  2.2524E+03 -1.1800E+04
0000388   1.7462E+04  3.9776E+03  2.9468E+04
0000389   8.7367E+04 -3.5255E+04 -2.5517E+02
0000390   3.2971E+04 -1.8085E+04  5.5923E+03
0000391   7.3050E+04 -4.5032E+04 -6.9609E+04
0000392   7.5737E+04 -3.6214E+04  2.3124E+03
0000393   3.5116E+04 -1.7195E+03 -9.9960E+03
0000394   1.0345E+05 -1.3709E+03  1.8919E+04
0000395   4.7633E+04  3.5547E+02 -5.2868E+03
0000396   3.5977E+04  3.0377E+04 -2.4364E+04
0000397   8.0022E+04  4.6106E+04 -3.6195E+03
0000398   1.5592E+05  3.2516E+04 -1.0520E+04
0000399   2.9323E+04  5.4884E+03  3.1607E+04
0000400   4.9066E+04  2.8604E+04 -6.0534E+03
0000401   9.3906E+03 -7.3313E+02  6.6114E+03
0000402   1.4146E+05 -7.7486E+03 -2.1397E+04
0000403   8.8001E+04 -3.9788E+04  5.4905E+04
0000404   6.2068E+04 -3.0225E+04  1.8982E+04
0000405   1.6987E+04 -2.2303E+04  8.8082E+03
0000406   8.2509E+04  5.0417E+04  3.5334E+03
0000407   6.2578E+04  3.6468E+04  4.1068E+04
0000408   1.2755E+05 -1.4692E+04 -3.1572E+03
0000409   1.1571E+05  9.8334E+03 -1.3435E+04
0000410   3.6018E+04 -3.1315E+03 -1.0207E+04
0000411   8.4111E+04 -7.0163E+03  4.1976E+04
0000412   1.0523E+05 -6.8360E+04  7.3064E+03
0000413   1.0689E+05  5.8595E+04  7.5329E+03
0000414   1.0324E+05 -2.8803E+04 -2.2933E+04
0000415   7.9496E+04 -2.2269E+04  6.9192E+03
0000416   1.1532E+05  1.3716E+03  2.8575E+04
0000417   2.6024E+04 -8.1768E+03 -3.0551E+03
0000418   4.4506E+04 -6.8445E+03  1.4693E+04
0000419   6.5281E+04  1.6306E+04  5.6364E+03
0000420   2.9635E+04 -2.3064E+02 -6.1907E+03
0000421   6.6377E+04 -2.9101E+04  7.1514E+02
0000422   1.0307E+05 -4.3800E+02  1.4024E+04
0000423   1.1926E+04  1.9940E+04  4.2672E+03
0000424   3.7863E+04 -1.3529E+04 -3.8781E+04
0000425   3.2672E+04  1.1131E+04 -2.3188E+04
0000426   5.3002E+04  5.2633E+03  1.5906E+04
0000427   1.0355E+05 -1.7105E+04  1.2114E+04
0000428   5.8523E+04 -2.9897E+04  1.6493E+04
0000429   7.3789E+04 -1.6020E+04 -8.3977E+03
0000430   4.7045E+04  1.3312E+04  1.8029E+04
0000431   4.4266E+04 -1.7396E+04  6.3356E+03
0000432   1.0601E+04 -5.8260E+03  1.9674E+04
0000433   5.6525E+04 -7.2548E+03 -3.0248E+04
0000434   5.5009E+04 -3.1358E+03 -6.6701E+02
0000435   9.1647E+04  5.5222E+03  1.8733E+04
0000436   8.3838E+04  1.8081E+04  9.6552E+03
0000437   1.9834E+04 -4.3946E+04 -5.7282E+03
0000438   2.8703E+04  8.5919E+03  2.5947E+04
0000439   3.4797E+04  1.8582E+04 -6.9112E+03
0000440   9.0577E+04 -1.3051E+04  2.7661E+04
0000441   3.4162E+04 -2.3022E+04 -1.8059E+04
0000442   9.8700E+04  1.2505E+04  1.4826E+04
0000443   9.0116E+04 -1.7969E+04  2.8898E+04
0000444   2.7134E+04 -1.1453E+04  6.3308E+03
0000445   5.4474E+04  1.8059E+03  4.8447E+04
0000446   7.5329E+04  3.3506E+04  9.9791E+03
0000447   5.4750E+04 -1.6092E+04  2.4805E+04
0000448   7.8454E+04  4.9785E+03  6.3633E+04
0000449   7.4973E+04  2.6873E+04  1.4210E+04
0000450   1.8807E+04  2.8078E+03 -6.9822E+03
0000451   1.0285E+05 -5.4234E+04 -5.4154E+04
0000452   2.9091E+04  9.7773E+03  1.9039E+04
0000453   3.9290E+04 -3.2174E+04 -2.7669E+03
0000454   8.5112E+04 -3.8233E+04  5.7737E+03
0000455   3.6370E+04 -2.2689E+04 -2.0826E+04
0000456   3.3241E+04 -9.6680E+03  1.8190E+03
0000457   7.4199E+04  9.3586E+02 -2.5766E+04
0000458   1.0798E+05  1.4108E+04  2.2351E+04
0000459   9.9606E+04 -5.3016E+04 -4.0494E+03
0000460   7.6519E+04  2.4312E+04 -1.8325E+03
0000461   6.0322E+04 -4.8108E+04  1.0722E+04
0000462   1.0275E+04  1.2621E+04 -7.5621E+02
0000463   1.0028E+05 -5.2149E+04 -3.3097E+03
0000464   1.3129E+04 -7.1755E+03  3.1603E+03
0000465   3.7057E+04  1.3759E+03  5.5909E+03
0000466   1.0856E+05 -7.0947E+03  3.1420E+04
0000467   5.8420E+04 -2.8562E+03 -8.3873E+03
0000468   7.8219E+04 -2.0414E+04 -5.9205E+04
0000469   4.7457E+04 -2.5778E+04 -7.8500E+03
0000470   6.2403E+04 -3.8325E+04 -1.6404E+04
0000471   4.4910E+04  1.5829E+04 -5.2135E+04
0000472   3.6172E+04  1.6419E+04  1.3263E+04
0000473   7.2512E+04 -1.3902E+04  4.9836E+04
0000474   5.8304E+04 -5.8766E+03 -2.3601E+04
0000475   5.1474E+04 -3.4289E+01  1.9578E+04
0000476   5.6230E+04 -4.4533E+04  6.8981E+03
0000477   8.7598E+04  9.4040E+03 -3.6232E+03
0000478   6.5524E+04  4.1821E+04 -4.7528E+04
0000479   1.0962E+05  3.5093E+04 -1.2964E+04
0000480   8.2637E+04 -3.6853E+04  7.2632E+04
0000481   8.2736E+03  3.2531E+03 -6.5691E+03
0000482   5.4592E+04  3.3455E+04  1.0740E+04
0000483   4.8416E+04 -2.7190E+04 -4.4734E+04
0000484   6.5522E+04 -1.8293E+04  4.6772E+04
0000485   8.8300E+04 -2.5103E+04  2.1667E+04
0000486   9.8014E+04  4.5898E+04  1.0878E+04
0000487   3.8168E+04 -2.7012E+04  3.7366E+04
0000488   7.8887E+04 -2.7856E+04 -1.7027E+03
0000489   3.8150E+04  8.8189E+02  5.2124E+03
0000490   4.6888E+04 -6.9737E+03 -3.7806E+03
0000491   4.9170E+04 -7.4573E+03 -9.2250E+03
0000492   2.8579E+04 -3.2444E+04 -6.9757E+03
0000493   6.7533E+04  1.1886E+03  7.1697E+03
0000494   7.0813E+04  1.2349E+04 -2.6342E+04
0000495   1.2241E+05  1.2260E+04 -7.1805E+04
0000496   1.4118E+05 -6.6641E+02  1.0593E+04
0000497   1.5076E+05 -9.4251E+03 -5.6890E+03
0000498   5.1097E+04  4.6305E+04  1.7935E+04
0000499   4.0681E+04 -1.3564E+04 -2.1365E+04
0000500   2.8211E+04  2.6206E+04 -1.1519E+04
0000501   3.7829E+04  1.5104E+03 -1.6811E+04
0000502   9.0372E+04 -4.5244E+03  4.4687E+04
0000503   4.8798E+04  9.4397E+03 -3.2111E+03
0000504   3.2255E+04 -9.6427E+03  3.2145E+04
0000505   7.7201E+04  1.4991E+04  1.2245E+04
0000506   6.9804E+04  1.2360E+04 -7.3139E+03
0000507   6.9406E+04 -5.9286E+03  1.7094E+04
0000508   7.7694E+04 -4.0270E+04  3.4942E+03
0000509   4.6813E+04  1.0658E+04 -2.8969E+03
0000510   2.5228E+04  3.8860E+04 -1.0593E+04
0000511   4.6479E+04  3.8970E+04 -3.3129E+04
0000512   4.7459E+04 -2.5902E+04  3.5547E+03
0000513   9.5699E+04 -4.4490E+03  4.2860E+04
0000514   2.5382E+04 -5.0870E+03  2.0211E+04
0000515   1.7433E+04 -1.8115E+04 -5.4837E+04
0000516   5.5794E+04 -2.4347E+04  9.0707E+02
0000517   5.7959E+04  4.5135E+03 -1.6443E+04
0000518   9.0224E+04  7.4295E+03 -7.8338E+03
0000519   6.5506E+04  2.4494E+03  4.9103E+02
0000520   1.1032E+05 -1.6082E+04  1.4992E+04
0000521   6.7801E+04 -1.9498E+03  1.3305E+04
0000522   4.5505E+04  6.8306E+03  1.3649E+04
0000523   8.0864E+04  1.2710E+04  2.7006E+04
0000524   3.8909E+04 -8.8653E+02  7.8531E+03
0000525   6.9298E+04  1.6051E+04 -1.1242E+04
0000526   5.3121E+04 -2.6332E+04 -1.0667E+04
0000527   6.2301E+04 -1.5887E+04  2.0092E+04
0000528   6.9003E+04  1.3542E+04 -1.2889E+04
0000529   8.0549E+04 -4.3125E+03  3.2133E+04
0000530   8.2529E+04  6.1998E+04  5.7251E+04
0000531   9.1962E+04  8.6849E+03  4.9684E+04
0000532   5.8727E+04 -1.2049E+04 -5.6466E+04
0000533   3.3969E+04  6.2074E+03 -3.3338E+03
0000534   6.0774E+04  1.1647E+04  1.3166E+04
0000535   8.1982E+04 -1.6856E+04  1.0888E+04
0000536   3.0769E+04  1.4001E+04  2.4714E+04
0000537   3.1651E+04 -1.7208E+02  1.3884E+04
0000538   7.3074E+04  3.2437E+04 -1.5268E+04
0000539   4.5725E+04  4.0131E+04  2.8749E+04
0000540   4.0584E+04  4.9001E+03  1.4782E+03
0000541   6.2613E+04  1.4460E+04 -3.2433E+03
0000542   5.7415E+04 -5.4333E+04  3.6177E+04
0000543   4.8987E+04  6.5919E+03 -3.3686E+04
0000544   5.3473E+04  2.4211E+04 -2.9478E+04
0000545   1.3549E+05 -1.8354E+03 -2.7875E+04
0000546   8.8885E+04  5.6632E+03 -1.7434E+04
0000547   4.2991E+04  3.2699E+04 -1.1708E+03
0000548   9.3285E+04  1.9851E+04  2.3428E+03
0000549   8.7305E+04 -1.8174E+04 -6.0189E+03
0000550   1.0261E+05 -6.0265E+04  4.0019E+04
0000551   6.5252E+04  1.2125E+04 -4.2848E+04
0000552   7.5410E+04 -4.1472E+04 -3.6952E+03
0000553   1.3790E+04 -3.2613E+04  1.2060E+04
0000554   2.7989E+04 -2.7443E+04  1.5310E+04
0000555   1.1970E+05 -1.4320E+04  1.0230E+04
0000556   8.4977E+04 -6.3795E+03 -4.3296E+04
0000557   5.5362E+04 -4.0051E+04  2.2962E+04
0000558   6.5893E+04 -9.8497E+02 -6.3312E+03
0000559   7.6784E+04  5.1657E+04  4.4811E+04
0000560   2.0188E+04 -6.5347E+04 -4.5845E+04
0000561   8.2329E+04 -5.8210E+02  2.0146E+04
0000562   7.5522E+04 -5.8007E+04  5.8652E+04
0000563   5.4217E+04  4.1030E+04  9.6431E+03
0000564   6.8728E+04 -1.4466E+04  8.6374E+03
0000565   1.1066E+05  2.0628E+04  4.9245E+04
0000566   8.4290E+04  2.6876E+04 -5.0346E+03
0000567   9.6296E+04  1.4336E+04  2.5145E+03
0000568   3.4841E+04  8.1340E+03  2.8124E+04
0000569   1.0629E+05 -3.1271E+04 -6.4312E+04
0000570   2.7873E+04 -8.7994E+03 -3.6639E+04
0000571   5.4836E+04 -8.3449E+03 -1.7089E+04
0000572   3.7866E+04  3.4040E+03  4.8795E+04
0000573   5.3075E+04  1.9724E+04 -1.1626E+04
0000574   1.2561E+05 -1.1859E+04  1.1859E+04
0000575   7.4330E+04 -1.5494E+04  4.5561E+04
0000576   1.1636E+05 -3.1020E+04  3.2238E+03
0000577   1.8542E+04  2.4919E+04  1.5438E+04
0000578   3.9522E+04  4.6965E+04 -1.7904E+04
0000579   7.0257E+04 -2.5691E+04  1.0396E+04
0000580   3.0124E+04  3.5690E+03  3.3710E+02
0000581   1.2014E+05  1.3528E+04  1.6464E+04
0000582   4.8427E+04 -1.5961E+04 -3.7744E+04
0000583   4.0314E+04 -3.8582E+04  5.5218E+03
0000584   1.0097E+05  3.6219E+04  2.6309E+04
0000585   8.2475E+04 -2.7500E+04 -5.3413E+04
0000586   4.5228E+04 -4.5755E+04 -2.8107E+04
0000587   2.0734E+04 -2.0637E+04 -1.1243E+04
0000588   7.9230E+04 -2.7868E+04 -2.1763E+03
0000589   6.8617E+04  4.1403E+04  4.2011E+03
0000590   2.8462E+04 -1.5552E+04  3.3991E+03
0000591   1.4805E+05 -1.2147E+04  2.0858E+04
0000592   7.5339E+04  1.5436E+04 -2.7175E+04
0000593   9.0805E+04 -3.0211E+04  1.7333E+04
0000594   7.4390E+04 -2.2597E+04  9.4553E+03
0000595   4.9972E+04 -5.4788E+04  3.1736E+04
0000596   2.9711E+04  3.3070E+03 -3.1258E+03
0000597   1.0287E+05 -3.5817E+03  3.3245E+02
0000598   5.5935E+04 -3.5405E+04  4.7320E+04
0000599   2.0616E+04 -2.0734E+03  2.5738E+03
0000600   8.1377E+04 -2.8350E+04 -2.0251E+04
0000601   3.8585E+04  3.0495E+04 -2.3403E+04
0000602   6.8656E+04 -3.1600E+04  2.2354E+04
0000603   2.7000E+04 -4.5838E+03 -2.3073E+04
0000604   6.9200E+04  3.6068E+04  1.4499E+04
0000605   3.9983E+04  3.0805E+03 -1.3868E+04
0000606   3.0665E+04 -1.5804E+04 -2.0144E+04
0000607   3.5738E+04  2.2834E+04  1.0637E+04
0000608   5.0329E+04  6.9811E+03 -8.0478E+03
0000609   6.6597E+04  1.3049E+04 -1.0093E+02
0000610   3.5093E+04  2.3961E+04 -2.5078E+04
0000611   6.8327E+04  3.5155E+02 -1.4027E+04
0000612   5.0559E+04 -1.7133E+04  1.3245E+04
0000613   1.0869E+05 -5.0541E+03 -4.1964E+04
0000614   1.0664E+05  3.9532E+04  6.5561E+03
0000615   1.1391E+05  2.7308E+03  2.3991E+04
0000616   4.2228E+04 -6.3730E+04  2.8302E+03
0000617   1.0546E+05  3.8772E+04  5.0893E+04
0000618   9.1866E+04  2.6071E+04  5.1473E+03
0000619   5.2220E+04  1.5378E+03  1.3881E+03
0000620   9.4124E+04  3.7560E+04 -1.4591E+04
0000621   8.4305E+04 -2.2161E+04  3.6053E+04
0000622   1.0155E+05  8.1912E+03 -4.5312E+04
0000623   1.3217E+05 -1.6560E+04  1.9614E+04
0000624   6.5856E+04  1.6238E+04 -2.3575E+04
0000625   1.3689E+05 -9.0921E+03 -1.1724E+04
0000626   1.3105E+05  1.7515E+04 -3.8477E+04
0000627   6.4898E+04  4.0495E+03  3.1405E+04
0000628   6.0837E+04  1.1776E+04 -1.8749E+04
0000629   7.1478E+04 -1.2389E+04  2.4814E+04
0000630   9.9978E+04  1.9006E+04 -8.1817E+03
0000631   4.2438E+04  2.2668E+04 -5.4452E+04
0000632   5.4238E+04 -2.5359E+04 -1.6964E+04
0000633   5.7373E+04  5.1544E+03 -6.9252E+03
0000634   4.0759E+04 -8.0820E+03 -7.1661E+03
0000635   5.3872E+04  4.3480E+04  7.3620E+03
0000636   3.6804E+04  6.9563E+03 -2.2084E+03
0000637   7.4326E+04 -3.0144E+04  1.8506E+04
0000638   4.5648E+04 -2.7825E+04 -6.5152E+02
0000639   1.2573E+05  8.6489E+02 -3.0649E+03
0000640   2.6745E+04  1.5709E+04  1.8461E+04
0000641   4.7742E+04 -1.1027E+03  3.5851E+04
0000642   8.0656E+04 -3.6680E+04 -3.6475E+04
0000643   5.7027E+04  6.6163E+03  1.0199E+04
0000644   7.1657E+04 -2.4016E+04  1.4992E+04
0000645   6.6828E+04 -5.4587E+04  9.7014E+03
0000646   3.7239E+04  2.2901E+04 -1.2285E+04
0000647   5.9737E+04 -2.8036E+04 -2.6492E+03
0000648   7.9331E+04 -2.5152E+04  4.1599E+04
0000649   3.8376E+04  7.7221E+03 -4.5472E+03
0000650   6.1800E+04 -2.3671E+04  9.3490E+03
0000651   7.8103E+04  2.6454E+04 -2.9707E+03
0000652   7.3289E+04  4.4662E+03  3.9240E+04
0000653   4.7099E+04 -3.4474E+04 -1.8666E+04
0000654   1.0244E+05 -3.1304E+04  5.6632E+04
0000655   8.7247E+04  1.6324E+04 -1.8013E+03
0000656   1.3001E+04 -6.0243E+04 -2.2267E+04
0000657   3.0559E+04 -9.5947E+03 -1.8255E+03
0000658   8.2646E+04 -8.0338E+03 -2.5093E+04
0000659   9.2539E+04  5.1289E+04 -2.9791E+04
0000660   3.9799E+04  1.4748E+04  1.9331E+03
0000661   8.3469E+04  3.4225E+04 -2.5837E+04
0000662   9.8353E+04  9.5044E+03 -2.0569E+04
0000663   1.0119E+05 -2.7719E+04 -2.8609E+04
0000664   3.1976E+04 -8.3877E+03 -1.9497E+04
0000665   3.5794E+04  1.8267E+04  5.7358E+03
0000666   5.2392E+04 -2.3856E+04 -5.1022E+04
0000667   7.7356E+04  1.9744E+03  4.8158E+03
0000668   8.2609E+04  6.3059E+04 -5.0040E+04
0000669   5.5825E+04 -2.0679E+04 -2.6964E+04
0000670   5.8280E+04 -4.3563E+03  1.0775E+04
0000671   7.3112E+04  7.1275E+03 -2.4733E+04
0000672   6.3185E+04 -2.4584E+04 -5.6628E+04
0000673   3.3777E+04 -3.0873E+04  4.8679E+03
0000674   5.7737E+03 -1.0266E+03 -6.9622E+03
0000675   3.1542E+04 -1.3311E+04  8.3949E+03
0000676   6.2190E+04 -3.5184E+04 -4.9645E+04
0000677   6.7465E+04  2.7999E+04 -2.4997E+04
0000678   6.9365E+04  2.6497E+04  4.7050E+04
0000679   7.3183E+04 -4.8756E+04 -2.6327E+04
0000680   1.0278E+05  2.6444E+04  8.4892E+03
0000681   3.1828E+04  4.9359E+04 -1.3157E+04
0000682   8.1880E+04  6.2041E+03 -4.9958E+03
0000683   5.9806E+04 -1.0260E+04 -1.5056E+04
0000684   5.2045E+04 -1.9664E+04  7.8979E+02
0000685   2.7491E+04 -1.3192E+04 -1.2871E+03
0000686   5.7725E+03 -6.8620E+03  1.4314E+04
0000687   7.5272E+04  4.0382E+04 -2.1523E+04
0000688   8.2336E+04 -1.0968E+04  6.3036E+03
0000689   4.4004E+04  1.4005E+03 -1.9137E+04
0000690   3.2894E+04  2.6056E+03 -2.3277E+04
0000691   9.8706E+04 -1.6850E+04  2.1566E+04
0000692   8.6221E+04 -3.3449E+04  1.8107E+04
0000693   7.6443E+04  7.6446E+03 -2.3951E+02
0000694   4.6619E+04  7.3790E+03  1.8594E+04
0000695   8.8351E+04 -1.4411E+02  2.9737E+04
0000696   9.5458E+04  8.4043E+03 -1.9389E+04
0000697   9.5730E+04  1.2955E+04  3.4256E+04
0000698   4.3555E+04 -3.0783E+04  1.7036E+04
0000699   8.4016E+04 -2.3500E+04 -5.4945E+04
0000700   9.2347E+04 -3.0803E+04 -2.3736E+04
0000701   2.4364E+04  4.9624E+02 -1.4927E+04
0000702   7.6200E+04 -2.4818E+04 -2.1025E+03
0000703   1.2255E+03 -3.6531E+03 -3.3713E+03
0000704   6.8194E+04 -5.0668E+04 -1.9341E+04
0000705   6.6376E+04  5.8267E+04  9.6115E+03
0000706   6.4165E+04 -1.3087E+04 -2.2849E+04
0000707   8.4018E+04  3.9659E+04 -1.4267E+03
0000708   9.8367E+04  3.0951E+04 -7.7382E+04
0000709   8.5202E+04 -5.6387E+03 -1.1801E+04
0000710   8.7093E+04 -7.3366E+03  1.5933E+04
0000711   3.9044E+04  4.4291E+04 -1.5665E+04
0000712   5.7726E+04 -3.0001E+04  1.0422E+04
0000713   1.4118E+05 -2.5040E+04  2.9349E+04
0000714   4.8924E+04  7.1377E+03 -8.8339E+03
0000715   2.1534E+04  1.1131E+04 -2.1710E+04
0000716   8.8971E+04 -3.4769E+04 -1.3845E+04
0000717   9.0374E+04 -3.2458E+04 -2.4207E+04
0000718   7.8250E+04 -1.5349E+04  3.4355E+04
0000719   8.1925E+04 -5.5887E+03  4.1437E+03
0000720   5.4395E+04  2.6665E+04 -1.8436E+04
0000721   9.6727E+04  2.8577E+04 -1.1676E+04
0000722   5.6962E+04  1.7697E+04  6.7771E+04
0000723   3.5778E+04 -2.0841E+04 -1.1602E+04
0000724   4.9797E+04 -8.4468E+03  5.6387E+03
0000725   2.2435E+04 -2.0750E+04  1.0108E+04
0000726   3.4997E+04  2.4320E+03 -2.0093E+03
0000727   2.2774E+04  2.6207E+04 -2.6905E+03
0000728   5.2635E+04 -1.8282E+04  7.4431E+03
0000729   1.3503E+05  1.3830E+04 -3.5916E+04
0000730   3.5691E+04 -9.9244E+03  2.1100E+04
0000731   1.1502E+04  3.8992E+04 -1.3112E+04
0000732   2.1579E+04  2.0257E+03  2.0594E+04
0000733   5.4429E+04  1.6684E+04 -2.9633E+04
0000734   3.7948E+04  9.4237E+03 -6.2747E+03
0000735   2.5051E+04 -6.0096E+03 -1.8093E+04
0000736   3.0541E+04  2.1249E+03  1.1462E+04
0000737   6.1618E+04 -1.3617E+04 -2.3386E+04
0000738   9.9321E+04 -1.2888E+04  5.4599E+04
0000739   5.6442E+04  7.4552E+03  3.3767E+04
0000740   5.4180E+04 -2.6356E+04 -2.9162E+04
0000741   8.5951E+04  8.3115E+03  2.2170E+04
0000742   3.5667E+04  1.4325E+03  8.7675E+03
0000743   7.3615E+04  9.9564E+03 -1.1366E+04
0000744   7.3294E+04 -1.0125E+04  2.8895E+04
0000745   4.5293E+04 -2.0439E+04  4.4318E+04
0000746   7.3508E+04  1.8242E+04  7.5371E+03
0000747   1.1281E+05  1.7871E+04  1.3957E+04
0000748   5.1741E+04 -5.5069E+03 -1.2227E+04
0000749   4.9484E+04 -2.4719E+04 -1.5222E+04
0000750   5.5881E+04 -1.0190E+04  1.8753E+04
0000751   5.3126E+04 -1.6008E+04  3.3454E+02
0000752   4.4992E+04 -5.4817E+03 -3.3676E+03
0000753   4.8625E+04  2.0207E+04 -1.2294E+04
0000754   8.5438E+04 -2.4898E+03  1.5549E+04
0000755   1.2582E+05 -7.7812E+03 -3.4184E+04
0000756   1.1350E+05  1.8873E+04 -1.6260E+03
0000757   7.2813E+04 -8.9904E+03 -1.5242E+04
0000758   8.0596E+04  1.4068E+04  3.7439E+04
0000759   6.3128E+04 -2.8369E+04 -2.8605E+04
0000760   3.4691E+04 -7.3643E+03 -3.6012E+03
0000761   6.9123E+04  3.0658E+04  5.9585E+03
0000762   4.4654E+04  4.0606E+04  4.7444E+03
0000763   7.6503E+04 -2.8897E+04  1.9708E+03
0000764   2.8629E+04  3.3194E+04 -1.0805E+04
0000765   1.3869E+04  3.2327E+04  2.6706E+04
0000766   3.5849E+04 -3.2865E+04 -3.1993E+04
0000767   4.9665E+04 -9.7537E+03  9.2020E+03
0000768   4.3769E+04  4.0458E+03 -2.6629E+03
0000769   2.9483E+04  1.4383E+04 -1.7040E+01
0000770   5.3520E+04  5.7841E+03 -3.0103E+04
0000771   3.8981E+04 -8.3317E+03 -4.0596E+02
0000772   1.1493E+05  4.1213E+04  6.4114E+03
0000773   8.8422E+04 -3.9705E+04 -7.6433E+03
0000774   9.0156E+04  2.9403E+04  1.4146E+01
0000775   4.0912E+04  3.1223E+04 -4.2774E+04
0000776   1.2386E+05 -9.6456E+03 -1.2549E+04
0000777   8.6594E+04 -7.6691E+03  6.2842E+04
0000778   2.7213E+04  7.7322E+03 -4.6184E+03
0000779   7.2065E+04 -3.1662E+04 -4.7419E+04
0000780   1.0078E+05 -4.7607E+04  2.4343E+04
0000781   5.0383E+04  3.3584E+04  4.8568E+04
0000782   4.7699E+04 -2.3881E+04 -5.4640E+04
0000783   7.0386E+04  7.2985E+03 -7.6292E+03
0000784   5.5098E+04  2.2250E+04 -4.4082E+04
0000785   1.1277E+05 -1.1934E+04  3.6545E+04
0000786   9.2730E+04 -3.0584E+04 -3.1392E-03
0000787   9.1796E+04  1.7740E+04 -7.4703E+03
0000788   6.9442E+04 -8.8997E+03  2.3633E+04
0000789   1.0727E+05  1.0634E+05  8.3461E+03
0000790   7.1990E+04  1.8257E+04  1.4972E+04
0000791   3.5215E+04  4.7764E+03  6.4400E+03
0000792   1.0675E+05  3.1146E+04  3.7083E+04
0000793   1.0959E+05  1.3360E+04  4.8031E+04
0000794   6.4076E+04 -2.4061E+04 -4.9964E+04
0000795   1.1118E+05  2.3504E+04  1.9347E+03
0000796   4.5685E+04  2.3174E+04  4.1673E+02
0000797   6.7021E+04  7.1578E+03 -2.3619E+04
0000798   2.3224E+04  1.4363E+04  2.6157E+04
0000799   2.8178E+04 -4.1420E+03 -1.0984E+04
0000800   8.0558E+04 -2.5078E+04 -2.8324E+03
0000801   4.1364E+04 -3.2483E+04  4.5905E+03
0000802   5.7274E+04 -1.4785E+04  2.9108E+04
0000803   5.8697E+04 -3.1252E+04  2.5003E+03
0000804   1.2114E+05  2.1772E+04  6.1337E+03
0000805   2.3419E+04 -1.3774E+04  1.6780E+04
0000806   5.3422E+04  4.2688E+04 -1.0280E+04
0000807   9.5591E+04  3.2272E+04  1.1200E+03
0000808   3.2166E+04  2.0982E+04  7.5043E+03
0000809   7.1218E+04  3.2372E+04 -3.0710E+04
0000810   9.2184E+04  6.9340E+03 -1.9369E+04
0000811   8.6445E+04 -1.4505E+04 -3.5613E+04
0000812   2.0772E+04 -5.1820E+03 -1.2032E+04
0000813   6.3122E+04 -3.1967E+04 -1.8382E+03
0000814   6.4873E+04  3.6276E+04 -3.3031E+04
0000816   1.0031E+05  1.2270E+04  8.1078E+04
0000818   5.1853E+04 -2.4812E+04  5.7193E+04
0000819   1.0713E+05 -2.3851E+04  3.0948E+04
0000820   7.1402E+04  2.3069E+04  3.5760E+04
0000821   6.1200E+04  3.0814E+04 -2.7373E+04
0000822   8.8548E+04  1.5198E+03  1.1372E+04
0000823   8.3023E+04 -3.2180E+04 -1.0354E+03
0000824   5.1353E+04 -1.0099E+04  1.3030E+04
0000825   4.4929E+04 -1.1050E+04 -5.1093E+04
0000826   4.3522E+04  4.2898E+04 -3.7385E+04
0000827   4.1570E+04 -7.0612E+03 -8.4721E+03
0000828   7.2733E+04 -7.9750E+03 -1.9160E+04
0000829   1.9538E+04  4.6571E+04 -7.4896E+04
0000830   6.9018E+04  2.2032E+04 -5.4020E+04
0000831   5.6172E+04 -2.8169E+04 -6.8128E+03
0000832   3.1680E+04  3.1783E+04 -1.6696E+04
0000833   6.4262E+04  8.0860E+04 -1.0872E+04
0000834   1.0812E+05 -1.1538E+04  4.0779E+03
0000835   1.5184E+05  9.4096E+03  1.2713E+04
0000836   6.0961E+04 -1.7959E+04  1.4625E+04
0000837   8.3962E+04 -1.0575E+05  1.8311E+04
0000838   8.8331E+04 -6.1561E+04 -8.4357E+03
0000839   7.7300E+04  4.3489E+04 -1.0007E+04
0000840   2.1393E+04 -2.5188E+03 -6.6174E+03
0000841   4.7441E+04 -2.9403E+04  5.1531E+03
0000842   1.1160E+04 -7.1501E+02 -1.4618E+04
0000843   3.1783E+04 -9.0216E+03  2.8148E+04
0000844   9.3399E+04 -1.1975E+04 -7.4739E+03
0000845   1.1660E+05  4.1925E+04 -2.3435E+04
0000846   6.8538E+04  3.5347E+04 -2.3175E+04
0000847   1.0470E+05  4.5189E+03  1.6031E+04
0000848   1.4167E+04  1.7003E+04  2.9441E+04
0000849   9.9975E+04  9.2573E+03 -4.4277E+04
0000850   4.4106E+04 -9.3365E+03  5.8046E+04
0000851   2.5571E+04 -2.1820E+04  1.1601E+04
0000852   1.3539E+05  5.2382E+03 -2.7125E+04
0000853   3.5604E+04 -1.2215E+04  8.1816E+03
0000854   5.5807E+04 -6.0362E+04  1.4463E+04
0000855   5.1936E+04  5.5247E+04  1.1400E+04
0000856   7.8590E+04 -9.1619E+03  1.5941E+04
0000857   9.3470E+04 -3.4581E+04  4.4288E+04
0000858   4.7391E+04  2.3938E+04  1.8499E+04
0000859   4.2829E+04  2.9611E+04  3.4901E+04
0000860   4.0616E+04 -1.7960E+03 -3.1050E+04
0000861   3.9527E+04 -1.1921E+04 -1.4884E+04
0000862   5.4683E+04  1.0468E+04  1.5022E+04
0000863   1.2509E+05  2.5509E+03  3.6559E+04
0000864   8.5708E+04 -7.6221E+03  6.4689E+04
0000865   4.4162E+04 -2.9578E+03 -1.7581E+02
0000866   9.5539E+04  1.1628E+04  9.5451E+03
0000867   7.0689E+04  7.3963E+03  3.4893E+04
0000868   3.9240E+04  1.3794E+04  1.3345E+04
0000869   1.6853E+04  5.3642E+03  7.9886E+02
0000870   7.0890E+04  4.3483E+04 -2.6543E+04
0000871   1.8448E+04  8.9395E+03 -5.9875E+03
0000872   3.0130E+04 -2.2422E+04 -1.7339E+04
0000873   3.0475E+04 -2.1536E+02 -3.0190E+04
0000874   8.7207E+04 -9.9496E+03 -6.5329E+03
0000875   5.6054E+04 -2.6770E+04  4.1260E+03
0000876   2.0732E+04  1.1777E+04  1.1471E+03
0000877   5.7927E+04 -2.8778E+04 -3.6995E+04
0000878   6.9896E+04 -1.1948E+02  6.3696E+03
0000879   2.4322E+04  2.5829E+04 -1.7475E+04
0000880   6.5014E+04 -4.6036E+04 -2.1419E+03
0000881   7.2362E+04 -1.8539E+04  3.5916E+04
0000882   5.4320E+04  5.6799E+03  2.6800E+04
0000883   6.7872E+04 -3.9029E+03  5.4105E+03
0000884   5.6547E+04 -1.7938E+03 -1.5117E+03
0000885   1.0109E+05 -5.5267E+04  2.5063E+04
0000886   6.6971E+04 -5.6693E+04  1.8472E+04
0000887   2.9075E+04  1.3945E+04  1.6028E+04
0000888   8.6498E+04 -3.8887E+04 -1.2313E+03
0000889   8.8335E+04  3.0416E+04 -4.9442E+04
0000890   4.1197E+04  5.6490E+03 -2.1346E+04
0000891   3.0255E+04  2.1643E+04  1.1463E+03
0000892   7.0365E+04  2.6475E+04 -2.2814E+04
0000893   3.4959E+04  3.9298E+03  6.5184E+03
0000894   3.7305E+04 -1.1938E+04 -6.6707E+03
0000895   7.9724E+04 -2.4132E+04 -2.7214E+04
0000896   8.1021E+04 -3.6259E+04  4.2216E+04
0000897   6.1034E+04  4.6778E+04  5.8594E+04
0000898   1.8192E+04 -1.7787E+02  2.8336E+03
0000899   5.5398E+04 -2.2560E+04  3.8805E+04
0000900   3.4513E+04 -2.2267E+03  2.0588E+04
0000901   4.0532E+04  5.1305E+03 -7.2461E+03
0000902   2.7893E+04 -1.7149E+04 -5.7525E+04
0000903   6.2204E+04 -4.2375E+04  7.4593E+03
0000904   5.1182E+04 -1.2472E+04 -2.7232E+03
0000905   4.7505E+03 -8.5812E+03  5.6764E+03
0000906   4.1602E+04  4.2435E+04  8.4117E+03
0000907   9.7250E+04  2.0925E+04  8.0540E+03
0000908   8.2734E+04 -3.4042E+04  3.8025E+04
0000909   5.3351E+04 -3.8410E+03 -1.1112E+04
0000910   5.7150E+04  1.9129E+04  6.5889E+04
0000911   1.0735E+05 -7.8806E+04  1.7199E+04
0000912   5.4134E+04  5.8637E+03 -1.2354E+04
0000913   1.1118E+05  3.1186E+03  5.1418E+04
0000914   8.0085E+04  2.0499E+04 -2.9469E+04
0000915   9.7105E+04 -3.6144E+04  6.5855E+04
0000916   5.3162E+04  3.2788E+04  3.5820E+04
0000917   5.7462E+04 -4.9350E+04 -3.1257E+04
0000918   6.2998E+04 -1.7007E+04  6.9004E+03
0000919   6.0089E+04  1.0593E+03 -2.9408E+04
0000920   2.5442E+04  5.7682E+03 -1.8467E+04
0000921   3.3568E+04  2.2185E+03 -4.2236E+04
0000922   3.6608E+04  3.8789E+04 -1.1985E+04
0000923   8.3527E+04 -6.6134E+02  1.1301E+04
0000924   8.4492E+04 -2.0106E+04 -1.2948E+03
0000925   2.1968E+04 -1.6045E+04  2.2030E+04
0000926   4.1517E+04  2.8056E+04 -4.7572E+04
0000927   6.5455E+04  3.2131E+04  1.7983E+04
0000928   8.6183E+04  4.2361E+03  1.1887E+04
0000929   8.7109E+03  3.7780E+04 -4.0202E+04
0000930   6.3350E+04 -1.2015E+04  4.5756E+04
0000931   1.7005E+04  1.2871E+04  1.7301E+04
0000932   9.7198E+04 -6.9213E+03  3.6638E+04
0000933   4.6357E+04 -6.7639E+04  4.5577E+04
0000934   4.3182E+04  9.2924E+02 -1.4593E+03
0000935   2.9619E+04 -3.6157E+03  9.6470E+02
0000936   6.8734E+04  2.8515E+04 -1.3040E+03
0000937   6.3393E+04  5.9715E+04 -2.0359E+04
0000938   1.9892E+04  4.8849E+03  8.7423E+03
0000939   1.0015E+05 -7.8448E+02  2.6782E+04
0000940   2.1027E+04 -1.1121E+04  3.1285E+04
0000941   3.6466E+04 -2.3779E+04  1.9981E+04
0000942   6.6574E+04 -4.6677E+04  3.4098E+04
0000943   3.6463E+04 -1.6626E+04  5.0727E+04
0000944   3.5430E+04  1.7714E+04 -2.9493E+04
0000945   3.5209E+04  2.0596E+04  2.0733E+02
0000946   8.1712E+04 -3.5573E+04  2.6937E+04
0000947   6.9873E+04 -4.2183E+04 -4.7946E+04
0000948   5.9402E+04 -1.2443E+04  3.1461E+04
0000949   4.6314E+04  6.2655E+03  5.6509E+03
0000950   1.5846E+04 -4.0320E+04  1.3454E+04
0000951   3.5756E+04 -1.2433E+03 -2.9172E+04
0000952   8.9879E+04  1.8618E+03  8.3433E+03
0000953   2.3943E+04 -2.6223E+04 -9.8100E+03
0000954   2.6858E+04 -1.4108E+04  7.8298E+03
0000955   1.1060E+05 -1.8454E+04 -1.5208E+04
0000956   1.2702E+05 -4.8169E+04  3.3933E+04
0000957   1.2814E+05 -2.3364E+04 -3.4058E+04
0000958   3.9750E+04  1.2068E+04 -1.8950E+04
0000959   5.8611E+04  1.5971E+02  9.2293E+03
0000960   8.1659E+04  7.3852E+03  6.3758E+04
0000961   6.7241E+04 -3.6272E+03  3.0629E+04
0000962   1.6557E+04  1.4147E+04 -2.3929E+04
0000963   1.7633E+04  2.7601E+03  5.9010E+03
0000964   6.3850E+04 -2.4556E+04 -2.4196E+04
0000965   4.8962E+03 -2.3319E+04 -1.1284E+04
0000966   9.9080E+04 -1.4500E+04  3.7143E+03
0000967   3.0657E+04 -2.5880E+04 -1.6238E+04
0000968   1.7009E+04 -1.3144E+04 -5.7691E+03
0000969   7.2354E+04 -8.5342E+03  2.2739E+04
0000970   5.1951E+04  2.8133E+04 -2.5692E+04
0000971   5.0573E+04  2.3066E+04 -4.6087E+03
0000972   1.5243E+04  2.0534E+03  6.6746E+03
0000973   1.2862E+05  3.9291E+04 -6.7191E+02
0000974   4.1905E+04  3.8441E+03 -1.3511E+04
0000975   4.6248E+04  1.9687E+04  1.3771E+04
0000976   4.3070E+04 -2.0627E+04 -2.7199E+04
0000977   9.4723E+04 -1.6457E+04  1.0632E+04
0000978   8.3417E+04  3.2549E+04  2.9613E+04
0000979   2.3700E+04 -2.2267E+04  1.4478E+04
0000980   1.3633E+04  4.2347E+04  6.2956E+03
0000981   5.3405E+04  8.0923E+04  1.0883E+04
0000982   1.1594E+05  1.1957E+03 -9.1573E+02
0000983   6.4228E+04 -1.2447E+04 -6.6339E+03
0000984   4.1299E+04 -2.4896E+04 -1.2452E+02
0000985   1.2101E+05 -3.0298E+04  1.8567E+04
0000986   6.5103E+04 -2.3589E+04  2.4042E+04
0000987   6.6631E+04 -1.5293E+04 -1.9323E+04
0000988   3.5167E+04  1.3450E+03  2.2139E+04
0000989   2.6160E+04 -3.0902E+04  2.4309E+04
0000990   6.1645E+04 -3.8702E+03  8.2874E+03
0000991   8.0977E+04  4.2315E+03 -1.8547E+03
0000992   7.0840E+04 -1.3471E+04 -3.4375E+03
0000993   6.5864E+04  6.5064E+03  3.2071E+04
0000994   7.8895E+04  3.9538E+04 -6.6362E+04
0000995   5.1587E+04 -2.0812E+04  4.1063E+04
0000996   1.0901E+05 -1.3995E+04 -2.3155E+04
0000997   3.2414E+04  1.0421E+04 -3.5121E+04
0000998   4.7766E+04  2.2981E+04  9.6289E+02
0000999   1.1380E+05 -2.1795E+04  2.3154E+04
0001000   5.8470E+04  4.1211E+04  5.1480E+04
