============================== SRIM-2013.00 ==============================
==============================================================================
====== SRIM Outputs\RANGE_3D.txt : File of Final Ion Positions =====

Ion = Ar (18)   Ion Mass= 039.9620
Energy  = 3088844.E-05 keV
Ion Angle to Surface = 00.0 degrees
==================== TARGET =======================
  Layer # 1 - Layer 1
  Layer # 1 - Bottom Depth=500000.E+02 A
  Layer # 1 - Density =0000.0071 g/cm3
  Layer # 1 -  100 % of Ar
様様様様様様様様様様様様様様様様様様様様様様様様様様
                                            
Ion       Depth  X   Lateral Y   Lateral Z  
Number    (Angstrom) (Angstrom)  (Angstrom) 
-------  ----------- ----------- -----------
0000001   1.7200E+05 -1.2369E+05  1.5603E+04
0000002   2.1913E+05  3.8677E+04 -2.8527E+04
0000003   2.9851E+05 -1.7716E+04 -5.6999E+04
0000004   9.2386E+04 -1.5483E+04 -9.5228E+04
0000005   2.0728E+05  4.7752E+04  9.6977E+03
0000006   2.2763E+05 -3.3096E+04 -4.6366E+03
0000007   2.1994E+05 -3.6651E+04 -1.0830E+04
0000008   1.6382E+05 -6.0408E+04 -9.1265E+04
0000009   2.5977E+05  9.4391E+04 -6.0025E+03
0000010   1.8299E+05 -3.1651E+04 -7.3547E+02
0000011   7.9023E+04  8.3289E+04 -2.9320E+04
0000012   1.7793E+05 -2.6853E+04  1.1499E+05
0000013   1.6529E+05  3.5829E+04  4.6823E+04
0000014   1.2866E+05 -2.3593E+04  2.6973E+04
0000015   1.9287E+05  1.2321E+04 -6.3971E+04
0000016   6.9666E+04 -3.6169E+04 -4.8681E+04
0000017   2.1733E+05 -9.9672E+04  5.4315E+04
0000018   2.0747E+05 -1.0024E+05  5.4334E+04
0000019   4.4897E+04 -6.9380E+04  1.5711E+04
0000020   2.0264E+05  6.8005E+03 -3.5452E+04
0000021   8.4636E+04 -3.6460E+04  3.5309E+04
0000022   1.3267E+05  2.4125E+04 -6.1970E+03
0000023   1.5153E+05 -7.2542E+04 -8.4038E+03
0000024   1.6108E+05 -3.3593E+04 -7.9125E+04
0000025   1.4564E+05  1.0546E+05  9.1286E+03
0000026   1.8006E+05 -3.0782E+04  1.3295E+04
0000027   1.8448E+05  3.6644E+04  4.6519E+04
0000028   3.3894E+05 -1.4561E+05 -1.2120E+04
0000029   1.5212E+05 -6.8006E+04 -6.3400E+04
0000030   1.4756E+05 -5.9108E+02 -2.9235E+03
0000031   2.6605E+05 -6.8004E+03  1.8158E+04
0000032   9.6268E+04 -5.0567E+04  3.2537E+04
0000033   2.2337E+05 -1.7129E+04 -8.0350E+04
0000034   1.0166E+05  2.5527E+04  2.8636E+04
0000035   1.9671E+05  8.0145E+04 -8.0659E+04
0000036   1.5883E+05  2.9912E+03  1.2588E+04
0000037   8.9044E+04 -8.5708E+04  6.9609E+04
0000038   1.0254E+05  6.2559E+04 -1.1354E+04
0000039   1.8599E+05 -5.3528E+04 -7.7504E+03
0000040   1.4482E+05 -7.6516E+03 -1.4788E+05
0000041   3.0286E+05  8.9155E+04  4.6019E+04
0000042   2.1032E+05 -4.6249E+04  1.0474E+05
0000043   1.7132E+05 -3.6729E+04  3.1155E+04
0000044   2.3840E+05  5.6357E+04  3.4959E+04
0000045   2.0106E+05  5.3964E+04  1.8245E+05
0000046   1.5424E+05 -4.6436E+04  1.1508E+04
0000047   1.9837E+05  1.2239E+04  3.4586E+04
0000048   9.6709E+04  9.5417E+04  7.3483E+04
0000049   7.9781E+04 -4.1519E+03  4.6568E+04
0000050   1.1814E+05 -6.7618E+04  5.7201E+04
0000051   1.8939E+05 -8.4594E+04 -5.5228E+04
0000052   1.0597E+05  1.0867E+05  3.2933E+04
0000053   1.8217E+05 -3.4113E+04 -3.3043E+04
0000054   2.5641E+05 -3.4797E+04  1.0794E+05
0000055   1.6304E+05 -9.3861E+04 -9.1821E+04
0000056   2.2687E+05  4.9315E+04  1.1020E+05
0000057   1.8792E+05 -4.2696E+04  8.8397E+03
0000058   2.0573E+05 -1.8443E+04  4.1687E+04
0000059   1.4437E+05  3.2248E+02  1.0275E+05
0000060   2.4431E+05 -5.5286E+02  1.0884E+05
0000061   1.2744E+05  8.1781E+04 -1.5637E+04
0000062   1.3559E+05  9.0511E+04 -5.7969E+04
0000063   2.1787E+05 -8.2588E+04  1.1907E+04
0000064   3.1623E+05  1.7641E+04 -1.6272E+04
0000065   3.9520E+04 -6.4022E+04  9.5317E+03
0000066   1.8294E+05  9.8048E+04  1.0863E+05
0000067   2.1447E+05  2.0560E+04 -5.8557E+03
0000068   1.7497E+05  1.0222E+04  8.1411E+04
0000069   1.6880E+05 -2.8166E+04  5.4450E+04
0000070   2.4510E+05 -7.1859E+04 -9.0197E+04
0000071   1.5196E+05  4.0574E+04 -1.0558E+05
0000072   1.1183E+05  1.2820E+05 -9.2567E+04
0000073   1.2519E+05  1.0502E+05  2.3913E+04
0000074   1.2809E+05  6.5932E+04  6.4858E+03
0000075   9.2213E+04 -3.4149E+04 -8.6343E+04
0000076   7.9217E+04 -5.2045E+04  6.5601E+04
0000077   1.8444E+05  3.0753E+04  3.0286E+04
0000078   1.0047E+05  2.6616E+04  6.8314E+03
0000079   1.8783E+05  8.3544E+04 -5.7350E+04
0000080   1.8028E+05  7.3791E+04  2.4902E+05
0000081   3.6513E+04  2.1938E+03 -3.0977E+03
0000082   1.4942E+05  2.0334E+04  1.4272E+04
0000083   1.3590E+05  3.0754E+04 -4.4002E+04
0000084   1.3402E+05 -8.7628E+04 -1.9881E+05
0000085   2.1404E+05 -6.3657E+03  1.9858E+04
0000086   1.5721E+05 -2.9391E+04  1.3973E+05
0000087   9.6711E+04 -4.4335E+04 -2.6936E+04
0000088   1.2626E+05  5.0321E+03 -3.3433E+03
0000089   2.1479E+05  1.7481E+05 -2.4697E+04
0000090   1.4258E+05 -5.6065E+04 -5.8726E+04
0000091   4.0574E+04 -5.6528E+03  1.2499E+04
0000092   1.0330E+05  2.7330E+04  1.4733E+04
0000093   9.4929E+04  1.0082E+05  1.8444E+04
0000094   1.7881E+05  3.9167E+04 -7.7560E+04
0000095   3.1559E+05  1.4685E+05 -1.3988E+05
0000096   1.2861E+05  1.9611E+04 -1.2792E+03
0000097   1.4317E+05  1.4041E+04  9.1719E+03
0000098   1.5490E+05 -3.8082E+03 -5.8352E+04
0000099   1.2849E+05 -5.8231E+04  1.5508E+04
0000100   3.0138E+05  2.5533E+05 -6.5526E+04
0000101   2.2716E+05 -8.4591E+04 -3.0562E+04
0000102   1.8186E+05 -2.4120E+04 -6.1336E+04
0000103   2.7362E+05  1.3045E+05  4.9849E+04
0000104   2.0763E+05 -5.3062E+03  5.6017E+04
0000105   2.4797E+05  3.5554E+04 -1.2747E+04
0000106   1.8257E+05  1.7377E+05  4.4101E+04
0000107   1.6040E+05  5.6356E+04 -1.1366E+05
0000108   1.7535E+05 -3.3845E+04 -3.8363E+04
0000109   2.1751E+05 -3.6882E+04 -1.9599E+05
0000110   1.3445E+05  3.6217E+04 -1.3187E+05
0000111   2.4152E+05 -2.7642E+04  1.7232E+03
0000112   2.6617E+05 -1.8915E+04 -4.9792E+04
0000113   1.8758E+05  1.1328E+04  1.3855E+04
0000114   6.4343E+04 -8.6781E+04 -6.1525E+04
0000115   1.2059E+05  1.7493E+04  8.7191E+04
0000116   7.5659E+04  1.6002E+04  2.3015E+04
0000117   1.7816E+05 -9.1108E+04 -1.2596E+05
0000118   2.5358E+05 -5.8126E+04  9.5954E+04
0000119   1.3709E+05 -1.1312E+05 -1.4944E+05
0000120   1.1332E+05  7.5586E+04 -8.0923E+04
0000121   2.7356E+05  5.6743E+04 -5.7563E+04
0000122   2.5197E+05 -2.9653E+04  4.5132E+04
0000123   2.5359E+05 -1.0439E+05  5.5658E+04
0000124   5.2682E+04  6.9518E+04 -1.7940E+04
0000125   1.8005E+05  7.5870E+04  1.0183E+05
0000126   1.4424E+05  3.7206E+04  8.9330E+04
0000127   2.6050E+05 -4.0696E+03  1.2861E+05
0000128   2.1016E+05  8.9985E+02 -2.2516E+04
0000129   2.0818E+05 -9.5538E+04 -2.7484E+04
0000130   2.4758E+05  2.6823E+04  3.8682E+04
0000131   9.6703E+04  4.1499E+04 -7.6730E+04
0000132   2.6397E+05  1.3771E+05 -1.0112E+04
0000133   8.4062E+04 -8.1429E+04 -1.5230E+04
0000134   1.7962E+05 -1.6536E+05  3.1368E+04
0000135   4.7424E+03  7.3041E+04  9.8037E+03
0000136   3.1847E+05  4.1399E+04 -7.6272E+04
0000137   3.0400E+05 -1.3219E+05 -6.4133E+03
0000138   1.3643E+05 -8.4072E+04 -1.7860E+04
0000139   1.0984E+05 -3.3342E+04  4.0514E+04
0000140   9.7010E+04 -1.3295E+05 -1.8571E+04
0000141   2.0829E+05 -1.2583E+04  4.4813E+04
0000142   2.2635E+04  1.1401E+05 -5.8775E+04
0000143   1.5930E+05  1.4855E+04 -1.4991E+04
0000144   2.1478E+05 -8.5364E+03 -3.3655E+04
0000145   5.5376E+04  3.5278E+04 -2.2021E+03
0000146   2.5756E+05  1.8302E+04 -1.7689E+04
0000147   3.2237E+04  4.6718E+04 -1.0220E+04
0000148   3.6712E+05 -1.7771E+04 -7.6004E+03
0000149   9.1065E+04 -5.9053E+04 -5.4291E+03
0000150   1.1594E+05  1.0889E+05  1.1606E+05
0000151   9.4513E+04  7.5796E+04 -3.6291E+04
0000152   1.2404E+05  1.3527E+03  1.2830E+05
0000153   9.2251E+04  7.3706E+03  8.7653E+03
0000154   1.7600E+05 -1.3209E+04 -1.2804E+04
0000155   2.4990E+05 -3.2396E+04 -1.6298E+04
0000156   2.8575E+05  6.0557E+04 -3.8440E+04
0000157   9.7582E+04  1.0920E+04  1.2370E+04
0000158   1.3885E+05 -5.4631E+03 -5.1004E+04
0000159   2.2917E+04  7.9767E+03  3.3340E+04
0000160   1.5488E+05  9.8473E+04  8.0970E+04
0000161   5.5421E+04  8.4212E+04  1.4906E+05
0000162   2.9842E+05 -1.1648E+05 -3.3905E+04
0000163   1.4203E+05 -8.2823E+04  1.1650E+04
0000164   1.8741E+04  5.0697E+04  3.0276E+04
0000165   2.4358E+05  4.8179E+04  1.7575E+04
0000166   1.7089E+05  8.4383E+04 -1.2382E+04
0000167   1.6279E+05  5.7959E+04 -4.1971E+04
0000168   3.3501E+05 -6.6293E+04 -4.7886E+04
0000169   2.0218E+05 -3.2114E+04 -1.8628E+05
0000170   1.3261E+05  3.8080E+04 -1.7189E+04
0000171   3.0049E+04 -3.1218E+04 -4.1946E+04
0000172   2.1439E+05  2.1111E+04 -7.9719E+04
0000173   1.6420E+05 -2.0016E+04  4.3869E+04
0000174   1.4711E+05  2.0734E+04 -7.5530E+03
0000175   2.1609E+05 -3.5818E+03  1.4122E+05
0000176   4.7843E+04 -2.5727E+04  4.1013E+04
0000177   2.5235E+05  3.8658E+03  7.7060E+04
0000178   2.6225E+05  8.9727E+04  1.3371E+04
0000179   4.7184E+04 -8.2026E+03  1.0115E+04
0000180   2.0322E+05  1.4502E+05  9.2685E+04
0000181   1.5927E+05  4.6259E+04 -4.3374E+04
0000182   3.2469E+04  8.5476E+03  2.2785E+03
0000183   1.7073E+05 -7.0803E+04  3.3693E+04
0000184   9.0102E+04  2.4758E+04  4.2302E+04
0000185   1.1314E+05 -9.3551E+04  1.1000E+04
0000186   1.4060E+05  9.8742E+04  1.2883E+05
0000187   5.5010E+03  7.1734E+03  7.1400E+04
0000188   1.8957E+05  2.7553E+04 -4.1218E+04
0000189   1.5598E+05  1.8141E+04  5.2171E+04
0000190   2.6232E+05 -6.1114E+04  1.0239E+05
0000191   9.4848E+04 -2.8526E+04  2.6151E+03
0000192   1.1138E+05  1.1576E+05 -4.3362E+04
0000193   3.1594E+05  3.4579E+04 -7.5301E+04
0000194   2.9176E+05 -1.7614E+04 -8.5554E+03
0000195   1.8988E+05 -5.1716E+04  4.0874E+04
0000196   1.0343E+05  6.2995E+04 -4.5041E+04
0000197   1.1089E+05  4.8217E+04 -7.1917E+04
0000198   1.9023E+05 -2.4279E+05 -1.2927E+05
0000199   1.6803E+05 -5.4943E+03  1.3075E+04
0000200   3.6964E+05 -1.5156E+04  5.0195E+04
0000201   1.5658E+05  1.0842E+04  3.2905E+04
0000202   2.4229E+05 -1.4277E+05 -1.0570E+05
0000203   2.6608E+05 -3.0945E+04  7.8780E+04
0000204   1.1340E+05 -2.8723E+04  2.7820E+04
0000205   1.9835E+05  1.1361E+04 -1.2735E+05
0000206   2.7247E+05 -8.4255E+04  3.2835E+03
0000207   1.4557E+05  1.7506E+04 -1.4894E+04
0000208   1.8078E+05 -1.2477E+05 -1.8107E+04
0000209   2.2221E+05 -3.2505E+04 -6.2553E+04
0000210   1.9050E+05 -6.0424E+04  8.3480E+03
0000211   1.1798E+05  3.5788E+04  6.8562E+03
0000212   2.3279E+05  4.0471E+04  5.0904E+04
0000213   2.1347E+05  2.5608E+04  1.0365E+05
0000214   1.7828E+05  2.0303E+04  6.2787E+04
0000215   2.7570E+05 -4.7559E+04 -1.1310E+05
0000216   1.4895E+05  3.9105E+04 -4.5865E+04
0000217   1.8640E+05  1.5446E+04 -1.1949E+05
0000218   2.7915E+05  1.1381E+04 -1.1037E+04
0000219   5.7585E+04  2.1036E+04  3.8864E+04
0000220   1.0578E+05  2.2927E+04 -3.9603E+04
0000221   1.3597E+05 -1.6351E+04 -1.7840E+03
0000222   1.2793E+05 -1.4005E+04 -1.1250E+03
0000223   1.0005E+05  7.2112E+02 -2.8036E+04
0000224   1.4126E+05  1.1737E+04  5.6312E+04
0000225   1.4101E+05 -1.5918E+04  2.6049E+04
0000226   5.3095E+04 -4.1563E+04  3.7968E+04
0000227   1.5093E+05 -1.5482E+03 -1.1989E+03
0000228   1.0091E+05 -2.5436E+04  2.1201E+04
0000229   3.0877E+05 -8.5974E+04 -6.5155E+04
0000230   2.4510E+05 -7.1334E+04  8.1279E+04
0000231   1.9237E+05 -2.9046E+04 -8.4000E+04
0000232   1.2257E+05  3.9095E+04 -3.8078E+04
0000233   1.4535E+05  1.8882E+04 -1.6581E+04
0000234   2.3956E+05  2.2496E+04 -3.2088E+04
0000235   2.3297E+05 -8.9474E+03  2.1692E+04
0000236   1.7093E+05  1.9093E+04  3.2303E+04
0000237   1.7294E+05  1.1644E+05  1.5582E+05
0000238   1.8778E+05 -4.0742E+04  3.2986E+04
0000239   1.0047E+05  9.6691E+04  7.2873E+04
0000240   9.2827E+04 -7.9948E+03  6.1794E+04
0000241   8.9330E+04  9.4602E+03 -1.6637E+04
0000242   2.0193E+05 -6.0212E+04 -6.8507E+04
0000243   6.5028E+04 -4.0941E+04 -1.4643E+04
0000244   1.6341E+05  1.9281E+03 -3.3434E+04
0000245   2.0189E+05 -7.8407E+03 -1.2143E+05
0000246   1.1662E+05  5.1784E+04  2.2785E+03
0000247   1.7234E+05 -4.5933E+04  1.3931E+04
0000248   3.1975E+04  2.9204E+03 -5.3802E+03
0000249   1.2985E+05 -1.3059E+05 -9.4001E+04
0000250   1.9066E+05 -1.4731E+05 -7.8495E+04
0000251   3.1245E+05 -2.7788E+04  2.1390E+04
0000252   1.1520E+05 -7.6537E+04  8.2831E+04
0000253   1.3085E+05  1.4514E+03  4.7332E+04
0000254   6.6161E+04  2.4330E+04  5.3914E+03
0000255   2.6385E+05  3.7473E+04  2.8858E+04
0000256   2.2822E+05 -1.5885E+04 -6.2756E+04
0000257   2.3812E+05  1.6512E+05  1.5264E+03
0000258   3.9304E+04  2.4880E+04  2.5373E+04
0000259   2.1127E+05 -7.5517E+04 -2.5259E+04
0000260   1.9972E+05  1.0578E+05  1.9645E+04
0000261   1.1116E+05 -3.5756E+04 -2.8564E+05
0000262   1.1989E+05 -5.4668E+04  2.5768E+04
0000263   2.1615E+05 -2.8796E+03  7.1627E+03
0000264   9.0875E+04  6.8687E+04 -1.8712E+04
0000265   1.3606E+05  1.7048E+04 -1.0868E+05
0000266   4.0593E+05  5.2287E+03  6.9367E+02
0000267   2.0972E+05 -6.5793E+04 -7.6535E+04
0000268   1.9580E+05  8.4685E+04 -3.2735E+04
0000269   1.0620E+05  2.0196E+04 -1.3587E+05
0000270   1.5878E+05 -4.1695E+04 -6.2697E+03
0000271   4.7822E+04 -1.2336E+04  4.5980E+04
0000272   5.6549E+04  2.4904E+04  1.8957E+03
0000273   1.7457E+05  4.1678E+04  1.5313E+04
0000274   1.2957E+05  3.6121E+04 -6.9119E+04
0000275   1.0817E+05 -1.2411E+04 -9.8683E+04
0000276   2.5856E+05 -3.6057E+03 -6.6198E+04
0000277   5.6888E+04  8.5547E+04  3.4053E+04
0000278   1.0341E+05  6.7900E+04  1.3577E+04
0000279   8.2899E+04 -3.6998E+04  1.0825E+05
0000280   4.0717E+04 -8.6452E+04 -1.2287E+04
0000281   1.5381E+05  2.0958E+04  8.2060E+04
0000282   1.7813E+05 -7.4134E+04  9.9074E+03
0000283   8.5669E+04 -3.1553E+04  1.7397E+04
0000284   1.7074E+05 -8.7904E+03  4.0963E+04
0000285   1.4230E+05 -3.2503E+04 -7.8863E+04
0000286   1.7009E+05 -8.0475E+03 -3.3542E+04
0000287   1.3828E+05 -6.1645E+03 -1.4944E+04
0000288   2.3248E+05 -1.2870E+04  9.7386E+04
0000289   2.3254E+05 -5.5165E+04  8.2233E+03
0000290   6.4236E+04  3.5364E+04 -2.6094E+04
0000291   2.8843E+05  6.0248E+04  6.4214E+04
0000292   1.4468E+05  2.4906E+04 -2.4965E+05
0000293   2.7424E+05 -7.2005E+04 -1.0155E+05
0000294   1.3431E+05  6.5505E+04  3.1341E+04
0000295   2.1513E+05 -2.0600E+05 -9.3964E+04
0000296   1.5003E+05  1.6638E+05 -2.0184E+04
0000297   3.3372E+04  1.9981E+04 -4.2563E+03
0000298   1.2722E+05  8.7764E+04 -6.8645E+04
0000299   1.9647E+05  1.5969E+04 -1.0003E+05
0000300   7.6114E+04  4.5603E+04  5.9447E+04
0000301   1.6852E+05  3.3030E+04 -8.2066E+03
0000302   2.0545E+05  1.6419E+05  5.1190E+04
0000303   1.3272E+05  3.8031E+03 -5.8484E+04
0000304   1.3919E+05  3.1234E+04 -2.8280E+04
0000305   2.5261E+05  8.5758E+04  1.7285E+04
0000306   3.3156E+05 -2.0067E+04  2.1742E+05
0000307   2.0937E+05 -2.4985E+04  1.0310E+05
0000308   7.8939E+04  3.4871E+04  6.1627E+04
0000309   4.3188E+04  2.1516E+04 -8.3342E+02
0000310   3.3840E+05 -2.0850E+04 -4.3836E+04
0000311   1.3887E+05 -1.4255E+04  9.4939E+04
0000312   2.0199E+05  8.9381E+04 -1.4215E+05
0000313   2.2903E+05 -2.3119E+03 -7.3845E+03
0000314   2.4379E+05  3.6908E+04 -1.3027E+05
0000315   1.1871E+05  9.9459E+03 -9.7687E+04
0000316   1.4310E+05  3.1543E+04 -1.0876E+04
0000317   2.9386E+05  2.7938E+04 -5.3208E+04
0000318   1.3353E+05 -7.0745E+04  5.5375E+04
0000319   1.7039E+05 -1.9059E+04  8.6993E+04
0000320   2.0164E+05  5.8312E+04  8.2187E+04
0000321   1.0000E+05 -3.8824E+04 -1.8596E+04
0000322   1.6086E+05  5.6782E+04  1.3685E+05
0000323   2.4913E+04  6.3370E+03  4.2181E+04
0000324   1.8702E+05 -4.0962E+04  3.0518E+04
0000325   4.1576E+04 -5.9165E+03 -3.2236E+04
0000326   3.7390E+05 -3.5560E+04 -4.9695E+04
0000327   2.1515E+05 -1.0896E+05  1.8072E+04
0000328   1.4802E+05 -5.5549E+04  3.0359E+04
0000329   2.4970E+05 -8.1785E+04 -4.3793E+04
0000330   1.1673E+05  6.8779E+04 -4.7896E+04
0000331   1.2679E+05  4.5323E+04 -7.7009E+04
0000332   2.3359E+05 -3.6864E+04 -8.9757E+04
0000333   2.8042E+04  1.5819E+03 -2.7651E+03
0000334   1.2535E+05  1.0666E+04 -3.1646E+04
0000335   8.6602E+04 -7.5365E+03  1.6530E+04
0000336   2.1329E+05 -4.7503E+03 -5.2301E+04
0000337   9.9873E+04  2.9995E+04 -1.6871E+04
0000338   2.1318E+05 -1.9157E+04 -2.7325E+04
0000339   2.2035E+05  4.8197E+04 -6.9253E+04
0000340   2.1396E+05 -8.8976E+02 -1.4893E+03
0000341   2.8614E+05  6.8269E+04 -5.5814E+03
0000342   8.4736E+04  2.5985E+04  2.0649E+04
0000343   2.8021E+05 -3.9141E+04  8.2840E+04
0000344   5.7675E+04 -2.9141E+04  6.8055E+03
0000345   3.3359E+05  4.8861E+03 -1.3838E+05
0000346   1.4094E+05 -4.9596E+04  5.0471E+04
0000347   1.0050E+05 -5.3922E+03  2.7302E+04
0000348   1.4038E+05  1.0305E+04  1.8668E+04
0000349   2.1344E+05  9.6479E+04 -1.6072E+05
0000350   1.0345E+05  4.2743E+04 -4.1020E+04
0000351   1.2718E+05 -1.7487E+04  6.9540E+03
0000352   1.5458E+05  1.0378E+04 -1.8139E+04
0000353   2.4045E+05 -6.3888E+04 -5.2677E+04
0000354   7.6543E+04 -1.2495E+04  1.8326E+04
0000355   8.5419E+04  3.1538E+04 -7.7069E+04
0000356   3.1238E+05 -4.5370E+04  1.2232E+05
0000357   2.5600E+05 -9.0867E+04 -8.1876E+04
0000358   2.1524E+05 -1.6253E+04 -8.4249E+03
0000359   3.5697E+04  7.4957E+03  1.9239E+04
0000360   2.0604E+05 -1.6756E+04 -4.7005E+04
0000361   3.4439E+04  7.8928E+04 -5.2970E+04
0000362   1.1049E+05 -6.2636E+04 -3.0834E+04
0000363   1.9188E+05  1.4280E+05 -2.0530E+04
0000364   4.7516E+04  3.4551E+04  6.0172E+04
0000365   9.7614E+04 -9.6238E+03  1.5138E+05
0000366   3.4387E+05  1.9734E+05  7.0984E+04
0000367   1.0631E+05  4.8731E+04  2.1417E+05
0000368   2.6320E+05  7.6363E+03 -3.4282E+03
0000369   1.5757E+05  6.1774E+04 -1.1172E+05
0000370   6.6478E+04 -8.7479E+03 -5.6641E+04
0000371   1.3142E+05 -8.5829E+04  1.6794E+04
0000372   1.6660E+05  1.1028E+04  8.1939E+04
0000373   1.7650E+05 -3.0846E+04  4.6000E+04
0000374   1.2286E+05 -4.7790E+02 -6.5919E+04
0000375   2.2542E+05  1.6526E+04 -2.9804E+04
0000376   1.8802E+05  8.1681E+04  5.6605E+04
0000377   1.8426E+05  4.3734E+04  4.2490E+04
0000378   1.4256E+05  4.1103E+04 -2.2310E+04
0000379   8.0331E+04 -8.7140E+03  3.4111E+04
0000380   1.1166E+05 -4.6929E+04 -1.8134E+03
0000381   5.0698E+04 -4.6319E+04 -7.9883E+03
0000382   2.9794E+05  4.6188E+04 -1.1486E+04
0000383   7.7386E+04 -5.1180E+04  1.7355E+04
0000384   2.6606E+05  1.0193E+05 -1.9778E+04
0000385   1.4411E+05 -4.3916E+04 -3.4309E+04
0000386   1.6148E+05 -1.2697E+05 -1.0044E+04
0000387   1.4986E+05 -1.2190E+05  7.1880E+04
0000388   1.0249E+05  7.4083E+04 -4.1344E+04
0000389   2.0232E+05  4.0152E+04  5.8942E+04
0000390   1.0863E+05 -1.4032E+05  3.3683E+04
0000391   7.8095E+04 -1.9049E+04  7.6203E+04
0000392   1.5389E+05 -6.6483E+04 -6.9835E+02
0000393   2.2003E+05 -3.4670E+04 -1.1514E+05
0000394   1.8464E+05 -4.9276E+04  1.4171E+05
0000395   2.1188E+05  1.3719E+05  3.0796E+04
0000396   3.5646E+04  4.5883E+04 -1.0285E+05
0000397   5.5923E+04  9.3335E+04 -7.2164E+04
0000398   7.6510E+04  6.8686E+02  7.1745E+04
0000399   1.5508E+05 -8.4535E+04  2.5656E+04
0000400   2.2318E+05 -1.2156E+04  9.6925E+03
0000401   1.6882E+05  4.7403E+03  4.4706E+04
0000402   2.4403E+05  1.8147E+05 -8.2308E+04
0000403   7.5942E+04 -1.9478E+04 -6.7000E+04
0000404   1.7837E+05  1.2062E+05 -1.0995E+04
0000405   3.2024E+05 -7.4706E+04 -1.6999E+04
0000406   8.5767E+04 -8.0220E+04  1.4165E+04
0000407   1.0988E+05  4.6128E+04  1.1373E+04
0000408   1.3391E+05 -2.8941E+04 -5.0999E+04
0000409   8.0654E+04 -3.4682E+04 -7.3214E+04
0000410   1.3806E+05  1.6191E+05 -2.5211E+03
0000411   1.1131E+05 -2.2887E+04  2.3924E+04
0000412   1.0139E+05 -5.8400E+04  5.0378E+04
0000413   1.9781E+05  2.1031E+04 -8.3069E+04
0000414   7.2929E+04 -9.6423E+03  4.1719E+03
0000415   8.8566E+04  4.6717E+04 -4.5166E+04
0000416   2.0441E+05 -4.9219E+04 -1.3855E+04
0000417   1.4610E+05 -8.4687E+04 -6.0834E+04
0000418   1.2289E+05  1.3249E+04 -5.3545E+03
0000419   2.1256E+05  4.3867E+04 -5.0898E+00
0000420   1.2253E+05  3.1551E+04  1.2471E+04
0000421   7.6237E+04 -1.8398E+03 -1.9127E+04
0000422   2.0909E+05 -1.2432E+05  9.2805E+04
0000423   2.1087E+05  5.7056E+04 -7.0093E+04
0000424   2.8916E+05  7.5701E+03 -5.9577E+04
0000425   1.9588E+05  4.1618E+04 -2.8362E+04
0000426   3.4680E+05 -2.7399E+04 -3.5185E+04
0000427   8.9301E+04  6.4509E+03 -6.3036E+04
0000428   2.1247E+05  1.4507E+05 -2.1093E+04
0000429   1.5070E+05  1.4690E+04  5.5011E+04
0000430   1.1923E+05 -1.0559E+05  2.6272E+04
0000431   1.0447E+05 -8.1551E+04 -3.2799E+04
0000432   2.6788E+05  7.0667E+03  4.2405E+04
0000433   1.2817E+05  9.2491E+04 -6.6848E+04
0000434   1.0099E+05  3.8403E+03  1.5572E+05
0000435   2.0446E+05  4.8813E+04 -4.1313E+04
0000436   2.0661E+05 -2.1699E+05 -4.1807E+04
0000437   6.8860E+04  3.7988E+03  1.0910E+05
0000438   1.5695E+05 -1.1848E+04  5.0922E+04
0000439   3.1665E+05 -1.4395E+05 -5.1717E+03
0000440   2.0122E+05 -7.5001E+04 -1.4812E+05
0000441   2.6393E+04  7.2483E+03  1.0794E+04
0000442   2.0103E+05  9.4097E+02 -2.0103E+04
0000443   1.2608E+05  1.8318E+04  1.7212E+04
0000444   1.3183E+05 -5.4333E+03  1.2374E+04
0000445   2.0345E+04 -3.4408E+04 -5.0691E+04
0000446   2.4661E+05  4.2167E+04  1.8228E+05
0000447   2.0298E+05 -1.6069E+04 -2.1688E+04
0000448   1.2298E+05  6.8422E+04  2.6825E+04
0000449   4.8041E+04 -3.4091E+04  4.0231E+03
0000450   1.7385E+05  1.3574E+04  3.6284E+04
0000451   1.4022E+05  2.7040E+04  4.8109E+04
0000452   9.3592E+04 -5.3921E+04  5.1068E+04
0000453   1.3197E+05 -7.2290E+04 -1.1086E+05
0000454   5.4009E+04 -7.0614E+04  1.5586E+03
0000455   8.4072E+04 -3.8148E+04 -6.2581E+04
0000456   1.8121E+05  5.0148E+04 -9.4919E+04
0000457   3.2714E+05 -9.0784E+04  1.1488E+05
0000458   2.0304E+05 -1.2907E+05  8.5099E+04
0000459   1.8310E+05  9.0441E+03 -1.3634E+05
0000460   8.2094E+04 -3.7474E+04  2.0111E+04
0000461   1.7806E+05  7.6737E+04 -6.3613E+03
0000462   2.5080E+05 -8.5730E+04 -7.7482E+04
0000463   2.4869E+05 -1.2203E+04  7.2340E+04
0000464   1.1412E+05 -7.4133E+04  5.0888E+04
0000465   1.4482E+05 -4.5846E+04  3.7184E+04
0000466   1.5539E+05  5.4724E+04  1.3588E+05
0000467   2.8826E+05 -2.7145E+04 -3.5988E+04
0000468   2.2502E+05  2.0357E+05  3.7089E+04
0000469   4.8226E+04 -6.8554E+03  4.1571E+03
0000470   2.0649E+05 -8.3089E+03 -5.1333E+04
0000471   8.4958E+04 -5.5083E+04  1.0799E+05
0000472   1.7097E+05 -2.9664E+04  1.2656E+05
0000473   2.5735E+05  1.0789E+05 -7.6453E+04
0000474   2.1763E+05  1.9052E+04 -3.3886E+04
0000475   1.2263E+05 -1.3564E+04  6.3328E+03
0000476   1.5080E+05  5.5408E+04  1.1779E+05
0000477   2.8996E+05  1.2318E+05  5.5876E+04
0000478   4.4677E+04 -7.2308E+04 -1.5696E+05
0000479   2.0078E+05  1.1284E+05 -9.2450E+04
0000480   1.2360E+05  6.4538E+04  3.8200E+04
0000481   3.1142E+05 -6.6028E+04 -4.3681E+04
0000482   1.4395E+05 -1.0401E+05  4.3091E+04
0000483   1.6118E+05 -1.0665E+04  1.0351E+05
0000484   1.6522E+05 -1.2732E+05 -6.3887E+04
0000485   3.8707E+05 -4.6983E+04  8.2623E+04
0000486   1.3954E+05 -2.1026E+04  3.0194E+04
0000487   2.3130E+05  7.2312E+04 -2.4573E+04
0000488   4.0909E+05  7.6905E+03 -1.6871E+05
0000489   7.2790E+04 -6.8118E+04 -8.1427E+04
0000490   9.6280E+04  1.0201E+03 -4.9769E+04
0000491   1.3580E+05  1.2433E+05  2.1110E+04
0000492   3.4114E+05  4.6857E+04  7.0068E+04
0000493   9.2918E+04 -2.7665E+04 -2.3902E+04
0000494   2.2850E+05 -8.8180E+04  3.0749E+04
0000495   1.2765E+05  6.9334E+04 -3.5671E+04
0000496   1.2821E+05 -1.3770E+04 -3.8928E+04
0000497   1.1826E+05  6.0140E+04 -2.5483E+04
0000498   3.0748E+05  5.3454E+04  7.1829E+04
0000499   1.9823E+05 -1.5763E+04  5.5142E+04
0000500   1.5126E+05  7.5359E+04 -3.9939E+04
0000501   1.9158E+05 -1.1246E+05  1.0179E+05
0000502   2.3508E+05  1.7401E+04 -3.3798E+04
0000503   1.4663E+05 -1.8701E+04  8.1279E+04
0000504   8.4433E+04 -1.5990E+04 -2.3469E+04
0000505   1.3658E+05  6.4093E+04 -2.8347E+04
0000506   9.0812E+04 -1.6853E+05  1.1267E+05
0000507   8.2812E+04  3.3637E+04  6.7883E+04
0000508   1.4453E+05 -6.6612E+04 -2.3198E+04
0000509   2.0936E+05  7.8203E+04 -1.7422E+04
0000510   1.4126E+05 -1.8491E+02 -6.8071E+04
0000511   2.4054E+05  1.8199E+04  2.0221E+03
0000512   1.5307E+05 -2.5487E+04  1.3664E+04
0000513   2.9575E+05 -4.9035E+04  7.4213E+03
0000514   1.5305E+05 -5.0022E+04  3.3956E+04
0000515   1.8884E+04 -2.3560E+04  3.6711E+04
0000516   1.5273E+05 -1.8530E+05  1.1990E+05
0000517   1.1725E+05  1.2808E+04  3.3891E+04
0000518   1.8636E+05  9.2897E+03  1.4898E+05
0000519   2.2289E+05  3.8613E+04 -2.5313E+04
0000520   1.9548E+05  2.7257E+04 -6.5700E+04
0000521   9.4860E+04  1.7698E+04  2.3971E+04
0000522   1.3684E+05  1.2184E+04  4.4789E+04
0000523   1.5330E+05 -3.8639E+04 -5.5320E+04
0000524   2.0706E+05  4.6141E+04 -9.3264E+04
0000525   2.2369E+05  3.9266E+04 -1.7030E+04
0000526   2.5533E+05 -2.8307E+04  6.8634E+04
0000527   3.6863E+05  1.0544E+05 -4.1810E+04
0000528   2.7048E+05  5.7579E+04  5.4723E+04
0000529   2.3172E+05  1.1822E+05 -1.1804E+05
0000530   1.0596E+05 -9.6877E+04 -7.0487E+04
0000531   2.5781E+05 -1.2419E+05  1.5814E+04
0000532   1.7218E+05 -2.1914E+04 -2.9190E+04
0000533   2.7859E+04  1.2951E+04  3.9324E+04
0000534   1.7776E+05  7.6437E+04 -1.9647E+03
0000535   2.2501E+04 -1.4562E+05  8.7849E+04
0000536   1.7430E+05  3.7993E+04  9.0488E+04
0000537   8.3538E+04  7.8094E+03 -2.5192E+03
0000538   8.4046E+04  8.4681E+04  4.1630E+03
0000539   6.3312E+04 -1.3495E+04 -2.3755E+04
0000540   1.3152E+05 -3.5985E+04 -2.6056E+04
0000541   3.0545E+05  9.0354E+04 -2.3726E+04
0000542   1.1097E+05 -6.3633E+04 -3.5330E+04
0000543   1.2245E+05 -4.4144E+04  2.2587E+04
0000544   3.1319E+05  5.1194E+04  6.2085E+03
0000545   9.8575E+04 -1.8312E+04  8.9512E+04
0000546   5.9213E+04 -1.3252E+04  3.3427E+04
0000547   3.7172E+05  1.0174E+05  1.8662E+05
0000548   1.0857E+05 -2.4542E+04 -6.0791E+04
0000549   5.8550E+04 -5.5918E+02  8.4854E+03
0000550   5.3120E+04 -1.4250E+04 -5.8576E+04
0000551   2.3146E+05  7.9727E+04  1.1457E+05
0000552   2.3514E+05 -2.6035E+04  8.0559E+04
0000553   1.8307E+04  8.0316E+04  1.3432E+05
0000554   9.5124E+04  1.6496E+05  5.5527E+04
0000555   2.0976E+05  1.2914E+05 -1.1743E+03
0000556   2.4527E+05  1.4038E+04  2.3999E+05
0000557   1.5485E+05  3.5390E+04 -6.3708E+03
0000558   2.6104E+05  2.1959E+04 -1.7562E+05
0000559   1.5592E+05 -7.4858E+04  4.6494E+04
0000560   1.5824E+05  1.5879E+05 -5.6720E+04
0000561   1.5824E+05  1.3337E+05  4.5846E+04
0000562   6.4605E+04 -1.7833E+04  1.4182E+04
0000563   1.7795E+05  6.4262E+04 -2.8218E+04
0000564   2.8799E+05  7.8133E+03  1.5426E+04
0000565   1.0594E+05 -9.7798E+03  2.2642E+04
0000566   3.7286E+04 -2.8043E+04  1.2139E+05
0000567   3.2907E+05 -6.1854E+04  6.7006E+03
0000568   1.6178E+05  6.6335E+04 -1.0971E+05
0000569   1.8878E+05 -4.4533E+04 -7.1975E+04
0000570   1.2203E+05 -1.4600E+05  2.8459E+04
0000571   5.8416E+04 -4.3602E+04 -3.2025E+04
0000572   1.6407E+05  4.8161E+04 -9.0030E+04
0000573   5.4401E+04 -3.4534E+04 -3.4669E+04
0000574   7.3378E+04 -1.0901E+05  1.8132E+04
0000575   2.7955E+05 -1.3125E+05 -5.1241E+03
0000576   1.9156E+05  4.3633E+04 -8.7078E+04
0000577   1.5658E+05  3.2360E+04 -4.1197E+04
0000578   2.8077E+05 -4.4046E+04  1.2102E+04
0000579   2.7524E+05 -1.9327E+04 -1.1996E+04
0000580   1.5298E+05 -1.0388E+05  2.8032E+04
0000581   2.0451E+05 -7.6531E+04 -9.4793E+04
0000582   2.0279E+05  4.9000E+04 -2.2588E+04
0000583   1.4350E+05 -4.9660E+03 -1.0802E+05
0000584   2.6536E+05  6.4514E+04 -1.1247E+05
0000585   3.8493E+04  4.3049E+04 -3.2634E+04
0000586   2.1241E+05 -1.5060E+04 -1.3318E+03
0000587   2.3981E+05 -5.0409E+04 -4.1603E+04
0000588   2.4754E+05  5.7829E+03  8.8901E+04
0000589   7.9037E+04 -3.8724E+03  3.4666E+04
0000590   1.4899E+05 -9.6643E+03 -5.6407E+04
0000591   1.6911E+05  1.0174E+05 -2.3128E+04
0000592   5.4139E+04  9.8115E+03 -6.4744E+02
0000593   1.5847E+05 -7.7290E+04 -3.5810E+04
0000594   9.6719E+04 -1.0259E+05  4.0573E+04
0000595   1.7133E+05  9.8771E+03 -5.5377E+04
0000596   2.4776E+05 -3.2282E+04  5.1633E+04
0000597   8.5784E+04 -3.2893E+04 -6.0088E+03
0000598   9.0390E+04  3.9960E+04  1.2469E+04
0000599   4.2757E+04  3.0370E+04  6.3066E+04
0000600   1.6965E+05  9.6220E+04 -4.9009E+04
0000601   2.1523E+05  5.8663E+04 -3.7379E+04
0000602   1.9231E+05 -1.9545E+04 -4.4011E+03
0000603   8.0545E+04 -1.6768E+04  1.9611E+03
0000604   1.9164E+05  1.0197E+05  6.2002E+04
0000605   1.1458E+05  4.1024E+04 -3.4990E+04
0000606   1.2137E+05  1.0576E+05 -2.4579E+04
0000607   9.5960E+04 -3.5435E+04  6.4267E+04
0000608   1.2974E+05 -5.6414E+04  4.2911E+04
0000609   5.0768E+04 -1.0718E+03  2.8463E+04
0000610   3.8443E+05 -5.0623E+04  2.1276E+04
0000611   2.7768E+04 -8.6262E+04 -1.0486E+04
0000612   2.4979E+05 -3.2882E+04 -6.8266E+04
0000613   2.9923E+05  1.3221E+05  1.3175E+04
0000614   2.1913E+05 -3.6758E+04  2.8640E+04
0000615   3.1568E+05 -6.2842E+04  9.1641E+04
0000616   2.4426E+05  1.8060E+05 -1.3709E+04
0000617   8.3572E+04  1.6352E+05 -1.1538E+05
0000618   9.9794E+04 -9.5387E+04 -4.5530E+04
0000619   3.9161E+05  9.4598E+04  9.7398E+04
0000620   1.9542E+05  1.2114E+05  6.1697E+04
0000621   2.4092E+05  7.7334E+03 -5.2035E+04
0000622   6.4976E+04 -6.1563E+04 -3.6642E+03
0000623   2.0158E+05  3.5047E+04 -7.3152E+04
0000624   2.2111E+04  1.2261E+05  5.2395E+04
0000625   1.9777E+05 -3.2826E+04 -4.2160E+04
0000626   8.4767E+04  8.6838E+03 -3.9350E+04
0000627   1.0938E+05  7.2438E+03 -2.8737E+04
0000628   1.9804E+05  8.2823E+04 -1.6254E+05
0000629   1.4334E+05 -9.6003E+03  9.8751E+03
0000630   1.6853E+05  4.9322E+04  2.5649E+04
0000631   2.3762E+05 -7.8099E+03 -8.5441E+04
0000632   1.9304E+05 -1.4340E+05 -1.4654E+04
0000633   9.4076E+04 -6.3156E+04  6.3128E+04
0000634   2.3602E+05 -6.4372E+04  8.3836E+04
0000635   8.7520E+04 -5.1856E+04 -2.0304E+05
0000636   5.7878E+04  3.0485E+04 -1.8446E+04
0000637   3.5491E+05 -1.9872E+05  1.3016E+05
0000638   1.4867E+05 -7.1102E+04  9.1904E+04
0000639   9.4402E+04  4.7901E+04  3.8496E+04
0000640   9.4441E+04  4.6059E+04 -2.2534E+04
0000641   3.2766E+04 -7.0764E+04  8.1150E+04
0000642   2.7021E+05 -2.2286E+04 -7.6546E+04
0000643   2.9622E+05  7.9621E+04 -5.3126E+04
0000644   1.7300E+05 -1.2020E+05  2.1325E+04
0000645   1.5657E+05  1.1269E+05 -5.3288E+03
0000646   1.5664E+05  2.2385E+04 -1.8563E+04
0000647   5.6439E+04 -8.6292E+03  4.1252E+04
0000648   2.4532E+05 -6.6433E+04 -3.1712E+04
0000649   9.2351E+04 -2.2677E+04 -1.5150E+05
0000650   1.4730E+05  7.5270E+04 -5.5709E+04
0000651   2.0994E+05  7.4711E+04 -1.0482E+05
0000652   1.8231E+05 -1.1461E+05  2.7604E+04
0000653   1.0324E+05 -2.0245E+03  1.3088E+02
0000654   1.2628E+05 -4.6230E+04  4.4521E+04
0000655   1.3790E+05  6.5692E+04 -7.5668E+03
0000656   1.9688E+05  5.0962E+04 -1.2327E+05
0000657   5.4163E+03  7.4469E+03 -9.5900E+04
0000658   8.4916E+04 -3.2887E+04  1.3619E+05
0000659   6.3665E+04 -2.4246E+04 -5.4395E+03
0000660   5.8989E+04  1.2141E+04  1.3439E+03
0000661   2.3434E+05  1.9649E+04  1.2779E+04
0000662   1.8491E+05 -2.8121E+04 -1.4393E+04
0000663   2.2679E+05 -8.5750E+04  9.2720E+03
0000664   5.0896E+04 -2.7994E+04  1.4635E+04
0000665   4.8618E+04  1.4350E+04  1.2648E+04
0000666   2.1830E+05 -7.6295E+04 -9.3810E+03
0000667   1.1839E+05 -6.2453E+04 -1.3817E+05
0000668   9.7613E+04 -3.8150E+04  1.5319E+04
0000669   2.4198E+05  6.5231E+04 -9.4609E+04
0000670   1.7275E+05  3.6392E+04 -1.7882E+05
0000671   2.1428E+05  8.7021E+04  5.3347E+04
0000672   1.4718E+05  3.1941E+04 -7.0460E+03
0000673   1.0467E+05 -9.6797E+04 -2.0288E+03
0000674   8.7911E+04 -1.5083E+05  1.3920E+05
0000675   1.6202E+05  1.6594E+05  1.0985E+05
0000676   2.5876E+05  4.5988E+04 -6.8228E+04
0000677   9.1028E+04  6.3710E+03  7.6859E+04
0000678   1.4492E+05 -3.6892E+04  6.4722E+04
0000679   2.0991E+05  1.0776E+05  3.6077E+04
0000680   1.7595E+05 -2.4988E+04  2.7576E+04
0000681   1.7945E+05 -1.9201E+03  6.3114E+04
0000682   1.6970E+05  4.6142E+03 -7.4236E+04
0000683   2.3883E+05 -4.1932E+04 -9.4007E+04
0000684   5.0395E+04  1.5929E+04 -1.6406E+04
0000685   9.4748E+04  2.9369E+04  4.8567E+04
0000686   4.0428E+04 -1.0648E+05  4.7937E+04
0000687   1.7406E+05 -8.4443E+04  6.1326E+04
0000688   9.8409E+04  1.6647E+04 -2.0175E+04
0000689   2.4311E+05 -6.0582E+03  3.6703E+04
0000690   2.0619E+05  1.4143E+04 -6.8304E+04
0000691   4.5940E+04  3.5714E+04 -4.1438E+04
0000692   7.3161E+04  2.4743E+04  6.1748E+04
0000693   1.5503E+05  2.2410E+04 -5.7464E+04
0000694   2.6802E+05 -9.0474E+04  1.3181E+05
0000695   1.7506E+04  1.6723E+04 -1.2792E+04
0000696   1.3539E+05 -6.7671E+03 -8.2390E+04
0000697   1.5963E+05  2.7306E+04  3.7891E+04
0000698   9.2778E+04 -3.1396E+04 -8.6437E+04
0000699   1.5924E+05 -1.1040E+05 -6.7144E+04
0000700   1.9106E+05  9.6044E+04 -7.4647E+03
0000701   1.3351E+05 -2.5105E+04  1.6885E+04
0000702   1.6496E+05  2.1534E+03  1.7177E+04
0000703   1.3363E+05 -1.2624E+05 -9.9189E+02
0000704   1.5307E+05 -2.9907E+03  1.0584E+05
0000705   2.4824E+05 -5.5337E+04  3.5537E+04
0000706   1.4286E+05  4.0885E+04  3.0106E+04
0000707   1.8839E+05  8.4203E+03  2.2441E+04
0000708   9.5465E+04  2.3702E+04  1.1112E+04
0000709   2.2186E+05 -3.2284E+04  2.8550E+04
0000710   2.4169E+05 -7.4275E+03  6.9670E+03
0000711   1.0544E+05 -8.1535E+04  1.5616E+04
0000712   6.2475E+04 -6.6657E+04  1.2993E+04
0000713   2.0898E+05 -7.6844E+04  3.6676E+04
0000714   7.4400E+04  4.8127E+04 -5.7149E+04
0000715   2.1964E+05 -1.2507E+04 -6.6245E+04
0000716   2.2027E+05  7.7060E+04  6.4482E+03
0000717   1.0655E+05 -2.4256E+04  3.8673E+04
0000718   2.3410E+05  1.1048E+05  1.6092E+05
0000719   1.5738E+05  5.9954E+04 -6.5386E+04
0000720   2.7434E+05 -4.4857E+04 -8.5661E+04
0000721   1.9558E+05  3.9272E+03  1.8744E+04
0000722   1.6992E+05 -5.3643E+04 -6.7979E+03
0000723   1.3215E+05  1.3910E+04 -1.0711E+05
0000724   1.1704E+05  9.4828E+04 -4.0055E+04
0000725   1.2834E+05  2.5827E+04 -4.6762E+04
0000726   2.2759E+05 -3.6313E+04 -6.9492E+04
0000727   1.8228E+05  5.9010E+04 -3.1277E+04
0000728   1.8586E+05  4.1039E+04 -1.2648E+05
0000729   1.7430E+05 -3.6800E+03  9.7351E+04
0000730   1.3428E+05  1.3480E+05 -7.9624E+04
0000731   8.6180E+04 -6.6164E+04  1.4638E+05
0000732   4.1546E+04  9.3850E+04 -1.1340E+04
0000733   1.2669E+05  2.2982E+05  4.0279E+04
0000734   7.4335E+04  8.4762E+04 -1.6913E+05
0000735   3.9917E+04  1.7312E+04 -7.9241E+03
0000736   1.7287E+05 -3.9028E+04  5.0513E+04
0000737   1.7195E+05 -9.0454E+04  6.6284E+04
0000738   4.7250E+04 -1.1791E+04  3.0917E+03
0000739   1.5597E+05 -3.3473E+04 -1.2043E+04
0000740   7.7709E+04 -1.0490E+05 -2.9038E+04
0000741   1.3764E+05  1.0025E+05 -6.8117E+04
0000742   1.7134E+05 -3.3534E+04 -1.1729E+05
0000743   1.7184E+04  7.0473E+04  5.4409E+04
0000744   1.7678E+05 -8.2226E+04  6.7723E+04
0000745   1.9575E+05  4.6275E+04 -1.1751E+05
0000746   1.0424E+05  5.2983E+04  1.7050E+04
0000747   2.5431E+05  3.0211E+04 -4.2305E+03
0000748   4.8832E+04 -3.2645E+04  8.8599E+04
0000749   2.8936E+05  5.3567E+04  7.0264E+04
0000750   1.7607E+05  2.6996E+03  3.1427E+04
0000751   8.5589E+04  1.1183E+05  4.4542E+03
0000752   1.0228E+05  1.4421E+05 -5.7073E+04
0000753   5.2691E+04 -3.1993E+02 -2.1842E+04
0000754   1.2932E+05 -1.0121E+05  5.1134E+03
0000755   6.0689E+04  5.0308E+04 -1.5328E+04
0000756   7.3135E+04 -4.2859E+04  2.6897E+04
0000757   1.3180E+05  1.2119E+05 -9.2310E+04
0000758   1.4882E+05  2.2269E+04 -9.6837E+03
0000759   1.7950E+05 -7.3761E+04 -7.0225E+04
0000760   4.3832E+04 -1.4192E+03 -1.9657E+04
0000761   1.4691E+05 -2.0931E+04 -9.2474E+04
0000762   1.2202E+05 -8.9348E+03 -2.3065E+04
0000763   1.5862E+05  2.2110E+04 -8.4574E+04
0000764   1.7178E+05 -3.7000E+04 -6.4300E+04
0000765   1.3289E+05 -1.8126E+03  1.3324E+05
0000766   2.1936E+05  2.2973E+04  1.3951E+03
0000767   2.0282E+05 -6.5286E+04  1.6975E+04
0000768   1.6734E+05  4.7232E+04  5.9171E+03
0000769   1.9135E+04  3.1921E+03  7.4062E+04
0000770   1.8600E+05 -4.0503E+04 -3.4227E+04
0000771   7.1962E+04  1.5397E+04 -2.5922E+04
0000772   5.9858E+04 -3.1225E+04  5.8439E+04
0000773   1.1535E+05 -3.0949E+04  6.9660E+04
0000774   1.9687E+05 -8.0086E+04  2.0711E+04
0000775   3.5781E+05  7.2625E+04 -3.1091E+04
0000776   1.7744E+05  5.9014E+04  8.4993E+04
0000777   2.0671E+05  5.3726E+04 -8.7811E+04
0000778   1.3859E+05  9.0060E+04  8.8760E+04
0000779   2.1694E+05  1.0045E+04 -2.2529E+04
0000780   2.6657E+05 -7.0596E+04 -4.3993E+04
0000781   1.5559E+05  4.3591E+04  1.0703E+04
0000782   2.1149E+05 -8.8752E+04  4.9906E+04
0000783   2.6879E+05  3.8535E+04  4.2596E+04
0000784   1.1879E+05  1.2007E+05  1.0922E+05
0000785   1.2231E+05 -2.6554E+04 -5.5032E+04
0000786   1.9458E+05 -1.0207E+05  1.0431E+03
0000787   9.2885E+04  5.9012E+03 -9.0670E+03
0000788   7.8584E+04  1.0045E+04  9.2132E+04
0000789   2.3628E+04  4.1899E+04  1.8510E+04
0000790   1.3984E+05  2.1825E+04  1.2800E+05
0000791   2.0451E+05 -9.4622E+03  9.0104E+04
0000792   2.4598E+05  4.4548E+04  3.0703E+04
0000793   1.3273E+05 -2.1226E+04 -3.0256E+03
0000794   1.1642E+05  3.9125E+04 -2.6126E+04
0000795   2.1096E+05  1.5735E+05  2.5574E+04
0000796   5.1536E+04  1.2266E+04 -2.6940E+04
0000797   1.0003E+05 -2.4117E+04  1.0489E+05
0000798   3.1652E+04  6.3842E+04 -1.3517E+05
0000799   1.7764E+05  4.9490E+04  1.4457E+04
0000800   2.5891E+05  1.1012E+05 -8.1504E+04
0000801   3.0278E+05  1.5402E+04 -4.6335E+04
0000802   1.6448E+05  2.1003E+04  5.7102E+03
0000803   1.1226E+05  2.9665E+04 -7.0564E+03
0000804   2.0017E+05  2.8169E+04 -2.3302E+04
0000805   1.3488E+05  2.8522E+04 -4.0849E+04
0000806   6.9827E+04  6.8666E+04  1.4330E+04
0000807   2.0936E+05  1.8460E+05  1.3712E+03
0000808   2.3260E+05  9.5182E+03  7.2429E+04
0000809   4.3106E+04  8.3665E+04 -1.0315E+04
0000810   1.9699E+05 -1.0056E+05  6.1168E+04
0000811   6.9770E+04  1.6006E+03 -1.3824E+04
0000812   2.2159E+05  8.7833E+04 -4.8998E+04
0000813   2.2770E+05  1.8182E+04 -3.3669E+04
0000814   1.2590E+05 -6.7103E+04 -4.3452E+03
0000815   1.2291E+05  8.1485E+04 -1.0798E+04
0000816   2.4914E+05  4.7240E+04 -8.5838E+04
0000817   2.5969E+05 -1.1041E+05  7.6727E+04
0000818   1.8359E+05  6.3826E+04 -1.3803E+05
0000819   2.3433E+04  1.3959E+05  6.6547E+04
0000820   5.4622E+04  5.8357E+04 -5.3624E+04
0000821   1.5256E+05  5.4570E+04 -5.6224E+03
0000822   9.1263E+04  1.0430E+04 -2.5803E+04
0000823   5.5853E+04 -2.0756E+04  2.5585E+04
0000824   1.9959E+05  2.3383E+04 -6.7382E+04
0000825   7.2977E+04  7.8166E+04 -1.8783E+04
0000826   1.5119E+05  3.3135E+04 -1.2809E+05
0000827   2.1775E+05  3.3999E+04 -3.8672E+03
0000828   1.9281E+05 -2.4193E+03  1.2624E+02
0000829   1.6082E+05  4.3411E+04  3.6680E+04
0000830   1.9496E+05  2.9344E+03  3.6475E+03
0000831   1.7447E+05  1.0021E+05 -8.3460E+04
0000832   1.2533E+05 -4.7873E+04 -2.7321E+04
0000833   2.6553E+05  1.3034E+04 -8.3401E+04
0000834   1.1623E+05  8.2986E+04  2.1358E+04
0000835   2.7218E+05  1.1208E+05 -1.2000E+04
0000836   2.4951E+05  3.9749E+04 -7.4759E+03
0000837   1.4885E+05  5.1540E+04 -9.7891E+04
0000838   2.8385E+05 -2.0257E+04 -4.1003E+03
0000839   3.3213E+05  1.6643E+04  9.9036E+04
0000840   1.5618E+05 -8.5537E+04  4.4012E+04
0000841   2.4942E+05  9.4945E+04  1.2567E+04
0000842   1.8006E+05  7.8696E+04 -2.9768E+04
0000843   2.2821E+05  7.3613E+03 -4.8958E+04
0000844   1.9054E+05  6.8454E+04  1.3017E+05
0000845   3.4985E+04 -3.2006E+04  1.7042E+04
0000846   2.1143E+05 -1.1182E+05 -8.2226E+03
0000847   2.6678E+05 -9.9039E+04 -9.3020E+04
0000848   1.1577E+05 -1.8304E+04  1.9062E+03
0000849   5.7638E+04  4.5612E+04 -3.8673E+04
0000850   1.2304E+05 -3.2793E+04  8.8823E+03
0000851   1.3970E+05  1.2042E+05  3.0974E+04
0000852   6.2390E+04 -5.9428E+04 -1.3615E+04
0000853   1.5691E+05  8.4159E+04 -6.9847E+04
0000854   1.2416E+05  5.6167E+04 -8.7579E+04
0000855   1.5732E+05 -6.3547E+04 -2.1204E+04
0000856   1.9796E+05  3.7754E+04  7.2668E+04
0000857   2.4445E+05 -8.8478E+04 -5.6108E+04
0000858   1.1444E+05  1.6102E+03 -9.5484E+03
0000859   1.2717E+05 -6.3369E+04  4.8532E+04
0000860   1.8470E+05  8.1530E+04  1.2897E+05
0000861   1.9775E+05 -9.2324E+02  1.6394E+04
0000862   8.3360E+04 -5.4450E+04 -2.1289E+04
0000863   1.5988E+05  4.0559E+04  1.0179E+05
0000864   2.4610E+05 -1.1224E+04  7.6933E+04
0000865   1.5019E+05 -4.4475E+04 -4.1051E+03
0000866   9.2719E+04  8.3144E+03 -9.5077E+04
0000867   9.2691E+04 -9.0224E+03 -1.8517E+04
0000868   1.3072E+05  2.6740E+04 -1.7020E+04
0000869   1.7315E+05  1.3785E+05  5.0700E+04
0000870   1.8185E+05  4.9199E+04  6.9312E+03
0000871   2.3814E+05  5.2471E+04 -4.5698E+04
0000872   1.6654E+05 -5.6087E+04 -5.6019E+02
0000873   1.5484E+05  2.4328E+03  8.5808E+04
0000874   1.2836E+05 -7.1049E+03 -1.2955E+05
0000875   1.6982E+05  2.9066E+04 -8.6406E+03
0000876   2.1501E+05  3.6869E+04  5.4034E+04
0000877   1.1082E+05  6.2431E+03 -1.1213E+04
0000878   3.0705E+05  1.2548E+05 -7.0495E+04
0000879   1.7921E+05  6.1588E+04 -8.0019E+03
0000880   2.6306E+05  3.8513E+03 -1.7533E+04
0000881   9.5645E+04 -5.6544E+04 -5.2814E+03
0000882   1.5979E+05  3.9850E+03  2.8273E+04
0000883   7.8588E+04 -8.6215E+03  1.0429E+05
0000884   1.7910E+05  2.7441E+04  4.6507E+04
0000885   2.0200E+05  1.0529E+05  5.7537E+04
0000886   2.2962E+05 -1.0218E+05 -6.9295E+04
0000887   1.6916E+05  6.1555E+04  3.0725E+04
0000888   2.8349E+05  1.0781E+05 -6.3800E+04
0000889   1.5759E+04 -9.6003E+04 -1.0245E+05
0000890   1.6888E+05  2.9175E+04  3.2873E+04
0000891   1.2357E+05 -1.1923E+04 -8.2148E+04
0000892   2.0885E+05  3.6506E+04  4.0716E+03
0000893   2.5787E+05 -7.0332E+04  9.3745E+04
0000894   5.9728E+04  7.5652E+04 -5.1864E+04
0000895   2.4547E+05 -3.3298E+04  4.1415E+04
0000896   5.7103E+04  3.1644E+04  2.0378E+03
0000897   7.0442E+04 -3.6434E+04  1.1323E+04
0000898   1.7716E+05  1.9538E+04  5.4502E+04
0000899   1.1411E+05 -2.9712E+04  1.9350E+04
0000900   1.7359E+05  1.6343E+04 -6.1757E+04
0000901   1.8838E+05 -2.1795E+04 -7.4843E+03
0000902   2.7420E+05  6.2615E+04 -1.4252E+05
0000903   1.3786E+05  7.3743E+03 -7.7546E+04
0000904   2.2441E+05 -4.6963E+04 -2.8618E+04
0000905   1.5742E+05  6.1184E+04 -6.0427E+04
0000906   6.6834E+04  1.0960E+05  9.4010E+03
0000907   1.6323E+05 -2.5750E+04 -1.0891E+05
0000908   1.5960E+05  6.2830E+04 -1.0947E+05
0000909   6.4335E+04  5.0460E+04  1.1656E+04
0000910   7.9957E+04 -4.7159E+03  2.9775E+04
0000911   1.5465E+04  7.7187E+03 -1.4117E+04
0000912   2.5186E+05  1.6952E+05  1.0399E+04
0000913   2.7551E+05  2.5485E+04 -4.1498E+04
0000914   3.9435E+04  3.0721E+04 -3.8691E+04
0000915   1.5292E+05 -1.5627E+04  7.6318E+02
0000916   2.4342E+05 -4.8957E+04  3.3487E+04
0000917   7.6436E+04 -6.3663E+03  6.0190E+04
0000918   2.5740E+05  1.0271E+05  1.7074E+04
0000919   1.2274E+05 -4.8444E+04 -5.8855E+04
0000920   1.1849E+05 -8.9882E+04 -3.5135E+04
0000921   1.6269E+05 -5.1537E+04  4.1249E+04
0000922   1.0822E+05  8.0882E+04  2.5597E+04
0000923   2.0267E+05 -9.3563E+01  7.2851E+04
0000924   1.1354E+05 -4.8537E+04  2.6198E+04
0000925   1.7259E+05  5.0096E+04  7.2422E+04
0000926   1.8345E+05 -5.5489E+04  1.8942E+04
0000927   1.8887E+05 -9.6807E+04 -2.0342E+04
0000928   3.1966E+05  8.1396E+03  2.4745E+04
0000929   1.1214E+05  6.3509E+04  1.7760E+03
0000930   1.4540E+05  2.5183E+04  2.9982E+04
0000931   2.6687E+05 -2.2354E+05  1.6854E+05
0000932   1.0135E+05  5.9390E+04  5.4977E+04
0000933   8.8415E+04 -2.3823E+04 -4.7502E+04
0000934   2.7423E+05 -5.3721E+04  7.4726E+04
0000935   1.1218E+05 -1.1445E+05 -8.6404E+04
0000936   1.6816E+05  2.1780E+04  3.7242E+04
0000937   1.4263E+05 -8.2635E+04  1.4209E+04
0000938   1.2929E+05  1.7076E+05 -2.3116E+05
0000939   1.6120E+05 -4.4317E+03  1.8547E+05
0000940   8.4966E+04 -4.3564E+04 -1.1322E+04
0000941   2.6757E+05 -3.8003E+04  7.5537E+04
0000942   2.4985E+05  1.5010E+03 -4.5363E+04
0000943   1.2355E+05 -1.1644E+04 -1.1784E+04
0000944   3.8896E+04  9.1777E+03  1.7128E+03
0000945   7.5437E+04  8.5508E+04  3.3386E+04
0000946   1.8583E+05  7.3551E+04 -8.2080E+04
0000947   3.2037E+05 -8.8605E+04  2.9633E+04
0000948   2.2690E+05 -7.8433E+04 -4.4318E+04
0000949   3.5653E+05 -1.1232E+05  3.2746E+04
0000950   6.4679E+04  4.2743E+04 -4.7677E+04
0000951   2.3510E+05  7.7815E+04 -2.6557E+04
0000952   1.4675E+05  3.1587E+04 -1.0885E+05
0000953   1.8981E+05  3.6341E+04  1.3677E+04
0000954   1.3114E+05 -5.6588E+04  3.5645E+04
0000955   1.8052E+05  1.2596E+04 -5.2084E+04
0000956   8.7872E+04  3.2135E+04 -1.4709E+05
0000957   1.5003E+05 -3.0573E+03  4.8855E+04
0000958   6.4862E+04 -5.5410E+04 -6.7527E+04
0000959   7.8717E+04  1.8690E+04 -1.7442E+05
0000960   1.2632E+05 -9.9056E+04  2.7295E+04
0000961   5.4611E+03 -5.1062E+03 -1.5175E+04
0000962   8.3562E+04 -5.5899E+04  1.0387E+05
0000963   1.4606E+05 -1.2226E+05 -9.1164E+04
0000964   2.4622E+05  1.8142E+05  1.4945E+04
0000965   1.2356E+05 -2.8302E+04  2.2632E+04
0000966   1.3266E+05 -4.3991E+04 -1.2283E+04
0000967   8.0697E+04 -3.9280E+04  5.7728E+03
0000968   1.3118E+05  1.9367E+04 -2.9209E+03
0000969   6.6491E+04  3.4448E+04 -4.0724E+04
0000970   2.1638E+03 -6.3482E+03 -3.2871E+04
0000971   5.6823E+04 -6.1856E+04  4.4031E+04
0000972   1.8020E+05  5.8801E+04 -1.8894E+05
0000973   1.5149E+05 -8.7247E+04  3.1642E+04
0000974   1.6880E+05  1.0173E+04  5.5959E+04
0000975   2.3043E+05  8.6600E+04  1.0864E+05
0000976   4.3587E+04  2.9911E+03 -1.5804E+04
0000977   2.1533E+05  9.9085E+04 -1.6015E+04
0000978   1.1716E+05  1.3885E+04  7.8897E+04
0000979   2.7352E+05  6.4312E+04 -8.5699E+04
0000980   2.9086E+05 -7.8174E+04 -1.4692E+04
0000981   1.1589E+05  1.9808E+04 -8.0681E+03
0000982   2.0885E+05 -8.8607E+04 -2.6226E+04
0000983   1.9591E+05 -1.7034E+04 -8.9819E+03
0000984   2.7547E+05 -8.7182E+03  1.6662E+04
0000985   1.3066E+05 -8.0277E+04 -2.3047E+04
0000986   1.5291E+05 -2.1157E+04 -4.1719E+04
0000987   2.7788E+05  2.5717E+04  5.0752E+04
0000988   1.5033E+05 -1.2445E+04 -1.2939E+04
0000989   2.5372E+05 -1.0138E+05 -5.1786E+04
0000990   1.4344E+05 -8.9895E+04 -8.8293E+04
0000991   9.2053E+04  1.3143E+05 -1.2399E+05
0000992   6.9323E+04 -1.4645E+04  2.9883E+04
0000993   2.0763E+05 -2.7877E+02  5.1566E+04
0000994   1.3069E+05  6.0929E+03  6.0479E+03
0000995   2.0656E+05  8.1751E+04  1.2876E+05
0000996   1.4180E+05  4.4401E+03 -2.4209E+04
0000997   1.9316E+05  4.7628E+04 -1.1225E+05
0000998   3.3887E+04  1.2797E+04 -8.0246E+04
0000999   8.5208E+04  6.6968E+03  2.7374E+04
0001000   1.5184E+05 -9.2563E+04  2.5926E+04
