============================== SRIM-2013.00 ==============================
==============================================================================
====== SRIM Outputs\RANGE_3D.txt : File of Final Ion Positions =====

Ion = Ar (18)   Ion Mass= 039.9620
Energy  = 1048113.E-04 keV
Ion Angle to Surface = 00.0 degrees
==================== TARGET =======================
  Layer # 1 - Layer 1
  Layer # 1 - Bottom Depth=500000.E+02 A
  Layer # 1 - Density =0000.0071 g/cm3
  Layer # 1 -  100 % of Ar
様様様様様様様様様様様様様様様様様様様様様様様様様様
                                            
Ion       Depth  X   Lateral Y   Lateral Z  
Number    (Angstrom) (Angstrom)  (Angstrom) 
-------  ----------- ----------- -----------
0000001   7.0498E+05  2.5615E+05  1.1215E+05
0000002   4.9794E+05  2.0875E+05 -3.3807E+05
0000003   4.0496E+05  1.2908E+04 -2.5394E+05
0000004   3.8187E+05  2.7207E+04 -6.2181E+04
0000005   7.1857E+05  3.7995E+05  1.8831E+05
0000006   3.3965E+05  2.4152E+05  9.6562E+04
0000007   4.1741E+05 -4.6658E+04 -5.1037E+05
0000008   8.0545E+05 -1.8962E+05  3.2850E+04
0000009   4.6348E+05  9.1904E+04  1.8142E+05
0000010   1.5255E+05 -1.1164E+05 -1.9335E+03
0000011   5.8645E+05 -7.1211E+04 -6.5045E+01
0000012   3.6788E+05 -3.3224E+04  1.6654E+05
0000013   5.1248E+05 -4.3555E+04 -1.3684E+05
0000014   3.8232E+05 -4.0126E+05  1.8712E+04
0000015   6.2065E+04  1.2383E+05  1.8580E+05
0000016   4.1510E+05  4.0928E+04 -5.3468E+03
0000017   5.3388E+05 -2.4738E+05  6.3537E+04
0000018   4.0164E+05 -1.0310E+05 -9.8382E+04
0000019   5.2717E+05  3.7177E+05 -2.2075E+05
0000020   7.8810E+05 -2.6326E+05  1.3439E+05
0000021   2.9876E+05 -6.4420E+04 -2.4781E+05
0000022   2.1283E+05 -4.7854E+04 -4.0638E+04
0000023   8.9440E+05  9.2474E+04 -3.5630E+04
0000024   4.4933E+04 -2.7489E+05  2.0070E+05
0000025   7.0740E+05  2.4274E+05 -4.2308E+04
0000026   3.0826E+05  4.5393E+05 -3.0911E+05
0000027   5.6221E+04 -5.4653E+04  2.9438E+04
0000028   4.1468E+05 -7.3118E+04 -1.8372E+05
0000029   9.6357E+05 -7.3288E+03  5.3161E+05
0000030   5.8240E+05  1.7128E+05 -2.2893E+05
0000031   3.7030E+05  4.2799E+05 -3.6748E+05
0000032   2.3235E+05 -9.9263E+04  2.5053E+05
0000033   6.5933E+05  1.4499E+05 -1.6237E+05
0000034   7.8296E+05  2.6181E+05 -2.0415E+05
0000035   5.0828E+05 -1.0338E+05 -3.5541E+05
0000036   2.8448E+05  2.7621E+05  2.8239E+05
0000037   6.0277E+05  4.5772E+04 -5.5455E+04
0000038   4.8939E+05 -2.7772E+05  1.5149E+05
0000039   5.1164E+05 -2.6168E+05 -1.2761E+05
0000040   6.7566E+05 -1.0904E+05  3.2502E+05
0000041   5.2730E+05 -4.5751E+04 -1.7096E+05
0000042   9.1395E+05 -2.5641E+05  1.2084E+05
0000043   4.7455E+05  1.9429E+05  3.5022E+04
0000044   1.9223E+05 -1.2495E+05  4.7282E+04
0000045   3.6125E+05  3.1118E+05  2.8029E+04
0000046   5.1463E+05 -1.7458E+05 -4.3165E+05
0000047   8.3039E+05  1.0769E+05 -4.2718E+05
0000048   3.6347E+05 -5.0096E+04 -3.4409E+04
0000049   8.6873E+05  3.0343E+05 -1.4753E+05
0000050   4.5804E+05 -5.1406E+04  1.2792E+05
0000051   4.8088E+05  4.2199E+04 -1.2074E+05
0000052   6.1463E+05  3.8349E+05 -3.9103E+05
0000053   6.2577E+05  2.0136E+05 -5.6761E+04
0000054   6.7826E+05 -2.3055E+05 -1.5291E+05
0000055   6.9030E+05  1.4849E+05  1.3620E+05
0000056   3.3387E+05 -2.0013E+05  2.4523E+04
0000057   2.6579E+05 -4.2265E+05 -2.3323E+05
0000058   6.8004E+05 -1.2196E+05 -1.6090E+03
0000059   3.3573E+05  1.7435E+05  3.4597E+05
0000060   2.7268E+05  1.5514E+05  2.9561E+05
0000061   2.5347E+05  2.5542E+05 -2.5556E+05
0000062   1.4197E+05  1.4276E+05  1.0210E+03
0000063   4.8854E+05  5.8513E+04  2.9895E+05
0000064   9.5360E+05  3.1093E+05  2.2198E+05
0000065   2.9225E+05  9.1572E+04  1.1963E+05
0000066   4.8187E+05  2.3371E+05 -4.1088E+05
0000067   1.1165E+05 -4.3091E+04  8.6076E+04
0000068   4.5448E+05  1.9170E+04 -2.7847E+05
0000069   5.1257E+05  2.4576E+05  1.0828E+04
0000070   6.1257E+05  4.2882E+05  1.0451E+05
0000071   4.4831E+05 -2.4974E+05 -2.7474E+04
0000072   6.3972E+05 -7.3990E+04  6.1872E+04
0000073   8.1977E+05 -7.0290E+04 -4.0982E+05
0000074   5.4521E+05 -1.7728E+05  3.5342E+04
0000075   3.5002E+05  5.7803E+04  2.3879E+04
0000076   5.1195E+05 -9.2466E+04 -4.2328E+03
0000077   4.0397E+05  9.8595E+04 -3.7828E+05
0000078   8.1628E+05  1.8926E+05 -2.5658E+05
0000079   6.4746E+05  1.8477E+04 -2.2323E+04
0000080   7.3549E+05 -2.1685E+05 -9.8038E+04
0000081   4.9906E+05  2.8052E+05  4.0723E+04
0000082   3.9110E+05  1.8549E+05 -1.5041E+05
0000083   1.2505E+05  1.0832E+05  6.4169E+04
0000084   9.7378E+05 -4.9073E+04 -2.7331E+05
0000085   5.0286E+05  3.1968E+05 -3.3147E+05
0000086   3.2624E+05  3.6033E+05  2.5090E+05
0000087   2.7289E+05 -3.9347E+05  2.1875E+05
0000088   7.0092E+05 -1.0618E+04 -3.3112E+05
0000089   5.3845E+05  2.0361E+05 -6.0662E+04
0000090   5.2632E+05  1.0808E+05  1.5278E+05
0000091   4.3388E+05 -7.9977E+03 -3.6899E+04
0000092   2.6541E+05 -9.1492E+04 -4.3436E+04
0000093   6.4970E+05  3.9801E+05  2.0457E+05
0000094   4.9215E+05  6.4735E+04 -4.3196E+04
0000095   3.6385E+05  1.0427E+05 -1.3257E+05
0000096   6.9699E+05  2.8605E+05  3.2816E+05
0000097   1.0326E+06 -1.0853E+05 -7.1742E+04
0000098   2.2116E+05  6.4339E+04  1.0873E+05
0000099   5.4987E+05 -2.9346E+05  2.5886E+05
0000100   3.7420E+05  4.9937E+04  2.5831E+04
0000101   3.0511E+05  3.6576E+05 -3.3927E+05
0000102   5.5144E+05  1.7713E+04 -7.5670E+04
0000103   4.4708E+05 -2.4077E+05  7.1301E+04
0000104   3.4136E+05  9.8044E+04  2.2913E+05
0000105   3.0143E+05  3.5745E+04  1.1563E+03
0000106   7.3702E+05 -1.6584E+05  1.9787E+05
0000107   3.9725E+05  1.6317E+05  6.6719E+04
0000108   2.2384E+05 -1.3060E+04  1.1053E+05
0000109   2.5155E+05 -8.7520E+04  1.2073E+05
0000110   4.5476E+05 -2.5798E+05  7.3806E+04
0000111   5.2799E+05  1.6339E+05 -2.0871E+04
0000112   8.5480E+05 -1.4585E+04  1.9898E+05
0000113   7.2997E+05  1.0144E+05 -2.0863E+05
0000114   2.8998E+05  3.0305E+03 -1.0054E+05
0000115   7.8851E+05 -4.7186E+03  1.7306E+05
0000116   4.9644E+05 -3.5378E+05  5.7736E+03
0000117   2.6629E+05  1.0983E+05  2.0158E+05
0000118   3.5205E+05 -2.0447E+05  4.7346E+05
0000119   2.1958E+05  1.4700E+03 -1.4031E+04
0000120   5.3415E+05 -6.3324E+04  3.6681E+04
0000121   6.1060E+05 -2.5270E+05 -1.1928E+04
0000122   7.3218E+05  1.9672E+05 -6.9248E+04
0000123   3.4512E+05  6.2314E+04 -1.0222E+05
0000124   5.9240E+05  1.8678E+05 -7.6589E+04
0000125   3.7838E+05 -9.5359E+04 -6.5043E+04
0000126   4.4470E+05 -5.8265E+05  5.9529E+04
0000127   5.6711E+05 -8.9648E+04  9.0805E+03
0000128   3.1800E+05 -9.0888E+04 -2.8855E+04
0000129   6.4976E+05 -2.2705E+05  1.7842E+05
0000130   5.6201E+05 -9.5935E+04  3.7331E+04
0000131   1.9846E+05 -1.2912E+04  2.5754E+05
0000132   3.3647E+05 -1.5616E+05  4.7496E+05
0000133   3.3833E+05 -2.4498E+05 -1.7844E+05
0000134   4.6550E+05  2.3901E+05 -3.2006E+05
0000135   6.4617E+05  1.0317E+05 -2.2573E+05
0000136   5.9153E+05 -1.7307E+04 -4.0026E+05
0000137   7.3307E+05  1.4466E+05  4.8249E+05
0000138   2.3907E+05  2.3718E+04 -3.0967E+04
0000139   8.1309E+05 -3.4035E+04  6.2078E+03
0000140   7.7577E+05  1.6842E+05 -3.0405E+04
0000141   4.2795E+05 -2.8421E+03  3.4714E+05
0000142   3.2176E+05  1.2017E+05  6.8483E+04
0000143   3.9508E+05 -5.2902E+05 -3.8848E+05
0000144   7.5545E+05  1.3487E+05  3.3775E+04
0000145   3.7903E+05 -2.0206E+05  4.4625E+04
0000146   1.3517E+05  1.1067E+05 -7.0300E+04
0000147   8.0054E+05  2.1948E+05 -1.4096E+05
0000148   3.3467E+05  3.1794E+05  4.9605E+04
0000149   5.8008E+04  6.7508E+04  2.5017E+05
0000150   6.7073E+05  2.9803E+04 -1.6114E+05
0000151   6.6684E+05 -3.1866E+04 -1.1976E+04
0000152   3.4961E+05 -1.1012E+04 -1.4688E+05
0000153   4.2559E+05  9.6988E+04 -8.9779E+04
0000154   5.8755E+05  2.2275E+04 -3.1256E+03
0000155   4.7453E+05 -2.1664E+04  3.5717E+05
0000156   3.0377E+05 -1.4506E+05  6.1028E+04
0000157   4.5725E+05 -1.5567E+05 -1.0845E+05
0000158   9.1834E+05 -7.8774E+04 -1.6760E+05
0000159   2.8978E+05  1.3621E+05 -2.3970E+05
0000160   7.4550E+05 -3.4727E+05 -3.6230E+04
0000161   7.3132E+05  1.7960E+05  1.1045E+05
0000162   6.1323E+05 -8.3274E+04 -1.9613E+05
0000163   4.7030E+05 -2.2579E+04 -9.4440E+03
0000164   4.2210E+05 -2.6716E+04  4.4641E+05
0000165   6.4436E+05 -3.4373E+04 -2.1936E+05
0000166   2.3814E+05 -2.6497E+05 -1.7777E+05
0000167   3.4257E+05  1.0735E+05 -1.0496E+05
0000168   2.8934E+05  2.3660E+05 -4.8661E+04
0000169   6.9410E+05 -2.1252E+05 -4.4337E+04
0000170   7.7636E+05  2.0615E+05  2.3250E+05
0000171   6.0227E+05  1.8384E+04  1.3990E+05
0000172   1.2301E+05 -6.7669E+04 -4.3734E+04
0000173   6.0426E+05 -2.0334E+05 -3.3924E+04
0000174   3.2961E+05  1.4730E+04 -2.6461E+05
0000175   4.7881E+05 -3.6570E+05  1.0584E+05
0000176   6.2931E+05 -7.3700E+04  6.1909E+03
0000177   5.6213E+05 -2.4854E+05  2.6813E+05
0000178   5.8214E+05 -1.5085E+05 -1.4488E+05
0000179   2.2724E+05  3.4738E+03 -1.1358E+05
0000180   3.8162E+05 -2.8255E+05 -2.8114E+05
0000181   5.5322E+05  1.4882E+04  1.5156E+05
0000182   5.1414E+05  1.7290E+05  1.2508E+04
0000183   3.0948E+05 -2.6440E+05 -3.5245E+05
0000184   7.8964E+05 -2.7429E+05  5.1541E+04
0000185   4.7833E+04  2.3874E+04  8.0660E+04
0000186   7.0902E+05  5.3982E+04 -2.6580E+05
0000187   2.8786E+05 -4.8340E+04 -1.8262E+04
0000188   4.4187E+05  2.7891E+05 -1.7701E+05
0000189   7.3169E+05  4.7991E+03 -2.3270E+05
0000190   8.8283E+05  2.9688E+05  2.2876E+05
0000191   6.0526E+05  3.2212E+05 -1.4093E+04
0000192   3.0326E+05  1.2661E+05 -3.6286E+04
0000193   5.1659E+05  1.0514E+05 -4.0166E+05
0000194   3.3068E+05  2.9030E+05  1.9433E+05
0000195   5.1938E+05  4.0448E+04 -3.8129E+04
0000196   1.4838E+05  1.1678E+05 -3.7249E+04
0000197   4.6495E+05  3.8372E+04 -5.5085E+04
0000198   9.7926E+05 -2.2792E+05  2.4041E+04
0000199   6.1449E+05  2.1545E+05  3.8550E+04
0000200   3.8934E+05  1.5673E+05 -4.8539E+04
0000201   2.2231E+05 -8.7074E+04  7.8562E+04
0000202   2.9894E+05 -3.0670E+04  2.4972E+05
0000203   2.6826E+05 -2.0868E+05 -2.1991E+04
0000204   9.3057E+05 -9.2700E+04  2.3680E+05
0000205   4.1573E+05  4.1824E+03 -1.2936E+05
0000206   5.8972E+05 -1.1125E+05  1.5357E+04
0000207   4.6714E+05 -5.8325E+04 -1.2307E+05
0000208   7.0426E+05  5.9673E+04 -7.8764E+04
0000209   8.1206E+05  1.4375E+05  1.3120E+05
0000210   5.5819E+05 -2.0511E+05  3.9595E+05
0000211   4.9680E+05  2.0875E+05  1.9812E+05
0000212   5.4912E+05 -2.8559E+04 -8.9262E+04
0000213   5.2111E+05  4.4709E+04 -2.1554E+05
0000214   5.2164E+05 -6.7211E+03  1.4029E+05
0000215   3.9224E+05 -5.7124E+05 -7.6016E+04
0000216   4.1865E+05 -2.3805E+05 -5.5712E+04
0000217   8.1524E+05 -1.1548E+05 -1.3033E+05
0000218   9.6983E+05 -1.1039E+05 -7.4161E+04
0000219   5.2874E+05 -3.3837E+05 -2.4526E+05
0000220   1.9128E+05  1.8319E+05  9.0320E+04
0000221   6.2023E+05 -8.4150E+04 -1.2101E+05
0000222   7.7252E+05 -3.7571E+04  3.5880E+04
0000223   2.6534E+05 -4.4236E+05 -9.9453E+04
0000224   8.6525E+05 -1.6188E+05  1.6046E+05
0000225   4.7833E+05 -3.2329E+04 -1.8248E+05
0000226   3.2715E+05  4.9857E+04  8.1298E+04
0000227   1.8856E+05  7.4248E+04 -3.3563E+04
0000228   5.5795E+05  1.2449E+05 -2.3031E+05
0000229   6.1931E+05  9.4686E+04 -8.1017E+04
0000230   4.0110E+04  2.6906E+04  6.0995E+04
0000231   6.4716E+05  4.0932E+04  2.1571E+05
0000232   7.7744E+05  2.6333E+05  6.8195E+04
0000233   6.0623E+05 -2.2548E+05 -1.4154E+05
0000234   5.5486E+05  5.4990E+04  1.8100E+05
0000235   3.6359E+05  4.9654E+03 -1.5415E+04
0000236   6.5649E+05  3.0797E+05 -2.5038E+05
0000237   5.1719E+05  9.1401E+04  2.0980E+05
0000238   4.5911E+05 -9.7354E+04 -6.9406E+04
0000239   4.5343E+05 -8.3820E+03 -1.2331E+04
0000240   5.7868E+05  3.4675E+05 -1.6912E+05
0000241   2.8789E+05  1.0679E+05  2.0760E+05
0000242   6.3341E+05 -1.9026E+05  2.3767E+05
0000243   7.3261E+05 -1.2575E+05 -2.7615E+04
0000244   6.7978E+05 -8.8964E+03 -5.3896E+05
0000245   7.7016E+05 -1.3439E+05 -2.4387E+05
0000246   6.6353E+05 -5.8537E+05  2.1516E+04
0000247   3.5354E+05 -3.4828E+04  3.0843E+05
0000248   6.3127E+05  2.7168E+05  1.9390E+05
0000249   8.1321E+05  3.1573E+05 -1.5068E+05
0000250   5.7132E+05  8.6006E+04  1.8778E+04
0000251   3.0206E+05  1.3714E+05 -1.5890E+04
0000252   4.1613E+05  1.6824E+04 -1.3704E+05
0000253   4.0586E+05  1.3907E+04  2.4460E+05
0000254   3.0245E+05  3.9453E+04  1.2765E+05
0000255   8.3226E+05  8.1081E+04  1.8585E+04
0000256   1.5079E+05 -6.3910E+03  1.6183E+05
0000257   7.8567E+05 -4.3751E+04 -2.3350E+04
0000258   7.4220E+05  1.5889E+03 -1.3434E+05
0000259   4.6356E+05 -5.1820E+04  6.2384E+04
0000260   4.1730E+05 -8.6467E+04 -8.6922E+04
0000261   9.1152E+05 -1.9752E+05  7.5269E+04
0000262   7.3590E+05  1.8218E+05 -1.0036E+04
0000263   1.2986E+05 -1.1828E+05 -8.2733E+04
0000264   3.2093E+05 -2.9501E+05 -3.5319E+04
0000265   5.8611E+05  2.0756E+05  3.7172E+05
0000266   5.0849E+05  2.1635E+05  8.3246E+04
0000267   4.5498E+05 -9.6941E+03 -1.2033E+05
0000268   5.0737E+05  2.9294E+04  1.6162E+05
0000269   6.7114E+05 -3.0705E+05  6.4694E+04
0000270   3.5781E+05  8.4406E+04 -4.9274E+04
0000271   4.6946E+05  1.2511E+05 -1.2682E+05
0000272   8.6305E+05  2.3219E+03 -2.5167E+04
0000273   4.1253E+05  1.3278E+05  8.3699E+04
0000274   7.0799E+05  7.8304E+04 -6.9117E+04
0000275   6.1078E+05  4.3753E+05 -3.6923E+04
0000276   4.3397E+05  3.1101E+04  4.0159E+04
0000277   8.1279E+05 -1.7725E+03 -1.5119E+05
0000278   1.7575E+05  1.2907E+05  1.9813E+04
0000279   4.0720E+05 -2.1328E+04 -1.6551E+05
0000280   6.1347E+05 -6.3182E+03  1.3003E+05
0000281   5.2721E+05 -1.3087E+05 -3.1579E+04
0000282   1.2695E+05  1.7154E+04  5.2868E+04
0000283   6.3110E+05  1.9503E+05  3.4464E+05
0000284   3.1437E+05  3.5452E+04 -4.7319E+04
0000285   3.5218E+05  1.0795E+05  3.9573E+04
0000286   3.4206E+05  3.6259E+04 -1.4171E+05
0000287   7.3259E+05  2.0673E+05 -1.9295E+05
0000288   2.0927E+05 -5.3278E+04 -5.3811E+04
0000289   9.4313E+05  2.0079E+05 -3.2861E+05
0000290   1.0044E+06  7.8841E+04 -3.8690E+05
0000291   5.9410E+05 -1.8158E+05  7.9437E+03
0000292   4.8520E+05  9.1912E+04  1.2421E+05
0000293   4.5874E+05  1.0674E+05  1.4227E+05
0000294   3.0994E+05 -5.4443E+04  1.0420E+05
0000295   2.8614E+05 -1.0177E+05 -3.2736E+05
0000296   1.7405E+05  5.0506E+04  2.1376E+05
0000297   4.0167E+05 -3.2651E+05  4.2813E+05
0000298   6.7946E+05  7.2894E+04  4.7355E+04
0000299   2.6012E+05 -1.4160E+05 -2.8891E+04
0000300   7.7658E+05 -3.4227E+05  2.8519E+05
0000301   5.3494E+05  4.1167E+04 -9.9822E+04
0000302   4.1386E+05 -4.0846E+03 -2.1560E+05
0000303   7.2081E+05 -2.4202E+05 -3.2350E+04
0000304   2.5989E+05  3.8917E+05  4.3600E+04
0000305   2.8699E+05 -2.0771E+05  2.2267E+05
0000306   5.5472E+05 -3.4192E+04 -2.2181E+05
0000307   4.9072E+05  3.7895E+05  1.1842E+05
0000308   6.4315E+05  1.0796E+05  1.2379E+05
0000309   5.1879E+05  2.1050E+05 -4.2529E+05
0000310   4.9302E+05 -1.6041E+05 -1.4499E+05
0000311   3.3275E+05 -1.9529E+05 -2.8763E+05
0000312   3.4712E+05  2.3522E+05 -2.0812E+05
0000313   5.6919E+05 -7.9308E+04  1.1978E+05
0000314   5.2932E+05 -1.8837E+05  2.4246E+05
0000315   6.4697E+05  1.4090E+03 -5.4402E+04
0000316   7.4476E+05  1.1312E+05  2.3544E+05
0000317   9.7154E+05 -1.7816E+05 -2.4935E+05
0000318   3.5536E+05  7.5522E+04  3.3820E+05
0000319   5.1527E+05 -7.6247E+04 -5.1412E+05
0000320   3.7091E+05  1.9146E+05  3.0382E+04
0000321   3.3305E+05  3.1529E+05  3.2991E+04
0000322   4.2067E+05 -1.7761E+05  2.4853E+04
0000323   1.6224E+05  2.5025E+05 -1.3998E+05
0000324   4.8525E+05 -1.1013E+05 -1.1185E+05
0000325   4.6405E+05  5.2385E+04  1.4449E+05
0000326   4.7829E+05  8.3805E+04 -2.2297E+05
0000327   4.0023E+05 -6.6838E+04  2.3758E+05
0000328   8.2280E+05  2.9189E+05  2.3484E+05
0000329   8.9995E+05 -1.0600E+05  1.6783E+05
0000330   2.4544E+05  2.2777E+05  1.9103E+05
0000331   4.9409E+05  3.1944E+05  2.4504E+05
0000332   3.4121E+05 -1.4004E+05  1.1017E+05
0000333   6.9183E+05  6.3122E+04 -1.3145E+05
0000334   8.2383E+05  3.4598E+05  1.5111E+05
0000335   5.2748E+05  2.1355E+05 -8.8361E+04
0000336   3.5239E+05 -9.5647E+04  7.2942E+04
0000337   5.3396E+05 -2.6267E+05  6.7959E+04
0000338   5.1149E+05 -2.2427E+04 -1.0626E+05
0000339   1.0246E+06  3.8316E+04 -1.1930E+04
0000340   2.1523E+05  5.7871E+04 -5.0621E+04
0000341   4.1282E+05 -6.8676E+04 -1.3511E+05
0000342   4.7269E+05  5.7467E+04 -1.0046E+05
0000343   2.4992E+05 -6.7655E+04 -1.9796E+05
0000344   2.7152E+05 -7.2002E+04  5.4586E+03
0000345   4.2501E+05 -1.3700E+05  4.2789E+04
0000346   4.6791E+05  5.1950E+04  3.7101E+05
0000347   7.5029E+05 -2.1555E+05  1.3412E+05
0000348   5.0760E+05 -3.9416E+04 -5.4185E+05
0000349   3.0332E+05  1.5686E+05 -5.5636E+04
0000350   5.8103E+05 -2.1218E+05  1.3767E+04
0000351   4.6011E+05  2.3090E+05 -1.5944E+05
0000352   6.8485E+05  8.5352E+04  2.8501E+05
0000353   5.2480E+05 -1.0478E+05 -1.2332E+05
0000354   5.7622E+05  1.9624E+05 -1.3716E+05
0000355   2.1910E+05 -2.1929E+05  1.7057E+05
0000356   4.0367E+05  4.6943E+04 -1.0134E+05
0000357   3.7204E+05  1.3253E+04  5.8831E+04
0000358   6.7426E+05  1.5787E+04 -3.2398E+04
0000359   6.4188E+05  5.0801E+04 -7.3657E+04
0000360   1.4137E+05 -1.5359E+04 -8.1500E+04
0000361   6.3860E+05 -1.4785E+05 -9.9382E+04
0000362   5.0950E+05 -5.6070E+04 -2.5202E+05
0000363   2.9830E+05  4.2470E+04 -1.0938E+05
0000364   1.5902E+05  1.6051E+05 -8.5965E+04
0000365   5.3637E+05  1.2247E+05  1.5645E+05
0000366   3.5662E+05  2.6733E+05 -9.5485E+04
0000367   4.8213E+05 -2.3981E+05 -2.0116E+05
0000368   1.0445E+06 -3.6906E+05  2.6331E+04
0000369   5.6316E+05  1.4154E+05 -3.5163E+05
0000370   7.3295E+05 -9.8356E+04  1.9391E+05
0000371   4.6582E+05 -7.1125E+04 -9.2219E+04
0000372   5.5005E+05  1.0787E+05  1.6404E+05
0000373   6.3366E+05  1.6137E+05  7.7995E+04
0000374   3.9465E+05  4.4419E+05 -2.8081E+04
0000376   7.6032E+05  5.0150E+04 -2.3972E+05
0000377   2.6391E+05 -1.6180E+05  2.5239E+04
0000378   3.5072E+05  5.4699E+04  9.0470E+04
0000379   5.3142E+05 -1.8317E+05 -4.2560E+05
0000380   7.1971E+05 -4.1366E+04 -2.3745E+05
0000381   1.0088E+05 -1.0422E+04 -1.2877E+04
0000382   6.3856E+05 -5.7625E+03  4.0434E+04
0000383   1.9529E+05  1.2379E+05 -2.7204E+04
0000384   3.9948E+05  5.0761E+05 -5.0942E+03
0000385   3.4521E+05  1.2550E+05  1.4050E+05
0000386   4.9841E+05  1.8655E+05  3.6176E+05
0000387   3.6006E+05 -5.7114E+04  1.1971E+05
0000388   3.8281E+05 -3.4970E+05  8.5476E+04
0000389   6.1169E+05 -2.2896E+05  1.4451E+05
0000390   5.6049E+05  2.3756E+05  1.9091E+05
0000391   5.2610E+05 -1.5179E+05  2.5845E+05
0000392   7.0858E+05 -1.7099E+05  4.2659E+05
0000393   3.1012E+05 -2.1421E+05 -2.3574E+05
0000394   4.2248E+05  8.2405E+04  2.5094E+05
0000395   1.4991E+05 -4.5191E+04  1.9007E+05
0000396   5.9580E+05 -1.2821E+04 -9.1091E+04
0000397   3.1243E+05  3.4503E+04 -6.0950E+04
0000398   1.4973E+05 -1.1691E+05 -1.1279E+05
0000399   4.4272E+05 -1.8119E+05 -2.6037E+05
0000400   6.7549E+05  2.0646E+04 -3.5771E+05
0000401   4.8877E+05  2.7068E+04 -4.7357E+04
0000402   9.3782E+05  9.2015E+04 -3.0382E+05
0000403   5.2422E+05 -1.9358E+05 -3.2054E+05
0000404   1.5842E+05  1.6025E+05  1.6737E+05
0000405   5.7836E+05 -3.4712E+05 -6.9947E+04
0000406   1.1476E+05  3.0212E+04 -5.6141E+04
0000407   4.8042E+05  1.4537E+05 -2.5764E+04
0000408   5.4931E+05 -2.2021E+05  1.8540E+05
0000409   5.9144E+05 -2.3801E+05  1.0260E+05
0000410   5.0101E+05 -2.7628E+05 -3.9831E+05
0000411   2.8286E+05  4.4187E+03  1.2771E+05
0000412   6.1321E+05 -3.0775E+05  2.7153E+05
0000413   4.6084E+05 -2.4407E+04 -2.0216E+05
0000414   7.1126E+05  9.2177E+04 -8.0197E+04
0000415   6.4133E+05  5.8410E+04  2.4989E+05
0000416   4.5512E+05 -1.1355E+05  1.5427E+05
0000417   6.7608E+05  1.7348E+05  3.7019E+05
0000418   5.3116E+05  4.1355E+05 -9.9700E+04
0000419   4.7782E+05  2.8283E+05  1.1706E+05
0000420   6.2417E+05  7.6062E+04  3.7860E+04
0000421   3.9952E+05  1.8256E+05  2.1697E+05
0000422   1.2755E+05 -2.7842E+05 -1.1606E+05
0000423   3.0398E+05  1.0309E+05  7.7047E+03
0000424   6.1660E+05 -1.2987E+05 -1.6505E+05
0000425   7.1968E+05 -1.5049E+05 -1.7244E+05
0000426   4.7648E+05 -2.2180E+05  1.6680E+05
0000427   5.0331E+05  2.5331E+05  3.1847E+04
0000428   4.5238E+05 -4.8364E+04  3.4680E+04
0000429   5.5048E+05  1.7760E+05 -2.9209E+05
0000430   3.4202E+05  3.0908E+03  1.2310E+05
0000431   7.4386E+05 -2.8364E+05 -5.9156E+03
0000432   2.1045E+05  4.6278E+04  1.2586E+05
0000433   1.6538E+05 -4.9941E+04 -1.0164E+05
0000434   4.0081E+05 -1.1451E+05  1.2598E+04
0000435   4.7369E+05 -1.1638E+05  2.1626E+05
0000436   7.8607E+05 -1.3730E+05 -1.1323E+05
0000437   2.9150E+05 -1.0357E+04  4.6908E+04
0000438   3.7649E+05  3.6737E+05 -9.0267E+04
0000439   4.7663E+05 -7.3199E+04 -2.0285E+05
0000440   2.2690E+05 -1.9710E+05  1.1754E+05
0000441   5.0420E+05 -2.8658E+05  3.0640E+05
0000442   4.4950E+05 -4.9151E+05 -2.4538E+04
0000443   6.4697E+05  7.1329E+03  2.3346E+04
0000444   8.1594E+05  2.2641E+05 -1.7767E+04
0000445   1.1482E+06  1.2678E+05 -4.4682E+05
0000446   3.1511E+05  2.6875E+05 -1.1452E+05
0000447   4.6278E+05  1.2454E+04 -1.6191E+05
0000448   4.4107E+05 -4.4195E+05 -1.7587E+05
0000449   3.5478E+05 -1.5100E+04 -2.3902E+05
0000450   6.7235E+05  3.4304E+04  9.9596E+04
0000451   7.0116E+05  8.2311E+03 -1.3618E+05
0000452   5.1606E+05 -1.5567E+05  1.3981E+05
0000453   2.5988E+05  6.0823E+04 -6.0037E+04
0000454   5.8029E+05  1.1739E+05  1.4649E+05
0000455   4.1811E+05 -2.1153E+05  1.1883E+05
0000456   6.8303E+05 -3.2403E+05 -4.3982E+05
0000457   1.9730E+05 -5.9731E+03 -1.1644E+04
0000458   6.2584E+05  6.9241E+03  1.0112E+05
0000459   2.6763E+05 -1.6951E+04  1.5262E+04
0000460   4.2707E+05 -7.2456E+04  1.8580E+04
0000461   6.6447E+05  7.1055E+04 -8.6453E+04
0000462   7.3978E+05 -2.5698E+05  2.8821E+05
0000463   7.1983E+05 -9.9813E+04 -9.5497E+04
0000464   6.4557E+05 -2.9147E+05 -4.2867E+03
0000465   2.5768E+05  2.4231E+05  1.5221E+05
0000466   4.1410E+05 -4.0120E+04 -3.2902E+04
0000467   6.6012E+05 -4.0538E+04 -4.6550E+05
0000468   4.0906E+05 -3.8150E+05 -5.3131E+04
0000469   5.9120E+05  8.2127E+04 -1.7753E+05
0000470   4.4285E+05  8.2028E+04 -6.4673E+04
0000471   5.6780E+05 -1.0075E+05  8.8976E+04
0000472   8.0784E+05  2.1051E+05 -1.1476E+05
0000473   1.0496E+05 -8.4724E+04 -1.3626E+05
0000474   7.2204E+05  3.0851E+05 -2.1414E+05
0000475   3.5753E+05 -7.7804E+04 -1.0597E+05
0000476   4.6698E+05 -1.3759E+05  4.7303E+04
0000477   2.2672E+05  7.1968E+04  2.0464E+05
0000478   5.0061E+05  2.0963E+05 -8.5183E+04
0000479   2.1725E+05  1.1058E+05  2.2700E+05
0000480   9.8447E+05  1.6259E+05  1.7580E+05
0000481   7.0632E+05 -9.7614E+04  2.4288E+03
0000482   6.7876E+05 -3.4961E+05 -8.7456E+04
0000483   8.3427E+05  3.0720E+05  2.4357E+05
0000484   2.6672E+05 -2.4330E+05  3.0592E+05
0000485   5.6585E+05 -5.2430E+04 -7.2795E+04
0000486   3.7440E+05 -3.7962E+04 -1.2814E+05
0000487   1.7328E+05 -5.7178E+04 -8.4517E+04
0000488   1.3075E+05  3.4194E+05  1.1173E+05
0000489   2.9142E+05 -1.1302E+05  8.0101E+04
0000490   8.2941E+05  1.3846E+05 -1.0558E+05
0000491   7.3386E+05 -2.4302E+05 -3.9472E+05
0000492   6.3595E+05  4.6191E+05 -1.0355E+05
0000493   3.3723E+05  4.4368E+04  1.4766E+05
0000494   5.5843E+05 -5.8939E+04 -1.1716E+05
0000495   9.1191E+05  1.5144E+05 -2.1602E+05
0000496   3.3764E+05  1.5200E+05 -1.2273E+05
0000497   4.5705E+05  3.5747E+04  2.2482E+04
0000498   6.0285E+05 -1.2208E+05 -1.1042E+05
0000499   5.2704E+05 -2.3338E+05  4.5781E+04
0000500   4.6156E+05 -1.5767E+05 -1.6137E+05
0000501   2.9735E+05 -6.6758E+04  1.4033E+05
0000502   2.5731E+05  1.6228E+04 -4.4427E+04
0000503   3.1011E+05 -1.5974E+05  1.1367E+05
0000504   6.9910E+05 -2.3100E+05  8.7055E+04
0000505   4.7263E+05 -1.8013E+05 -1.9045E+04
0000506   6.9887E+05 -3.0907E+05 -2.5030E+05
0000507   5.7279E+05  6.3892E+03  1.4950E+04
0000508   1.1162E+05  3.2736E+05  5.9199E+03
0000509   2.5073E+05  1.8511E+05 -2.0006E+05
0000510   6.4359E+05  2.9098E+05  2.4278E+05
0000511   4.1017E+05 -1.4626E+05 -2.9305E+05
0000512   5.7985E+05  3.5072E+04  1.2582E+04
0000513   4.6330E+05  6.9880E+04 -1.1772E+03
0000514   3.8260E+05 -2.1514E+05  8.4312E+04
0000515   7.5263E+05  6.7368E+03 -3.4631E+05
0000516   5.7793E+05  3.2680E+04 -5.1948E+03
0000517   7.4606E+05  3.2418E+05  2.2667E+05
0000518   9.7315E+05  5.3554E+04 -2.4478E+05
0000519   3.5651E+05  1.9907E+05  1.3852E+05
0000520   2.6807E+05 -7.7541E+04 -3.6430E+04
0000521   7.8206E+05 -3.5533E+05  1.0164E+05
0000522   4.3244E+05  1.4008E+05  9.1739E+04
0000523   4.4976E+05 -1.4132E+05  2.0288E+05
0000524   3.5738E+05 -1.0086E+05  6.0855E+03
0000525   3.3570E+05  2.0863E+05 -1.0992E+05
0000526   3.7397E+05  1.5887E+05 -1.4630E+05
0000527   6.1276E+05  1.2935E+05 -2.5131E+05
0000528   1.6699E+05 -9.4104E+04 -2.4012E+05
0000529   7.3439E+05  1.5990E+05 -3.3786E+05
0000530   4.4118E+05  2.1838E+05 -4.7218E+05
0000531   8.2662E+05  2.7916E+05  2.6716E+05
0000532   2.3199E+05  6.8963E+04 -2.0494E+05
0000533   5.8102E+05  1.5349E+05 -6.4992E+04
0000534   1.6577E+05 -3.8246E+04  6.3993E+04
0000535   7.0874E+05 -1.5869E+05 -1.2706E+05
0000536   6.8237E+05 -2.0419E+05  2.1960E+05
0000537   3.9941E+05 -2.5007E+05 -3.3177E+04
0000538   7.9765E+05 -6.8577E+04 -7.5937E+04
0000539   3.5669E+05 -3.9139E+04 -1.6109E+05
0000540   6.8740E+05  1.3584E+04 -1.6365E+05
0000541   4.7274E+05 -1.2574E+04  4.9090E+04
0000542   4.9129E+05 -8.5078E+04  7.1321E+04
0000543   3.1022E+05  1.5259E+05  1.5144E+05
0000544   5.5477E+05 -5.7520E+04  2.7072E+05
0000545   7.6008E+05 -1.1475E+05  1.5130E+05
0000546   2.7813E+05 -5.1490E+04 -4.9103E+05
0000547   3.4237E+05  1.2645E+05 -4.2895E+04
0000548   3.4217E+05  8.4235E+04 -9.8144E+04
0000549   2.3796E+05 -1.0148E+05 -2.0793E+05
0000550   4.3831E+05  2.0031E+03 -2.6853E+05
0000551   5.1782E+05  1.0065E+05 -1.6784E+05
0000552   8.0280E+05  1.5923E+05 -4.4684E+04
0000553   6.9690E+05  1.0161E+05 -9.7960E+03
0000554   5.5230E+05  4.5330E+04  1.9704E+05
0000555   4.6503E+05 -5.0046E+04  2.1520E+04
0000556   4.7992E+05  1.9189E+05 -2.0489E+05
0000557   3.7139E+05  7.6141E+04  7.9806E+04
0000558   1.5834E+05 -7.1818E+04 -1.4714E+04
0000559   3.0506E+05  1.9956E+05 -2.7650E+04
0000560   1.0202E+06 -2.7860E+05  1.2158E+05
0000561   3.3926E+05  2.6184E+04  1.8571E+05
0000562   7.8777E+05  5.5203E+04 -1.8490E+05
0000563   7.5759E+05 -3.0558E+05 -1.6297E+05
0000564   4.6913E+05 -1.2001E+05 -2.5799E+05
0000565   8.2431E+05  3.8373E+02  2.4816E+05
0000566   3.2395E+05  2.3844E+05 -3.2900E+05
0000567   3.2356E+05  2.1276E+05 -9.8487E+04
0000568   7.8733E+05 -1.5754E+05  3.1001E+04
0000569   2.8190E+05  2.4953E+05  9.0624E+04
0000570   7.0134E+05 -1.4793E+05 -2.0384E+05
0000571   6.4670E+05  1.4123E+05 -2.4411E+04
0000572   5.4800E+05  1.0717E+05 -9.7682E+04
0000573   5.4246E+05 -9.6749E+04 -2.2783E+05
0000574   5.4543E+05 -8.5726E+04  1.7351E+05
0000575   3.0411E+05 -1.3096E+04 -2.0274E+05
0000576   6.4954E+05  2.2859E+04  3.4478E+05
0000577   5.5202E+05  8.1078E+04  2.1040E+05
0000578   5.6371E+05 -2.5366E+05 -3.8294E+05
0000579   7.0954E+05 -1.1441E+05 -3.0997E+05
0000580   8.0040E+05 -2.1347E+05 -7.7988E+04
0000581   5.0903E+05  1.1429E+05 -4.2974E+05
0000582   6.9102E+05  1.3283E+04  6.1169E+04
0000583   3.8915E+05  1.8272E+05 -2.0074E+05
0000584   3.4227E+05 -2.4724E+05 -1.1164E+05
0000585   5.3986E+05 -1.1289E+05 -1.2879E+05
0000586   7.7708E+05  3.5565E+05 -3.4357E+04
0000587   7.9640E+05 -2.6083E+05 -2.1417E+05
0000588   4.6535E+05 -1.7369E+05  1.9535E+04
0000589   2.9307E+05  1.7794E+05  1.5010E+05
0000590   6.6357E+05 -2.1996E+04 -1.2762E+05
0000591   5.6171E+05  3.3955E+04 -2.1836E+05
0000592   4.9110E+05 -1.9995E+05  2.3903E+05
0000593   5.9489E+05  1.5014E+05 -2.1853E+04
0000594   2.4520E+05  1.9858E+05  1.8827E+05
0000595   2.1607E+05 -5.5587E+04 -1.0482E+04
0000596   7.8645E+05 -2.1528E+05  1.0656E+04
0000597   5.2839E+05 -1.0413E+05 -2.1650E+05
0000598   5.2121E+05  1.8012E+05  1.1354E+05
0000599   3.6283E+05  1.2230E+05  9.7890E+04
0000600   6.0623E+05  1.1307E+05 -5.7852E+04
0000601   5.5342E+05  4.4359E+05 -7.4305E+04
0000602   8.7426E+05  1.8369E+05  7.8816E+04
0000603   2.6349E+05 -1.5774E+05  2.0694E+05
0000604   2.1520E+05 -2.9402E+05  1.4313E+04
0000605   3.0488E+05 -3.8840E+04 -4.0875E+05
0000606   4.4757E+05 -1.5578E+04 -5.3680E+05
0000607   6.4430E+05 -1.1318E+04  4.0356E+05
0000608   6.5242E+05  4.1163E+05 -4.4153E+05
0000609   3.7696E+05 -1.6911E+05  2.6108E+04
0000610   3.4077E+05 -3.6029E+05  2.1057E+05
0000611   6.4556E+05  2.4258E+05 -1.8296E+05
0000612   3.7273E+05 -7.6338E+04 -2.0211E+05
0000613   7.0042E+05 -1.3274E+05 -1.2597E+05
0000614   2.3524E+05  3.6513E+05 -3.4905E+04
0000615   7.9966E+05  3.6980E+04  3.4247E+04
0000616   6.8704E+05  2.4519E+05  2.7028E+05
0000617   5.9944E+05  2.7714E+04 -2.1179E+05
0000618   5.4961E+05  9.7146E+04  2.2024E+05
0000619   4.4787E+05  2.7925E+01 -3.2777E+05
0000620   2.2918E+05  1.7698E+05 -8.1211E+03
0000621   5.5042E+05 -3.7019E+05  3.7984E+05
0000622   8.7813E+05 -3.0803E+05  1.1056E+05
0000623   4.8795E+05  3.3591E+05 -5.3140E+03
0000624   5.0192E+05  2.8904E+04 -1.6512E+05
0000625   1.8049E+05  5.8663E+04  3.9621E+04
0000626   2.1283E+05 -1.2203E+04 -1.0460E+05
0000627   4.4714E+05  4.4773E+03  3.3204E+04
0000628   2.2190E+05  3.8633E+04 -1.2622E+04
0000629   6.6600E+05  8.3719E+04  4.7894E+05
0000630   2.7145E+05  5.6106E+04 -2.6044E+05
0000631   1.6353E+05  3.7692E+05 -3.6198E+04
0000632   4.9258E+05 -1.9728E+04  1.7480E+05
0000633   6.4785E+05  1.3303E+05 -2.2566E+05
0000634   4.0659E+05 -1.8601E+05 -1.5743E+05
0000635   4.9921E+05  3.9582E+05  4.2323E+05
0000636   6.6238E+05  1.9435E+05  3.8687E+02
0000637   9.3620E+05 -4.7872E+04 -3.3166E+05
0000638   8.7498E+05  3.8007E+05 -1.9529E+05
0000639   1.0197E+06  4.1657E+05  5.1452E+04
0000640   7.6342E+05  3.6770E+05 -1.8290E+05
0000641   3.1581E+05 -4.5185E+05  1.3453E+05
0000642   6.2493E+05  3.2439E+04 -5.4511E+04
0000643   2.3858E+05 -4.6816E+04  4.1305E+04
0000644   1.9463E+05 -3.5070E+04  4.2799E+04
0000645   5.5475E+05  5.7498E+04  9.4760E+04
0000646   4.8543E+05  1.1673E+05 -1.8824E+05
0000647   5.6786E+05 -1.1691E+05  1.7363E+05
0000648   5.5396E+05 -1.6501E+05  6.5475E+04
0000649   3.1783E+05  2.6060E+05 -1.1851E+04
0000650   5.7791E+05 -1.8272E+05  1.8298E+05
0000651   3.2556E+05 -1.0505E+05 -2.7088E+04
0000652   3.7746E+05 -3.3069E+05 -1.1493E+05
0000653   5.9337E+05 -3.7859E+05 -4.6303E+04
0000654   5.3556E+05  1.3666E+05 -1.4456E+05
0000655   4.0744E+05  1.1961E+05  1.0480E+05
0000656   5.1796E+05  1.3931E+05  4.1243E+04
0000657   4.5304E+05  3.8064E+05 -5.4331E+05
0000658   6.8351E+05  1.0851E+04  4.6549E+04
0000659   4.1118E+05  3.4450E+04  4.3558E+05
0000660   2.9420E+05 -4.1576E+04 -1.2615E+04
0000661   4.5736E+05  6.9721E+04  5.9105E+04
0000662   7.5912E+05 -9.7337E+04 -1.6897E+05
0000663   6.0071E+05 -3.2819E+04  1.1395E+05
0000664   1.6986E+05 -3.8370E+04  1.1833E+04
0000665   1.2486E+05  2.7500E+05 -8.6345E+04
0000666   8.8710E+05  1.2365E+05  5.3554E+03
0000667   6.8743E+05 -5.1810E+05 -9.9903E+03
0000668   4.9568E+05 -2.8743E+05 -3.1007E+04
0000669   6.0948E+05 -1.1627E+05 -1.5213E+05
0000670   4.7016E+05  1.4818E+05 -1.2379E+04
0000671   7.0339E+05  1.2096E+05 -6.6153E+04
0000672   1.0026E+06  1.4434E+05  3.3149E+04
0000673   6.6480E+05  1.2979E+05 -7.6194E+04
0000674   1.0159E+06 -3.1264E+05 -4.0215E+04
0000675   6.4429E+05 -2.2692E+04  5.0128E+04
0000676   7.0871E+05 -1.0588E+05  1.2171E+05
0000677   5.8522E+05 -1.2590E+05  3.3646E+04
0000678   5.7117E+05  9.5828E+04 -6.1752E+04
0000679   4.5061E+05 -1.6585E+04 -1.4997E+05
0000680   5.0153E+05  2.9837E+05  2.8957E+05
0000681   7.5045E+05  1.8548E+05 -2.7109E+05
0000682   2.3587E+05 -1.9298E+05  1.2828E+05
0000683   4.5334E+05 -3.8695E+05  1.5009E+05
0000684   3.8565E+05  4.4333E+04  2.7747E+04
0000685   3.5242E+05  3.3090E+04  2.3005E+05
0000686   3.3411E+05  2.8416E+04  1.4011E+05
0000687   3.3919E+05  7.5735E+03 -1.7153E+05
0000688   6.0244E+05  3.2675E+05  1.3380E+04
0000689   6.9093E+05 -9.6143E+04  1.6681E+04
0000690   2.0959E+05  2.4652E+04  2.5030E+05
0000691   4.9874E+05 -5.6136E+04  1.0631E+05
0000692   1.3081E+05  2.7901E+05 -2.4571E+04
0000693   6.9381E+05  2.8848E+04  1.1646E+03
0000694   6.1703E+05  2.5399E+05 -2.9327E+05
0000695   3.7788E+05  1.6626E+05  3.8914E+04
0000696   5.4636E+05  1.1041E+05 -6.9669E+04
0000697   6.2813E+05  6.7472E+03 -4.9288E+05
0000698   9.0040E+05 -2.5050E+05 -2.5344E+05
0000699   5.5314E+05 -1.0060E+04 -6.6599E+03
0000700   5.9229E+05  7.4615E+04  1.9715E+04
0000701   6.5979E+05  8.2680E+04  1.1174E+05
0000702   6.3752E+05 -4.5943E+03 -8.7944E+04
0000703   5.3532E+05  5.0739E+04  2.1833E+05
0000704   6.5842E+05  2.1417E+04  2.6805E+05
0000705   6.3119E+04  1.0318E+05 -1.3241E+05
0000706   6.4702E+05 -3.3729E+05  6.0362E+04
0000707   1.1051E+06  1.1073E+05 -1.1966E+05
0000708   6.7687E+04  1.2176E+05  1.9396E+05
0000709   5.1636E+05 -2.3952E+05  6.8299E+04
0000710   3.8735E+05  1.5306E+05  8.5905E+04
0000711   6.4604E+04 -9.1576E+04 -3.7250E+04
0000712   2.3202E+05  2.0495E+05  3.7340E+04
0000713   2.3243E+05  4.2141E+04  4.9964E+03
0000714   5.5123E+05  3.6524E+04  3.6842E+04
0000715   6.4828E+05 -1.2117E+05 -1.9391E+05
0000716   4.5630E+05 -2.2182E+04 -1.4286E+05
0000717   7.0091E+05  1.0056E+05  6.9560E+04
0000718   2.2628E+05  5.5115E+04  7.7890E+04
0000719   3.2268E+05  2.3604E+04  1.8592E+05
0000720   2.0835E+05  6.7224E+04  2.1408E+05
0000721   9.8326E+05  1.5543E+05  3.5982E+05
0000722   3.0404E+05 -3.8812E+04 -3.3137E+05
0000723   5.3598E+05 -1.3754E+05  3.3911E+05
0000724   6.3814E+05  1.8633E+05  1.4397E+05
0000725   4.0717E+05 -7.4999E+04  3.2626E+05
0000726   7.6130E+05 -1.7182E+05 -5.5042E+04
0000727   1.9502E+05  1.1005E+05 -1.0454E+05
0000728   3.5381E+05  1.1500E+05 -4.4989E+05
0000729   1.0372E+06 -1.6836E+05  7.2648E+04
0000730   2.6056E+05 -1.3981E+05 -1.4282E+05
0000731   3.0761E+05  2.8477E+05 -2.2107E+05
0000732   5.8364E+05  3.5322E+05 -3.6415E+05
0000733   9.6117E+05  1.8495E+05  7.1709E+04
0000734   3.2184E+05 -4.5148E+04  2.9300E+04
0000735   8.6565E+05  1.2620E+05  1.2206E+05
0000736   7.6841E+05 -5.4091E+05  2.5277E+04
0000737   5.3060E+05  3.1830E+05  2.0111E+05
0000738   1.1160E+05  1.8229E+04  4.0463E+04
0000739   4.1408E+05  4.6548E+04  2.7108E+05
0000740   6.7850E+05 -6.7915E+04 -2.4508E+05
0000741   8.1361E+05 -3.4662E+05 -2.9284E+05
0000742   1.0297E+05  1.3636E+05 -1.9493E+05
0000743   5.5716E+05  1.0069E+05  1.4309E+05
0000744   4.3218E+05  2.6331E+05 -1.1987E+05
0000745   6.1267E+05 -6.3902E+04 -3.3890E+04
0000746   2.2203E+05 -1.7171E+05 -1.3066E+04
0000747   3.7910E+05  1.8873E+05  9.0527E+04
0000748   8.2408E+05  1.7450E+05 -2.2910E+05
0000749   4.0649E+05  2.3071E+05 -2.7488E+05
0000750   8.6268E+05 -1.0802E+05 -1.1857E+05
0000751   5.1728E+05  3.8012E+04  4.1319E+05
0000752   4.8270E+05  3.8971E+05  2.8297E+05
0000753   5.8361E+05 -1.2200E+05 -6.9012E+04
0000754   3.6948E+05 -9.8620E+04  3.7888E+05
0000755   7.2956E+05 -1.3558E+05  6.5051E+04
0000756   8.8393E+05 -9.5990E+04  3.6224E+05
0000757   8.1190E+05 -8.6451E+04  8.6416E+04
0000758   5.4144E+05 -4.3720E+04  4.3492E+04
0000759   6.2175E+05  3.5776E+05  2.0765E+05
0000760   5.4080E+05  3.8877E+05  2.7650E+05
0000761   6.3525E+05  1.7345E+05 -3.1377E+05
0000762   4.7083E+05 -4.5982E+04 -2.1601E+05
0000763   5.9042E+05  1.4747E+05  1.6572E+05
0000764   7.8112E+05 -6.5747E+03  1.2073E+05
0000765   6.2962E+05 -1.5312E+05 -1.8170E+04
0000766   6.4038E+05 -1.8084E+05  7.7804E+04
0000767   7.3235E+05  6.1332E+03 -3.2327E+05
0000768   9.7303E+05 -1.4780E+05 -1.2281E+04
0000769   4.5730E+05 -3.9483E+05  1.3625E+05
0000770   6.7052E+05 -2.9705E+05 -1.2412E+05
0000771   3.2077E+05 -1.8752E+04  3.9504E+03
0000772   9.7880E+05  3.7657E+05  2.7285E+05
0000773   1.7287E+05  8.0440E+04  3.8865E+05
0000774   4.3090E+05  1.7972E+03 -1.9114E+05
0000775   1.9037E+05  4.1492E+04  1.7471E+04
0000776   2.9457E+05 -1.8608E+05  1.4547E+05
0000777   4.0720E+05  1.9222E+05  1.1690E+05
0000778   3.8290E+05 -8.7898E+04  1.3924E+05
0000779   2.5828E+05 -2.2262E+05  1.5182E+05
0000780   8.2772E+05  3.1123E+04 -1.0857E+05
0000781   6.3594E+05  8.3328E+04 -1.0275E+05
0000782   5.6892E+05 -8.0598E+04  1.0585E+05
0000783   3.9232E+05 -1.3299E+05 -2.0046E+05
0000784   8.2369E+05  1.5802E+05 -1.6810E+05
0000785   7.6904E+05  2.7117E+05 -3.1638E+04
0000786   4.9854E+05 -1.2136E+05  1.9906E+05
0000787   8.3504E+05 -1.2836E+05 -3.9053E+04
0000788   1.0707E+06 -1.1206E+05 -2.5231E+05
0000789   1.5858E+05  6.8324E+04  2.5711E+05
0000790   2.6205E+05 -4.2414E+04  8.3279E+04
0000791   4.2966E+05 -1.3473E+05  2.9386E+05
0000792   5.2709E+05 -2.6933E+02 -1.1451E+05
0000793   3.5301E+05 -1.7110E+05  1.2968E+04
0000794   5.4598E+05  2.0866E+05 -3.6335E+04
0000795   4.9214E+05  2.2177E+05 -1.8632E+05
0000796   6.9242E+05 -2.5076E+05 -2.2502E+05
0000797   3.6491E+05  2.3513E+05 -5.3585E+04
0000798   1.0910E+05 -8.6241E+04  1.1882E+05
0000799   7.5747E+05  3.1557E+05 -7.0974E+04
0000800   1.3540E+05  1.3591E+05  9.8502E+04
0000801   5.6700E+05  2.7904E+05  6.8938E+04
0000802   2.2715E+05 -1.3958E+05  1.1497E+05
0000803   1.4004E+05 -3.1811E+03  4.7987E+04
0000804   5.1478E+05 -1.9249E+05  2.1167E+05
0000805   8.8489E+05  4.1088E+05  9.6235E+04
0000806   3.6342E+05 -3.6660E+05  9.4854E+04
0000807   1.1722E+05  2.5104E+05 -9.3482E+03
0000808   7.8032E+05 -3.8092E+05 -1.4818E+05
0000809   3.9700E+05  4.9689E+04  1.5881E+05
0000810   4.2682E+05  6.9309E+04  2.2758E+05
0000811   2.7054E+05  1.1061E+05 -1.0456E+05
0000812   6.7895E+05 -6.1017E+03  2.4645E+05
0000813   7.4906E+05 -2.2920E+05 -3.7679E+05
0000814   6.5931E+05 -3.2829E+04  7.1579E+04
0000815   5.1773E+05  1.4950E+05  9.2173E+03
0000816   3.0581E+05 -1.1626E+05  3.4111E+04
0000817   6.9015E+05 -7.7271E+04  2.3009E+05
0000818   4.8783E+05  9.0450E+04 -1.9255E+05
0000819   5.9866E+05  1.0504E+05  1.6199E+05
0000820   3.3162E+05  4.7283E+02  3.8158E+04
0000821   6.3551E+05  5.1870E+04  3.7720E+04
0000822   4.9169E+05  2.9817E+04  1.1966E+05
0000823   6.7072E+05 -1.3210E+05  3.4157E+05
0000824   4.0649E+05  2.4562E+05  1.1588E+05
0000825   4.1502E+05  1.0375E+05  2.3036E+05
0000826   2.3424E+05  7.7457E+04 -1.8841E+05
0000827   6.7947E+05 -3.7399E+05 -9.7523E+02
0000828   4.0181E+05  8.5002E+04 -1.6904E+05
0000829   8.1053E+05  1.3913E+05  1.5526E+05
0000830   6.0521E+05 -2.1619E+03 -1.5462E+05
0000831   3.7142E+05 -7.2844E+03  1.2966E+05
0000832   5.7743E+05  1.1545E+04  1.0944E+05
0000833   6.1976E+05 -4.2326E+05 -6.9312E+04
0000834   7.5828E+05  2.1443E+05 -6.7528E+03
0000835   6.0049E+05 -1.8238E+05 -2.1636E+05
0000836   8.3914E+05 -2.1305E+05 -1.3438E+05
0000837   3.9559E+05 -2.4780E+05 -7.1142E+04
0000838   9.1331E+05  9.9424E+04  2.3452E+05
0000839   3.8723E+05 -5.6233E+04  1.7983E+05
0000840   6.4599E+05 -3.0670E+05 -3.8804E+05
0000841   8.1634E+05 -8.3128E+04  8.0960E+04
0000842   8.2072E+05  1.0889E+05  2.7911E+05
0000843   3.9459E+05 -2.2068E+05 -2.5925E+05
0000844   1.4656E+05  3.2472E+05 -2.3867E+05
0000845   4.3319E+05  7.1155E+04 -4.9338E+05
0000846   6.5816E+05  2.7750E+05 -2.7272E+05
0000847   1.2644E+05 -5.0385E+03  4.3718E+04
0000848   7.0180E+05 -2.2717E+05 -1.5641E+05
0000849   5.6771E+05 -1.9624E+05 -1.6084E+05
0000850   3.3517E+05  1.1437E+05  3.7953E+05
0000851   9.3088E+04  1.0100E+05 -3.6132E+03
0000852   8.4649E+05  3.0670E+05  2.6592E+05
0000853   3.9083E+05  1.5537E+05 -1.7868E+05
0000854   5.5032E+05 -1.4131E+04 -3.7055E+05
0000855   2.3588E+05 -1.5494E+05 -4.9616E+04
0000856   2.9976E+05 -3.9759E+05 -8.3680E+04
0000857   5.4803E+05 -4.0455E+04 -7.3903E+04
0000858   3.8898E+05 -2.6027E+05  8.5849E+04
0000859   3.2796E+05  9.6027E+04 -1.5549E+05
0000860   2.6606E+05 -1.2462E+03  1.7383E+04
0000861   4.4046E+05 -9.6583E+04  3.7006E+05
0000862   4.1501E+05  3.6462E+05  2.2620E+05
0000863   3.6295E+05 -6.3578E+04 -2.3294E+05
0000864   5.3121E+05 -3.4634E+05  1.4215E+05
0000865   1.7375E+05 -2.7829E+05 -2.0717E+04
0000866   4.8917E+05  3.3603E+04 -2.6226E+05
0000867   5.1941E+05  2.8023E+05  2.2299E+05
0000868   2.2372E+05 -4.0449E+05  1.2102E+05
0000869   4.9380E+04  2.4130E+04 -3.5221E+04
0000870   4.5789E+05 -2.0231E+05 -4.0110E+05
0000871   2.3061E+05 -8.3555E+04  4.2822E+04
0000872   1.0888E+05  6.7364E+04  9.6784E+04
0000873   5.6777E+05  1.4201E+05  1.2026E+05
0000874   3.9670E+05  4.5543E+05  2.4126E+04
0000875   4.2080E+05 -7.4080E+04  3.4821E+05
0000876   6.6084E+05 -3.1258E+03  7.0406E+04
0000877   6.8707E+05  6.6731E+04 -1.1391E+05
0000878   3.5037E+05 -2.0345E+05 -1.4732E+05
0000879   5.8976E+05  3.1950E+05  4.5184E+05
0000880   7.2854E+05  2.4987E+05 -1.7283E+05
0000881   2.6903E+05 -3.6714E+05 -1.3454E+05
0000882   3.1467E+05  3.9497E+05 -8.1073E+04
0000883   5.4231E+05 -3.2417E+05 -4.6706E+05
0000884   6.5895E+05 -2.2656E+04 -1.5143E+05
0000885   6.8411E+04 -2.2893E+05 -1.7216E+05
0000886   3.2030E+05 -1.1370E+05 -7.3179E+04
0000887   4.9269E+05 -1.2225E+05  2.2945E+04
0000888   2.6267E+05 -9.2520E+03 -7.3081E+04
0000889   4.1280E+05  2.1712E+04  1.9389E+05
0000890   5.9003E+05 -3.1083E+04  1.3459E+05
0000891   4.6662E+05  6.6664E+04  2.3304E+04
0000892   5.0359E+05 -1.1348E+05 -4.5442E+04
0000893   8.9037E+05 -3.0541E+05  3.7611E+04
0000894   4.6004E+05  1.5237E+04 -1.2874E+04
0000895   2.8347E+05 -1.1390E+05 -4.0760E+04
0000896   2.4938E+05 -1.9739E+05 -1.4563E+05
0000897   5.5731E+05  1.5095E+04  7.7248E+04
0000898   2.8379E+05  3.1504E+04 -2.6383E+05
0000899   5.9370E+05  2.4318E+05  1.9678E+05
0000900   2.5695E+05  8.1029E+04  1.1237E+05
0000901   6.2717E+05 -9.9094E+04 -1.1724E+05
0000902   6.0787E+05 -9.4452E+04 -2.5893E+04
0000903   9.2321E+05 -9.8880E+04  2.1899E+04
0000904   3.7923E+05  2.5075E+04  8.5215E+04
0000905   2.0068E+05 -2.8762E+05 -1.2895E+05
0000906   6.8664E+05  1.9931E+04  3.1836E+05
0000907   9.8455E+05 -9.5516E+03  4.6863E+04
0000908   2.0161E+05  2.2884E+05  1.2241E+05
0000909   4.1217E+05  1.2701E+05 -7.2462E+04
0000910   4.2891E+05  2.1221E+05  1.2801E+05
0000911   2.8175E+05  1.3188E+04 -1.6819E+05
0000912   8.4828E+05  3.6877E+05 -1.3871E+05
0000913   7.4351E+05 -2.2890E+04 -2.9389E+05
0000914   6.5258E+05 -2.1719E+05 -9.0387E+04
0000915   8.2353E+05  2.8886E+05 -2.9379E+05
0000916   2.0257E+05 -1.5192E+04 -2.0325E+05
0000917   5.8731E+05 -2.3788E+04 -2.6649E+05
0000918   4.1153E+05  2.1588E+05 -2.0456E+05
0000919   5.4540E+05  2.3812E+04 -5.6827E+04
0000920   5.4714E+05  4.8752E+04 -3.8227E+05
0000921   6.3824E+05 -1.9696E+05  4.0385E+05
0000922   6.2688E+05 -3.4300E+03  1.3009E+05
0000923   5.1536E+05 -2.2339E+05 -1.9806E+05
0000924   8.6375E+05 -3.0858E+04 -2.6334E+04
0000925   3.0436E+05  5.0968E+03 -1.8980E+05
0000926   4.8053E+05 -2.5791E+05 -1.7865E+05
0000927   1.0838E+06 -2.8594E+04 -7.2036E+04
0000928   6.8581E+05 -1.6459E+05  2.7222E+05
0000929   2.7149E+05 -2.5388E+05 -2.0169E+05
0000930   5.6416E+05  2.7881E+04 -2.8555E+05
0000931   6.5268E+05  6.8548E+04  8.7304E+04
0000932   6.0434E+05 -2.2344E+05  9.7041E+04
0000933   4.7403E+05 -4.0759E+05  1.3834E+05
0000934   6.0422E+05 -2.5017E+05 -1.7022E+04
0000935   4.0745E+05 -1.7096E+05  1.3741E+05
0000936   2.8989E+05  2.0149E+05 -1.1093E+04
0000937   1.7033E+05  9.2735E+04 -5.0819E+03
0000938   9.1630E+05  2.7463E+05  6.4271E+04
0000939   7.3375E+05  2.1373E+05 -1.1080E+05
0000940   5.6265E+05  2.9464E+05 -4.7659E+04
0000941   2.3649E+05  3.0385E+03 -2.5045E+05
0000942   4.5406E+05  7.2705E+03  2.2866E+04
0000943   6.0970E+05 -3.3601E+05 -2.0949E+05
0000944   3.4807E+05  3.8371E+04 -5.9514E+04
0000945   7.9509E+05  2.0446E+05  4.7971E+04
0000946   3.7573E+05  6.7634E+03 -2.1207E+05
0000947   6.4250E+05  1.3635E+05 -1.5102E+05
0000948   3.6328E+05 -1.9653E+05 -2.1125E+05
0000949   3.6357E+05 -4.7493E+04 -6.2944E+04
0000950   6.5373E+05  2.1021E+04  1.0955E+05
0000951   4.4863E+05 -6.5379E+04  7.3936E+04
0000952   3.3841E+05 -1.9628E+05 -2.0405E+05
0000953   3.1679E+05  1.8436E+05 -9.7942E+04
0000954   5.6298E+05 -2.1431E+05  1.0874E+05
0000955   8.5785E+05 -1.5800E+04  9.2719E+04
0000956   5.8389E+05  4.0156E+04  5.0717E+04
0000957   3.6753E+05  5.1459E+04 -1.3350E+05
0000958   6.6093E+05  2.6851E+05 -6.9821E+04
0000959   6.7664E+05  4.4141E+04  4.1290E+05
0000960   2.9146E+05 -1.8493E+05  1.7009E+05
0000961   5.0240E+05  7.5552E+04  8.5563E+04
0000962   4.0277E+05  1.5425E+05  4.3039E+04
0000963   4.3598E+05 -8.8010E+04 -1.5924E+05
0000964   7.6574E+05  7.6774E+04  8.8691E+04
0000965   4.6350E+05 -2.3455E+04  4.6762E+04
0000966   5.5851E+05  6.1462E+04  1.8479E+05
0000967   2.6117E+05 -9.2878E+04 -7.8625E+04
0000968   5.1288E+05 -6.6826E+02  2.9645E+05
0000969   5.0986E+05  2.7019E+05 -1.0373E+05
0000970   5.1748E+05 -6.9118E+04 -6.1959E+04
0000971   5.1767E+05  1.0669E+04  2.0082E+05
0000972   6.0686E+05 -3.9036E+04  5.4059E+04
0000973   4.3985E+05  7.7419E+03  1.7164E+05
0000974   7.4824E+05 -1.9507E+05  6.0728E+04
0000975   6.9427E+05 -1.6619E+05  1.7749E+05
0000976   4.1705E+05 -2.2161E+04  1.5572E+05
0000977   5.8476E+05 -1.2108E+05 -1.5870E+05
0000978   3.7617E+05  8.3895E+04  1.2323E+05
0000979   8.7542E+05  9.2120E+04  3.0409E+05
0000980   6.0205E+05 -6.3006E+04 -1.9701E+04
0000981   7.5483E+05  2.9821E+05 -2.0322E+04
0000982   5.2084E+05 -2.7607E+04  6.7356E+04
0000983   4.6893E+05 -4.6695E+05 -3.0710E+05
0000984   6.2284E+05  3.4803E+05 -2.0850E+04
0000985   6.2700E+05 -1.2333E+05 -3.1303E+05
0000986   2.7525E+05  6.1249E+04 -7.4225E+04
0000987   5.0566E+05  1.9330E+05  1.5213E+05
0000988   7.0519E+05 -1.4749E+05 -3.0607E+05
0000989   6.7013E+05  4.0572E+05 -3.9988E+05
0000990   8.0969E+05 -1.6865E+05  3.0759E+05
0000991   4.8239E+05  2.9397E+05 -1.2134E+05
0000992   9.0045E+05 -1.1289E+05  4.0269E+05
0000993   3.5403E+05 -2.1923E+05 -3.4480E+04
0000994   6.0966E+04  1.8242E+04 -5.5087E+03
0000995   3.6366E+05 -2.3399E+04  5.1173E+04
0000996   8.0198E+05  1.0288E+05 -4.5868E+03
0000997   7.2511E+05  2.6894E+05 -4.8100E+04
0000998   2.7390E+05  1.6727E+05 -4.8961E+04
0000999   2.0814E+05  5.5815E+04  2.1304E+05
0001000   5.3180E+05  2.0056E+04  3.6482E+05
