============================== SRIM-2013.00 ==============================
==============================================================================
====== SRIM Outputs\RANGE_3D.txt : File of Final Ion Positions =====

Ion = Ar (18)   Ion Mass= 039.9620
Energy  = 2947052.E-04 keV
Ion Angle to Surface = 00.0 degrees
==================== TARGET =======================
  Layer # 1 - Layer 1
  Layer # 1 - Bottom Depth=500000.E+02 A
  Layer # 1 - Density =0000.0071 g/cm3
  Layer # 1 -  100 % of Ar
様様様様様様様様様様様様様様様様様様様様様様様様様様
                                            
Ion       Depth  X   Lateral Y   Lateral Z  
Number    (Angstrom) (Angstrom)  (Angstrom) 
-------  ----------- ----------- -----------
0000001   1.6462E+06  2.5902E+05  1.1294E+06
0000002   1.8701E+06 -1.1375E+06  7.9178E+05
0000003   6.6915E+05  1.2800E+05 -1.8101E+05
0000004   1.7465E+06  3.9841E+05  4.8644E+05
0000005   7.3969E+05 -2.4202E+05  5.6385E+05
0000006   1.1945E+06  4.8825E+05  5.7592E+05
0000007   1.3836E+06 -5.4950E+05 -4.9612E+05
0000008   1.8186E+06 -1.2104E+05 -1.0125E+05
0000009   5.4905E+05  4.1752E+05 -1.1411E+05
0000010   1.5148E+06 -4.9913E+05 -2.3785E+05
0000011   1.2128E+06 -1.0824E+06  3.9487E+05
0000012   1.8090E+06 -3.2009E+05 -2.3287E+04
0000013   1.9456E+06 -4.7136E+05  8.6178E+05
0000014   2.5341E+06 -4.5200E+05 -4.8524E+05
0000015   6.7925E+05 -1.4005E+05  1.6714E+05
0000016   1.1185E+06  8.8686E+05  4.2329E+05
0000017   1.6105E+06 -2.1797E+04  5.3393E+05
0000018   1.5324E+06  2.6660E+04  4.4675E+04
0000019   2.0675E+06  4.9584E+05  3.5110E+05
0000020   1.3576E+06 -1.9807E+05  5.1628E+05
0000021   2.4929E+06 -2.7202E+05 -2.5360E+05
0000022   1.2033E+06 -7.7864E+04 -2.4680E+05
0000023   7.8419E+05  2.2373E+05 -7.6449E+05
0000024   1.1655E+06  8.8867E+04  3.4685E+05
0000025   1.0395E+06 -2.5066E+05  8.5939E+04
0000026   2.1404E+06 -7.1728E+04 -6.2214E+05
0000027   1.2976E+06  3.8205E+05  9.3926E+05
0000028   8.2070E+05  6.6183E+05  6.6675E+05
0000029   1.9600E+06  3.9188E+05  6.8191E+05
0000030   1.3706E+06 -2.2674E+05 -2.0316E+05
0000031   1.6510E+06 -7.2537E+05  4.7002E+05
0000032   2.1411E+06 -4.2793E+05  4.8565E+05
0000033   3.3044E+05  2.1993E+05 -4.4317E+05
0000034   8.5209E+05 -1.0625E+05  2.8554E+05
0000035   4.6214E+05  2.9256E+04 -2.4044E+05
0000036   1.7946E+06  5.0982E+05 -4.3921E+05
0000037   1.1318E+06  4.0398E+05 -2.6386E+05
0000038   1.1257E+06 -3.1758E+05 -2.0177E+05
0000039   2.0408E+06  3.5964E+05 -5.0513E+05
0000040   1.9142E+06  8.4305E+05 -4.6917E+05
0000041   1.4802E+06 -1.2536E+05  7.1946E+03
0000042   2.0257E+06 -2.0877E+05 -3.9679E+05
0000043   1.1433E+06  6.4587E+04  1.4650E+05
0000044   1.3600E+06 -3.5914E+05 -3.6028E+05
0000045   2.1871E+06 -3.6918E+05 -3.2793E+05
0000046   1.4161E+06 -4.8224E+05  8.9025E+05
0000047   1.8593E+06 -4.2668E+05  3.8030E+05
0000048   1.8913E+06  1.2066E+05 -2.6366E+05
0000049   1.8982E+06 -4.7185E+05 -4.5951E+05
0000050   2.5494E+06 -1.9969E+04 -9.7381E+05
0000051   1.4877E+06 -2.3568E+05 -1.9048E+05
0000052   1.3693E+06  4.7035E+05 -4.0026E+05
0000053   4.9645E+05  5.3214E+05 -2.2201E+05
0000054   1.5135E+06  8.6177E+04 -4.8268E+05
0000055   1.2103E+06  3.1566E+05  6.6480E+04
0000056   7.7552E+05 -2.1851E+04 -2.9181E+05
0000057   1.5469E+06  5.3865E+05  4.9096E+04
0000058   1.0899E+06  1.5960E+04 -1.5089E+05
0000059   1.7222E+06  5.3214E+05  2.2624E+05
0000060   1.1369E+06  4.2690E+05  1.5544E+05
0000061   2.0676E+06  1.3562E+05  1.9109E+04
0000062   1.6502E+06 -3.1557E+05  5.5006E+05
0000063   1.9660E+06  4.6380E+05 -5.1514E+05
0000064   1.4808E+06 -7.3931E+04  3.3811E+05
0000065   1.6931E+06 -3.4970E+05  9.8863E+05
0000066   1.8891E+06 -1.5104E+05  2.5896E+05
0000067   1.8439E+06  6.7952E+05 -1.0086E+05
0000068   8.3034E+05 -3.0883E+05 -6.8003E+05
0000069   1.8924E+06  1.3488E+05 -2.4154E+05
0000070   1.2122E+06 -1.3852E+05 -7.3733E+05
0000071   2.5087E+05 -3.7943E+05  5.4776E+05
0000072   1.7927E+06  9.5560E+05 -4.9111E+05
0000073   1.3374E+06  2.0655E+04  1.1762E+06
0000074   6.6638E+05 -8.9377E+05  5.6824E+05
0000075   1.1607E+06  8.2703E+05 -2.5592E+05
0000076   1.1666E+06  1.3571E+05 -1.6008E+05
0000077   6.9755E+05  6.0017E+05  5.3677E+05
0000078   1.8723E+06 -1.2585E+06 -1.7438E+05
0000079   1.3096E+06  1.5946E+05  5.7300E+05
0000080   1.3712E+06 -2.7432E+05  6.6498E+05
0000081   1.4734E+06  2.0566E+05  1.0223E+06
0000082   2.2966E+06  9.0784E+04 -4.2811E+05
0000083   1.1848E+06 -5.9208E+05 -3.2078E+05
0000084   1.0128E+06 -3.8264E+05 -2.8925E+05
0000085   2.2187E+06 -7.5242E+04 -5.4031E+04
0000086   1.5304E+06  9.1592E+04  9.4704E+05
0000087   2.0762E+06  1.1997E+05 -2.8960E+04
0000088   1.4442E+06 -2.3023E+04  4.5601E+04
0000089   1.7051E+06  3.2624E+05  9.7682E+05
0000090   1.2956E+06 -7.0033E+04 -2.7698E+05
0000091   9.9526E+05  3.4466E+05  1.2032E+06
0000092   1.7247E+06  2.1712E+05 -3.8658E+05
0000093   1.5018E+06  5.8085E+05 -2.7699E+05
0000094   1.2504E+06 -5.2054E+05  4.4143E+05
0000095   1.2781E+06 -3.6767E+04 -5.4649E+05
0000096   1.4919E+06  9.8410E+05 -5.5527E+05
0000097   1.4385E+06 -2.2192E+05 -2.4663E+05
0000098   1.6890E+06 -5.8603E+04  1.2432E+05
0000099   1.0288E+06 -4.7414E+05 -5.4863E+05
0000100   2.5811E+05  4.3503E+04 -2.5252E+05
0000101   1.1817E+06  4.0202E+05  3.6917E+05
0000102   1.7101E+06 -3.3155E+04 -2.9049E+05
0000103   2.3183E+06  9.8895E+04  3.5349E+05
0000104   1.6608E+06  7.3502E+04 -5.0624E+04
0000105   1.8913E+06 -1.5689E+05  2.0899E+05
0000106   1.2785E+06 -7.5153E+03 -2.7202E+04
0000107   2.0043E+06 -2.1166E+05  4.1546E+05
0000108   2.2990E+06  3.8839E+04  6.6728E+05
0000109   1.6090E+06  1.9833E+05  6.2134E+03
0000110   1.9942E+06  6.7832E+05 -1.8081E+05
0000111   1.9229E+06  4.1863E+05  4.7666E+05
0000112   1.9129E+06  1.7349E+04 -1.6232E+05
0000113   1.5446E+06 -2.4808E+05 -5.0314E+05
0000114   6.3028E+05 -5.2850E+05  6.9548E+05
0000115   1.6518E+06 -2.0016E+04  4.1628E+05
0000116   8.6797E+05 -6.1257E+05  2.8135E+05
0000117   1.5189E+06 -3.5173E+05 -6.6084E+05
0000118   1.5087E+06  2.1399E+05 -5.1510E+05
0000119   2.6158E+06 -6.9856E+05  1.4072E+05
0000120   6.5221E+05  2.6124E+05  3.8386E+05
0000121   1.3505E+06 -8.1810E+05  2.9692E+05
0000122   1.5100E+06  6.4542E+05  3.5102E+05
0000123   9.5718E+05 -9.6232E+04 -4.9983E+05
0000124   1.3624E+06  7.7371E+04  2.6386E+04
0000125   8.7843E+05  4.7974E+05  6.6345E+05
0000126   1.4378E+06 -2.1424E+05 -1.0737E+06
0000127   1.1599E+06 -7.8821E+05  1.7156E+05
0000128   2.0844E+06 -6.9465E+05  1.3469E+05
0000129   1.0638E+06 -4.2695E+05  1.5476E+05
0000130   1.6572E+06  2.3032E+04  1.8017E+05
0000131   1.7786E+06 -4.9374E+05 -2.9193E+05
0000132   1.0551E+06  8.5125E+04 -1.3826E+05
0000133   1.3128E+06 -9.7724E+04  6.8522E+05
0000134   1.4594E+06  1.2263E+05 -1.3595E+06
0000135   1.4653E+06  3.6599E+05  9.7352E+04
0000136   1.4409E+06 -4.2679E+05 -1.9575E+05
0000137   1.2899E+06  6.1083E+04  4.5392E+05
0000138   2.5287E+06 -4.2708E+04 -1.1542E+05
0000139   2.0918E+06 -7.0569E+05  9.1642E+05
0000140   8.1929E+05  2.7924E+05  4.5147E+05
0000141   1.6084E+06 -3.1292E+05  3.8414E+05
0000142   1.8422E+06 -3.1520E+05 -4.6249E+05
0000143   1.3686E+06  3.7248E+04  4.8949E+05
0000144   1.5483E+06 -7.5976E+05  7.5960E+05
0000145   1.7140E+06 -5.4436E+05 -7.2535E+05
0000146   6.3774E+05  5.6561E+05  8.3811E+05
0000147   1.7374E+06  1.4582E+05  2.9110E+05
0000148   1.1682E+06 -6.0324E+05 -8.4463E+04
0000149   1.9985E+06 -4.3818E+05 -4.6890E+03
0000150   1.2177E+06  1.2385E+06  3.0210E+05
0000151   2.0613E+06 -4.7954E+05 -3.3940E+05
0000152   1.5735E+06 -4.6854E+05  7.1414E+05
0000153   1.0742E+06 -7.9723E+05 -3.9728E+05
0000154   2.2585E+06 -2.2068E+05  2.2291E+05
0000155   1.1987E+06  3.0378E+05  2.5502E+05
0000156   8.8544E+05  3.0957E+05  2.6252E+05
0000157   1.4154E+06  5.1999E+05  4.7246E+05
0000158   8.6253E+05  1.0432E+06  4.2939E+05
0000159   1.7169E+06  1.4166E+05  5.4974E+05
0000160   8.6549E+05  6.9396E+05  2.1150E+05
0000161   2.1512E+06  5.0525E+05 -2.9366E+05
0000162   2.1103E+06 -5.8550E+05 -1.0280E+06
0000163   9.2698E+05  5.2711E+05  6.4351E+03
0000164   9.3548E+05  2.9643E+05  3.4048E+05
0000165   1.4246E+06  1.4683E+04  6.5550E+05
0000166   1.7994E+06 -8.6639E+04 -5.5409E+05
0000167   1.8038E+06  3.4498E+05 -3.5435E+05
0000168   8.6778E+05 -7.9409E+05  4.0354E+05
0000169   2.0634E+06  6.5319E+05  8.0241E+05
0000170   2.5519E+06  4.1899E+05  2.6719E+05
0000171   6.7643E+05  6.6381E+05 -9.2585E+04
0000172   1.0153E+06  4.9328E+05 -3.2519E+05
0000173   1.4813E+06 -1.8269E+05  8.7330E+04
0000174   1.4483E+06  5.7931E+05 -2.8129E+05
0000175   9.8748E+05 -9.2334E+05  4.7475E+05
0000176   1.8596E+06  7.9080E+05  5.7927E+05
0000177   1.3025E+06 -6.7309E+05 -2.7605E+05
0000178   2.2272E+06  6.1119E+04 -1.0374E+04
0000179   1.4782E+06 -2.5334E+05  4.6858E+05
0000180   1.3270E+06 -6.3651E+05  9.3444E+05
0000181   1.1470E+06  3.6670E+05 -1.9626E+05
0000182   1.1157E+06 -1.8036E+05  3.0157E+05
0000183   5.9465E+05 -4.6789E+05 -8.1736E+04
0000184   5.3029E+05  4.1096E+05 -1.8266E+05
0000185   3.2518E+05  2.1579E+05 -4.7549E+05
0000186   4.3906E+05 -1.4018E+05 -2.3018E+05
0000187   1.9525E+06  1.2335E+06 -7.4007E+05
0000188   6.0380E+05  1.2638E+05  5.1313E+05
0000189   2.0202E+06  5.6069E+04 -2.6725E+04
0000190   1.3712E+06  5.8625E+05 -4.0769E+05
0000191   1.3844E+06 -5.3999E+05  8.9591E+05
0000192   9.0817E+05 -7.9124E+04  5.1519E+05
0000193   1.7696E+06  5.3959E+05  6.1125E+05
0000194   1.1603E+06 -4.6048E+05  1.2665E+05
0000195   8.5601E+05  3.7286E+05  8.7623E+05
0000196   1.5674E+06 -5.2585E+05 -9.6682E+04
0000197   1.5412E+06 -1.7832E+05  4.3553E+05
0000198   1.9259E+06 -3.5084E+04 -1.4212E+05
0000199   2.0958E+06  5.9158E+04 -8.5944E+05
0000200   1.2670E+06  6.6197E+05 -5.3139E+05
0000201   2.0466E+06 -6.2672E+04 -4.2226E+05
0000202   1.1601E+06  9.7821E+05 -2.3478E+05
0000203   2.0446E+06  6.6716E+05  2.3105E+04
0000204   1.7405E+06 -6.7253E+04  4.4053E+05
0000205   1.4223E+06  6.3406E+05 -5.1367E+05
0000206   1.3598E+06  2.0128E+05  4.5522E+05
0000207   1.7369E+06  5.5859E+05 -7.5135E+04
0000208   1.4896E+06 -2.5184E+05 -3.5659E+05
0000209   1.3497E+06  7.7858E+05  5.0322E+05
0000210   1.2585E+06 -6.3893E+05 -1.4457E+05
0000211   1.9971E+06 -7.4836E+05  6.5889E+05
0000212   2.4959E+06 -5.1626E+05 -1.1316E+06
0000213   1.4060E+06  5.4341E+05 -2.4465E+05
0000214   1.6934E+06 -2.7858E+05 -8.0490E+05
0000215   1.2104E+06 -1.9946E+05  1.2231E+06
0000216   2.3496E+06  4.9236E+05 -1.1703E+06
0000217   1.6598E+06 -5.4689E+05 -8.0688E+04
0000218   7.4926E+05 -1.8853E+05  6.7672E+04
0000219   1.2676E+06 -2.0383E+05 -3.0761E+05
0000220   1.1418E+06  1.0556E+06 -5.3832E+05
0000221   7.2165E+05  1.0730E+06 -3.1586E+05
0000222   1.8019E+06  3.1837E+05  5.2321E+05
0000223   1.5770E+06  6.1310E+05  6.8361E+05
0000224   1.5253E+06 -5.0456E+05  9.3156E+04
0000225   7.6053E+05 -3.6994E+05 -5.9643E+04
0000226   1.5814E+06 -5.9670E+05  4.6254E+05
0000227   7.6299E+05  5.6473E+05 -9.6053E+05
0000228   1.1802E+06 -1.8545E+05 -4.9785E+04
0000229   2.0680E+06  7.0035E+05  4.8178E+05
0000230   1.7159E+06 -3.5776E+05 -1.3424E+05
0000231   1.3314E+06 -9.3599E+04  1.2790E+05
0000232   1.1627E+06 -2.9984E+05 -3.0684E+04
0000233   8.3061E+05  3.8270E+05 -2.0586E+05
0000234   2.2390E+06  4.9701E+05 -5.3477E+04
0000235   1.0191E+06  6.4593E+05  8.9890E+04
0000236   2.0992E+06 -8.5414E+04 -5.6780E+05
0000237   1.5008E+06 -3.7837E+05  1.6156E+05
0000238   1.3432E+06  9.4370E+05  2.1562E+05
0000239   7.2315E+05 -2.9545E+05 -1.2834E+06
0000240   7.4863E+05  4.3720E+05 -2.7306E+05
0000241   1.4942E+06 -4.7229E+05  5.9953E+05
0000242   9.3542E+05  5.9748E+05 -3.1732E+05
0000243   1.5077E+06 -1.0650E+06  2.1606E+05
0000244   1.2765E+06  4.4778E+05 -3.3778E+05
0000245   4.5878E+05  4.3738E+05 -1.3035E+05
0000246   2.1186E+06 -6.1953E+05 -1.2199E+05
0000247   1.6583E+06 -1.5951E+05  9.7811E+03
0000248   1.6548E+06  4.5821E+04  8.6321E+04
0000249   1.4627E+06 -5.1316E+05  6.4922E+05
0000250   2.1715E+06 -2.6087E+05  4.4898E+04
0000251   1.1626E+06  9.7791E+05 -2.8129E+05
0000252   1.1837E+06 -1.6459E+05  1.6140E+05
0000253   1.3294E+06  7.0560E+04  5.3276E+05
0000254   9.5313E+05  1.1226E+06  2.9970E+05
0000255   1.2045E+06 -1.5861E+05 -1.4836E+05
0000256   3.5359E+05  6.9192E+04 -6.8168E+04
0000257   3.8368E+05 -1.7182E+05  1.8733E+05
0000258   1.5801E+06  4.3899E+05  5.4136E+05
0000259   1.7249E+06  4.6567E+03 -2.9729E+05
0000260   2.2126E+06 -5.2961E+05  3.1665E+05
0000261   1.5165E+06  3.2298E+05  5.9852E+04
0000262   5.8398E+05  5.9529E+03  5.7459E+04
0000263   1.3433E+06 -4.4583E+05 -3.2099E+05
0000264   2.0516E+06 -4.7392E+05  5.7924E+04
0000265   1.8381E+06 -2.5101E+05 -6.2754E+05
0000266   1.3341E+06 -4.5358E+04 -6.9476E+05
0000267   1.1885E+06  3.3578E+05  7.6376E+05
0000268   1.1400E+06  8.1689E+05 -3.4786E+05
0000269   1.3622E+06  5.3470E+05 -1.4065E+05
0000270   1.8276E+06  8.9434E+04 -6.7904E+05
0000271   1.6075E+06  3.4558E+05 -5.7884E+05
0000272   2.0162E+06 -1.7222E+05  2.5973E+05
0000273   2.2602E+06  1.9231E+05 -4.1423E+05
0000274   1.5068E+06 -1.7060E+05 -6.9259E+05
0000275   1.5576E+06 -7.2100E+04 -1.2648E+06
0000276   1.3131E+06  2.2365E+03 -2.3920E+05
0000277   1.4894E+06 -2.3343E+05 -3.6533E+05
0000278   1.0189E+06 -4.6058E+05  8.3168E+05
0000279   1.8102E+06 -6.8425E+05  2.9820E+05
0000280   8.8100E+05  2.3864E+05 -9.2342E+05
0000281   1.2286E+06  8.6260E+04 -6.6543E+05
0000282   1.7270E+06 -2.7839E+05 -1.1524E+05
0000283   1.4289E+06  3.4107E+04 -3.3351E+05
0000284   1.2017E+06 -2.7723E+05 -9.0585E+04
0000285   9.7329E+05 -1.8336E+04 -3.6820E+05
0000286   2.1502E+06  6.3377E+05 -9.1132E+05
0000287   1.2588E+06  2.4667E+05  3.8348E+05
0000288   2.2371E+06  4.7194E+05 -5.2275E+05
0000289   1.6891E+06 -8.0324E+05  9.5968E+03
0000290   1.5191E+06  3.7591E+05 -5.6229E+05
0000291   2.0348E+06  1.7434E+05 -1.3744E+06
0000292   1.4004E+06  3.0842E+05 -2.4816E+05
0000293   5.9378E+05  2.4067E+04  5.0708E+04
0000294   8.1573E+05 -2.5831E+05  3.7297E+04
0000295   1.8359E+06  2.3857E+05 -6.6519E+05
0000296   1.8131E+06  5.1225E+05  6.8576E+05
0000297   3.7759E+05 -6.6718E+05  4.5445E+05
0000298   2.5354E+06 -4.0201E+05 -1.0649E+05
0000299   1.6206E+06  7.3543E+05 -1.4103E+06
0000300   1.1473E+06  9.1466E+05 -1.8237E+03
0000301   8.4294E+05  1.8400E+05 -4.1579E+05
0000302   7.0110E+05 -4.3346E+05 -1.5810E+05
0000303   7.6099E+05  2.3940E+05 -4.2663E+05
0000304   1.2639E+06  1.8145E+05 -1.2937E+05
0000305   3.9644E+05  1.3261E+05 -6.6703E+03
0000306   1.5669E+06 -7.0608E+05  1.5855E+05
0000307   4.5973E+05 -2.5577E+04 -5.8118E+04
0000308   1.4300E+06  4.9922E+05  4.8918E+05
0000309   8.1563E+05  6.9784E+05 -3.6240E+05
0000310   1.6743E+06 -4.3007E+05  2.6802E+05
0000311   2.1317E+06 -1.7778E+05 -1.9498E+05
0000312   1.9175E+06  3.8081E+05  3.6643E+05
0000313   1.5272E+06 -9.9976E+04  2.0249E+05
0000314   1.9725E+06  2.8816E+05 -1.9350E+04
0000315   2.2506E+06 -5.8248E+05 -2.8587E+05
0000316   5.4434E+05  2.8895E+05 -1.6543E+05
0000317   1.8066E+06 -1.3016E+05 -4.3787E+05
0000318   2.0721E+06  2.8463E+05 -2.4685E+05
0000319   1.5420E+06  2.4807E+05  6.1609E+03
0000320   1.4179E+06 -2.3101E+05  2.2804E+05
0000321   2.5551E+06 -4.6529E+05 -7.1437E+05
0000322   2.1173E+06  2.1337E+03 -2.1103E+05
0000323   1.3678E+06  5.2630E+05  4.2789E+05
0000324   7.7920E+05  1.3592E+05 -5.5465E+05
0000325   6.6087E+05 -4.9448E+05 -5.4215E+05
0000326   1.2282E+06 -1.2264E+05 -4.1940E+05
0000327   1.4470E+06 -4.4451E+05 -4.7690E+05
0000328   2.1627E+06  3.8184E+05  3.3919E+05
0000329   1.9630E+06 -2.2752E+05 -5.8405E+05
0000330   8.8533E+05 -6.7179E+05 -6.1034E+05
0000331   4.2827E+05  1.9502E+05 -4.2586E+05
0000332   1.2960E+06  1.6520E+04  2.6868E+05
0000333   1.8844E+06  3.3589E+05  1.0575E+05
0000334   2.4864E+06  5.9721E+05 -7.9532E+04
0000335   1.6472E+06  4.0193E+05 -3.6185E+05
0000336   1.2926E+06  7.0484E+04 -1.2362E+06
0000337   1.3378E+06  2.9455E+05  1.0513E+05
0000338   1.1000E+06  3.1233E+05  3.9042E+05
0000339   2.2144E+06 -3.3156E+05  9.5073E+04
0000340   3.1405E+05 -3.6566E+05  1.8793E+02
0000341   1.4655E+06 -4.2359E+05 -4.3995E+05
0000342   9.7784E+05  2.6740E+05 -2.0224E+05
0000343   1.4016E+06 -2.7268E+05  7.8075E+05
0000344   8.9811E+05  6.5749E+05 -6.6587E+04
0000345   1.4009E+06  6.3221E+05  9.6154E+04
0000346   1.6122E+06 -7.2097E+05  4.4873E+04
0000347   1.3123E+06 -5.2148E+04  1.2578E+05
0000348   1.9097E+06  1.4410E+05 -5.2935E+05
0000349   5.9064E+05  7.0824E+05  3.5427E+05
0000350   2.1782E+06 -2.1885E+05  8.1997E+04
0000351   1.2109E+06 -5.0569E+05  7.0606E+05
0000352   1.6985E+06 -2.9548E+05 -4.5982E+05
0000353   9.4794E+05 -6.6611E+05 -8.2581E+05
0000354   9.1803E+05 -5.8187E+05 -2.6522E+05
0000355   1.2972E+06 -1.0250E+05  7.1144E+05
0000356   2.0369E+06  2.8143E+05  4.7381E+05
0000357   5.3514E+05 -8.8512E+05  6.7242E+05
0000358   1.9227E+06  1.5316E+05  1.4685E+04
0000359   1.2157E+06 -2.8197E+02  3.3300E+04
0000360   7.1829E+05 -9.8293E+04 -6.2009E+05
0000361   2.2404E+06 -4.8582E+04  3.2569E+05
0000362   1.3552E+06  5.2654E+04  1.7666E+05
0000363   1.4731E+06 -3.5298E+04  8.9207E+05
0000364   2.4020E+06 -3.9652E+05 -5.1801E+05
0000365   1.3652E+06  4.6656E+05 -3.0626E+05
0000366   1.3346E+06  1.7979E+05  6.6013E+05
0000367   1.6673E+06  8.0135E+05 -1.4065E+05
0000368   1.0520E+06 -5.8755E+04 -5.3372E+04
0000369   1.5744E+06 -4.7255E+05  6.3427E+04
0000370   2.1321E+06  1.9972E+05 -1.1114E+04
0000371   1.3218E+06 -6.9255E+05  2.4268E+05
0000372   1.1260E+06 -2.6306E+04  5.4862E+05
0000373   2.2530E+06 -1.3865E+05  2.2820E+05
0000374   2.4354E+06  4.0549E+05 -4.2370E+05
0000375   1.9676E+06 -4.3201E+05 -4.0091E+04
0000376   1.7477E+06 -3.2735E+05  2.0887E+05
0000377   1.4055E+06 -2.0764E+05 -9.4171E+04
0000378   1.6724E+06  3.0125E+05  4.2603E+05
0000379   2.1809E+06 -3.9974E+05  6.6266E+05
0000380   1.4014E+06 -1.8365E+05  1.1616E+04
0000381   1.7432E+06  1.9316E+05  1.6693E+05
0000382   1.9283E+06  2.1112E+05  2.3133E+05
0000383   1.8409E+06 -5.1785E+05 -2.4874E+05
0000384   1.3335E+06  2.5496E+05  3.9777E+05
0000385   2.3094E+06 -6.3548E+05  6.0744E+05
0000386   1.8094E+06  4.5226E+05 -6.9711E+04
0000387   1.2895E+06 -1.0095E+06 -6.0458E+05
0000388   5.9622E+05  6.3561E+05 -3.8907E+05
0000389   1.9170E+06  7.8404E+05  1.7141E+05
0000390   1.7333E+06 -3.9175E+05  3.2610E+05
0000391   8.0069E+05 -1.2846E+05 -4.8639E+05
0000392   2.2027E+06 -9.7001E+04  1.6719E+05
0000393   1.7518E+06  3.3241E+05  2.8989E+05
0000394   2.5917E+06 -1.7341E+05 -3.4949E+05
0000395   2.1607E+06  4.7215E+05 -4.4824E+05
0000396   2.2192E+06  2.5189E+05  4.7380E+05
0000397   1.2850E+06  1.6258E+05  3.4816E+05
0000398   2.0123E+06  5.2961E+05  1.8978E+04
0000399   1.0282E+06  1.4815E+05  4.5357E+05
0000400   1.4661E+06  3.7399E+05 -1.3391E+06
0000401   9.3769E+05  3.9352E+05  4.1602E+05
0000402   7.6703E+05 -1.0110E+05 -7.8437E+05
0000403   1.9908E+06  1.4862E+05  5.2732E+05
0000404   1.5005E+06  4.7123E+05 -1.0335E+05
0000405   2.2723E+06 -2.8247E+05 -4.7170E+05
0000406   1.7263E+06  3.4780E+05  6.8963E+05
0000407   7.6706E+05 -1.0928E+05  1.0749E+05
0000408   1.3428E+06  5.0237E+05  4.6652E+05
0000409   1.1871E+06 -2.4816E+04  1.4479E+06
0000410   1.6830E+06  5.0910E+05  1.0269E+05
0000411   7.6239E+05 -4.6932E+05 -1.1154E+05
0000412   1.9414E+06 -2.6912E+05  5.7488E+05
0000413   1.8238E+06 -2.1355E+05  3.8420E+05
0000414   1.6341E+06 -6.7331E+05  4.5657E+05
0000415   2.8916E+06 -1.3117E+05 -4.7669E+05
0000416   6.8968E+05  4.7655E+05 -3.1461E+05
0000417   1.6058E+06 -1.5053E+05  7.4190E+04
0000418   2.1834E+06  3.3184E+04 -3.3993E+05
0000419   3.4614E+05  3.4386E+04 -3.0540E+05
0000420   1.9097E+06 -4.7060E+03  1.0258E+05
0000421   2.2194E+06  2.2261E+05  2.1997E+05
0000422   1.5093E+06  6.2846E+05  5.4678E+05
0000423   2.4443E+06 -1.9984E+05  5.9313E+05
0000424   1.0611E+06  9.7850E+05  3.3573E+05
0000425   2.2382E+06  7.6759E+05  3.8871E+05
0000426   1.9578E+06 -1.2280E+05  3.0212E+05
0000427   1.8223E+06  1.3410E+05 -4.6894E+05
0000428   1.1717E+06  2.8066E+05  2.1577E+05
0000429   6.4993E+05  2.2642E+05 -3.1082E+05
0000430   1.5852E+06  5.4297E+05 -2.8058E+04
0000431   1.9858E+06  1.5547E+05  4.2972E+05
0000432   1.2511E+06  3.7536E+05  9.6680E+04
0000433   1.3549E+06 -2.5012E+05 -3.3907E+05
0000434   1.2871E+06  7.1199E+04 -2.3708E+05
0000435   5.4736E+05  4.5729E+05  4.1089E+04
0000436   1.7387E+06  4.2478E+05  1.0868E+06
0000437   6.6678E+05  1.4189E+05  7.5660E+03
0000438   2.3213E+06  5.1002E+05  4.3813E+05
0000439   1.2732E+06 -2.8022E+05  3.0303E+05
0000440   1.8994E+06 -1.2059E+05  7.6686E+04
0000441   1.6142E+06 -9.4303E+04  1.6161E+05
0000442   8.8357E+05  1.6160E+05 -1.0410E+06
0000443   1.6610E+06  1.8656E+05  2.0888E+05
0000444   1.5682E+06  6.2050E+05  6.9836E+05
0000445   6.5920E+05  7.5750E+05  9.6745E+05
0000446   8.0916E+05 -7.6082E+04  3.0591E+05
0000447   1.4786E+06  5.0249E+05  1.8278E+05
0000448   1.1530E+06  1.9443E+05  3.3808E+04
0000449   1.0983E+06 -4.6765E+05  2.5808E+05
0000450   1.1639E+06 -4.9637E+05 -3.9689E+05
0000451   7.9181E+05  9.9213E+03  5.8920E+05
0000452   1.8618E+06 -8.3334E+05 -8.4418E+05
0000453   1.6999E+06 -4.9957E+05  3.5565E+05
0000454   1.7595E+06  1.4034E+05 -5.1394E+05
0000455   1.9538E+06 -8.9008E+05 -1.4714E+05
0000456   1.9147E+06  2.4418E+05  1.4398E+05
0000457   2.0260E+06 -7.0714E+04  3.1451E+05
0000458   1.4526E+06 -4.9818E+05 -2.7761E+05
0000459   9.6442E+05  2.4900E+05  2.3869E+05
0000460   2.2252E+06 -2.9481E+05 -3.0385E+05
0000461   1.3181E+06  1.0085E+06  2.9643E+05
0000462   6.2452E+05 -3.9192E+05 -4.9364E+05
0000463   1.7766E+06  7.8083E+05  1.8985E+05
0000464   1.3929E+06 -4.7292E+05  5.9290E+05
0000465   1.4601E+06  5.1927E+05 -2.1415E+05
0000466   2.4790E+06 -4.8460E+04 -4.6236E+05
0000467   1.5057E+06 -2.4058E+05 -7.5215E+05
0000468   1.5458E+06  4.6447E+05  6.4880E+04
0000469   5.5918E+05  1.3319E+05  3.0197E+05
0000470   2.4024E+06 -1.5889E+04  2.2614E+05
0000471   1.7458E+06 -8.7467E+04 -8.9658E+05
0000472   1.4451E+06 -2.9550E+05  6.8230E+05
0000473   1.2643E+06 -9.7694E+05 -1.0972E+06
0000474   1.4532E+06 -6.4190E+05 -1.4481E+06
0000475   1.9968E+06  3.7659E+05  1.3259E+05
0000476   1.0387E+06 -3.2464E+05 -1.0462E+06
0000477   6.3591E+05  4.9431E+05  3.7326E+05
0000478   2.1644E+06 -1.7787E+05 -4.7940E+05
0000479   1.1171E+06  3.7505E+03  3.7521E+04
0000480   1.2380E+06 -3.6935E+05 -8.5197E+04
0000481   1.5333E+06 -9.8707E+05  6.0749E+05
0000482   1.7358E+06  3.2712E+05  3.8151E+05
0000483   1.0711E+06  7.7202E+04 -5.6648E+05
0000484   9.7396E+05 -9.4910E+05  1.0756E+06
0000485   2.3387E+06 -4.7232E+05  2.1925E+05
0000486   9.6053E+05  9.9461E+05  1.7922E+05
0000487   1.1337E+06  6.7192E+04  4.9067E+05
0000488   1.4799E+06 -1.8298E+05  1.0410E+05
0000489   2.2376E+06 -6.3411E+04 -1.3207E+05
0000490   1.8229E+06  7.9762E+05  3.9302E+05
0000491   2.1272E+06  2.8683E+05  2.4915E+05
0000492   2.3245E+06  6.4229E+05 -5.3483E+04
0000493   1.0328E+06 -3.7227E+05  2.2704E+05
0000494   1.6509E+06 -4.3078E+05  1.2934E+05
0000495   1.9839E+06 -1.8931E+05 -9.8875E+04
0000496   1.1852E+06  1.3793E+05 -4.2232E+05
0000497   1.1671E+06 -1.0710E+06 -4.2019E+05
0000498   1.3290E+06 -3.0415E+04 -4.8215E+05
0000499   1.5360E+06  2.4215E+05 -1.5479E+05
0000500   1.1636E+06  2.3400E+05 -2.4170E+05
0000501   1.8102E+06  9.9282E+05 -5.4807E+05
0000502   7.9554E+05  4.4190E+05 -2.6578E+05
0000503   2.6563E+06 -4.5500E+05 -2.6303E+05
0000504   8.6067E+05  2.0802E+05 -7.2604E+05
0000505   1.8214E+06 -8.8328E+04  5.0016E+05
0000506   2.0931E+06 -3.1524E+05 -3.1100E+05
0000507   3.3456E+05 -5.5241E+04 -2.0407E+05
0000508   1.9003E+06  1.6297E+05  4.1514E+04
0000509   1.4904E+06  7.4402E+05 -7.7848E+05
0000510   2.1332E+06 -3.7884E+05  7.6044E+05
0000511   1.3676E+06  2.7394E+05  3.1700E+05
0000512   6.3181E+05 -9.9380E+04 -1.5884E+05
0000513   1.9731E+06  1.5843E+05  1.3868E+05
0000514   6.4046E+05 -1.4325E+05  8.2133E+05
0000515   1.9384E+06  7.2563E+05 -6.3354E+05
0000516   1.0011E+06 -3.2654E+05 -3.8737E+05
0000517   1.4876E+06  9.2677E+05 -3.0313E+05
0000518   1.4646E+06 -3.5650E+05  4.5233E+05
0000519   1.4169E+06  2.7025E+05  6.3863E+05
0000520   1.6647E+06  2.4233E+05 -8.1881E+05
0000521   2.0644E+06 -6.1954E+05  3.3548E+05
0000522   1.1871E+06  3.8213E+05 -1.2110E+06
0000523   1.0022E+06 -5.8709E+05  8.1270E+05
0000524   1.3149E+06  4.7972E+04  8.4254E+04
0000525   1.2484E+06  4.5316E+05  3.7889E+05
0000526   1.7419E+06  5.9049E+05 -3.3464E+05
0000527   1.6397E+06  3.2235E+04  1.9031E+05
0000528   1.6396E+06  3.3158E+05 -1.7545E+05
0000529   1.4444E+06 -3.1063E+05  3.4320E+05
0000530   6.7459E+05  1.6098E+04 -6.1831E+04
0000531   1.8260E+06 -4.8488E+05  4.6016E+05
0000532   1.2002E+06 -3.8313E+05  9.6729E+05
0000533   1.6699E+06  7.1289E+05  3.8386E+05
0000534   7.1938E+05 -3.5543E+05  1.7388E+05
0000535   2.3381E+06 -1.5300E+05  1.0675E+06
0000536   1.1966E+06 -8.7138E+04  1.2816E+06
0000537   1.9965E+06 -1.4452E+05  5.4161E+05
0000538   2.3720E+06 -2.7875E+05 -3.0064E+05
0000539   4.0174E+05  2.0664E+05 -7.5135E+05
0000540   1.2239E+06  6.3895E+05  1.0910E+06
0000541   1.7681E+06  4.0847E+05  1.7087E+05
0000542   1.5675E+06 -5.9204E+05 -6.5622E+05
0000543   1.7895E+06 -4.4939E+05 -1.4845E+05
0000544   1.1570E+06  7.6209E+05  1.2500E+04
0000545   1.4139E+06 -6.4730E+05 -4.6169E+05
0000546   2.0526E+06 -6.4354E+05 -1.5267E+05
0000547   1.7739E+06 -3.2360E+05 -2.0740E+05
0000548   1.8215E+06  1.1652E+05  1.5389E+05
0000549   1.3755E+06  3.4988E+05 -2.8396E+05
0000550   6.5107E+05  1.2275E+06 -3.4348E+05
0000551   1.4771E+06 -1.5891E+04  2.0483E+05
0000552   1.1360E+06  2.0758E+05  7.5764E+05
0000553   9.5829E+05 -2.4155E+05  3.8146E+04
0000554   1.4056E+06 -1.6829E+05 -4.7622E+05
0000555   1.9589E+05 -2.6119E+05 -1.3077E+06
0000556   9.4350E+05 -5.2929E+05 -1.7884E+05
0000557   1.4855E+06 -1.3114E+05 -5.0082E+05
0000558   1.3560E+06  4.9210E+05  7.2274E+05
0000559   7.2731E+05  1.6468E+04  4.9818E+05
0000560   2.4406E+06  1.0654E+05  2.5403E+05
0000561   1.8105E+06  3.9664E+05  1.7198E+05
0000562   1.3223E+06  3.9949E+05  6.2492E+05
0000563   1.2352E+06 -3.6896E+05 -1.6160E+05
0000564   1.8228E+06 -7.4964E+05 -9.0900E+05
0000565   9.0980E+05 -1.9006E+05 -4.0440E+05
0000566   1.6381E+06  3.1872E+05  2.2453E+05
0000567   1.7795E+06  6.1163E+05  1.6813E+05
0000568   1.4591E+06 -1.8308E+04 -1.6407E+05
0000569   1.8885E+06 -4.4917E+05  8.5036E+04
0000570   2.1858E+06 -2.6154E+05 -1.6190E+05
0000571   2.3158E+06 -3.3003E+05 -5.8189E+05
0000572   1.5588E+06  5.4650E+05 -2.4298E+05
0000573   2.0501E+06 -2.9845E+05 -4.9954E+05
0000574   1.5577E+06  1.2248E+06  3.1513E+05
0000575   1.2673E+06 -3.9694E+04 -6.1616E+05
0000576   1.5339E+06  1.3209E+05 -9.4572E+05
0000577   1.5974E+06 -8.7224E+05 -3.5515E+05
0000578   9.0461E+05 -7.8604E+05  2.5709E+05
0000579   1.4997E+06  8.4380E+05 -1.9085E+05
0000580   1.5846E+06 -2.9626E+05  6.8212E+04
0000581   4.2132E+04 -4.8887E+05 -6.0904E+05
0000582   1.2016E+06 -2.5537E+05 -2.8876E+05
0000583   1.9721E+06 -1.3134E+05  1.4263E+05
0000584   1.5218E+06  1.1677E+03 -1.3099E+06
0000585   1.4923E+06 -2.5003E+04 -6.8702E+04
0000586   1.0529E+06  7.8945E+05 -2.2492E+04
0000587   1.1203E+06 -2.4868E+05  3.8685E+05
0000588   1.3021E+06 -7.6316E+05  3.8085E+05
0000589   1.6638E+06  7.3307E+05  1.6735E+05
0000590   8.9614E+05 -1.4422E+05 -5.7776E+04
0000591   1.5627E+06  3.9336E+05  1.1992E+05
0000592   9.3485E+05 -8.3208E+05 -1.2947E+06
0000593   1.9333E+06  1.0864E+06  5.3905E+05
0000594   1.3775E+06 -2.9437E+05 -3.2769E+05
0000595   1.3037E+06 -6.0036E+05 -5.1785E+03
0000596   7.6653E+05 -3.0910E+05 -8.6462E+04
0000597   1.7947E+06 -6.0149E+05  3.1140E+05
0000598   1.2124E+06  3.9320E+05 -3.6834E+04
0000599   4.4723E+05 -3.5221E+05  7.5117E+04
0000600   1.8380E+06 -8.5392E+05 -6.5772E+05
0000601   5.0559E+05 -1.5587E+05  3.2794E+05
0000602   2.0387E+06  3.0893E+04 -2.5995E+05
0000603   6.9727E+05 -9.6753E+04  2.2399E+05
0000604   1.5879E+06  5.0371E+05 -7.6998E+05
0000605   2.0523E+06  2.2732E+05  4.2203E+04
0000606   1.1970E+06 -6.4953E+05 -4.7875E+05
0000607   7.5452E+05 -3.5296E+05  2.2364E+05
0000608   1.0246E+06 -6.3025E+05  3.4654E+05
0000609   1.1701E+06 -4.0487E+05 -3.7945E+04
0000610   2.3016E+06  8.1242E+03  1.4409E+04
0000611   1.9295E+06  1.1676E+04 -1.1242E+05
0000612   1.7722E+06 -2.7992E+05  2.0945E+05
0000613   1.4889E+06  4.5467E+05 -5.7455E+05
0000614   1.7954E+06 -6.3537E+05 -2.1697E+05
0000615   8.2706E+05  1.5387E+05  2.7026E+05
0000616   1.2042E+06 -1.8543E+05  4.5921E+05
0000617   1.1055E+06  5.5456E+05 -2.3598E+05
0000618   1.6345E+06  8.7273E+05 -3.9594E+05
0000619   1.7673E+06 -3.8144E+05  5.9348E+05
0000620   1.2321E+06  3.8375E+05 -8.0132E+05
0000621   9.7259E+05 -6.5393E+05  4.3581E+05
0000622   1.7091E+06  6.4371E+05 -3.0179E+05
0000623   1.4712E+06 -1.7442E+05 -4.2236E+05
0000624   1.6307E+06  1.7913E+05 -7.1487E+05
0000625   1.0236E+06  6.4464E+05 -7.3400E+05
0000626   1.2773E+06  2.9315E+05  4.5458E+05
0000627   1.1261E+06 -2.3999E+05 -4.2152E+05
0000628   1.5294E+06 -2.8098E+05  1.3332E+06
0000629   1.4458E+06 -2.8200E+05  1.3567E+06
0000630   1.5421E+06  1.0574E+06 -5.8281E+05
0000631   2.2907E+06 -1.3416E+05  1.7211E+05
0000632   1.6733E+06 -1.0135E+06  4.8840E+05
0000633   1.5121E+06  7.1513E+05 -3.2987E+05
0000634   1.8026E+06  9.7760E+04 -1.1340E+06
0000635   2.2288E+06 -1.1691E+05 -4.5563E+05
0000636   1.8455E+06  1.3173E+05  1.1460E+05
0000637   1.4068E+06  4.4086E+05  1.1887E+05
0000638   1.3741E+06  9.6359E+04  3.6216E+05
0000639   2.0532E+06  6.2688E+05 -1.3520E+05
0000640   1.5406E+06 -5.9856E+05  3.0602E+05
0000641   1.2514E+06  7.9038E+04  1.3831E+04
0000642   1.7308E+06 -4.8449E+05 -2.9969E+05
0000643   1.8403E+06 -4.4257E+05  9.5984E+05
0000644   1.8000E+06 -1.4918E+05 -6.2500E+05
0000645   1.5829E+06 -2.3192E+05  6.1004E+05
0000646   1.4600E+06  2.4452E+05  8.3666E+04
0000647   1.2587E+06 -1.5782E+05 -3.2222E+04
0000648   1.3188E+06  3.7865E+05  9.1860E+05
0000649   8.1087E+05 -6.1405E+05  2.5241E+05
0000650   1.9045E+06 -5.1692E+05 -9.3930E+05
0000651   1.3450E+06  3.9922E+05  6.2778E+05
0000652   1.6472E+06  7.3343E+04 -7.8445E+05
0000653   1.0852E+06 -1.2474E+05 -7.9676E+05
0000654   2.0094E+06  7.5196E+05  2.6224E+05
0000655   1.0281E+06  4.1183E+05  4.4358E+05
0000656   1.3438E+06 -7.2595E+05 -2.2433E+05
0000657   2.5988E+06 -8.5792E+05  6.4651E+05
0000658   1.2148E+06 -6.2051E+05  2.4705E+04
0000659   7.9296E+05  7.2351E+05 -3.9319E+05
0000660   1.3440E+06  8.9469E+04 -3.6494E+04
0000661   7.3364E+05  1.8197E+05  1.2130E+05
0000662   1.2861E+06  2.6228E+05 -2.7129E+05
0000663   1.4765E+06 -2.0983E+05 -9.9990E+05
0000664   1.7967E+06  7.5379E+05 -6.7407E+04
0000665   2.0789E+06  6.5236E+05  4.0853E+05
0000666   1.7375E+06  1.7370E+05  1.5989E+06
0000667   1.3872E+06 -1.1701E+06  9.8705E+04
0000668   9.9234E+05 -3.1881E+05  3.6357E+04
0000669   1.7278E+06  1.4870E+06 -3.7974E+05
0000670   1.7736E+06 -7.4648E+05  9.5342E+05
0000671   1.3736E+06  4.2221E+05 -1.0876E+06
0000672   1.4120E+06 -3.2171E+04 -1.6501E+05
0000673   1.3415E+06 -8.1648E+04  1.9720E+05
0000674   1.5400E+06 -4.7613E+05 -1.6155E+05
0000675   1.7457E+06 -4.8294E+04  5.7870E+05
0000676   1.5443E+06  6.8525E+05  2.9049E+05
0000677   3.6799E+05 -9.6538E+04  2.6498E+05
0000678   9.7797E+05 -7.6933E+05 -4.5205E+04
0000679   1.9488E+06 -6.5375E+05  3.6502E+05
0000680   1.2837E+06 -1.2310E+05  1.6255E+05
0000681   8.0412E+05 -6.5919E+04  2.8792E+05
0000682   8.9732E+05  9.0360E+05 -4.8801E+05
0000683   1.6794E+06 -2.7626E+05  8.7075E+05
0000684   2.1483E+06 -4.6935E+02 -7.6053E+04
0000685   2.5908E+06 -1.4903E+05 -4.1125E+04
0000686   2.1403E+06 -6.4121E+04 -3.5990E+05
0000687   1.4205E+06 -7.9009E+05 -5.7670E+04
0000688   1.1772E+06 -5.1107E+05  5.2321E+04
0000689   1.1545E+06  3.7512E+05 -2.9853E+05
0000690   1.4653E+06  1.5802E+05  3.3486E+04
0000691   1.7661E+06 -1.0802E+06 -3.0247E+04
0000692   1.9337E+06 -6.3067E+05 -2.9577E+04
0000693   1.3973E+06  3.3412E+05  1.2801E+06
0000694   2.3546E+06 -3.8825E+04 -2.8394E+05
0000695   1.3863E+06  1.5423E+05  1.6560E+05
0000696   1.4305E+06  6.3921E+05  6.0512E+05
0000697   1.7587E+06 -8.0207E+05  4.1134E+05
0000698   7.5935E+05  2.1637E+05  2.6880E+05
0000699   1.0107E+06 -6.7597E+04  9.3533E+04
0000700   1.4089E+06 -1.6753E+06 -2.9799E+05
0000701   1.0753E+06  9.7992E+05 -1.5091E+05
0000702   1.4625E+06  1.7392E+05  6.9938E+05
0000703   1.9884E+06 -5.3431E+05 -7.7722E+05
0000704   1.0352E+06 -4.3849E+05 -2.8516E+05
0000705   2.2418E+06 -7.3281E+05 -2.5558E+05
0000706   7.6250E+05 -3.5039E+05  2.1098E+05
0000707   1.4842E+06 -4.4759E+05  7.4313E+05
0000708   1.6111E+06  2.7102E+05 -1.8650E+05
0000709   2.1574E+06  1.3382E+04  1.8445E+05
0000710   1.6045E+06  2.1832E+05  6.0347E+05
0000711   9.7165E+05 -4.5098E+05 -1.9766E+05
0000712   1.2013E+06  4.1651E+05  6.9117E+05
0000713   1.9985E+06  2.6175E+05 -3.8380E+05
0000714   1.1021E+06  2.0148E+04 -2.1643E+05
0000715   5.3941E+05  1.1399E+06 -3.6536E+05
0000716   2.1752E+06 -5.9464E+05  4.3550E+05
0000717   1.5226E+06 -2.1691E+05 -1.0990E+06
0000718   1.9986E+06  6.3897E+04 -1.4986E+05
0000719   1.9676E+06  3.3854E+05 -9.1040E+04
0000720   1.1596E+06 -1.0175E+06 -3.5754E+05
0000721   2.3786E+06  5.6987E+05 -2.3618E+05
0000722   1.4261E+06  4.4314E+05 -6.1518E+05
0000723   1.6115E+06 -8.1215E+05  1.1031E+05
0000724   2.3512E+06 -2.5619E+04 -1.2326E+05
0000725   8.4594E+05 -2.4181E+05 -2.3503E+05
0000726   8.6926E+05 -4.7526E+05  5.7685E+05
0000727   1.4725E+06 -1.4731E+04  7.3761E+05
0000728   1.6870E+06  6.6588E+05 -1.5980E+05
0000729   1.7147E+06  8.3973E+05 -1.1984E+05
0000730   1.8042E+06  1.1304E+05  2.2149E+03
0000731   1.8191E+06  3.3510E+05  8.2615E+05
0000732   2.1186E+06  2.4927E+05 -3.7187E+05
0000733   1.0746E+06 -7.9789E+04  1.0629E+05
0000734   1.2387E+06 -5.2866E+03 -5.6153E+05
0000735   1.2907E+06  1.8318E+05  3.8955E+05
0000736   1.8954E+06  3.0513E+05  9.3207E+04
0000737   2.0215E+06  2.3345E+04  1.1647E+06
0000738   1.4441E+06  3.7182E+05  4.1561E+05
0000739   1.6133E+06 -6.6424E+05 -2.9315E+05
0000740   1.1181E+06  3.8752E+05  3.0126E+05
0000741   1.1228E+06 -1.9660E+05  9.3191E+05
0000742   1.0474E+06 -1.5530E+05 -3.8456E+04
0000743   1.7481E+06  7.8836E+05 -9.3147E+05
0000744   2.0084E+06 -5.9442E+03 -7.2251E+05
0000745   1.4018E+06  4.8590E+05 -5.2110E+05
0000746   1.7218E+06 -6.7700E+05  3.4825E+05
0000747   1.2555E+06  3.7399E+05 -1.2990E+05
0000748   1.8926E+06 -6.5937E+04 -3.3669E+05
0000749   8.1802E+05 -2.5093E+05 -5.5352E+05
0000750   1.5967E+06 -3.4534E+05  3.8647E+05
0000751   1.2825E+06 -5.6673E+04 -3.5151E+05
0000752   1.6997E+06  5.7459E+05  5.0052E+05
0000753   8.8638E+05  2.1669E+05  4.0315E+05
0000754   9.7225E+05 -3.3250E+05 -5.2209E+05
0000755   1.4589E+06 -1.0303E+06 -3.4534E+05
0000756   1.9360E+06 -3.9353E+05 -7.3350E+05
0000757   1.1458E+06  7.7856E+04  8.7149E+04
0000758   1.9831E+06  2.5578E+05  7.6019E+05
0000759   1.2905E+06 -5.2357E+04 -6.2898E+05
0000760   8.5695E+05  1.7752E+06 -3.1354E+05
0000761   1.7124E+06  1.1076E+06  1.2152E+05
0000762   1.4397E+06 -1.0445E+05 -1.2309E+05
0000763   1.6186E+06  1.2867E+05  5.6910E+05
0000764   2.2856E+06 -4.7313E+05 -3.3769E+05
0000765   1.0187E+06  5.8737E+05 -2.3192E+05
0000766   2.0072E+06 -4.7419E+05  2.5693E+05
0000767   1.7459E+06 -5.5582E+05 -2.1890E+05
0000768   1.4985E+06  3.5144E+04 -5.2425E+05
0000769   1.0265E+06 -3.8922E+05  2.3780E+05
0000770   1.8419E+06  1.0682E+06 -3.7052E+05
0000771   1.4685E+06 -6.5068E+04  2.2313E+05
0000772   1.4077E+06 -2.4040E+05 -1.2901E+06
0000773   6.0278E+05  4.1681E+05 -6.3035E+05
0000774   1.3627E+06  1.3635E+06  3.6120E+05
0000775   1.3960E+06 -1.4220E+05  3.2781E+04
0000776   2.0773E+06 -5.4418E+05 -1.3589E+05
0000777   7.3132E+04  1.4627E+05  6.3874E+05
0000778   1.1081E+06 -4.4336E+05 -1.0281E+04
0000779   9.7303E+05 -1.2831E+05 -2.8915E+05
0000780   1.8412E+06 -2.8587E+05  1.9718E+05
0000781   8.9891E+05  1.5812E+05  2.2568E+04
0000782   6.3295E+05 -1.2183E+05  7.0214E+05
0000783   2.8668E+05  1.8652E+04  4.7272E+04
0000784   1.6075E+06 -2.4691E+05 -2.5757E+05
0000785   1.7386E+06 -4.6666E+05  2.8744E+05
0000786   1.3506E+06 -9.4745E+04  5.5166E+05
0000787   2.0636E+06  4.5475E+05 -9.7450E+05
0000788   7.0214E+05 -4.8882E+05 -1.9929E+05
0000789   1.6658E+06 -9.2366E+05  3.2676E+05
0000790   1.0140E+06  6.8574E+02  8.6982E+05
0000791   1.7582E+06  9.2652E+04  4.9212E+05
0000792   1.6687E+06  2.9779E+05  4.3225E+05
0000793   1.4201E+06 -8.7521E+05 -7.0825E+05
0000794   2.3178E+06 -1.4836E+05 -1.8907E+05
0000795   1.1857E+06  6.2877E+05 -3.8873E+04
0000796   1.0384E+06  1.0700E+06  1.2116E+05
0000797   2.2338E+06  1.2377E+06  5.6554E+05
0000798   1.2708E+06 -2.0956E+05  9.2752E+05
0000799   1.3810E+06 -3.2576E+04  4.1784E+04
0000800   1.5179E+06  4.5756E+05 -8.1653E+05
0000801   9.9363E+05  1.2745E+06  1.9185E+05
0000802   2.1739E+06 -3.0311E+05 -8.9912E+04
0000803   1.5540E+06 -1.5006E+03  5.7575E+05
0000804   1.2756E+06 -3.5853E+05 -1.0240E+06
0000805   3.9766E+05  1.5332E+05  2.6639E+04
0000806   2.3354E+06 -5.3655E+05 -4.4366E+05
0000807   1.8390E+06  2.5233E+04 -2.5588E+05
0000808   1.7918E+06 -7.0207E+04 -7.9395E+03
0000809   1.0146E+06  6.4791E+05 -3.6869E+05
0000810   2.2548E+06 -3.4416E+05 -8.0835E+05
0000811   1.9474E+06 -6.8678E+05 -1.3952E+05
0000812   1.1207E+06  8.1272E+04  2.4839E+05
0000813   1.6956E+06 -6.7982E+03  7.6906E+05
0000814   2.2154E+06 -9.6017E+05 -5.9088E+05
0000815   1.6073E+06  2.4268E+05 -1.2989E+05
0000816   1.9017E+06  2.5220E+05 -2.1232E+05
0000817   1.8354E+06  1.5806E+05  4.6893E+05
0000818   1.5687E+06 -4.4523E+05  4.9333E+05
0000819   1.1546E+06  4.0906E+05  4.4131E+05
0000820   1.6911E+06 -6.9938E+05  9.1556E+05
0000821   1.3041E+06  4.0750E+05  6.9997E+05
0000822   1.9815E+06  7.4309E+04 -4.7001E+05
0000823   1.8455E+06  6.8728E+05  9.7633E+05
0000824   1.7439E+06 -6.9207E+05 -6.4288E+05
0000825   1.5859E+06 -4.4062E+04  4.6043E+05
0000826   8.5002E+05 -7.1026E+05  4.1181E+05
0000827   2.0485E+06  1.3949E+05 -6.5484E+04
0000828   2.3979E+06  1.7027E+05  5.5833E+05
0000829   2.0543E+06 -8.5668E+05 -6.2192E+05
0000830   1.1417E+06 -1.9893E+05  1.4845E+05
0000831   1.3596E+06 -3.0190E+05  8.3136E+05
0000832   1.6628E+06 -4.8210E+05  4.2174E+05
0000833   1.1333E+06 -7.0520E+04  2.0881E+05
0000834   1.6566E+06 -1.0209E+06  3.3583E+05
0000835   2.0759E+06  3.5831E+05  5.7919E+05
0000836   1.2215E+06  2.5820E+05 -1.4360E+05
0000837   1.8922E+06 -1.7113E+05  5.2273E+05
0000838   1.8444E+06  1.5338E+05  1.5475E+05
0000839   1.9513E+06 -3.6339E+05 -3.5019E+05
0000840   2.0578E+06  1.9789E+05  3.7891E+05
0000841   6.6007E+05  1.6343E+05 -1.2740E+05
0000842   2.1237E+06  5.3483E+04  6.2125E+04
0000843   1.0024E+06 -3.4127E+05  5.8327E+05
0000844   1.8875E+06 -5.1292E+05  2.9435E+05
0000845   1.1676E+06 -1.0584E+05  6.4884E+05
0000846   1.3164E+06 -2.5461E+05  3.3614E+05
0000847   8.0255E+05 -3.0711E+05 -6.5693E+05
0000848   1.3451E+06 -2.1320E+05  3.0926E+04
0000849   2.3438E+06  3.4447E+04 -6.0565E+05
0000850   1.5013E+06 -8.9450E+05  3.2558E+05
0000851   1.4082E+06  5.7454E+04  9.8219E+04
0000852   2.0682E+06 -8.5844E+05  2.6839E+05
0000853   8.8030E+05 -2.5031E+05  4.0567E+05
0000854   2.0873E+06 -1.6310E+05  1.8521E+05
0000855   1.7011E+06  8.2360E+05  3.6504E+05
0000856   2.7404E+04  4.8743E+05  2.7826E+05
0000857   9.2027E+05  9.9352E+05 -6.9365E+05
0000858   9.5091E+05 -1.5327E+05 -1.8414E+05
0000859   1.4940E+06  1.8780E+05 -2.7594E+04
0000860   1.8980E+06 -3.9031E+05 -7.6340E+04
0000861   1.5351E+06  9.0586E+04  7.8145E+04
0000862   1.9688E+06 -2.7976E+05  1.8344E+05
0000863   1.5150E+06  5.5049E+04  4.2732E+04
0000864   1.2838E+06  9.2102E+05 -6.1716E+05
0000865   1.6957E+06  1.1649E+05 -3.1503E+05
0000866   1.0140E+06 -4.8835E+05  4.3430E+05
0000867   2.1855E+06  4.1774E+05  3.9662E+05
0000868   2.0091E+06  1.1688E+05  3.8069E+05
0000869   1.1906E+06 -2.9334E+05  2.9320E+05
0000870   1.6101E+06  9.4394E+05  6.7090E+05
0000871   2.4202E+06  1.4786E+05 -2.5232E+03
0000872   1.6156E+06 -5.0225E+05  1.6883E+05
0000873   2.0512E+05 -7.3155E+04 -3.7559E+05
0000874   2.1530E+06  4.2513E+05 -3.4186E+04
0000875   1.3631E+06 -7.2287E+05  5.8049E+05
0000876   1.4185E+06  5.4751E+05 -3.5288E+05
0000877   2.1126E+06 -5.2811E+05 -1.2156E+05
0000878   2.2186E+06 -8.0427E+05  7.9798E+05
0000879   6.6229E+05  7.5417E+05  3.4834E+05
0000880   2.5272E+06  2.3554E+05 -1.1521E+05
0000881   7.5329E+05  5.7486E+03 -1.5792E+05
0000882   1.6236E+06 -1.3886E+04 -6.7025E+05
0000883   5.2079E+05  5.5663E+05  2.5742E+05
0000884   1.8779E+06  6.4125E+05 -5.3102E+05
0000885   7.6275E+05 -2.2316E+05  6.9334E+03
0000886   2.5719E+06 -1.2451E+05 -1.9138E+05
0000887   1.0013E+06  6.2283E+05  2.6174E+05
0000888   1.8869E+06 -8.8350E+05  1.7593E+05
0000889   2.1684E+06  6.5151E+05 -4.3075E+05
0000890   1.7622E+06 -7.0770E+05  7.1572E+05
0000891   1.8286E+06  3.6457E+05  6.7048E+05
0000892   2.2415E+06  2.7024E+05 -1.2667E+05
0000893   1.2819E+06  2.6589E+05  2.5324E+05
0000894   1.0559E+06  5.8340E+05  4.7258E+05
0000895   1.0518E+06  5.6213E+05 -2.5451E+05
0000896   8.4481E+05  1.1367E+05 -3.0623E+05
0000897   6.7067E+05  2.0505E+05 -6.0662E+05
0000898   2.0777E+06 -5.8214E+05  5.9526E+04
0000899   9.3529E+05 -1.5879E+04 -5.0090E+05
0000900   1.2797E+06  2.2753E+05 -1.8905E+04
0000901   1.9680E+06 -1.8769E+05  2.2519E+04
0000902   2.3025E+06  1.8507E+05 -3.2569E+05
0000903   1.6917E+06 -1.8356E+05  4.8962E+05
0000904   1.8811E+06  6.4645E+05 -6.4254E+05
0000905   1.8820E+06  2.7198E+05  3.5919E+05
0000906   2.2205E+06  7.1207E+05 -9.3855E+04
0000907   2.1934E+06 -8.7060E+05  5.1389E+05
0000908   1.2745E+06 -7.5995E+05  4.1664E+05
0000909   1.7703E+06  1.1017E+05 -4.9453E+05
0000910   1.9580E+06 -9.0994E+05 -5.0465E+05
0000911   1.8408E+06  3.8747E+05 -2.9877E+05
0000912   1.8821E+06 -5.4803E+05  7.4666E+05
0000913   1.4437E+06  9.4910E+05  3.1792E+05
0000914   1.2955E+06  2.7468E+05  1.3776E+05
0000915   1.8321E+06  2.2910E+05  4.1450E+05
0000916   9.0333E+05  3.1259E+05  7.2319E+05
0000917   1.6304E+06  1.4433E+05  3.1314E+04
0000918   1.0063E+06  1.4198E+05  4.1617E+05
0000919   2.2275E+06 -2.0535E+05  6.9392E+05
0000920   1.8837E+06 -2.1312E+05  4.7792E+05
0000921   8.0077E+05  2.0577E+04  1.6611E+05
0000922   2.0223E+06 -5.9642E+04 -3.3892E+05
0000923   1.6495E+06 -3.2181E+05 -5.5300E+04
0000924   1.2747E+06  1.8182E+05  8.2198E+04
0000925   1.5976E+06 -1.3360E+05  5.6333E+05
0000926   1.9838E+06 -4.2885E+05  1.2474E+05
0000927   6.8076E+05 -7.6076E+05 -3.3113E+05
0000928   1.1046E+06  5.0481E+05  1.7548E+05
0000929   1.9288E+06 -3.6957E+05 -2.3053E+05
0000930   1.7628E+06  2.5869E+05  8.8536E+04
0000931   1.8251E+06 -6.1106E+05 -1.0428E+06
0000932   1.9795E+06  4.5824E+05  8.6323E+05
0000933   2.3987E+05  4.0335E+05  8.9847E+04
0000934   1.2826E+06  4.9623E+05 -3.5244E+05
0000935   1.4835E+06  9.7193E+04 -4.7211E+05
0000936   1.8428E+06  5.0231E+05 -5.6747E+05
0000937   6.6878E+05  1.2678E+04  3.6284E+05
0000938   4.1890E+05  1.3707E+05 -8.4437E+04
0000939   2.1662E+06  3.8197E+05  6.4521E+05
0000940   1.8681E+06  2.5327E+05  5.8103E+05
0000941   1.7298E+06  4.2075E+04  2.9130E+05
0000942   8.3320E+05 -2.0497E+05 -2.1015E+05
0000943   1.7196E+06  1.7320E+04  2.5864E+05
0000944   1.9407E+06 -7.8560E+04 -4.8657E+05
0000945   1.5188E+06 -1.3343E+05  7.6320E+05
0000946   1.4062E+06 -2.2472E+05 -4.4348E+05
0000947   1.1708E+06 -5.9842E+05  6.5604E+04
0000948   1.8475E+06 -1.3584E+05  1.2100E+06
0000949   2.8146E+06  3.9983E+05 -1.0582E+05
0000950   1.4754E+06 -5.0927E+05 -7.6752E+04
0000951   1.1986E+06  5.8956E+05 -7.6283E+05
0000952   1.3716E+06  2.7347E+05 -3.6670E+05
0000953   1.0371E+06 -9.5013E+04 -1.0561E+04
0000954   1.9887E+06  2.1539E+05 -1.2311E+04
0000955   1.5584E+06 -6.8783E+05 -2.8513E+04
0000956   1.5589E+06 -5.0402E+05  6.1442E+05
0000957   7.3248E+05 -2.8791E+04  2.8488E+04
0000958   1.1861E+06 -6.1629E+05  1.9252E+05
0000959   1.4336E+06  2.1010E+05 -7.6644E+05
0000960   1.5432E+06 -5.5445E+05  6.8742E+05
0000961   9.2063E+05  2.8268E+05  7.2632E+05
0000962   1.1148E+06 -1.1638E+05 -3.7219E+05
0000963   7.0683E+05 -1.8675E+04  4.7291E+05
0000964   9.0475E+05 -3.6537E+05  6.2645E+05
0000965   1.2090E+06 -1.9427E+04 -5.2677E+05
0000966   1.8468E+06 -3.8298E+05  5.1094E+05
0000967   9.2599E+05 -4.8256E+05  2.6822E+05
0000968   1.4332E+06  1.2077E+06 -1.0417E+05
0000969   1.5101E+06  3.9303E+05 -3.5606E+05
0000970   1.4685E+06 -2.1658E+05 -7.2032E+05
0000971   1.5633E+06 -2.0104E+05  5.8508E+05
0000972   7.0833E+05 -8.8768E+04 -1.3010E+05
0000973   1.7389E+06 -3.3538E+04  3.1658E+05
0000974   1.7543E+06  3.6557E+04  4.6703E+05
0000975   1.6300E+06 -4.2639E+05 -3.4625E+05
0000976   2.0356E+06  6.2566E+04 -7.1352E+05
0000977   1.8020E+06  5.6641E+05  2.7467E+05
0000978   1.8471E+06  8.3906E+04  1.1776E+04
0000979   1.2360E+06 -9.5881E+05 -3.5103E+05
0000980   1.5321E+06 -2.9000E+05 -1.1985E+05
0000981   1.3417E+06 -5.3091E+05  1.1536E+05
0000982   1.0727E+06  2.3504E+05 -2.9831E+05
0000983   1.3286E+06  9.0519E+05 -3.1385E+05
0000984   7.2410E+05  3.2172E+04  1.2513E+05
0000985   1.5528E+06 -1.8720E+05 -2.5315E+05
0000986   1.4271E+06 -2.1428E+05 -1.0791E+06
0000987   1.7785E+06 -2.2172E+05  1.9697E+05
0000988   1.5306E+06  9.2322E+05  4.3455E+05
0000989   1.9362E+06 -8.4283E+05 -4.4386E+05
0000990   1.0737E+06  4.2013E+05  6.0980E+05
0000991   1.7985E+06  7.3391E+05  3.3970E+05
0000992   9.9797E+05  3.9350E+05 -1.3750E+05
0000993   1.4056E+06  8.8144E+04  6.5420E+04
0000994   2.3022E+06 -5.3606E+05  1.2485E+06
0000995   9.2301E+05  5.8932E+05  4.4590E+05
0000996   9.4694E+05  6.6420E+04 -1.9593E+05
0000997   9.0611E+05 -1.3104E+05  4.1032E+05
0000998   1.9241E+06  6.6208E+04  1.0246E+05
0000999   1.6992E+06  3.2897E+05 -9.3826E+04
0001000   1.1807E+06 -7.4207E+04  2.1821E+05
