============================== SRIM-2013.00 ==============================
==============================================================================
====== SRIM Outputs\RANGE_3D.txt : File of Final Ion Positions =====

Ion = Ar (18)   Ion Mass= 039.9620
Energy  = 5689866.E-04 keV
Ion Angle to Surface = 00.0 degrees
==================== TARGET =======================
  Layer # 1 - Layer 1
  Layer # 1 - Bottom Depth=500000.E+02 A
  Layer # 1 - Density =0000.0071 g/cm3
  Layer # 1 -  100 % of Ar
様様様様様様様様様様様様様様様様様様様様様様様様様様
                                            
Ion       Depth  X   Lateral Y   Lateral Z  
Number    (Angstrom) (Angstrom)  (Angstrom) 
-------  ----------- ----------- -----------
0000001   3.2576E+06 -1.6578E+06  1.3357E+06
0000002   4.0988E+06  6.4808E+05  4.1884E+05
0000003   1.6755E+06  1.0379E+06 -7.3672E+04
0000004   1.1032E+06 -5.3835E+05 -6.6765E+05
0000005   3.4718E+06 -1.0391E+06  8.7771E+05
0000006   3.1250E+06 -5.7909E+05 -5.0659E+05
0000007   2.6984E+06 -3.1952E+05  5.0777E+05
0000008   5.9524E+05 -4.5334E+05  2.9024E+05
0000009   2.7003E+06  1.2762E+06 -7.0419E+04
0000010   2.6036E+06 -3.4670E+05  5.8595E+05
0000011   3.1847E+06  1.5417E+06  4.1977E+05
0000012   3.4158E+06 -3.6669E+05  7.8117E+05
0000013   3.5112E+06  8.8707E+04 -4.7187E+05
0000014   2.3274E+06 -5.8848E+04  4.7536E+05
0000015   3.4675E+06 -5.9899E+05  1.2300E+06
0000016   2.7322E+06  1.6416E+05  8.7245E+04
0000017   2.8536E+06 -1.5269E+06  1.8511E+05
0000018   3.4404E+06  1.7116E+06  1.4539E+05
0000019   2.9042E+06  4.2375E+05  1.7310E+05
0000020   4.3349E+06  8.5571E+05 -4.6564E+05
0000021   3.0178E+06 -1.3131E+06  1.4460E+06
0000022   1.4433E+06 -5.7319E+05  6.2352E+05
0000023   1.6051E+06  1.8303E+05  4.6621E+05
0000024   2.2022E+06 -1.6099E+04  3.4701E+05
0000025   2.5507E+06  2.7176E+05 -1.3011E+06
0000026   2.9293E+06  5.7398E+05 -1.6384E+06
0000027   3.7232E+06 -5.2059E+05 -1.0939E+06
0000028   3.0630E+06 -6.0265E+05  2.6542E+05
0000029   3.2909E+06  9.0777E+05  1.0103E+06
0000030   3.7368E+06  6.6055E+05 -1.3115E+06
0000031   2.0890E+06  1.6576E+06 -1.2466E+06
0000032   3.7350E+06  6.9806E+05 -7.2896E+05
0000033   2.8802E+06  8.6771E+05  1.5467E+06
0000034   2.7128E+06 -3.2409E+05 -7.3548E+05
0000035   3.0088E+06  9.1263E+05  2.8311E+05
0000036   2.1612E+06 -7.4025E+05  8.0763E+04
0000037   2.7399E+06 -7.0739E+05 -3.4801E+05
0000038   3.0196E+06 -5.9969E+05  2.8522E+05
0000039   1.5780E+06  4.0674E+05 -1.6756E+06
0000040   1.4314E+06 -2.0642E+05  1.1500E+06
0000041   2.6175E+06 -4.5113E+05 -7.8540E+05
0000042   2.2401E+06 -1.5805E+05 -1.9332E+06
0000043   2.5129E+06  5.9839E+05 -3.3690E+05
0000044   2.4677E+06 -6.9185E+05  6.7096E+05
0000045   2.0687E+06  2.5953E+05  1.3588E+05
0000046   3.2817E+06 -4.3752E+05 -5.5938E+05
0000047   1.5839E+06  2.9104E+05  9.3853E+05
0000048   2.6258E+06 -7.0189E+05 -8.0446E+05
0000049   2.2046E+06  6.1343E+05 -1.3952E+05
0000050   2.4919E+06  4.5342E+05  8.2614E+05
0000051   2.1813E+06  2.6059E+05 -6.5631E+05
0000052   1.6387E+06  3.9790E+05 -1.9317E+05
0000053   3.4479E+06  6.3024E+04  8.3442E+05
0000054   2.2619E+06  8.3503E+05 -1.0714E+06
0000055   3.3946E+06 -1.3198E+06  7.4670E+05
0000056   3.1820E+06  5.7449E+05 -5.8153E+05
0000057   1.1118E+06 -4.0655E+05  2.1027E+05
0000058   4.0304E+06 -2.6726E+05  2.4090E+05
0000059   2.6228E+06 -1.4390E+06 -1.2084E+06
0000060   4.5113E+06  2.6275E+05 -5.9979E+05
0000061   3.3846E+06 -1.6700E+05 -4.2468E+05
0000062   3.0410E+06  6.3336E+05  2.6727E+05
0000063   2.2378E+06 -2.2278E+05  1.3939E+06
0000064   2.0254E+06  1.3181E+06  5.8575E+05
0000065   1.2047E+06  1.6725E+06 -7.9055E+05
0000066   1.1943E+06 -8.3818E+05 -9.3940E+05
0000067   2.1296E+06 -3.4915E+05 -1.5171E+06
0000068   2.9956E+06 -5.7287E+05  1.0490E+05
0000069   3.0348E+06 -8.1601E+05  1.1317E+06
0000070   2.3233E+06  2.5248E+05  3.0092E+05
0000071   2.9857E+06  5.9772E+05  2.1530E+05
0000072   2.3466E+06  4.9903E+05  3.8294E+05
0000073   2.7493E+06 -1.0789E+06  6.7733E+05
0000074   2.3258E+06  1.1672E+06  2.3742E+05
0000075   4.0415E+06 -7.0645E+05  3.0388E+05
0000076   2.4269E+06  4.6377E+05  1.5217E+05
0000077   4.2503E+06 -1.4464E+06 -8.6880E+05
0000078   3.4022E+06  1.2404E+06 -3.8987E+05
0000079   3.4479E+06 -3.4030E+05  1.2987E+06
0000080   2.2353E+06  3.6490E+05  3.6330E+03
0000081   2.5700E+06  1.8465E+06  7.5860E+05
0000082   2.1782E+06  9.1370E+05  1.0005E+06
0000083   3.3129E+06 -6.0542E+04 -7.0814E+05
0000084   2.5604E+06  6.4826E+05  1.4874E+06
0000085   2.9723E+06  1.1514E+06 -8.2769E+05
0000086   3.6896E+06  7.2407E+05  1.2537E+05
0000087   3.4315E+06 -1.2421E+06  1.2659E+05
0000088   2.8037E+06 -2.8921E+05 -1.3976E+06
0000089   3.8710E+06  1.7235E+05  5.8852E+04
0000090   2.4857E+06 -6.3121E+05 -1.1881E+06
0000091   2.6517E+06 -2.2698E+05  1.2150E+06
0000092   3.2225E+06 -8.9796E+05 -4.2557E+05
0000093   2.8832E+06 -4.7369E+05  1.0742E+05
0000094   3.5063E+06 -4.1104E+05 -4.1167E+05
0000095   3.6652E+06  2.4763E+04  3.9587E+05
0000096   3.7234E+06  2.9337E+05  1.4250E+06
0000097   2.0135E+06 -3.3018E+05 -1.5874E+06
0000098   1.4158E+06 -2.1667E+05 -6.6617E+05
0000099   2.0879E+06 -9.0917E+05  1.4557E+06
0000100   2.1225E+06  4.7712E+05  1.0194E+06
0000101   3.8753E+06  5.5901E+05  8.0681E+05
0000102   3.3843E+06  1.5380E+06  6.2172E+05
0000103   2.6217E+06  1.8674E+05  9.4562E+05
0000104   3.3793E+06 -7.1055E+04  1.3257E+05
0000105   2.2979E+06  3.2090E+05 -9.8573E+05
0000106   2.7942E+06 -1.0221E+06  1.4816E+05
0000107   3.2965E+06 -2.4806E+05 -1.0700E+06
0000108   1.1940E+06  3.3234E+05 -3.0823E+05
0000109   2.8278E+06 -9.2437E+05 -4.4387E+05
0000110   3.9654E+06  9.9725E+05  3.6903E+05
0000111   3.1577E+06 -1.6480E+06 -7.7870E+04
0000112   2.8776E+06  7.3550E+05 -6.2084E+05
0000113   2.3381E+06  6.5987E+05  2.9070E+03
0000114   2.6738E+06  4.9994E+05 -4.5101E+04
0000115   2.6301E+06  1.1166E+06  1.3215E+06
0000116   1.7964E+06  5.4416E+05  1.1002E+05
0000117   3.7472E+06  9.0630E+05 -1.1983E+06
0000118   1.5121E+06 -1.0869E+06  4.7242E+05
0000119   2.2394E+06 -2.2083E+05 -5.1655E+05
0000120   2.1857E+06  1.2495E+05  1.4465E+06
0000121   1.8506E+06 -1.2868E+06  5.1220E+05
0000122   3.5356E+06 -7.9573E+05 -6.2424E+05
0000123   2.5696E+06  2.1977E+05 -8.1587E+05
0000124   2.7404E+06 -1.9823E+05  8.4939E+05
0000125   2.8499E+06 -1.2839E+06  3.6634E+05
0000126   2.4831E+06 -9.3240E+03 -5.0996E+05
0000127   1.1463E+06 -5.1734E+05 -1.0016E+06
0000128   1.5842E+06  3.7636E+05 -1.5208E+06
0000129   2.4488E+06 -8.3607E+05 -8.1457E+05
0000130   3.3379E+06  3.4391E+05  2.9922E+05
0000131   2.0492E+06  7.9800E+05  1.9198E+06
0000132   2.5289E+06 -6.2150E+05  3.8752E+05
0000133   4.1485E+06 -1.2550E+06 -5.2046E+04
0000134   2.0199E+06 -1.0807E+06  1.1390E+05
0000135   3.4948E+06  5.0972E+05  4.1025E+05
0000136   1.2192E+06 -3.0203E+04 -1.0638E+05
0000137   3.4428E+06  6.5226E+05  1.5305E+06
0000138   4.7577E+06 -8.2806E+05 -3.2992E+04
0000139   3.9344E+06 -1.0367E+06  1.5490E+06
0000140   2.7881E+06  5.3732E+05  9.6246E+05
0000141   2.8150E+06  9.6438E+05  4.7803E+05
0000142   2.4047E+06 -1.0233E+06  1.1919E+06
0000143   3.0642E+06 -1.2534E+05 -1.1810E+06
0000144   2.7511E+06  1.0778E+06  1.8910E+05
0000145   3.2233E+06 -7.0898E+04  8.5426E+05
0000146   2.9045E+06  1.7468E+05 -1.5478E+06
0000147   2.7712E+06 -5.2098E+05  4.0785E+05
0000148   2.7149E+06  1.7035E+05  1.0709E+06
0000149   2.6310E+06  2.5715E+05  8.7845E+05
0000150   1.6569E+06  1.2939E+05 -5.9055E+05
0000151   3.3141E+06  1.0512E+06 -8.7808E+05
0000152   2.6944E+06  2.1403E+05  6.7877E+05
0000153   2.5480E+06 -1.0023E+06 -1.5288E+06
0000154   2.4176E+06 -1.8081E+06  1.0368E+06
0000155   3.3072E+06  8.9919E+05 -4.4235E+05
0000156   2.3395E+06 -1.0615E+05  4.2461E+05
0000157   3.4523E+06  1.3335E+06  2.0183E+05
0000158   3.1475E+06 -1.1169E+06  5.8697E+04
0000159   2.7844E+06 -4.4657E+05  1.1729E+05
0000160   4.0448E+06 -4.3027E+05 -1.0762E+06
0000161   3.2769E+06 -5.9874E+05  1.1757E+06
0000162   4.3398E+06 -1.7406E+05 -2.4157E+05
0000163   2.6457E+06 -1.1750E+06 -1.0032E+05
0000164   1.5122E+06  1.3421E+06 -1.1512E+06
0000165   3.6959E+06 -8.4030E+05  2.2704E+05
0000166   4.3864E+06 -4.3933E+05 -5.6227E+05
0000167   2.1658E+06  2.9584E+05 -1.4958E+06
0000168   3.0653E+06  7.8483E+05 -6.8760E+05
0000169   3.1360E+06  5.4782E+04  1.3511E+05
0000170   3.7197E+06  1.0836E+06 -9.8150E+05
0000171   3.4944E+06  6.8249E+04 -9.1768E+05
0000172   2.8695E+06  8.8640E+04  6.4708E+05
0000173   3.0745E+06 -1.0075E+06  6.6911E+05
0000174   3.3380E+06  1.1120E+06 -1.1717E+05
0000175   3.0969E+06 -3.7885E+05  3.1064E+05
0000176   2.2452E+06  8.0938E+05 -1.7365E+06
0000177   3.0633E+06  3.7015E+04  1.0028E+06
0000178   2.2968E+06  3.0959E+05  9.1999E+05
0000179   3.3667E+06  1.1806E+06  1.8156E+05
0000180   3.1392E+06 -6.5780E+05 -8.5673E+05
0000181   1.9471E+06  1.1430E+06 -1.1935E+05
0000182   3.3409E+06 -5.4610E+04 -1.1227E+06
0000183   2.6575E+06 -1.4700E+06  8.2499E+05
0000184   2.3073E+06  4.6250E+05  6.8907E+04
0000185   1.9276E+06  3.1735E+05 -1.4074E+06
0000186   2.6736E+06  1.1633E+06 -7.2605E+05
0000187   3.1044E+06 -4.3356E+05 -1.9159E+05
0000188   1.4918E+06 -3.6006E+04 -1.8322E+06
0000189   2.5458E+06 -4.6701E+05  2.4373E+06
0000190   3.8379E+06 -5.2631E+05  1.1807E+06
0000191   1.6461E+06  5.8007E+05  7.6028E+05
0000192   1.7091E+06 -3.4677E+05 -2.2506E+04
0000193   3.3830E+06  2.5008E+05  7.2159E+05
0000194   2.7060E+06 -1.7347E+05 -4.4373E+05
0000195   3.5714E+06 -3.3940E+05  3.9700E+05
0000196   3.0687E+06  4.7490E+05  4.9415E+05
0000197   2.5316E+06  1.4409E+05 -9.8838E+05
0000198   2.7272E+06 -9.3957E+04  7.6966E+05
0000199   1.4855E+06 -7.5777E+05  1.0079E+06
0000200   3.4223E+06 -6.1186E+05 -1.6043E+06
0000201   2.1070E+06 -1.1241E+05 -8.5260E+04
0000202   9.8481E+05  3.5099E+05 -1.6840E+05
0000203   3.3340E+06  1.4566E+06 -4.9096E+05
0000204   1.6769E+06  9.2077E+05  1.1147E+06
0000205   1.7483E+06  1.8411E+06  1.0158E+06
0000206   1.9872E+06  1.5801E+05 -9.9651E+05
0000207   1.3875E+06 -4.0179E+05  8.8008E+04
0000208   2.4380E+06  4.9170E+05 -3.9773E+05
0000209   1.6455E+06 -9.0078E+05  2.9066E+05
0000210   3.4134E+06 -6.7894E+05  7.0958E+05
0000211   2.9384E+06 -8.9644E+04  3.2483E+05
0000212   3.7544E+06 -7.0608E+05  2.2720E+05
0000213   2.6287E+06  4.6723E+05 -8.3825E+04
0000214   3.0641E+06  1.6818E+06  1.2208E+06
0000215   1.4940E+06  3.3695E+05 -3.4781E+05
0000216   3.7796E+06  8.0977E+05  2.6704E+05
0000217   2.3851E+06  5.1191E+05  3.4600E+05
0000218   3.0368E+06  1.1400E+06  2.2787E+06
0000219   2.3587E+06 -2.5374E+05  6.8101E+04
0000220   3.1225E+06  1.0217E+06 -3.3653E+05
0000221   2.9146E+06 -2.8067E+05  5.6102E+04
0000222   2.5821E+06  1.4931E+05 -1.1864E+06
0000223   3.1563E+06 -4.2087E+05 -6.9769E+05
0000224   2.3045E+06 -8.9019E+05 -7.9622E+05
0000225   3.4353E+06  6.1727E+05 -7.1253E+05
0000226   2.9838E+06  2.6144E+05 -2.7914E+05
0000227   4.0824E+06 -1.1822E+05 -1.6703E+05
0000228   2.8679E+06 -1.1579E+06 -7.7922E+05
0000229   2.5863E+06  7.4093E+05 -5.8724E+05
0000230   3.0890E+06 -3.5510E+05  6.0383E+04
0000231   1.0128E+06  1.9544E+06 -7.8758E+05
0000232   1.6854E+06 -5.5620E+05 -1.1172E+06
0000233   3.4015E+06 -7.6973E+05  8.5583E+05
0000234   3.6243E+06 -6.6201E+05 -3.0638E+05
0000235   3.1145E+06 -8.5205E+05  8.2051E+05
0000236   4.0582E+06 -5.3801E+04 -4.5636E+05
0000237   9.4173E+05  6.9763E+05 -1.8968E+04
0000238   3.5011E+06  1.4915E+06 -1.1678E+05
0000239   2.2917E+06  4.9830E+04 -1.6135E+06
0000240   3.8492E+06  1.3447E+05 -9.5350E+05
0000241   1.6679E+06 -1.6111E+06  7.7305E+05
0000242   3.3762E+06  3.4761E+05  1.0214E+05
0000243   7.4446E+05 -9.5736E+05 -1.0149E+06
0000244   3.5906E+06  1.4982E+06 -3.9088E+05
0000245   2.4768E+06 -7.1355E+05  1.8167E+06
0000246   3.6574E+06  6.7890E+04 -3.0720E+05
0000247   2.3185E+06 -2.6341E+05 -1.5519E+06
0000248   1.8712E+06 -1.9122E+05  3.2247E+05
0000249   3.3921E+06 -8.7256E+05  3.5622E+05
0000250   1.0473E+06 -5.1184E+05 -1.0105E+06
0000251   9.3807E+05 -4.8337E+05 -7.9684E+05
0000252   1.5896E+06 -3.8898E+05  1.6411E+05
0000253   2.7655E+06 -5.5652E+05  2.7660E+05
0000254   3.3588E+06  1.2291E+06 -2.1971E+05
0000255   3.3235E+06  1.2872E+06 -9.0514E+04
0000256   1.4665E+06  2.5506E+05  1.2035E+06
0000257   6.9021E+05  1.9618E+05 -5.7545E+05
0000258   2.3295E+06  1.2791E+06 -1.6374E+06
0000259   3.6706E+06 -7.4639E+04  5.8291E+04
0000260   2.7431E+06 -2.4048E+05 -8.3839E+05
0000261   2.9266E+06 -2.6290E+05  2.5322E+05
0000262   4.1157E+06 -4.4345E+05 -7.0276E+05
0000263   3.5222E+06  1.4191E+06  1.6241E+06
0000264   9.7330E+05  1.2784E+06 -1.7371E+05
0000265   3.2585E+06 -6.2930E+05  9.0680E+05
0000266   3.4152E+06  1.2115E+06 -1.0165E+05
0000267   3.7396E+06  1.2732E+06  2.9090E+04
0000268   2.8319E+06  4.2058E+05  4.9591E+05
0000269   2.8485E+06 -4.8171E+05 -1.7670E+05
0000270   2.6598E+06 -1.0870E+06 -1.1255E+05
0000271   3.4993E+06 -3.6659E+05 -2.3011E+05
0000272   1.8097E+06 -2.0267E+05 -6.0545E+05
0000273   2.2227E+06 -6.7987E+05  1.2213E+05
0000274   3.3385E+06  6.9793E+04  1.2019E+06
0000275   3.5274E+06 -5.6680E+05  4.7213E+05
0000276   3.3489E+06  8.3683E+05  6.4770E+05
0000277   3.3617E+06  9.5454E+05  8.6197E+05
0000278   2.7980E+06  5.8559E+05 -1.5265E+06
0000279   3.0212E+06 -6.2903E+05 -7.9359E+05
0000280   3.4535E+06  1.3580E+06 -3.6018E+05
0000281   3.8596E+06  6.8649E+05  9.7450E+05
0000282   3.3399E+06  2.4980E+05 -7.7871E+05
0000283   2.1833E+06 -1.0686E+06  2.7413E+05
0000284   3.3384E+06 -1.8023E+05  6.2163E+05
0000285   2.7133E+06  5.0740E+05 -4.6161E+05
0000286   1.7940E+06 -3.0204E+04  2.0015E+05
0000287   2.8686E+06 -4.3844E+05  1.5148E+06
0000288   3.4184E+06 -1.3816E+06  4.7211E+04
0000289   1.3046E+06 -1.4634E+05  1.8609E+04
0000290   3.0114E+06  6.9816E+05 -6.6524E+05
0000291   2.6991E+06  1.0576E+06 -1.8391E+06
0000292   1.4718E+06  2.9880E+05 -8.1721E+05
0000293   2.5091E+06  3.9586E+05  9.6777E+05
0000294   2.6811E+06  9.6469E+05 -6.4749E+05
0000295   3.3265E+06 -3.1886E+05 -1.0188E+06
0000296   2.5201E+06 -1.8929E+06  7.1346E+05
0000297   1.3209E+06 -7.3086E+05  7.2449E+05
0000298   2.4957E+06  8.9559E+05  1.2595E+06
0000299   2.8829E+06  1.1573E+06 -1.1947E+06
0000300   2.0289E+06 -7.1713E+03 -1.5593E+06
0000301   3.1281E+06 -4.7629E+05 -1.1982E+06
0000302   2.4456E+06 -8.2648E+04  7.7816E+05
0000303   2.9795E+06 -8.4639E+05  1.2731E+06
0000304   2.1835E+06  2.9073E+05 -3.4177E+05
0000305   1.7582E+06 -6.9073E+05  9.3535E+05
0000306   3.6505E+06 -7.5877E+05  4.9943E+04
0000307   4.0255E+06 -3.3933E+05 -7.8553E+05
0000308   3.7115E+06  2.0618E+05 -1.4769E+06
0000309   3.6917E+06  3.4235E+05  4.7754E+05
0000310   6.0295E+05  5.8827E+05  4.1359E+05
0000311   2.3125E+06 -4.5427E+05 -1.0031E+05
0000312   2.0008E+06 -3.9554E+05  6.9626E+05
0000313   2.4883E+06 -6.4322E+05 -1.0315E+06
0000314   3.2164E+06  8.6232E+05  5.5366E+05
0000315   1.8288E+06  2.1451E+04 -1.0858E+06
0000316   1.6374E+06 -1.9379E+05 -1.6963E+06
0000317   3.9899E+06  3.1734E+05  4.0241E+05
0000318   1.6230E+06  5.7099E+05 -4.6743E+05
0000319   1.7775E+06  7.0108E+05 -2.2606E+06
0000320   3.4190E+06 -3.9923E+05  1.0943E+06
0000321   3.2757E+06  9.3889E+05 -1.2770E+06
0000322   3.0715E+06 -1.2727E+06 -7.4041E+05
0000323   2.9697E+06 -4.7622E+05 -1.3192E+06
0000324   1.3258E+06 -5.6495E+05  1.6288E+04
0000325   3.2851E+06  8.4486E+05  3.8983E+05
0000326   2.9904E+06 -9.8853E+05  3.6071E+05
0000327   3.3262E+06  4.3301E+05  9.5657E+05
0000328   1.7091E+06 -3.4146E+05 -1.2831E+06
0000329   3.5715E+06  4.0138E+05 -5.3554E+05
0000330   3.4600E+06 -1.6832E+05  5.1549E+05
0000331   2.3868E+06  5.8590E+04  1.8646E+05
0000332   2.3014E+06  9.5138E+05  2.0318E+06
0000333   3.1510E+06 -2.2255E+05  1.6943E+05
0000334   3.5694E+06  9.3205E+05 -2.3452E+05
0000335   2.2857E+06  1.0354E+06 -2.2876E+06
0000336   2.7777E+06 -7.9142E+04  1.2557E+06
0000337   3.6457E+06 -6.6177E+05 -8.1315E+05
0000338   3.9146E+06 -6.0196E+05  6.7035E+05
0000339   3.1866E+06 -4.9613E+05  7.3858E+05
0000340   1.4168E+06 -1.1682E+06  2.2981E+06
0000341   4.1961E+06  1.7172E+06 -3.6024E+04
0000342   2.1184E+06  2.4942E+04  9.8931E+05
0000343   3.9633E+06 -2.4324E+05 -4.2230E+05
0000344   1.1890E+06  2.6910E+05 -1.1839E+06
0000345   3.3118E+06  5.0745E+05 -1.4592E+04
0000346   3.0963E+06  8.4726E+05 -1.9126E+05
0000347   1.5439E+06  3.9884E+05  5.3876E+05
0000348   3.0229E+06  3.2800E+05  6.2448E+05
0000349   2.4859E+06 -9.3576E+05 -1.2927E+06
0000350   1.9810E+06  4.1230E+05 -3.6327E+04
0000351   3.4840E+06  1.9208E+05  1.5335E+06
0000352   3.1244E+06  1.8922E+06  3.6269E+05
0000353   3.8373E+06  7.4628E+05 -8.8707E+05
0000354   1.6094E+06 -1.3794E+06 -3.8907E+05
0000355   2.0690E+05  1.1256E+06 -1.6714E+06
0000356   3.1392E+06  3.4030E+05 -5.7756E+05
0000357   3.1273E+06 -9.2444E+05  2.1238E+05
0000358   3.3017E+06  3.5440E+04 -1.9027E+05
0000359   3.2709E+06  4.9314E+05 -2.0965E+05
0000360   2.6718E+06 -8.8804E+05  1.0814E+06
0000361   2.9924E+06 -1.1846E+06  3.6380E+05
0000362   9.3686E+05 -3.1711E+05 -5.0680E+05
0000363   2.0831E+06 -2.7264E+05 -1.1695E+06
0000364   3.2935E+06 -6.6797E+05  4.4676E+03
0000365   3.3902E+06 -1.0416E+06 -2.2013E+05
0000366   1.0063E+06 -3.5098E+05  1.2255E+06
0000367   1.2136E+06  1.5336E+06 -1.3501E+06
0000368   1.9637E+06  9.3389E+05  2.8500E+05
0000369   2.1403E+06  3.4843E+05  1.8217E+05
0000370   2.5435E+06  1.8374E+06  3.7342E+05
0000371   4.1982E+06  5.8035E+05  8.5158E+05
0000372   3.1147E+06  1.0684E+06  4.1258E+04
0000373   1.8389E+06  2.5503E+05 -3.1836E+05
0000374   3.5052E+06 -7.4883E+04 -6.9818E+04
0000375   2.6154E+06  6.0635E+05 -1.2654E+06
0000376   2.4815E+06  6.0539E+05  1.2878E+05
0000377   3.8999E+06  2.0495E+06 -1.8608E+05
0000378   2.8379E+06  4.8656E+05  1.3050E+05
0000379   2.6073E+06  5.3000E+05  1.4277E+06
0000380   3.7030E+06 -4.2051E+05 -2.1411E+05
0000381   2.5827E+06 -2.0097E+05  1.3239E+06
0000382   2.8038E+06  2.3737E+05 -1.1209E+05
0000383   3.1887E+06  2.9804E+05 -7.1037E+05
0000384   2.4598E+06 -8.2777E+05  1.4419E+06
0000385   2.9196E+06 -7.5362E+05  2.1832E+05
0000386   2.8760E+06 -6.8635E+05  2.2408E+05
0000387   3.0628E+06  2.1742E+05 -5.2269E+05
0000388   2.4284E+06 -8.3633E+04  5.3073E+05
0000389   2.7474E+06 -2.1086E+05 -2.4825E+06
0000390   3.4314E+06 -2.4128E+05  2.4322E+05
0000391   3.1235E+06 -1.9049E+05  7.1087E+05
0000392   2.4976E+06 -1.4345E+06 -4.0183E+05
0000393   2.5085E+06  1.5700E+06 -3.3643E+05
0000394   2.5983E+06  6.0592E+05  1.0633E+06
0000395   2.5269E+06  4.9093E+05 -2.4069E+05
0000396   2.7819E+06 -3.8310E+05 -1.2544E+06
0000397   2.9178E+06 -5.7449E+05 -1.0396E+06
0000398   1.5139E+06  1.1443E+06  2.2937E+04
0000399   2.4613E+06  4.1639E+04  6.0368E+05
0000400   2.8757E+06  9.8045E+05  7.8086E+05
0000401   1.9788E+06 -7.7320E+05 -1.2412E+06
0000402   2.9224E+06 -8.0767E+05 -1.4666E+06
0000403   3.2815E+06  7.6984E+05 -2.4892E+05
0000404   3.3969E+06  1.9073E+05  1.0471E+06
0000405   1.2325E+06 -4.9964E+03 -8.8393E+05
0000406   3.5801E+06  4.2927E+04  9.3340E+04
0000407   1.1995E+06 -1.1136E+06  7.0791E+05
0000408   1.8246E+06 -2.7174E+05  5.3577E+05
0000409   2.8295E+06 -7.1830E+04  4.1940E+05
0000410   3.3610E+06 -9.8654E+05 -7.5983E+04
0000411   3.4002E+06 -3.6995E+05  1.2775E+05
0000412   1.8293E+06 -2.8524E+05  3.0877E+05
0000413   2.7724E+06  1.3400E+05 -8.6700E+05
0000414   3.5330E+06 -2.1714E+05  6.1532E+05
0000415   2.2313E+06 -5.5193E+05  3.2975E+04
0000416   3.2823E+06  8.0399E+05 -1.6328E+05
0000417   2.9057E+06 -5.9673E+05  4.0028E+05
0000418   3.2451E+06 -9.1576E+05 -7.4692E+05
0000419   3.8656E+06  3.2257E+05  1.0881E+06
0000420   3.4319E+06  1.0056E+06  5.8834E+05
0000421   2.2939E+06  1.8141E+05  8.6005E+05
0000422   3.2701E+06  1.0356E+06  7.0821E+05
0000423   2.5620E+06 -6.8355E+05  8.0042E+05
0000424   2.7389E+06  5.4793E+05  3.6651E+05
0000425   3.5157E+06  2.3647E+05 -8.0512E+05
0000426   2.5347E+06  1.6966E+06  1.0306E+06
0000427   2.9111E+06  1.0719E+06 -5.7967E+04
0000428   3.2252E+06 -2.3514E+05  4.0035E+05
0000429   2.3138E+06 -2.0944E+06  1.2062E+06
0000430   3.5462E+06  5.6127E+05  2.1848E+05
0000431   3.8097E+06 -2.2619E+05 -4.4318E+05
0000432   3.6626E+06 -1.4851E+05 -1.8445E+05
0000433   3.5091E+06 -3.0317E+04 -4.4446E+04
0000434   2.9249E+06 -6.9248E+05  9.4402E+05
0000435   3.1185E+06  9.9740E+04 -8.6897E+05
0000436   2.6899E+06  1.1234E+06 -8.0025E+05
0000437   3.1028E+06 -7.7194E+05  4.7700E+05
0000438   2.8512E+06  2.5419E+05  1.4561E+05
0000439   2.6200E+06  1.1156E+05  1.2405E+06
0000440   1.8884E+06 -3.8228E+05 -3.1910E+05
0000441   4.1677E+06 -1.6691E+06 -4.2785E+05
0000442   2.9144E+06  1.0862E+06  4.1971E+05
0000443   3.2978E+06  1.2623E+06  6.7065E+04
0000444   1.6699E+06 -8.8833E+04  5.9451E+04
0000445   3.3662E+06 -9.3728E+05  8.9926E+05
0000446   3.0018E+06 -2.8777E+05  2.9801E+05
0000447   2.1153E+06 -4.2851E+05 -1.0462E+06
0000448   2.3538E+06  2.9755E+05 -5.7625E+05
0000449   2.6813E+06 -9.0493E+05  1.0089E+05
0000450   2.6842E+06  4.9870E+05 -1.9166E+04
0000451   2.8133E+06 -1.1922E+06 -9.1452E+04
0000452   4.4189E+05  8.1226E+05  8.3432E+05
0000453   3.6116E+06  6.3082E+05  3.9814E+05
0000454   1.7359E+06  9.7900E+05 -2.2606E+05
0000455   2.7291E+06  1.2120E+06 -9.3365E+05
0000456   3.3493E+06  1.0508E+06  1.2631E+06
0000457   3.5835E+06  4.7282E+05 -9.0091E+04
0000458   2.5969E+06  5.2228E+05  1.0942E+06
0000459   2.7939E+06  8.2744E+05  9.2947E+05
0000460   2.0948E+06 -9.4746E+05  8.6564E+05
0000461   3.4270E+06 -5.0532E+05  2.2690E+05
0000462   3.0089E+06  4.4438E+05  3.1709E+04
0000463   1.5433E+06 -1.8421E+05  2.0704E+05
0000464   3.0381E+06  1.0542E+06  1.2405E+06
0000465   3.4022E+06  1.5109E+05  1.1138E+05
0000466   3.4284E+06  1.4244E+06  4.5532E+05
0000467   3.4072E+06 -1.2730E+05 -8.5799E+05
0000468   1.7811E+06 -2.8392E+05 -5.2736E+04
0000469   2.6061E+06 -8.4360E+05 -1.1920E+05
0000470   3.0128E+06  8.1666E+05  2.1978E+04
0000471   2.7497E+06 -9.5892E+05 -7.1875E+05
0000472   4.0285E+06  9.2490E+05 -1.1560E+06
0000473   3.3183E+06 -4.9615E+04 -6.8452E+05
0000474   3.7996E+06 -5.5525E+05 -4.1061E+05
0000475   2.2874E+06  2.4022E+05 -4.5248E+05
0000476   1.2769E+06 -5.2229E+05  3.4102E+05
0000477   3.5490E+06 -6.2248E+05 -4.2763E+05
0000478   3.3115E+06 -7.9422E+05 -5.3706E+05
0000479   3.4843E+06  3.5231E+05 -1.1777E+05
0000480   3.4811E+06 -1.2555E+06  9.4946E+05
0000481   2.6299E+06 -4.4564E+05  1.2721E+06
0000482   3.2802E+06 -3.5791E+05 -4.6186E+04
0000483   3.1616E+06  7.2840E+05  5.7152E+04
0000484   3.0031E+06  1.2582E+03  4.2151E+05
0000485   2.0037E+06 -1.5531E+06 -1.0457E+06
0000486   2.5936E+06  4.3596E+04  5.4957E+05
0000487   4.3503E+06  1.3357E+06 -1.8358E+05
0000488   4.1652E+06 -1.8313E+05  5.7958E+05
0000489   2.6246E+06 -8.1814E+05  5.4905E+05
0000490   9.1014E+05  1.9704E+06 -1.1556E+06
0000491   1.8128E+06 -7.1388E+05 -7.2911E+05
0000492   2.9063E+06 -7.5321E+05 -2.2749E+04
0000493   4.3584E+06  3.2502E+05  5.9932E+05
0000494   2.3521E+06 -4.2368E+05 -1.1102E+05
0000495   2.5603E+06  4.8199E+05  3.3002E+05
0000496   2.7520E+06 -1.1906E+06  5.9533E+05
0000497   2.3843E+06 -4.5216E+05  1.2638E+06
0000498   2.9762E+06  1.9169E+06  6.4785E+05
0000499   4.0429E+06 -1.8702E+05  9.5250E+04
0000500   2.3130E+06 -1.9434E+06 -1.3522E+05
0000501   2.6297E+06  9.3366E+04  6.4585E+04
0000502   3.3507E+06  1.1529E+06  1.0421E+05
0000503   3.4253E+06  1.1531E+05  2.8677E+05
0000504   3.3821E+06  1.4383E+06  7.2689E+05
0000505   3.3201E+06 -2.0217E+06  5.1903E+05
0000506   2.5254E+06  9.6141E+05  2.2362E+05
0000507   3.9242E+06  6.0296E+05  4.9097E+05
0000508   3.4205E+06 -2.9992E+05  1.4309E+05
0000509   2.4109E+06  2.0032E+06  3.6870E+05
0000510   2.7821E+06 -9.7142E+05  2.1051E+05
0000511   3.9151E+06  2.0217E+05 -2.7286E+05
0000512   1.3109E+06  2.7966E+05 -1.2734E+06
0000513   2.3693E+06  7.1564E+05  1.2211E+06
0000514   2.6580E+06 -4.9097E+05  1.1530E+05
0000515   3.3169E+06  2.2968E+05  9.4856E+05
0000516   1.4592E+06 -1.2973E+05 -1.3979E+05
0000517   3.6173E+06 -6.7834E+05  1.8924E+05
0000518   3.2122E+06 -1.0712E+04  6.5276E+05
0000519   3.8458E+06 -4.8731E+05  5.6522E+05
0000520   2.1014E+06  3.5340E+05 -2.4683E+05
0000521   3.7243E+06  8.0316E+05  3.4597E+05
0000522   3.9201E+06  9.0913E+05  9.6560E+05
0000523   2.0646E+06  1.7387E+06 -5.2277E+05
0000524   2.6267E+06  1.4761E+06  3.5390E+05
0000525   1.9035E+06 -1.0445E+06  4.3256E+05
0000526   2.5173E+06  4.0993E+05 -1.2845E+06
0000527   3.3148E+06 -5.3283E+05  6.2065E+05
0000528   1.9267E+06  8.3074E+05 -2.0503E+06
0000529   2.1658E+06  3.9093E+04  8.3141E+05
0000530   2.7305E+06 -8.5217E+04 -6.4475E+05
0000531   1.8800E+06 -8.7569E+04 -7.9671E+04
0000532   3.5420E+06 -6.8795E+05 -1.0839E+06
0000533   3.9659E+06  1.2111E+06 -7.7040E+05
0000534   2.6663E+06 -9.3411E+05  1.6663E+05
0000535   1.8779E+06 -1.0710E+05 -2.9514E+05
0000536   2.0197E+06  8.7761E+05 -7.6825E+05
0000537   3.1178E+06  2.3817E+05  1.0053E+06
0000538   3.6608E+06 -5.7600E+05 -4.4430E+05
0000539   3.3734E+06 -3.0619E+05 -9.1087E+04
0000540   1.3865E+06 -2.0148E+05 -6.7382E+04
0000541   3.3505E+06  2.0986E+06 -7.4484E+05
0000542   2.9942E+06  2.8698E+05  2.1114E+05
0000543   7.1120E+05 -1.5107E+05 -3.5292E+05
0000544   2.4067E+06 -1.8611E+06  1.0516E+06
0000545   3.4397E+06 -7.0678E+05 -4.7096E+05
0000546   2.7908E+06  2.1366E+06  4.9363E+05
0000547   1.0239E+06  1.5965E+05 -2.0814E+05
0000548   2.7111E+06 -5.0811E+05  1.1716E+06
0000549   2.7214E+06  5.5923E+05 -5.2656E+05
0000550   1.8706E+06  1.1987E+06  2.5033E+05
0000551   2.0266E+06  1.6448E+05  7.1330E+05
0000552   1.5010E+06  5.0554E+05  2.1938E+05
0000553   3.2845E+06  9.0631E+05  9.0506E+05
0000554   3.3923E+06 -1.2350E+06 -3.8964E+05
0000555   3.8441E+06  6.6575E+04  2.5738E+05
0000556   2.7206E+06  2.9831E+05 -1.0864E+06
0000557   3.2517E+06 -7.0296E+05 -3.8589E+05
0000558   2.8330E+06 -8.7875E+05  5.4258E+05
0000559   2.3960E+06  1.1563E+06 -1.2350E+06
0000560   2.9823E+06  4.1680E+05 -1.3777E+06
0000561   3.0458E+06 -1.9442E+06  3.3399E+05
0000562   3.5153E+06 -1.1813E+06 -4.8003E+05
0000563   4.1429E+06 -4.9251E+05 -5.7626E+05
0000564   3.4924E+06  6.6126E+05 -1.4809E+06
0000565   3.2869E+06  1.1056E+05  6.9719E+05
0000566   2.1476E+06 -7.9395E+05  8.9468E+05
0000567   2.0602E+06 -2.9315E+05 -1.1795E+05
0000568   9.2322E+05  2.4893E+05  2.1759E+05
0000569   1.9021E+06  4.8650E+05 -1.1121E+06
0000570   3.0655E+06  1.1060E+06 -8.6231E+05
0000571   2.7589E+06  8.6701E+05 -1.8095E+05
0000572   3.6735E+06 -5.3885E+05  2.2371E+05
0000573   7.6275E+05 -9.8932E+05 -6.1813E+05
0000574   9.9970E+05  7.7338E+05  2.9452E+04
0000575   3.1449E+06  4.5700E+05 -9.0823E+05
0000576   2.2357E+06 -6.5787E+05  1.8671E+05
0000577   1.9960E+06  6.6581E+05  1.0938E+06
0000578   3.2464E+06 -6.0797E+05 -3.8031E+05
0000579   2.1257E+06 -2.6915E+05  5.4314E+04
0000580   3.8395E+06  5.3011E+03  1.1387E+06
0000581   3.0306E+06 -7.5694E+05 -3.0883E+05
0000582   2.6369E+06 -1.1940E+06  1.0044E+05
0000583   3.5062E+06 -5.7921E+05 -6.2928E+05
0000584   2.9048E+06  7.3972E+05 -1.6543E+04
0000585   6.8015E+05 -1.1903E+06 -2.2258E+05
0000586   1.1870E+06  7.5026E+05 -8.3668E+05
0000587   1.7307E+06 -7.2884E+05  7.6691E+05
0000588   3.7487E+06 -5.4698E+05 -1.2550E+06
0000589   2.9393E+06 -2.1596E+05  2.1676E+05
0000590   2.2176E+06 -1.4975E+05  5.3672E+05
0000591   2.0012E+06  1.4350E+05 -6.7494E+05
0000592   1.5481E+06 -8.8792E+05  7.2517E+05
0000593   2.9699E+06  4.5329E+05 -5.7131E+05
0000594   2.9112E+06 -6.8194E+04  8.4063E+05
0000595   2.0586E+06 -1.2119E+05 -5.3252E+05
0000596   2.4217E+06 -1.5125E+06  1.4462E+05
0000597   2.8505E+06  7.5678E+05  8.8641E+05
0000598   3.2427E+06 -4.1401E+05 -6.1055E+05
0000599   2.2660E+06  4.3385E+04 -3.3235E+05
0000600   3.1113E+06  1.4633E+05 -8.3507E+05
0000601   2.5518E+06 -6.2271E+05  3.4620E+05
0000602   3.1199E+06 -2.4751E+05  1.5486E+04
0000603   3.7040E+06 -1.0844E+04 -1.3641E+06
0000604   1.6858E+06 -1.1441E+05  3.1957E+05
0000605   2.2540E+06  8.9405E+05 -4.5786E+05
0000606   3.3024E+06  1.0362E+06 -1.5101E+05
0000607   3.4596E+06 -1.3716E+05 -7.0383E+05
0000608   2.0812E+06  9.3243E+05 -1.2564E+06
0000609   3.6151E+06 -1.6274E+06  2.8000E+05
0000610   3.7498E+06  3.1585E+04 -9.8396E+05
0000611   3.7515E+06  7.9925E+05 -7.3901E+05
0000612   2.7113E+06  2.4370E+05  3.1177E+05
0000613   2.0854E+06 -1.6933E+06  6.7943E+05
0000614   3.2992E+06 -1.1279E+05  1.2449E+06
0000615   2.2430E+06 -1.1622E+06  7.1482E+05
0000616   2.6583E+06  6.4199E+05  8.5931E+05
0000617   2.9527E+06  7.0488E+05 -2.0080E+05
0000618   3.1200E+06  1.5651E+05  3.4071E+05
0000619   2.3258E+06 -6.2054E+05  1.0492E+06
0000620   2.0862E+06  3.4055E+05  4.3876E+05
0000621   3.0910E+06  1.8856E+05  3.7434E+04
0000622   2.0262E+06 -1.0274E+06 -1.3501E+06
0000623   4.0604E+06 -1.0329E+06  7.1556E+05
0000624   2.7369E+06 -1.6640E+06 -1.2607E+04
0000625   2.7331E+06 -1.2305E+06  6.5973E+05
0000626   3.8187E+06 -1.5506E+05 -7.1418E+05
0000627   3.1001E+06 -9.2620E+05 -1.2753E+06
0000628   3.1487E+06  1.6362E+06 -2.3444E+05
0000629   1.3349E+06 -8.6006E+05 -8.7213E+04
0000630   2.6981E+06 -1.9486E+05 -4.7816E+05
0000631   3.1277E+06 -3.0186E+05 -7.0162E+04
0000632   3.5463E+06  1.2802E+06  1.5703E+05
0000633   3.5297E+06 -3.8166E+05  6.1849E+05
0000634   2.7949E+06  6.5111E+05 -7.7078E+05
0000635   2.9526E+06  5.2087E+05  7.1490E+05
0000636   2.9798E+06  7.5116E+05  6.3772E+05
0000637   2.9246E+06 -4.2595E+05 -1.0595E+06
0000638   3.0094E+06 -1.4205E+06 -1.5061E+06
0000639   4.0627E+06  9.9858E+04 -3.3479E+05
0000640   2.8510E+06 -9.8155E+05 -1.2292E+06
0000641   3.1990E+06  2.0984E+05 -5.7087E+05
0000642   2.9060E+06 -3.1040E+05 -1.9997E+06
0000643   1.3202E+06 -1.0008E+06  3.7290E+05
0000644   4.2705E+06 -3.1423E+05  1.0140E+06
0000645   3.3144E+06 -9.0609E+05  1.0453E+06
0000646   2.0006E+06  1.0417E+05  7.1203E+05
0000647   2.9187E+06  1.1274E+06  1.3105E+05
0000648   2.6038E+06  4.8796E+05 -2.3307E+04
0000649   2.3195E+06 -7.9426E+05 -6.7815E+05
0000650   2.3101E+06 -2.1856E+06  1.2538E+06
0000651   3.2519E+06 -4.1973E+05 -2.5361E+05
0000652   2.3116E+06  2.2356E+05 -1.1788E+06
0000653   3.5713E+06  5.1453E+05  7.6503E+05
0000654   1.4553E+05  1.1305E+05 -6.0092E+05
0000655   3.7917E+06 -9.7420E+05 -2.8017E+05
0000656   1.9880E+06 -3.2988E+05  4.5237E+05
0000657   2.6315E+06  4.2457E+05 -1.0551E+04
0000658   3.3988E+06  1.9133E+05 -2.2403E+06
0000659   3.4530E+06 -3.0517E+05  2.3829E+05
0000660   2.8032E+06 -1.6653E+05  5.1416E+05
0000661   2.4814E+06 -7.8341E+05 -3.7274E+05
0000662   3.4853E+06 -1.2068E+06  7.9762E+04
0000663   1.8102E+06 -5.0782E+05 -1.3856E+06
0000664   2.8123E+06  5.2917E+05  3.2259E+05
0000665   3.3253E+06 -2.0892E+05 -5.8049E+05
0000666   2.3713E+06  6.7767E+05  1.7058E+06
0000667   2.5090E+06  3.2070E+05 -1.3583E+05
0000668   3.9569E+06 -3.9754E+05 -3.2289E+05
0000669   3.3102E+06  9.9956E+05 -3.4586E+05
0000670   2.5763E+06 -1.0984E+06  1.3201E+06
0000671   3.4904E+06  4.5055E+04  1.6136E+06
0000672   3.0925E+06  1.1941E+05 -6.4578E+04
0000673   2.5563E+06 -3.1807E+05 -3.8240E+05
0000674   2.6124E+06 -4.5296E+05  1.1835E+06
0000675   2.7298E+06 -1.5557E+05 -1.1461E+06
0000676   3.4918E+06 -6.7639E+05 -5.0191E+05
0000677   3.3216E+06  1.0366E+05  4.0520E+05
0000678   2.6457E+06 -1.3675E+06 -3.3739E+05
0000679   2.6680E+06  1.5274E+06  7.1325E+04
0000680   3.2921E+06  1.4285E+06  2.7185E+05
0000681   2.1890E+06  7.4088E+05 -7.3234E+05
0000682   2.1221E+06 -3.1537E+05  9.9705E+05
0000683   2.2815E+06  1.8564E+05 -5.9010E+05
0000684   2.7841E+06  1.4545E+04  6.8606E+05
0000685   2.9055E+06  2.8049E+05  7.0082E+05
0000686   3.3718E+06  7.3811E+05  6.6105E+05
0000687   1.8085E+06  1.0937E+06 -1.4331E+05
0000688   4.2292E+06 -7.3260E+05 -1.0151E+06
0000689   2.7526E+06  5.6528E+05  1.9586E+04
0000690   1.7047E+06  5.3404E+05 -3.5149E+05
0000691   3.7575E+06 -1.1364E+05  7.6863E+05
0000692   2.3092E+06  5.6583E+05  3.2354E+05
0000693   1.4423E+06  8.6767E+05 -4.2378E+05
0000694   3.3287E+06 -6.7016E+05  2.6506E+05
0000695   3.7716E+06  1.2211E+05 -3.4288E+04
0000696   3.6033E+06 -7.3461E+05  6.1125E+05
0000697   3.1270E+06  7.6181E+05  5.7859E+04
0000698   2.5094E+06 -3.8494E+05  1.1672E+06
0000699   3.6305E+06 -2.0061E+05 -1.1830E+06
0000700   3.6237E+06  5.2729E+05 -1.1719E+06
0000701   2.2475E+06 -3.6047E+05  2.8852E+05
0000702   4.0817E+06 -1.1859E+06 -2.4459E+05
0000703   2.9778E+06  8.6006E+05  9.3974E+05
0000704   3.7000E+06  4.7106E+05  9.7227E+05
0000705   3.3577E+06  3.5340E+04 -8.3959E+04
0000706   3.4486E+06 -3.6004E+05 -6.0927E+05
0000707   2.9063E+06 -1.2652E+05  7.8398E+05
0000708   3.1603E+06  2.9057E+05  7.4835E+05
0000709   1.7775E+06 -1.4881E+05  2.1363E+05
0000710   1.0215E+06  2.5845E+05  6.1271E+05
0000711   1.7486E+06  3.7086E+05  1.4888E+06
0000712   4.0105E+06  6.2294E+05 -1.0556E+06
0000713   2.4500E+06 -1.0777E+06  2.9450E+05
0000714   1.3958E+06  2.4268E+05  5.3402E+05
0000715   2.5661E+06  3.9797E+05  2.8374E+05
0000716   2.0741E+06  1.0608E+06  1.2979E+06
0000717   3.5748E+06  1.3174E+06 -4.0717E+05
0000718   4.3661E+06  4.9974E+05  1.7569E+06
0000719   3.5370E+06 -3.7187E+05  7.2825E+05
0000720   1.9704E+06  4.1105E+05 -8.3478E+05
0000721   2.0222E+06  3.0498E+05 -6.4047E+05
0000722   2.1959E+06 -6.4182E+05  1.1494E+03
0000723   2.6285E+06  7.9778E+04 -1.9978E+05
0000724   2.4316E+06  1.5136E+06 -1.5400E+05
0000725   2.6548E+06 -1.0586E+06  3.9865E+05
0000726   3.7411E+06  2.3002E+05  2.2875E+05
0000727   3.2470E+06  1.0769E+06 -5.0898E+05
0000728   2.0068E+06 -3.1736E+05  8.2702E+05
0000729   2.1785E+06 -5.4196E+05  1.7072E+06
0000730   2.2378E+05 -1.7411E+06  7.8451E+05
0000731   2.9212E+06  1.7860E+03 -6.2011E+04
0000732   1.4893E+06  1.1608E+05 -2.4863E+05
0000733   1.8935E+06 -3.5529E+05  9.8533E+04
0000734   3.0138E+06  1.2375E+06  1.1192E+06
0000735   2.0701E+06  3.0139E+05 -1.2523E+05
0000736   3.5747E+06 -7.2043E+05  2.4254E+05
0000737   1.9491E+06  5.9985E+05 -7.1535E+05
0000738   3.8723E+06 -4.2570E+05  6.2035E+05
0000739   2.0735E+06  3.5732E+05  5.3341E+05
0000740   2.0965E+06  5.5796E+05  2.3137E+06
0000741   4.2433E+06 -7.2643E+05  5.3759E+05
0000742   3.0182E+06  3.7261E+05  5.3407E+05
0000743   1.3808E+06  2.7881E+05 -1.0770E+05
0000744   2.9550E+06 -4.0786E+05 -1.0178E+05
0000745   2.7022E+06 -7.3578E+05  2.7781E+05
0000746   3.1801E+06  1.1070E+06 -6.7129E+05
0000747   3.0238E+06 -3.5180E+05  5.6856E+05
0000748   4.1075E+06  1.2807E+06  3.3660E+05
0000749   3.0241E+06  9.2708E+05  3.4526E+05
0000750   3.2935E+06  3.2551E+05 -1.4325E+06
0000751   2.4435E+06 -9.3695E+05  2.6491E+05
0000752   1.5674E+06  8.6445E+04 -2.0448E+05
0000753   3.4318E+06 -8.7361E+05  1.6733E+06
0000754   2.5182E+06  2.4128E+05  4.9900E+04
0000755   1.6044E+06 -5.2615E+04 -1.8403E+06
0000756   2.9626E+06 -1.4486E+06  5.5548E+05
0000757   1.4562E+06  9.7914E+05 -4.6264E+05
0000758   3.0648E+06  6.9051E+05 -5.3475E+05
0000759   3.0116E+06 -8.2255E+05  5.5990E+05
0000760   2.3436E+06  2.8444E+05 -2.5284E+05
0000761   2.4499E+06  2.6926E+04 -5.7608E+05
0000762   3.4530E+06  1.4372E+06 -7.1469E+05
0000763   2.3342E+06  7.3232E+05  6.7345E+05
0000764   3.1644E+06  1.0456E+05 -1.1618E+06
0000765   2.9214E+06  2.3109E+05  5.1521E+05
0000766   2.7485E+06 -2.7041E+05  4.7859E+05
0000767   3.1527E+06  1.7436E+05  5.4432E+05
0000768   3.8935E+06  1.1373E+05  8.9113E+05
0000769   3.2205E+06  8.4617E+04 -1.2087E+06
0000770   2.7157E+06 -6.3056E+05 -3.0883E+05
0000771   3.3575E+06  2.5069E+05  7.6432E+05
0000772   1.7750E+06 -1.1491E+06  1.1350E+06
0000773   2.1837E+06 -5.0020E+05 -8.7668E+05
0000774   3.0798E+06  6.7220E+05  3.1421E+05
0000775   2.6407E+06 -6.3561E+05  9.9230E+04
0000776   2.5099E+06 -9.3827E+05  1.4106E+06
0000777   3.7926E+06 -8.3359E+05  9.7557E+05
0000778   2.6219E+06 -9.7906E+05 -2.9610E+05
0000779   3.0095E+06 -7.2251E+05 -1.2223E+05
0000780   4.0533E+06 -2.9880E+04  6.3270E+05
0000781   1.1284E+06 -2.0185E+05  2.6296E+05
0000782   2.6544E+06  1.2851E+06  5.7312E+05
0000783   3.5504E+06  5.1003E+05  7.7501E+04
0000784   1.7900E+06  8.6584E+05  6.0951E+05
0000785   1.9874E+06  1.5458E+06 -1.1528E+06
0000786   2.2090E+06 -7.7251E+05 -5.7042E+05
0000787   2.9507E+06  1.0405E+06  4.7944E+05
0000788   3.4372E+06  1.4644E+05 -7.9992E+05
0000789   2.7764E+06 -1.7210E+05  5.1437E+05
0000790   3.7812E+06 -3.4724E+05 -1.0643E+06
0000791   1.2710E+06 -2.8033E+05 -2.3487E+05
0000792   2.8370E+06 -1.3172E+06  9.9088E+05
0000793   1.9878E+06 -2.5743E+05  8.7144E+05
0000794   3.9106E+06 -4.9406E+05  2.0364E+05
0000795   1.0169E+06  9.9275E+04  2.8464E+05
0000796   3.5004E+06  7.6104E+05  1.0908E+05
0000797   3.0080E+06 -9.4488E+05  8.5728E+05
0000798   3.2676E+06 -1.4108E+05 -2.5233E+05
0000799   2.9678E+06 -2.4597E+05 -8.2214E+05
0000800   3.3462E+06 -5.3830E+04 -4.0780E+05
0000801   1.8862E+06  1.4825E+05  1.8378E+06
0000802   3.4163E+06  1.2879E+06 -6.4259E+05
0000803   1.6159E+06  1.0715E+06  5.2673E+04
0000804   3.2532E+06 -6.1095E+04  9.4667E+05
0000805   2.9350E+06 -2.0496E+06  1.4228E+06
0000806   1.9007E+06 -8.4591E+05  3.3016E+05
0000807   3.4584E+06  7.9026E+05 -4.0584E+05
0000808   4.1812E+06 -4.1348E+05  2.4042E+05
0000809   3.1674E+06 -5.8153E+05  7.6221E+05
0000810   2.0511E+06  4.0804E+05  2.7429E+05
0000811   9.4949E+05 -6.0037E+05 -5.7864E+05
0000812   4.3008E+06 -6.2863E+05  6.9325E+05
0000813   2.9445E+06 -2.4865E+05 -2.5509E+05
0000814   2.6780E+06 -1.2293E+06 -5.8381E+05
0000815   3.4651E+06  1.1123E+05  3.1535E+05
0000816   3.8507E+06 -6.1567E+05  1.7427E+05
0000817   2.9527E+06 -1.7960E+05 -9.7731E+05
0000818   2.5178E+06  2.6423E+05  9.7325E+04
0000819   2.1949E+06  1.1693E+06 -7.7935E+05
0000820   3.7512E+06  8.3689E+05 -1.1185E+05
0000821   2.3747E+06  7.0231E+05 -1.0775E+06
0000822   3.5028E+06  8.6634E+05  1.7037E+05
0000823   2.9055E+06  5.3217E+05 -3.2395E+05
0000824   2.5542E+06  1.5249E+06  8.8310E+05
0000825   3.7161E+06 -6.8247E+04 -9.8584E+05
0000826   1.9438E+06 -2.1220E+06 -1.4547E+05
0000827   2.3137E+06  3.0513E+05  3.1137E+04
0000828   2.6286E+06  1.3721E+06  9.8849E+05
0000829   3.2802E+06 -1.0328E+06  4.5352E+05
0000830   2.0225E+06 -2.6069E+05  1.5355E+05
0000831   8.8971E+05  8.6595E+05  8.3758E+05
0000832   3.0821E+06 -9.3025E+05 -1.2682E+06
0000833   2.8182E+06 -1.1826E+06  2.5068E+05
0000834   6.0899E+05 -1.1431E+06 -7.8643E+05
0000835   1.9059E+06  1.6136E+05 -1.0715E+06
0000836   2.4164E+06  8.0048E+05  1.4616E+06
0000837   2.2226E+06 -1.0344E+06  1.3495E+06
0000838   1.1071E+06 -2.3333E+05  1.6998E+05
0000839   2.5853E+06  2.5250E+05 -1.6112E+06
0000840   2.2191E+06  2.3437E+05 -6.0418E+05
0000841   2.8070E+06 -5.6666E+05  7.9267E+05
0000842   3.3238E+06  3.4158E+05 -1.8033E+06
0000843   3.6299E+06 -6.6020E+05  2.6355E+05
0000844   4.0697E+06  6.0034E+04  6.3420E+05
0000845   3.8469E+06  7.1211E+05  6.0148E+05
0000846   3.0240E+06  8.8202E+05  7.2251E+05
0000847   3.4193E+06  6.2252E+05  5.0970E+05
0000848   3.7489E+06 -2.2627E+05  6.4030E+05
0000849   3.4709E+06 -4.9168E+05 -1.0688E+06
0000850   1.9237E+06 -7.8316E+05  2.2600E+05
0000851   2.1465E+06  1.0051E+06  1.1631E+06
0000852   2.9232E+06  4.9440E+04 -1.3706E+06
0000853   3.8571E+06  2.8094E+05  3.0409E+05
0000854   3.0728E+06  6.4070E+04  7.5291E+05
0000855   3.0576E+06 -2.8976E+05 -1.9272E+05
0000856   3.3680E+06  1.0413E+05 -4.7088E+05
0000857   2.9589E+06  8.2774E+04 -1.7970E+05
0000858   3.1643E+06  3.3085E+05  2.8124E+05
0000859   2.6803E+06 -3.4105E+04  2.0249E+04
0000860   2.3786E+06  1.8082E+06  6.0596E+05
0000861   2.3551E+06 -1.5825E+06 -1.3246E+06
0000862   2.4494E+06  4.3900E+05 -1.3484E+06
0000863   3.2556E+06 -6.7275E+05 -4.4264E+04
0000864   3.6864E+06 -6.0780E+05 -1.3875E+05
0000865   2.0277E+06 -2.3159E+05 -9.3090E+05
0000866   3.8223E+06  4.8489E+05  8.5693E+05
0000867   1.9745E+06  3.6465E+05 -9.2994E+04
0000868   1.3713E+06  4.3158E+05 -6.4863E+05
0000869   2.6599E+06 -5.0127E+05  2.6992E+05
0000870   2.8864E+06  1.3168E+05  1.0423E+05
0000871   2.8818E+06  1.0687E+06 -1.0435E+06
0000872   3.3225E+06 -3.1052E+05 -5.5333E+05
0000873   3.4358E+06 -6.5266E+05  1.0255E+06
0000874   3.7311E+06 -1.0277E+06  6.2971E+05
0000875   1.5700E+06  2.5547E+05 -5.0468E+04
0000876   3.5113E+06  5.3151E+04 -2.1519E+06
0000877   3.3331E+06 -7.3979E+05  4.6117E+05
0000878   1.7521E+06 -1.7996E+05  4.1424E+05
0000879   1.8109E+06 -5.1803E+04  1.6505E+06
0000880   3.6539E+06 -3.0078E+05 -1.4421E+06
0000881   2.1658E+06 -4.5941E+05  4.3066E+05
0000882   1.7472E+06 -9.6519E+04  1.1153E+06
0000883   3.5604E+06 -2.3427E+05  3.2181E+05
0000884   2.2182E+06 -8.4124E+05 -1.1618E+05
0000885   3.6964E+06  1.0519E+06  9.3908E+05
0000886   2.7536E+06  5.8836E+05 -7.4271E+05
0000887   9.3561E+05 -3.8523E+05 -1.9808E+05
0000888   3.0801E+06  5.6634E+05  2.9562E+05
0000889   3.0088E+06 -4.8013E+05  3.8957E+05
0000890   3.3415E+06  9.0271E+05  6.5684E+05
0000891   1.7254E+06  2.2950E+05 -9.3270E+05
0000892   3.0381E+06  1.0533E+06  1.8496E+06
0000893   2.8569E+06 -3.3740E+05 -7.5325E+05
0000894   2.5112E+06 -4.6431E+05 -1.3016E+05
0000895   4.0181E+06 -3.8169E+05 -2.8204E+05
0000896   3.6121E+06  1.4556E+06  7.2060E+05
0000897   2.3223E+06 -4.9975E+05  3.1835E+05
0000898   3.1547E+06 -6.7169E+05  7.0945E+05
0000899   2.7040E+06 -1.3610E+06 -7.4891E+05
0000900   1.9310E+06  1.0259E+06 -4.5574E+05
0000901   3.9036E+06 -1.1205E+06  3.7095E+05
0000902   1.4555E+06  1.7893E+05 -1.5210E+06
0000903   1.7600E+06  1.3648E+05 -1.2376E+05
0000904   3.3308E+06 -8.9842E+05  7.3456E+05
0000905   2.2846E+06 -3.5776E+05 -8.6525E+04
0000906   2.2672E+06 -2.3201E+05  1.0855E+06
0000907   2.4352E+06 -9.1837E+05  2.1416E+06
0000908   2.8906E+06  3.5364E+05 -1.2258E+06
0000909   2.3560E+06  4.7310E+05 -2.8251E+05
0000910   3.7192E+06 -9.0130E+05  1.2680E+06
0000911   2.2198E+06 -4.3611E+05 -5.8670E+05
0000912   2.8776E+06  1.2658E+05 -8.9070E+05
0000913   2.2190E+06 -3.7357E+05 -7.7116E+05
0000914   2.6925E+06 -5.5262E+05 -4.2322E+05
0000915   3.1342E+06  2.1655E+06  1.0978E+06
0000916   2.9335E+06 -1.3164E+04  4.0732E+04
0000917   3.5274E+06  2.7189E+05  1.2379E+06
0000918   2.3961E+06 -6.8934E+05  6.8760E+04
0000919   3.8682E+06  6.3943E+04 -7.5179E+05
0000920   3.3354E+06  7.1702E+05 -9.4131E+05
0000921   2.6305E+06  4.4144E+05 -1.5307E+06
0000922   1.5900E+06  5.7855E+05  4.8127E+05
0000923   2.2712E+06 -7.3359E+04  1.0646E+06
0000924   3.8324E+06  6.6999E+05 -3.4991E+05
0000925   2.8475E+06  1.4054E+06 -1.1330E+06
0000926   2.9708E+06  9.8997E+05 -4.7956E+05
0000927   3.0954E+06  1.0432E+06 -1.1623E+06
0000928   3.1517E+06  1.2868E+06 -4.1377E+05
0000929   1.9962E+06  6.2038E+05 -4.0121E+05
0000930   2.8240E+06 -7.7367E+05 -9.0102E+05
0000931   1.3659E+06 -9.6319E+05 -1.1271E+06
0000932   3.4249E+06  1.0019E+06 -1.1503E+05
0000933   7.9043E+05 -7.9843E+05 -1.2084E+06
0000934   4.1257E+06 -4.0294E+05  1.1687E+06
0000935   3.9423E+06 -2.9837E+04 -7.7813E+05
0000936   3.3921E+06 -1.3574E+06 -5.8503E+04
0000937   3.3708E+06  2.7093E+05 -7.2595E+05
0000938   2.9758E+06 -1.2567E+05  1.3384E+06
0000939   3.2515E+06  1.7980E+05  8.2354E+05
0000940   2.2921E+06  8.2982E+04 -1.4108E+06
0000941   2.2557E+06 -6.4307E+04 -3.3760E+05
0000942   3.4765E+06 -9.9330E+05 -1.0342E+05
0000943   2.7791E+06  7.9661E+05 -8.7825E+05
0000944   1.8007E+06  4.8534E+05  7.1761E+05
0000945   2.9486E+06  2.5326E+05  3.4878E+04
0000946   3.3454E+06  6.8022E+05  3.2019E+05
0000947   1.4703E+06 -4.6154E+05 -1.0847E+05
0000948   2.6801E+06  5.5411E+05 -1.3499E+06
0000949   3.1831E+06 -6.9368E+05 -1.9186E+06
0000950   1.1813E+06 -4.0366E+05 -6.8989E+05
0000951   3.9321E+06 -1.0858E+06  2.3581E+04
0000952   3.0434E+06 -4.5710E+05 -1.5516E+06
0000953   2.4559E+06 -4.3595E+05 -4.4039E+05
0000954   3.6792E+06 -1.2383E+05  5.2249E+05
0000955   2.8466E+06  4.9053E+05 -4.5358E+05
0000956   3.2556E+06 -6.3777E+05  7.4181E+05
0000957   3.1671E+06 -1.3950E+06 -3.2992E+05
0000958   2.9893E+06 -6.6834E+05  7.4120E+05
0000959   1.0223E+06  1.0241E+05 -7.6930E+05
0000960   1.4523E+06  7.3007E+05 -4.1318E+05
0000961   3.1961E+06  2.6748E+05  5.7459E+05
0000962   3.8946E+06 -1.6576E+05  5.9389E+05
0000963   2.8647E+06  2.9317E+05 -3.8665E+05
0000964   4.3641E+06 -4.0097E+05  1.0898E+06
0000965   2.8257E+06  5.4546E+05  1.1520E+06
0000966   2.9786E+06  4.3715E+05 -5.8628E+04
0000967   2.0575E+06 -1.7090E+06  1.5359E+06
0000968   1.9153E+06 -5.1580E+05  4.5260E+05
0000969   2.9807E+06 -2.3341E+05  8.1654E+05
0000970   4.4321E+06 -1.8800E+05 -7.1690E+05
0000971   3.5104E+06 -8.7659E+05 -3.7455E+05
0000972   1.7202E+06  2.5804E+06 -1.2035E+06
0000973   1.7036E+06  5.3291E+05 -2.1393E+06
0000974   3.8443E+06  4.8214E+03 -3.0711E+05
0000975   3.4472E+06 -9.3796E+05  1.4207E+05
0000976   1.7342E+06 -8.8948E+05 -8.7956E+05
0000977   2.1351E+06 -1.0471E+05 -5.2653E+05
0000978   1.6747E+06  1.3188E+05  7.5752E+05
0000979   3.8305E+06 -7.0572E+05 -6.1062E+05
0000980   3.3880E+06  2.5455E+05  2.9847E+05
0000981   2.8400E+06 -1.2208E+06  5.8356E+05
0000982   3.2996E+06 -7.2384E+04 -1.1806E+06
0000983   3.1706E+06  4.3650E+05 -4.5605E+05
0000984   3.5694E+06 -3.1873E+05  5.6705E+05
0000985   3.6418E+06 -1.1568E+06  7.2637E+05
0000986   3.3128E+06 -1.9581E+06 -7.3141E+05
0000987   3.8570E+06 -4.9379E+05  4.4933E+05
0000988   1.8875E+06  1.5264E+06 -1.1884E+06
0000989   3.3126E+06  9.4159E+01  9.4434E+05
0000990   1.3487E+06 -5.2124E+05 -1.2620E+06
0000991   2.0030E+06  8.6663E+05 -8.3114E+05
0000992   1.8038E+06 -1.2385E+05  1.4887E+05
0000993   2.8322E+06  1.1030E+06  8.8871E+05
0000994   3.1955E+06  6.8951E+05 -1.1842E+06
0000995   3.7519E+06 -8.0962E+05  5.1849E+05
0000996   2.6224E+06 -1.3776E+06 -5.6802E+05
0000997   2.1035E+06 -5.5311E+05  9.1774E+05
0000998   2.3999E+06 -8.6871E+04 -5.0136E+05
0000999   3.4174E+06 -2.2416E+05 -1.3082E+05
0001000   3.1464E+06  1.0715E+06 -9.4271E+05
