============================== SRIM-2013.00 ==============================
==============================================================================
====== SRIM Outputs\RANGE_3D.txt : File of Final Ion Positions =====

Ion = Ar (18)   Ion Mass= 039.9620
Energy  = 8286428.E-04 keV
Ion Angle to Surface = 00.0 degrees
==================== TARGET =======================
  Layer # 1 - Layer 1
  Layer # 1 - Bottom Depth=500000.E+02 A
  Layer # 1 - Density =0000.0071 g/cm3
  Layer # 1 -  100 % of Ar
様様様様様様様様様様様様様様様様様様様様様様様様様様
                                            
Ion       Depth  X   Lateral Y   Lateral Z  
Number    (Angstrom) (Angstrom)  (Angstrom) 
-------  ----------- ----------- -----------
0000001   4.3231E+06 -1.2146E+06 -1.6303E+06
0000002   2.7058E+06  6.9790E+05  8.2161E+05
0000003   3.1553E+06 -1.1211E+05 -1.5446E+06
0000004   4.1088E+06  1.5380E+06 -1.2260E+06
0000005   3.0765E+06  1.1976E+06  7.7304E+05
0000006   2.0734E+06 -2.5900E+06 -1.1752E+06
0000007   3.5103E+06  2.1693E+06  3.0163E+04
0000008   4.8866E+06 -1.1307E+06 -3.7295E+05
0000009   1.9896E+06 -2.0705E+06  8.9258E+05
0000010   5.1570E+06  1.4114E+06 -7.5321E+05
0000011   4.0898E+06  1.2055E+06 -3.1841E+04
0000012   4.0225E+06 -1.9498E+05 -1.0411E+05
0000013   3.4560E+06  2.8828E+05 -1.0644E+06
0000014   4.0428E+06  4.5253E+05 -2.1569E+05
0000015   3.7462E+06 -1.4145E+06  2.4407E+05
0000016   5.1195E+06 -3.5288E+05 -1.1033E+06
0000017   4.0992E+06  2.6012E+06  5.8150E+05
0000018   3.5547E+06 -5.1051E+05 -8.2022E+05
0000019   3.6473E+06 -3.9502E+05  3.8418E+05
0000020   3.3662E+06 -3.2025E+05 -1.4041E+06
0000021   4.4442E+06 -1.9805E+05  2.6444E+05
0000022   4.9293E+06  7.1964E+05 -7.8577E+05
0000023   4.2622E+06  1.6242E+06  2.7831E+05
0000024   4.9858E+06 -5.5165E+05 -8.6473E+05
0000025   3.3791E+06 -1.0018E+06 -1.4935E+06
0000026   5.1693E+06 -7.1564E+05 -7.5135E+05
0000027   3.2194E+06  4.9950E+05  2.4262E+06
0000028   2.5481E+06  1.3859E+06 -6.9639E+04
0000029   4.3862E+06  6.8803E+05 -3.1830E+04
0000030   2.9583E+06  1.2699E+06 -6.2372E+04
0000031   4.0584E+06 -1.8260E+05 -1.2271E+06
0000032   3.0115E+06  4.2917E+05 -1.4255E+06
0000033   3.5497E+06  1.2489E+06  5.7532E+04
0000034   4.1627E+06  3.3133E+05 -7.1332E+05
0000035   4.4344E+06 -3.5726E+04  1.7573E+06
0000036   4.3945E+06  1.4452E+05 -3.0339E+05
0000037   3.1507E+06  3.2012E+05 -3.7982E+05
0000038   4.1786E+06 -5.6406E+05  6.7490E+05
0000039   4.8452E+06 -1.3603E+05  1.2740E+06
0000040   3.6497E+06  1.0894E+06 -7.1202E+05
0000041   3.8664E+06 -9.7414E+05  6.3359E+05
0000042   2.9840E+06 -1.5938E+05 -7.2602E+05
0000043   3.9416E+06  2.0475E+05  1.0583E+04
0000044   4.9705E+06 -1.8648E+06  1.3531E+06
0000045   3.8889E+06 -1.0064E+06 -3.3086E+05
0000046   3.7056E+06  2.2973E+05 -6.5437E+05
0000047   1.8787E+06 -6.1263E+04  7.3191E+05
0000048   2.4268E+06 -1.2801E+05  6.7959E+05
0000049   3.2291E+06 -5.7515E+05  2.4446E+06
0000050   4.6649E+06 -4.4544E+05 -6.2245E+05
0000051   4.1334E+06 -4.0152E+05 -3.1925E+05
0000052   3.6606E+06  1.4029E+06 -2.8928E+06
0000053   3.4592E+06  2.2629E+06 -2.5785E+06
0000054   3.0681E+06 -1.4972E+06  1.4587E+05
0000055   2.6045E+06 -1.8424E+06 -9.4126E+05
0000056   4.5752E+06  1.1351E+06 -2.4105E+05
0000057   3.2891E+06 -6.6879E+05 -5.6538E+05
0000058   4.6499E+06 -9.7523E+05  3.7130E+05
0000059   3.5942E+06 -8.0605E+05  8.1650E+05
0000060   4.2256E+06 -8.1280E+04  5.0227E+05
0000061   3.9311E+06  1.1639E+06  3.1498E+05
0000062   4.8567E+06  1.1143E+06  3.1853E+05
0000063   4.1339E+06  1.7662E+06  1.1631E+06
0000064   3.7114E+06 -1.0857E+06  1.4626E+06
0000065   2.9590E+06  8.1177E+05  1.6047E+06
0000066   3.5281E+06 -1.2646E+05 -3.8691E+05
0000067   3.4758E+06 -5.9898E+05  2.3158E+06
0000068   3.6873E+06  2.9735E+06  1.4704E+06
0000069   4.3707E+06  1.6222E+06 -1.5807E+06
0000070   3.8743E+06 -1.7999E+06  2.3518E+05
0000071   4.3626E+06 -7.5936E+05  1.6724E+05
0000072   4.2422E+06  4.0183E+05 -5.5581E+04
0000073   4.7742E+06 -2.1695E+05 -1.8107E+05
0000074   4.8259E+06 -4.3675E+05  3.6819E+05
0000075   1.3140E+06 -9.6192E+05 -1.2683E+06
0000076   4.9344E+06 -1.3929E+05  6.0702E+04
0000077   3.3792E+06 -5.3322E+04  4.8696E+05
0000078   3.8048E+06  2.3941E+05  9.1810E+04
0000079   4.6646E+06  4.6175E+05  9.5309E+05
0000080   4.9822E+06 -4.0830E+05 -4.1722E+05
0000081   3.7025E+06  4.0297E+05 -1.0323E+05
0000082   3.8303E+06 -1.8654E+06 -5.0098E+05
0000083   4.0033E+06 -1.0466E+06 -2.2807E+05
0000084   5.5007E+06 -3.4071E+05  1.1423E+06
0000085   3.1828E+06 -1.3372E+06 -1.1775E+05
0000086   3.9776E+06  5.4049E+05  1.5623E+06
0000087   5.0017E+06 -3.8408E+03  3.2729E+05
0000088   3.6590E+06  9.4101E+05 -8.9898E+04
0000089   4.2536E+06 -1.0636E+06 -2.1568E+06
0000090   3.9659E+06  7.8290E+05  8.1001E+05
0000091   2.2160E+06  7.2901E+05  8.1722E+04
0000092   2.5102E+06 -1.2172E+06 -1.5263E+06
0000093   3.6606E+06  1.3206E+06 -1.4752E+05
0000094   3.7268E+06 -1.4563E+06  3.6769E+05
0000095   3.0279E+06 -1.1407E+06  1.7699E+06
0000096   4.7090E+06  8.4822E+05 -9.1401E+05
0000097   5.0655E+06  1.2977E+06  3.2094E+05
0000098   2.4787E+06  4.7553E+05  6.8537E+05
0000099   3.7613E+06  1.2915E+06  4.3264E+05
0000100   2.7506E+06  1.1217E+06  5.8093E+05
0000101   3.6415E+06  3.8365E+05  2.1242E+06
0000102   5.2677E+06  8.7979E+03 -7.8552E+05
0000103   4.0029E+06 -9.9776E+05  1.3638E+06
0000104   3.9330E+06  1.1947E+06 -2.2967E+05
0000105   9.0491E+05  1.9878E+06  1.2059E+05
0000106   2.9885E+06 -3.8504E+05 -1.3217E+06
0000107   3.2056E+06  1.8661E+06 -3.1614E+06
0000108   5.2698E+06 -3.3147E+04  9.5414E+05
0000109   3.7816E+06 -1.1804E+06  1.4904E+06
0000110   4.2814E+06 -1.8663E+06  1.1800E+06
0000111   3.1844E+06 -8.1173E+05 -1.0988E+06
0000112   4.5532E+06 -2.2661E+05  5.6882E+05
0000113   1.8568E+06 -5.6591E+05 -3.1106E+05
0000114   5.0452E+06  1.1199E+06 -9.1629E+04
0000115   4.8556E+06 -1.7751E+05  2.2420E+05
0000116   5.1600E+06 -2.1633E+05  6.6833E+05
0000117   4.5370E+06  1.2599E+06 -4.9238E+05
0000118   3.2488E+06  2.0669E+06 -7.0153E+04
0000119   3.9343E+06  7.2426E+05  1.3641E+06
0000120   2.0573E+06 -3.6917E+05 -2.0185E+06
0000121   4.6799E+06  6.8804E+05  1.0555E+06
0000122   4.9137E+06  4.4056E+05  4.5823E+05
0000123   3.3079E+06  1.1515E+06 -3.2308E+05
0000124   2.7046E+06 -9.8053E+05 -3.5843E+05
0000125   2.4036E+06  3.7204E+05  5.9828E+05
0000126   2.1166E+06  9.0530E+05 -4.3005E+05
0000127   2.8794E+06  1.5678E+06  1.0640E+06
0000128   3.6621E+06 -1.2271E+06  1.6918E+06
0000129   3.5660E+06  9.2984E+05 -3.6228E+05
0000130   3.4013E+06  2.6993E+05 -3.7596E+05
0000131   3.1046E+06 -4.8324E+05 -1.1833E+06
0000132   4.2829E+06  1.5314E+05  2.5156E+05
0000133   4.3389E+06  6.5856E+05 -4.9176E+05
0000134   4.8026E+06  3.8549E+05  2.5303E+05
0000135   4.7741E+06  1.2026E+05 -1.0484E+06
0000136   5.2445E+06 -1.0079E+06  6.8418E+05
0000137   4.1610E+06  9.4106E+05  1.0384E+06
0000138   3.4154E+06  9.6234E+05  5.2575E+05
0000139   4.1874E+06  2.1466E+05  1.2440E+06
0000140   4.1385E+06 -2.1353E+05 -5.2961E+05
0000141   3.1362E+06  1.3035E+06  1.2149E+06
0000142   4.5080E+06 -1.8165E+05 -2.2781E+05
0000143   3.2898E+06  6.6104E+05  3.2932E+06
0000144   3.8297E+06 -1.7658E+06 -1.5547E+06
0000145   3.7177E+06 -4.9682E+05  2.2234E+06
0000146   2.3092E+06 -6.5617E+05  6.0255E+05
0000147   4.3461E+06 -1.4551E+06 -4.2062E+05
0000148   3.1151E+06 -5.6834E+05 -5.3336E+04
0000149   3.0027E+06 -2.6245E+05  2.1074E+05
0000150   5.1299E+06  1.2303E+05  8.1418E+05
0000151   1.0323E+06 -5.5052E+05 -9.0639E+05
0000152   4.1881E+06  1.9317E+06 -1.8590E+06
0000153   4.3849E+06  7.6766E+05  9.1996E+05
0000154   4.8505E+06 -6.3122E+05 -2.3141E+05
0000155   5.3933E+06 -9.8743E+04  3.6802E+05
0000156   5.0554E+06  2.3574E+05  3.0686E+05
0000157   4.4032E+06  7.1032E+05 -1.1713E+06
0000158   1.9213E+06  1.6678E+05 -5.4556E+05
0000159   3.3132E+06  1.7054E+05 -2.3356E+06
0000160   2.4473E+06  7.6445E+05 -1.7068E+06
0000161   4.6810E+06 -4.6922E+04  3.4596E+04
0000162   2.2257E+06 -4.1361E+05  2.6375E+04
0000163   5.3015E+06  3.3982E+05  5.1766E+05
0000164   5.2307E+06 -1.5115E+06 -5.6818E+05
0000165   4.9701E+06  5.2934E+05 -5.0511E+05
0000166   3.2792E+06  1.6940E+05 -1.0571E+06
0000167   3.4709E+06  9.4357E+04 -3.6795E+05
0000168   4.0372E+06 -1.9450E+06 -1.0539E+06
0000169   2.8011E+06 -2.6839E+05 -9.3583E+05
0000170   4.4266E+06  7.4521E+05 -3.3699E+05
0000171   3.5057E+06  1.2056E+06 -8.0301E+05
0000172   4.4063E+06 -1.1881E+06 -3.2827E+03
0000173   2.8847E+06  5.4629E+05 -8.7313E+05
0000174   3.7783E+06  6.0142E+05 -1.0727E+06
0000175   2.9387E+06  7.6528E+05 -1.2797E+06
0000176   4.3471E+06 -1.0331E+06 -1.0678E+06
0000177   5.3431E+06  1.4971E+05  4.8097E+05
0000178   3.4946E+06  1.4335E+05 -1.2211E+06
0000179   4.2287E+06  8.4736E+05 -6.2491E+05
0000180   1.4239E+06 -9.1633E+05 -9.1506E+05
0000181   4.9804E+06 -6.7991E+05  1.0519E+06
0000182   2.9463E+06  1.6690E+06 -5.1960E+05
0000183   2.7409E+06 -1.6232E+06 -2.0852E+06
0000184   2.8126E+06  6.7298E+05 -7.2167E+05
0000185   4.0797E+06 -1.1213E+05  2.2454E+06
0000186   3.8086E+06 -1.4580E+06  1.2890E+06
0000187   4.7995E+06  1.6894E+06  1.0738E+06
0000188   4.8652E+06  1.1418E+06  7.3362E+05
0000189   4.9308E+06 -4.2354E+05 -6.9748E+05
0000190   3.9629E+06 -2.0077E+06  4.9053E+05
0000191   4.4908E+06 -3.7094E+05  1.5788E+06
0000192   3.8527E+06  8.8055E+05 -1.2780E+06
0000193   3.0204E+06  7.3686E+05 -1.9995E+06
0000194   3.3107E+06 -1.0532E+06 -2.2123E+06
0000195   3.1980E+06 -2.5321E+06 -1.0562E+05
0000196   4.7289E+06  2.3105E+05 -5.7657E+05
0000197   4.9460E+06 -1.4463E+06  1.1575E+06
0000198   3.0029E+06 -1.2597E+06 -1.9496E+06
0000199   3.2069E+06  1.2447E+06 -2.5436E+05
0000200   2.8866E+06  7.9754E+05  2.3284E+06
0000201   3.8618E+06 -7.5961E+05 -7.3056E+05
0000202   4.5651E+06 -1.5476E+05  1.1747E+06
0000203   3.7963E+06 -1.3078E+06  1.3747E+06
0000204   4.2557E+06 -3.4836E+05  1.3480E+05
0000205   4.4833E+06 -2.0129E+06  4.2969E+05
0000206   3.0828E+06 -4.6045E+05  1.2348E+06
0000207   3.4047E+06 -2.1372E+05 -2.1589E+06
0000208   3.8770E+06  1.0965E+06 -4.0049E+05
0000209   3.8253E+06 -1.1210E+06 -5.4520E+05
0000210   3.6251E+06 -5.1908E+04 -1.0316E+06
0000211   3.0661E+06  9.1406E+05  6.7471E+05
0000212   3.8986E+06  1.6492E+06  7.0051E+05
0000213   4.3361E+06  1.8104E+06 -6.3270E+05
0000214   2.4888E+06  7.9335E+05 -2.6561E+05
0000215   4.6983E+06  1.1535E+05 -8.2169E+05
0000216   4.6321E+06 -7.4494E+04 -2.5826E+04
0000217   2.1914E+06 -2.3586E+05  5.9909E+05
0000218   3.5192E+06 -1.0279E+06  1.2265E+06
0000219   4.7764E+06  3.3152E+04 -3.5339E+04
0000220   4.1775E+06  1.6745E+06  9.9075E+05
0000221   4.2514E+06  6.0325E+05 -1.7668E+06
0000222   4.0675E+06 -1.9637E+06 -1.0129E+05
0000223   4.3493E+06  1.2571E+06 -9.0611E+05
0000224   4.8596E+06  3.6034E+05 -6.5267E+05
0000225   3.7207E+06  3.8414E+05  6.4036E+05
0000226   4.7254E+06 -3.3445E+03 -1.7506E+06
0000227   1.1562E+06  1.2139E+06  2.4700E+05
0000228   4.4919E+06 -2.8164E+05 -9.2954E+05
0000229   4.8548E+06 -8.0087E+05  2.3423E+05
0000230   3.8734E+06  1.0366E+06 -1.0640E+06
0000231   2.7629E+06 -2.3535E+05  4.0494E+05
0000232   4.7034E+06  6.0434E+05  1.2499E+06
0000233   3.5120E+06  3.2891E+04 -1.4551E+06
0000234   3.3582E+06 -5.4373E+05  2.3465E+05
0000235   4.5549E+06 -4.1282E+05 -1.1595E+06
0000236   4.8646E+06  2.1584E+05 -6.5863E+05
0000237   3.7538E+06  1.0054E+06  6.8755E+05
0000238   3.6004E+06 -1.2089E+05 -1.3010E+05
0000239   3.9821E+06 -8.0911E+05 -9.0986E+05
0000240   1.9615E+06 -1.0593E+05  2.2279E+06
0000241   4.4482E+06 -1.2260E+06  3.1052E+05
0000242   2.7762E+06 -8.4081E+05  4.0785E+05
0000243   4.1151E+06  1.6254E+05  1.0605E+06
0000244   4.8707E+06 -8.8999E+04 -1.4669E+06
0000245   4.3327E+06  3.4075E+04  1.4003E+06
0000246   3.2152E+06  4.9000E+05  9.1854E+03
0000247   4.2573E+06 -1.0423E+06  6.0322E+05
0000248   2.1814E+06 -1.7391E+06 -1.9223E+05
0000249   2.5538E+06 -5.4098E+05  8.3609E+04
0000250   3.5155E+06  1.4312E+06 -6.5796E+05
0000251   4.1090E+06 -7.9100E+05  6.9361E+05
0000252   3.1779E+06 -1.1297E+06  1.6152E+06
0000253   4.3721E+06  1.0585E+05 -7.3255E+04
0000254   3.3702E+06  9.6291E+04  1.2702E+06
0000255   4.7046E+06 -1.1737E+06  1.4927E+06
0000256   3.1822E+06 -2.2358E+05  1.7981E+06
0000257   3.8885E+06 -9.9859E+04 -4.4901E+05
0000258   4.8528E+06 -2.5851E+05  1.3699E+06
0000259   4.5236E+06  1.5663E+06 -3.7757E+05
0000260   3.5477E+06  1.5806E+06 -5.9502E+05
0000261   3.6313E+06 -1.7248E+06 -1.2911E+06
0000262   3.0098E+06 -5.1931E+05  1.0783E+06
0000263   3.0433E+06 -1.6361E+06 -6.2883E+05
0000264   4.9049E+06 -1.3522E+06  4.8659E+05
0000265   4.3850E+06  6.7398E+05  1.5576E+06
0000266   4.7024E+06 -1.0579E+05 -4.1017E+05
0000267   2.0977E+06  2.0283E+06 -5.1219E+05
0000268   4.5713E+06 -2.6508E+05  6.0152E+05
0000269   3.9503E+06  1.4714E+06 -1.2870E+06
0000270   5.5031E+06  1.0534E+06 -1.6279E+05
0000271   2.2519E+06 -1.2582E+06  1.5960E+06
0000272   4.9566E+06 -1.9654E+05 -5.6987E+03
0000273   4.4782E+06  1.4660E+06  8.5748E+05
0000274   2.1047E+06  1.6102E+06 -3.1856E+05
0000275   5.2591E+06 -5.2668E+05 -1.3416E+06
0000276   4.1208E+06  6.8768E+05 -8.0180E+05
0000277   3.7093E+06  1.1005E+06 -6.8388E+05
0000278   5.3063E+06 -3.4299E+05  7.5775E+05
0000279   4.4394E+06  7.1261E+05 -1.2025E+06
0000280   2.9739E+06  2.0383E+05  1.2892E+05
0000281   4.5932E+06  1.4164E+06  3.2137E+03
0000282   3.2127E+06 -1.2641E+05 -6.4350E+05
0000283   3.0517E+06  1.9907E+06  3.8570E+05
0000284   3.3227E+06  7.1572E+05  1.2868E+06
0000285   3.9125E+06  8.0818E+05 -6.1955E+05
0000286   4.7259E+06 -7.0313E+05 -3.5030E+05
0000287   4.4284E+06  5.3351E+05 -4.7914E+04
0000288   2.6155E+06  1.0065E+06  3.4588E+05
0000289   4.1677E+06 -4.1825E+05 -7.2703E+05
0000290   3.9174E+06  1.7005E+06 -7.7929E+05
0000291   1.7914E+06  3.8194E+05 -3.9110E+05
0000292   4.0887E+06 -5.8052E+05  5.7583E+05
0000293   4.8804E+06 -3.8179E+05  1.4986E+06
0000294   3.8735E+06  1.2742E+06 -2.6122E+04
0000295   3.9821E+06 -1.4754E+06 -1.3717E+06
0000296   4.5116E+06  7.9301E+05 -2.8787E+05
0000297   2.4579E+06  4.0849E+05  2.3454E+05
0000298   3.0968E+06 -6.4061E+05 -5.9720E+05
0000299   4.0097E+06 -2.0769E+05 -5.8847E+04
0000300   4.4748E+06  7.5491E+05  4.4265E+04
0000301   4.5132E+06  4.2316E+05  1.1274E+06
0000302   4.2135E+06  1.1984E+06 -3.0364E+05
0000303   3.6434E+06  1.4408E+06 -1.1489E+06
0000304   3.1374E+06  5.8152E+05  6.1059E+05
0000305   5.1478E+06 -1.2266E+06  2.6697E+05
0000306   3.5770E+06  4.8685E+05 -1.1608E+06
0000307   4.5395E+06 -5.1437E+05 -1.2527E+06
0000308   2.7529E+06 -4.9933E+05 -1.5411E+06
0000309   3.1751E+06 -3.2744E+05  2.1872E+05
0000310   3.5253E+06 -4.0447E+05 -2.1424E+06
0000311   4.6650E+06 -1.1098E+06 -1.7467E+06
0000312   3.2093E+06  7.9817E+05 -3.0795E+05
0000313   3.9039E+06  1.1208E+04 -5.4303E+05
0000314   3.7219E+06 -2.8349E+06  1.0411E+06
0000315   2.3138E+06 -1.6677E+06  7.6626E+05
0000316   3.5424E+06 -1.7010E+06 -2.0824E+05
0000317   3.4923E+06  6.0690E+05 -2.0594E+05
0000318   3.5988E+06  2.8711E+05  5.7186E+04
0000319   3.2110E+06  1.5855E+04  1.7252E+06
0000320   3.9526E+06  6.7426E+05  4.4765E+05
0000321   3.0170E+06 -2.0244E+06 -7.8782E+05
0000322   4.2413E+06  3.4166E+05 -1.9270E+06
0000323   2.3789E+06 -3.0244E+05 -7.6101E+05
0000324   3.2088E+06 -5.9533E+05 -1.9086E+05
0000325   4.8254E+06 -7.8250E+05  8.3182E+05
0000326   3.2224E+06  1.4070E+06 -1.5065E+05
0000327   4.1417E+06 -1.3082E+05 -1.9129E+05
0000328   4.9095E+06  6.8157E+04  9.7546E+05
0000329   3.9660E+06 -3.4452E+04 -1.6491E+06
0000330   3.8812E+06 -2.0305E+05 -7.8322E+05
0000331   3.8494E+06  1.5026E+06  9.3071E+05
0000332   2.7767E+06  1.1962E+06 -1.0088E+06
0000333   3.3746E+06  2.5367E+04 -3.3625E+05
0000334   4.1373E+06  6.4511E+05 -2.0309E+06
0000335   4.3910E+06  3.8276E+05  9.8364E+04
0000336   3.9946E+06 -1.8586E+06  1.5625E+06
0000337   2.6149E+06  7.8539E+05  1.2658E+06
0000338   3.2394E+06  1.9918E+06 -2.2667E+05
0000339   4.8652E+06 -4.7950E+05 -9.8821E+05
0000340   3.1139E+06  7.8957E+04 -1.5744E+05
0000341   9.5856E+05  1.7067E+06 -1.8070E+06
0000342   3.8203E+06  2.6942E+05 -8.8300E+05
0000343   3.4669E+06  2.4327E+05 -5.3219E+05
0000344   3.5153E+06 -4.4095E+05 -5.6477E+05
0000345   2.6132E+06 -4.3669E+05  1.5409E+06
0000346   4.5472E+06 -5.1253E+05 -6.1294E+05
0000347   3.3344E+06 -8.6964E+05  2.6673E+06
0000348   4.8795E+06 -5.4810E+05 -3.7630E+05
0000349   3.7057E+06  1.4404E+06 -1.8639E+04
0000350   2.0123E+06 -7.5401E+05  1.6762E+06
0000351   3.3893E+06  8.2637E+05 -1.1157E+05
0000352   4.1876E+06 -1.1250E+06  1.6922E+06
0000353   6.3275E+05  8.2793E+05 -1.1076E+05
0000354   3.6804E+06 -1.7386E+06 -2.8785E+05
0000355   4.6083E+06 -8.2398E+05  5.8411E+05
0000356   3.9479E+06 -6.3668E+05 -7.8524E+05
0000357   3.8422E+06 -1.2310E+06  1.2552E+06
0000358   4.6735E+06 -5.5301E+05 -3.8637E+05
0000359   4.0379E+06 -9.2318E+05 -5.6051E+05
0000360   5.3342E+06 -7.8196E+04 -8.0630E+05
0000361   3.6132E+06  1.1225E+06 -1.9895E+06
0000362   3.9634E+06  1.6671E+05  1.0428E+06
0000363   4.3614E+06 -3.6151E+05 -7.3944E+05
0000364   4.5692E+06  9.2903E+05 -1.8183E+05
0000365   3.5852E+06  1.2119E+05 -1.9458E+05
0000366   3.8339E+06 -5.6562E+05 -4.5862E+04
0000367   3.7716E+06 -1.0310E+06  3.6351E+05
0000368   1.2885E+06 -7.4608E+05  4.8229E+05
0000369   3.9451E+06 -2.0969E+06  4.8401E+05
0000370   4.3853E+06  3.7862E+04  8.0516E+05
0000371   4.2284E+06 -7.0404E+05  5.3068E+05
0000372   5.4374E+06 -3.5819E+05 -5.1484E+05
0000373   4.2267E+06 -1.7271E+05  1.9740E+06
0000374   3.4974E+06 -1.6598E+06 -5.6807E+05
0000375   4.9434E+06 -4.0607E+05  1.4107E+06
0000376   4.9722E+06  1.5871E+06 -3.0626E+05
0000377   1.8911E+06  1.6512E+06 -1.6417E+06
0000378   2.9207E+06  1.1562E+05  6.2506E+05
0000379   3.3685E+06 -2.5916E+05 -1.4439E+06
0000380   3.6427E+06  1.0169E+06 -1.2855E+06
0000381   5.1734E+06 -2.6642E+05 -2.0135E+04
0000382   3.2827E+06  5.2631E+05  1.6867E+05
0000383   5.1335E+06 -7.0422E+05 -8.8902E+04
0000384   1.8457E+06  5.1946E+05 -1.4287E+06
0000385   4.5589E+06  1.4424E+05 -2.1492E+04
0000386   2.4239E+06  1.3704E+06  1.1773E+06
0000387   4.2964E+06 -1.2389E+06  1.6053E+06
0000388   4.9008E+06 -8.7157E+05  3.1041E+05
0000389   4.1011E+06 -2.4098E+05  1.7352E+05
0000390   3.5058E+06  1.1784E+06 -2.0428E+06
0000391   4.4093E+06 -4.9704E+05 -3.0834E+05
0000392   5.1914E+06 -4.8738E+04 -1.2475E+06
0000393   3.9815E+06  4.9385E+05 -1.6994E+05
0000394   4.8243E+06 -8.1616E+05  2.6862E+05
0000395   4.3957E+06  2.0331E+06 -5.6490E+05
0000396   4.2646E+06  3.3231E+05  2.5515E+06
0000397   4.0070E+06 -1.4036E+05 -1.9823E+04
0000398   5.2025E+06  5.8218E+04  1.4766E+06
0000399   3.7053E+06  2.8206E+06 -3.7397E+05
0000400   3.0963E+06 -3.8162E+05 -1.2142E+06
0000401   4.7448E+06 -1.0021E+05 -1.1960E+05
0000402   2.7843E+06 -9.9982E+05  3.1069E+05
0000403   4.2785E+06  4.0870E+05 -1.3446E+06
0000404   3.4333E+06 -1.1171E+05  1.6050E+06
0000405   4.1786E+06 -1.0002E+06 -3.8500E+05
0000406   3.6508E+06 -5.1798E+05  1.3233E+05
0000407   3.5351E+06  4.1972E+05 -1.6659E+06
0000408   4.8840E+06  1.9212E+06 -6.2697E+05
0000409   4.6085E+06  1.1886E+06  1.7653E+06
0000410   4.5172E+06  1.9158E+05  1.5762E+05
0000411   4.9423E+06 -2.5088E+06  1.8024E+05
0000412   3.2796E+06  2.1159E+06 -9.8307E+05
0000413   5.4187E+06 -1.2910E+06  4.8675E+04
0000414   2.7925E+06 -3.7784E+05 -2.0944E+05
0000415   4.2501E+06 -1.5061E+06  1.0287E+06
0000416   3.9501E+06  7.7379E+05  8.8916E+05
0000417   3.5316E+06 -3.2499E+05 -2.2311E+06
0000418   4.1135E+06  6.0617E+05  4.3766E+05
0000419   3.0487E+06 -4.9874E+05  1.5683E+06
0000420   4.0713E+06  3.2666E+05  3.3647E+05
0000421   4.3569E+06  3.9849E+05  7.5616E+05
0000422   4.5114E+06 -7.6921E+05 -6.7970E+04
0000423   3.6065E+06  9.4187E+05  1.7132E+06
0000424   3.7312E+06 -8.3093E+05 -1.9305E+06
0000425   3.7013E+06 -6.9771E+05 -7.7951E+05
0000426   3.4830E+06  2.3986E+06 -9.5423E+05
0000427   4.3983E+06  6.5375E+04  5.9537E+05
0000428   2.3294E+06  1.9663E+06  6.8231E+05
0000429   3.1537E+06  5.5328E+05  8.3546E+05
0000430   3.4336E+06  1.9374E+05 -2.6933E+05
0000431   3.1421E+06 -1.3594E+06 -2.9583E+05
0000432   4.1429E+06  4.6434E+04  4.6469E+05
0000433   2.0238E+06 -7.2460E+05  4.6744E+05
0000434   3.7982E+06 -9.9027E+04  4.5815E+05
0000435   4.4046E+06  7.0405E+05 -6.2363E+04
0000436   4.7031E+06  5.5969E+05  2.7093E+05
0000437   5.1114E+06 -4.0073E+05  3.1837E+05
0000438   5.0347E+06  4.6857E+05  1.9117E+05
0000439   4.7848E+06  9.7635E+05  1.0281E+06
0000440   4.2674E+06  2.3967E+06  9.3877E+05
0000441   4.5679E+06  4.8200E+05  6.5251E+04
0000442   3.5980E+06 -6.7317E+05 -2.2742E+05
0000443   4.5169E+06  1.3235E+05 -5.5412E+05
0000444   7.7404E+05 -1.6594E+06 -6.4586E+05
0000445   4.3039E+06 -7.3971E+05 -5.6312E+05
0000446   1.0428E+06 -9.1898E+04  3.0937E+05
0000447   2.8659E+06  2.4897E+05 -7.9376E+05
0000448   3.9182E+06 -9.3713E+05  3.3123E+05
0000449   4.9105E+06  3.3425E+05 -1.3118E+06
0000450   4.4380E+06  1.0618E+06  1.0130E+06
0000451   3.8021E+06 -6.4816E+05  1.6256E+05
0000452   3.6902E+06 -4.0925E+05  1.0970E+06
0000453   4.2036E+06  1.8633E+06 -1.6223E+06
0000454   3.5969E+06  9.6941E+05  1.3915E+06
0000455   3.4538E+06 -1.5434E+06  1.8242E+06
0000456   3.8256E+06  4.2926E+05 -6.8836E+05
0000457   1.9200E+06  1.2177E+05 -1.8403E+05
0000458   3.0254E+06  2.1213E+06  1.0944E+06
0000459   4.1835E+06 -7.1710E+05 -3.9251E+05
0000460   4.0441E+06  1.1051E+06 -1.7365E+06
0000461   4.3542E+06 -2.8620E+05 -2.2781E+06
0000462   4.6985E+06 -1.8119E+05  4.3338E+03
0000463   1.8640E+06  1.2561E+06 -9.8060E+05
0000464   3.0286E+06 -1.1698E+06 -5.6755E+04
0000465   3.5594E+06 -9.1421E+05  1.3029E+06
0000466   4.6358E+06 -1.7599E+06  2.4975E+05
0000467   4.4040E+06  9.8141E+05  1.8172E+06
0000468   3.3961E+06  1.3268E+06  5.9015E+05
0000469   3.9410E+06  1.0316E+06 -6.6556E+05
0000470   3.2794E+06 -1.2662E+06  8.9019E+05
0000471   4.6355E+06  7.5844E+05  5.7045E+05
0000472   4.2427E+06 -1.7283E+06  1.4797E+06
0000473   4.0230E+06  8.0238E+05  1.1928E+05
0000474   3.3953E+06  1.1484E+06  2.6372E+06
0000475   4.0207E+06 -1.0755E+06  7.3562E+05
0000476   4.3309E+06  8.0543E+05  8.6198E+05
0000477   3.7782E+06  9.2720E+05  9.8584E+05
0000478   4.7076E+06  6.0808E+05  1.1311E+06
0000479   4.3832E+06 -4.2324E+05  3.3336E+05
0000480   3.9986E+06  8.3026E+05 -1.4982E+06
0000481   3.5892E+06 -1.6494E+06 -1.3854E+06
0000482   4.4851E+06 -3.5918E+04  2.7437E+05
0000483   3.4285E+06 -5.6624E+05  5.3944E+05
0000484   3.7361E+06 -9.7657E+05  1.8047E+06
0000485   3.5207E+06  2.7526E+05 -1.3149E+06
0000486   5.5321E+06  9.1509E+05  2.4267E+05
0000487   4.0900E+06 -3.9408E+05 -3.3679E+05
0000488   2.1414E+06  8.6007E+03 -5.7416E+05
0000489   4.1247E+06 -1.8345E+06 -3.8318E+05
0000490   3.4716E+06  1.5648E+05 -1.0684E+06
0000491   4.1984E+06  5.1413E+05 -1.4569E+06
0000492   5.2036E+06  1.0971E+06  1.7716E+06
0000493   3.8236E+06  4.8176E+05 -9.2811E+05
0000494   1.7683E+06 -7.8987E+05  5.8632E+05
0000495   4.8713E+06 -1.1256E+06 -1.3734E+05
0000496   4.3305E+06  9.2234E+05 -7.0062E+05
0000497   5.4667E+06 -1.6336E+06 -3.0457E+05
0000498   4.5819E+06  1.2722E+05  1.3969E+06
0000499   3.5135E+06 -4.7986E+04 -5.5692E+05
0000500   3.6666E+06  1.5684E+06  9.0422E+05
0000501   3.3749E+06  7.1103E+05  1.3045E+06
0000502   3.7645E+06  7.1393E+05 -1.7771E+05
0000503   4.1727E+06 -3.0118E+05 -5.9192E+05
0000504   4.4868E+06 -3.7401E+05  1.0380E+05
0000505   2.1164E+06 -2.1619E+05  7.6884E+05
0000506   2.9032E+06 -1.2844E+06 -9.6073E+04
0000507   3.8258E+06  3.4855E+05 -1.1331E+05
0000508   4.3084E+06  3.1947E+05 -1.0999E+06
0000509   4.9686E+06  1.2052E+06 -1.4540E+06
0000510   3.7547E+06  1.2529E+06  1.5218E+06
0000511   4.4819E+06 -6.1067E+05 -1.3569E+06
0000512   2.9762E+06 -1.3132E+05 -2.3865E+05
0000513   2.9446E+06 -1.8931E+06  4.1096E+04
0000514   3.9102E+06  9.2811E+05 -4.1296E+05
0000515   3.8539E+06  1.8357E+05 -1.1257E+06
0000516   4.1432E+06 -1.5583E+06  2.2327E+05
0000517   4.9134E+06  1.9062E+05  1.1461E+06
0000518   3.1470E+06 -1.6305E+05  2.2896E+06
0000519   5.3531E+06 -4.5556E+04 -5.3469E+05
0000520   4.4285E+06 -4.1704E+05  8.3938E+05
0000521   3.2859E+06 -1.1160E+05 -4.7751E+05
0000522   4.6056E+06  1.6043E+06  7.0746E+05
0000523   4.2977E+06 -4.2021E+05 -7.2637E+05
0000524   3.9113E+06 -1.9939E+06 -3.5027E+05
0000525   4.1399E+06 -1.1229E+06 -6.7442E+05
0000526   3.8926E+06 -1.1002E+06 -1.4952E+06
0000527   5.1745E+06  1.1934E+05  1.3162E+06
0000528   4.9022E+06  2.7171E+04 -1.3964E+06
0000529   3.9593E+06  2.7160E+05 -1.1328E+06
0000530   4.3251E+06 -8.0592E+05  3.0671E+04
0000531   2.0308E+06 -2.0846E+06 -1.9215E+04
0000532   9.8670E+05 -2.8848E+05 -1.1534E+06
0000533   3.4590E+06  6.7754E+05 -3.5666E+01
0000534   3.4675E+06 -1.0423E+06 -2.0749E+06
0000535   2.7242E+06  7.3436E+05  5.6512E+05
0000536   4.5517E+06  3.1368E+05 -5.6250E+05
0000537   3.9440E+06 -7.9956E+05  4.3655E+05
0000538   4.5017E+06 -2.9682E+05 -1.0303E+06
0000539   3.6887E+06 -1.9198E+06 -1.8450E+06
0000540   4.8855E+06 -4.8740E+05  8.8716E+05
0000541   4.5648E+06 -3.2726E+05 -2.2133E+06
0000542   4.7792E+06  6.3619E+05  1.2829E+06
0000543   4.7047E+06 -3.7239E+05  3.4945E+05
0000544   3.3540E+06 -6.5769E+05 -6.5734E+05
0000545   3.6874E+06  6.8801E+05  1.1155E+06
0000546   3.6127E+06 -3.4518E+05  1.5248E+06
0000547   3.1838E+06  1.3427E+05 -3.8333E+05
0000548   3.2273E+06 -2.9317E+05  3.6390E+05
0000549   4.3138E+06 -7.6963E+05  2.8132E+05
0000550   4.0066E+06  1.7043E+05  2.6481E+05
0000551   3.0062E+06  3.0390E+05 -1.1260E+06
0000552   4.0378E+06 -1.0758E+06  1.2474E+06
0000553   3.7161E+06 -1.0859E+06  5.3132E+05
0000554   3.3179E+06  1.1457E+06  5.1071E+05
0000555   3.9931E+06  1.5834E+06  2.9411E+05
0000556   4.4361E+06 -5.4474E+05  1.6102E+05
0000557   4.8588E+06  4.1815E+05 -1.0473E+05
0000558   3.0264E+06 -1.6090E+06 -6.6103E+05
0000559   4.0882E+06  1.1439E+06 -1.2043E+06
0000560   5.1017E+06 -8.5197E+05  5.0012E+05
0000561   3.7309E+06 -3.4234E+05  6.0046E+05
0000562   3.6234E+06 -2.2309E+05 -8.1897E+05
0000563   4.5364E+06 -1.1795E+06 -2.0476E+04
0000564   5.0215E+05  1.9151E+05 -3.5859E+04
0000565   4.2304E+06 -5.4852E+05 -6.9102E+05
0000566   3.4464E+06 -6.8153E+05 -2.4532E+04
0000567   3.9059E+06 -1.3150E+06 -6.3572E+05
0000568   3.5611E+06  1.3257E+06  5.0611E+05
0000569   3.6068E+06 -1.1331E+06 -1.9289E+06
0000570   3.0712E+06  4.6740E+05  1.2354E+06
0000571   4.1902E+06 -5.5963E+05  7.1118E+05
0000572   4.0720E+06 -3.7053E+05  6.2434E+05
0000573   3.3551E+06  3.9635E+05 -1.2954E+06
0000574   3.4543E+06 -1.2857E+06  3.5107E+05
0000575   4.8823E+06 -9.2941E+05  1.5323E+06
0000576   3.6147E+06 -3.2215E+04 -1.0092E+06
0000577   4.9658E+06  3.2480E+05  1.0957E+05
0000578   2.7647E+06 -6.7077E+04 -2.3317E+05
0000579   2.2188E+06  5.2271E+05  1.5518E+06
0000580   4.0629E+06  5.9002E+05 -6.2127E+05
0000581   4.7213E+06 -8.8346E+05 -6.2771E+05
0000582   3.4280E+06 -1.7252E+06  4.5856E+05
0000583   3.2131E+06 -6.6414E+05 -2.3789E+05
0000584   3.4954E+06  1.8799E+05 -1.6236E+06
0000585   4.2227E+06 -5.0582E+05 -2.0630E+05
0000586   1.8328E+06  1.0793E+06 -3.7845E+05
0000587   4.6205E+06 -8.4162E+05 -8.2462E+05
0000588   4.1818E+06 -9.0836E+05 -2.5703E+05
0000589   4.2901E+06  2.3672E+06  1.5375E+06
0000590   3.0307E+06 -8.1827E+05  5.6701E+04
0000591   5.0701E+06  7.2855E+05  1.2021E+06
0000592   3.1900E+06 -1.2580E+05 -1.5187E+06
0000593   4.4232E+06  4.9122E+05  2.5174E+05
0000594   5.5082E+06  7.2800E+05  4.7187E+05
0000595   3.4901E+06  2.3567E+05 -4.2784E+05
0000596   4.0289E+06 -6.3416E+05  5.7600E+05
0000597   2.9237E+06  8.0337E+05 -1.5311E+06
0000598   3.1114E+06 -1.1683E+06 -8.8784E+05
0000599   3.5499E+06 -9.8017E+04 -5.6623E+05
0000600   5.3597E+06 -6.9972E+05 -1.8594E+06
0000601   2.1798E+06 -9.0054E+05  6.6958E+05
0000602   3.8844E+06 -5.6356E+05  3.1682E+04
0000603   3.5060E+06 -2.0284E+05 -1.3876E+05
0000604   2.6614E+06 -1.2793E+06  3.0839E+05
0000605   3.0066E+06  9.6430E+04  3.8456E+05
0000606   2.9132E+06  7.2674E+05 -6.1362E+05
0000607   3.9064E+06  1.1578E+06 -1.1380E+05
0000608   3.5591E+06 -1.1451E+06  4.5553E+05
0000609   4.0043E+06  4.2791E+05 -3.8694E+05
0000610   2.3500E+06 -1.8972E+06  2.6001E+06
0000611   1.6099E+06 -1.3520E+06 -1.6123E+06
0000612   3.4189E+06 -3.0323E+05 -1.0064E+05
0000613   1.6008E+06  1.1240E+06  2.9546E+05
0000614   3.7735E+06  2.0159E+06 -8.5576E+05
0000615   3.0542E+06  2.3603E+05  4.2155E+05
0000616   4.8460E+06 -8.7622E+05  6.5324E+05
0000617   3.9205E+06 -2.8477E+05 -8.1802E+05
0000618   2.7999E+06  5.8647E+05  3.3700E+05
0000619   1.1511E+06 -2.0507E+06  9.0945E+05
0000620   4.7073E+06 -2.1935E+05  8.4796E+05
0000621   3.8188E+06 -5.2822E+05  1.1038E+06
0000622   4.8199E+06  4.3279E+05  8.1546E+04
0000623   3.9035E+06 -9.2904E+05 -8.7024E+05
0000624   4.0263E+06  5.8490E+04  1.7234E+06
0000625   3.9241E+06 -1.2012E+05 -1.6447E+06
0000626   4.6678E+06  4.2149E+05  1.1751E+04
0000627   4.6772E+06 -2.2572E+05  1.6166E+05
0000628   3.4069E+06  7.0516E+05 -1.4084E+06
0000629   3.4588E+06  1.4782E+06  8.5150E+05
0000630   5.0144E+06 -1.0607E+06  9.8761E+04
0000631   4.1330E+06  4.5576E+05 -6.6166E+05
0000632   2.5141E+06 -7.6318E+05 -1.1280E+05
0000633   4.3159E+06 -9.0412E+05 -9.0422E+05
0000634   2.6468E+06 -5.8943E+05 -1.7165E+05
0000635   5.2631E+06 -5.0700E+05 -4.7471E+05
0000636   4.2856E+06  6.2267E+05 -7.1848E+04
0000637   3.3284E+06  5.7706E+05  1.8863E+06
0000638   3.2718E+06  8.2364E+04  1.5638E+06
0000639   2.2135E+06 -1.1883E+06 -1.0622E+06
0000640   4.2543E+06 -3.6899E+05  1.4648E+06
0000641   3.4751E+06  5.4710E+04 -6.5618E+05
0000642   4.3409E+06 -3.2541E+05  2.9795E+05
0000643   4.0956E+06  2.7755E+05 -9.4486E+05
0000644   4.2511E+06 -1.7910E+06  1.0721E+06
0000645   4.7327E+06  1.9926E+04  3.6406E+05
0000646   3.4366E+06 -1.6366E+06  8.7577E+05
0000647   3.4187E+06 -1.6182E+06 -1.1268E+06
0000648   4.0335E+06 -6.4785E+05 -6.4514E+04
0000649   2.7216E+06 -5.7123E+04  6.0123E+05
0000650   3.6389E+06 -4.7887E+04 -1.8156E+06
0000651   4.5117E+06  6.5694E+05 -2.0686E+05
0000652   4.7397E+06  1.9924E+06  7.9944E+05
0000653   4.4538E+06 -4.3211E+05 -1.4109E+06
0000654   4.1811E+06 -2.3384E+05 -3.9970E+05
0000655   4.1345E+06 -1.3067E+06 -1.4934E+06
0000656   4.0139E+06  3.4439E+05  7.5337E+05
0000657   4.1220E+06 -4.7641E+05 -2.8341E+05
0000658   3.5038E+06 -1.4302E+06 -1.8835E+05
0000659   4.5500E+06  2.1877E+06 -8.0886E+05
0000660   3.2894E+06  1.5525E+06 -2.3725E+04
0000661   4.5931E+06 -6.6469E+05  1.4697E+06
0000662   2.9991E+06  3.4384E+05 -1.9371E+06
0000663   2.4589E+06 -3.8938E+05  7.1364E+05
0000664   4.7191E+05  4.7036E+05  3.9893E+05
0000665   2.6485E+06  1.7923E+06  4.6591E+05
0000666   2.6289E+06 -4.1249E+05  8.2229E+04
0000667   1.1855E+06 -2.1239E+06 -2.7393E+06
0000668   3.9202E+06  2.8397E+05 -1.2066E+05
0000669   3.9471E+06  2.0555E+05  7.3199E+05
0000670   2.6171E+06 -9.3424E+04 -4.4707E+05
0000671   4.0650E+06  3.0518E+05 -1.4279E+06
0000672   4.9042E+06 -8.5684E+05  1.8338E+04
0000673   3.9398E+06  1.0380E+06 -8.6530E+04
0000674   4.2538E+06  8.5861E+05  9.2194E+05
0000675   3.3778E+06  8.3172E+05  4.1320E+05
0000676   4.5478E+06 -4.2036E+05 -5.0985E+05
0000677   5.2021E+06  9.5551E+05  4.1126E+05
0000678   2.8283E+06  2.0029E+05 -1.7292E+06
0000679   3.0606E+06  6.2890E+05 -3.0895E+05
0000680   2.1038E+06  1.0781E+06  9.9255E+05
0000681   4.0297E+06  8.9501E+04  1.5124E+05
0000682   4.0092E+06  5.2397E+05  6.7987E+05
0000683   3.2141E+06  2.3319E+05  4.1630E+05
0000684   2.2566E+06 -8.1890E+05  4.1106E+05
0000685   4.3947E+06  1.1191E+04  2.1659E+04
0000686   2.9166E+06  1.1987E+06 -2.1924E+06
0000687   3.7147E+06  5.3352E+05 -7.7058E+05
0000688   5.1295E+06  4.6789E+04 -7.0584E+05
0000689   3.1135E+06  1.5438E+06  1.7635E+06
0000690   4.5038E+06  3.9319E+05 -1.2965E+04
0000691   4.4763E+06 -4.4010E+05 -6.7531E+05
0000692   4.6300E+06  1.0019E+06  2.6578E+05
0000693   2.9314E+06  1.7786E+06  8.6207E+05
0000694   3.0723E+06  1.7874E+06  3.1009E+05
0000695   4.5618E+06  5.8402E+05 -1.6290E+06
0000696   4.0550E+06 -1.7669E+06  6.8530E+04
0000697   1.5907E+06  5.3649E+05 -1.0970E+05
0000698   2.8349E+06  1.3635E+06 -8.7385E+05
0000699   3.6155E+06  1.9025E+06  6.7306E+05
0000700   4.4910E+06  1.2339E+05 -9.7553E+05
0000701   2.9799E+06  7.8192E+05 -1.4604E+06
0000702   3.8556E+06 -4.7496E+05 -5.3693E+05
0000703   3.6445E+06  2.0518E+06  1.7501E+05
0000704   2.1069E+06  7.1319E+05 -3.7713E+05
0000705   4.6119E+06 -8.2430E+05 -9.8547E+05
0000706   3.9956E+06  7.9721E+05  8.8284E+05
0000707   4.5425E+06  5.8254E+05 -5.2710E+05
0000708   4.6661E+06  1.8365E+05 -1.7133E+05
0000709   4.7013E+06  1.4538E+06  2.4710E+05
0000710   4.7767E+06 -2.4781E+05 -1.9027E+06
0000711   4.0578E+06  8.8402E+04  2.9572E+05
0000712   5.8974E+06 -2.4510E+05 -8.0652E+05
0000713   5.2038E+06  1.2935E+06  8.7127E+05
0000714   4.0967E+06 -1.9240E+06 -6.4494E+05
0000715   4.8542E+06 -8.8174E+05 -2.0336E+06
0000716   3.4028E+06  6.0248E+05  4.9381E+05
0000717   3.4914E+06  1.0203E+06  9.4159E+05
0000718   2.7696E+06  9.9053E+05  4.6071E+05
0000719   4.7909E+06 -3.3740E+05  8.6183E+05
0000720   3.2068E+06  5.7567E+04 -8.9633E+05
0000721   4.2133E+06  3.9694E+05  8.7972E+04
0000722   5.0746E+06 -1.1567E+05  3.2843E+05
0000723   3.8309E+06 -7.6975E+05 -1.3175E+06
0000724   4.4971E+06 -9.9632E+05  8.6239E+05
0000725   5.2389E+06 -1.7259E+05  1.0647E+05
0000726   4.0071E+06 -3.2923E+05 -1.5491E+06
0000727   3.7082E+06  1.7732E+06  5.1150E+05
0000728   2.4843E+06  5.6969E+05 -7.4516E+05
0000729   3.2470E+06  1.4274E+06  1.0900E+06
0000730   4.4116E+06 -1.3540E+06 -5.8332E+05
0000731   5.7664E+06 -7.7017E+05 -1.0047E+06
0000732   5.2792E+06 -9.8384E+05 -1.2274E+06
0000733   2.2221E+06 -1.4316E+03  5.2789E+05
0000734   4.4976E+06  1.5570E+06 -4.2976E+05
0000735   4.0855E+06  1.0111E+06  5.7850E+05
0000736   3.6741E+06  8.4624E+05 -4.1266E+05
0000737   3.8834E+06  2.0015E+05 -1.4505E+06
0000738   3.4500E+06  3.4416E+05 -5.5211E+05
0000739   5.0768E+06  7.7240E+05  3.8960E+05
0000740   5.3469E+06  1.3822E+06  1.2690E+05
0000741   3.7155E+06  9.2002E+05 -2.0350E+06
0000742   3.3800E+06  6.2063E+05 -1.8739E+06
0000743   4.5500E+06 -1.3645E+06  1.0982E+06
0000744   3.9772E+06 -4.1230E+05 -2.0960E+06
0000745   3.9791E+06 -1.1429E+06  4.2800E+05
0000746   4.6618E+06  1.4464E+06 -7.1969E+05
0000747   2.5137E+06 -1.7589E+06  2.8851E+05
0000748   2.8212E+06  2.9630E+05 -6.8953E+05
0000749   5.3657E+06  4.9241E+05 -8.9022E+05
0000750   4.3080E+06 -7.4609E+05  2.4382E+05
0000751   4.5656E+06  1.1587E+06  1.5358E+05
0000752   5.0109E+06 -1.3195E+05  6.1661E+05
0000753   2.9700E+06  4.6146E+05  7.3094E+05
0000754   4.6556E+06 -1.6140E+06  5.9755E+05
0000755   1.6993E+06  1.4954E+06  1.3658E+06
0000756   4.4811E+06 -2.2667E+06 -9.9616E+05
0000757   1.8013E+06 -2.5114E+05 -2.6523E+05
0000758   4.4944E+06  6.8497E+05 -2.5752E+06
0000759   4.0295E+06  2.3416E+05  1.1509E+05
0000760   3.3901E+06 -9.1684E+05  4.1393E+05
0000761   4.0772E+06  6.2129E+05  4.0673E+05
0000762   3.5009E+06  1.4901E+06 -1.6549E+06
0000763   4.6711E+06  8.3567E+04 -3.6605E+05
0000764   5.0881E+06 -7.3691E+05 -3.3166E+04
0000765   4.5064E+06 -7.0965E+05  3.4671E+05
0000766   3.7874E+06 -9.6375E+05 -2.2404E+06
0000767   3.0044E+06  2.8847E+04  1.1119E+06
0000768   4.7674E+06 -1.0190E+06  2.9516E+05
0000769   3.6504E+06  6.2624E+05  1.7707E+06
0000770   4.5172E+06  6.6571E+05  1.1193E+06
0000771   3.5503E+06  3.1051E+05  2.2896E+06
0000772   4.7281E+06  9.0479E+04  4.4726E+05
0000773   2.8958E+06  1.3006E+06 -2.3112E+06
0000774   4.9330E+06  5.3395E+05  8.3446E+05
0000775   1.7510E+06 -2.7374E+05 -6.6790E+05
0000776   3.7291E+06  1.6353E+06 -8.9834E+05
0000777   4.2467E+06  6.1505E+05  1.0188E+06
0000778   2.2486E+06  1.1526E+06  9.6828E+05
0000779   3.8057E+06 -1.8572E+05 -9.1177E+05
0000780   2.4435E+06 -5.3927E+05  1.1029E+06
0000781   3.8989E+06 -1.8422E+06  1.2344E+06
0000782   4.2096E+06  1.4910E+06  2.6577E+05
0000783   1.8809E+06  1.4584E+05  5.2348E+05
0000784   4.3431E+06  1.2906E+06  2.7390E+05
0000785   3.5486E+06 -9.7344E+05 -5.9417E+05
0000786   2.1744E+06  1.0545E+06 -4.8344E+05
0000787   3.7420E+06  8.9389E+05 -9.6160E+05
0000788   2.5692E+06  3.7710E+05 -2.6699E+05
0000789   4.0828E+06  3.7762E+05  4.1539E+05
0000790   2.6602E+06  4.1248E+05 -4.5783E+05
0000791   3.7360E+06 -4.6376E+05 -1.8605E+06
0000792   4.7163E+06  1.2700E+06 -1.7917E+06
0000793   4.4924E+06 -7.5246E+05 -1.2837E+06
0000794   3.4069E+06  2.1101E+06 -7.6750E+05
0000795   2.6859E+06  3.5171E+05 -1.3061E+06
0000796   5.4596E+06  3.3978E+05 -3.2544E+05
0000797   3.9464E+06  7.6307E+05  7.3678E+05
0000798   4.9850E+06 -4.7441E+04 -7.7134E+05
0000799   4.1483E+06  9.1574E+05  4.7479E+05
0000800   4.2470E+06 -4.6368E+05  8.5618E+05
0000801   4.7659E+06  1.0063E+06  5.7983E+05
0000802   2.9529E+06  6.8872E+05 -5.3273E+05
0000803   2.4603E+06  6.0244E+05 -5.1497E+05
0000804   4.8315E+06 -1.1585E+06 -6.9950E+05
0000805   2.9707E+06 -8.1830E+05 -4.2940E+05
0000806   3.2149E+06  1.9130E+05  5.6488E+05
0000807   5.0299E+06  1.6628E+05  7.0968E+04
0000808   3.2949E+06 -2.7641E+05 -8.9193E+05
0000809   3.8118E+06 -1.8559E+05  7.8378E+05
0000810   4.3657E+06  2.8967E+05 -3.4022E+04
0000811   4.6113E+06 -2.3922E+05  1.6025E+06
0000812   4.2139E+06  3.3640E+04 -1.9882E+06
0000813   4.6402E+06  7.6147E+05  2.5559E+04
0000814   4.1962E+06  2.6388E+05 -1.5267E+06
0000815   5.0318E+06  2.4653E+05  1.3122E+06
0000816   3.7567E+06  5.3288E+05 -6.3065E+04
0000817   2.4528E+06  1.1875E+06  1.5422E+06
0000818   2.3042E+06 -3.1609E+05 -1.1579E+05
0000819   1.1875E+06  7.6799E+05  7.2455E+05
0000820   1.3857E+06  8.1645E+04  4.3705E+05
0000821   5.0072E+06 -6.9359E+05 -4.6849E+05
0000822   4.1828E+06  2.3935E+05  7.2390E+05
0000823   3.5594E+06  9.3387E+02 -4.2787E+05
0000824   5.2491E+06 -8.7247E+05 -1.5071E+06
0000825   2.6264E+06  3.7708E+04  9.7812E+05
0000826   4.4708E+06  4.8353E+05 -7.4239E+04
0000827   4.1709E+06  4.6432E+05  7.0686E+05
0000828   3.1658E+06  8.2206E+04 -3.5482E+05
0000829   4.1150E+06  5.3436E+05  4.9105E+05
0000830   3.5153E+06 -1.0378E+05 -2.2929E+06
0000831   3.1118E+06 -9.5983E+05  4.6582E+05
0000832   4.5495E+06  5.3985E+05  3.3221E+05
0000833   4.8957E+06 -1.2449E+06 -1.6631E+06
0000834   5.2655E+06 -1.1224E+06  5.7056E+05
0000835   4.7880E+06  7.0915E+05  3.5527E+05
0000836   5.1463E+06 -1.3971E+04 -1.2706E+04
0000837   4.5278E+06 -3.8465E+05 -1.5625E+06
0000838   5.0308E+06  5.9318E+05  1.6848E+06
0000839   2.6532E+06  4.3519E+05 -8.9482E+05
0000840   4.7204E+06 -1.9655E+06  1.4227E+06
0000841   3.2914E+06 -1.3082E+06  1.5997E+05
0000842   5.7707E+06 -1.8376E+05  9.0399E+04
0000843   5.0973E+06 -7.8072E+05  2.0918E+05
0000844   4.1795E+06 -4.0738E+05 -5.2140E+05
0000845   4.4536E+06 -9.9547E+05 -3.1189E+05
0000846   5.1180E+06 -2.3328E+05  9.9509E+05
0000847   2.3876E+06  3.8603E+03 -4.4297E+05
0000848   4.6397E+06 -1.5607E+06 -1.4932E+06
0000849   3.1542E+06  2.0944E+05 -5.1365E+05
0000850   3.3398E+06  6.1997E+05 -9.1348E+04
0000851   3.8498E+06 -1.0296E+06 -5.4633E+05
0000852   3.6702E+06  2.9289E+05  2.3643E+05
0000853   2.8572E+06  9.6231E+04  5.1095E+05
0000854   3.1334E+06  1.8053E+06 -7.3043E+05
0000855   3.7636E+06 -1.1072E+06 -1.3130E+06
0000856   5.5264E+06  1.4629E+06 -3.9948E+04
0000857   4.7028E+06  4.6588E+05 -1.1457E+06
0000858   4.3562E+06  1.5556E+06  2.0881E+05
0000859   2.7869E+06 -1.2787E+06  2.0724E+05
0000860   2.7354E+06 -1.3053E+06  2.1608E+06
0000861   4.2516E+06 -5.8836E+05  2.0532E+05
0000862   4.6862E+06 -2.1188E+06 -1.3077E+05
0000863   5.8911E+06 -6.1329E+05 -9.8607E+04
0000864   3.4131E+06 -1.1822E+05  7.2749E+05
0000865   3.3057E+06 -1.5282E+06  7.3745E+05
0000866   4.9252E+06  1.2318E+06 -4.8822E+05
0000867   5.1171E+06 -5.9375E+05 -1.1527E+06
0000868   4.0067E+06  1.1666E+06 -1.0752E+06
0000869   4.3993E+06 -5.3428E+05  3.4925E+05
0000870   4.0551E+06  1.0686E+05 -3.5471E+05
0000871   3.6544E+06  1.7649E+06 -1.7004E+05
0000872   4.5195E+06 -6.5314E+05 -1.3086E+06
0000873   2.8386E+06  4.9253E+05 -1.7052E+06
0000874   4.7730E+06 -1.7380E+06  3.3971E+05
0000875   2.9946E+06 -2.4795E+06  4.2998E+05
0000876   4.3542E+06  1.4827E+05  9.0663E+05
0000877   4.8797E+06 -5.2910E+05  4.1692E+05
0000878   4.4881E+06  1.8725E+05 -1.2599E+06
0000879   3.3313E+06 -5.7314E+05  7.2133E+05
0000880   3.4598E+06  6.1741E+05  1.2979E+06
0000881   3.0140E+06 -3.5003E+05  1.0983E+06
0000882   3.0171E+06  8.9803E+05  2.6344E+05
0000883   4.5384E+06  4.8367E+05 -1.3884E+06
0000884   2.3181E+06 -1.1634E+06  2.9517E+05
0000885   3.7715E+06 -9.5221E+05  1.2973E+06
0000886   4.8003E+06 -1.7370E+05 -8.2426E+05
0000887   2.8316E+06 -4.2668E+05  1.0892E+06
0000888   2.8313E+06 -7.0127E+05 -4.2583E+05
0000889   4.9153E+06  1.0259E+06  8.1593E+05
0000890   3.7499E+06 -6.8194E+05  2.5829E+06
0000891   4.2518E+06  4.3682E+05  1.1983E+06
0000892   2.1275E+06  1.8602E+05 -8.5779E+05
0000893   4.1784E+06  2.0505E+05  4.0719E+05
0000894   2.1396E+06  9.5981E+05 -1.9412E+06
0000895   5.2212E+06 -1.7458E+06 -1.3395E+06
0000896   2.8460E+06 -8.7616E+05 -3.0923E+05
0000897   2.5286E+06 -1.7300E+06  2.5783E+05
0000898   4.6328E+06  1.6545E+05  4.5893E+05
0000899   2.9585E+06  6.7709E+05  9.8862E+05
0000900   3.6200E+06  1.1162E+06 -3.8757E+04
0000901   4.0153E+06  1.4847E+06  1.3447E+06
0000902   3.5617E+06 -9.0804E+04  1.0921E+06
0000903   4.2696E+06  1.5199E+05  4.4530E+05
0000904   3.1689E+06  2.2210E+06 -6.0530E+04
0000905   4.6220E+06  5.1181E+05 -5.0706E+05
0000906   5.0142E+06  2.5972E+05  3.1471E+06
0000907   3.3758E+06 -1.3400E+05 -4.6229E+05
0000908   5.5927E+06  3.8763E+05 -2.3762E+04
0000909   3.5431E+06  7.6368E+05  8.2324E+04
0000910   5.1347E+06 -2.8817E+05  1.3312E+05
0000911   4.0828E+06 -7.6657E+05  1.7063E+06
0000912   2.9158E+06  1.4273E+06 -1.6801E+06
0000913   3.9874E+06  4.7423E+05 -1.4163E+06
0000914   4.6648E+06  8.8579E+05 -1.2154E+06
0000915   4.5060E+06 -1.1352E+06  4.3113E+04
0000916   2.9879E+06  3.5708E+05 -1.0139E+05
0000917   2.8366E+06 -2.1274E+06  4.6196E+05
0000918   4.3946E+06  1.0371E+06 -7.9633E+05
0000919   1.6970E+06  9.8127E+05  8.8118E+05
0000920   3.1476E+06  7.5713E+05 -3.4656E+05
0000921   3.6993E+06 -7.3497E+05  5.8403E+05
0000922   2.0861E+06  5.7959E+05 -1.9269E+06
0000923   4.1795E+06 -1.0341E+06  5.3591E+05
0000924   3.6540E+06  7.0087E+05  7.2613E+05
0000925   4.5466E+06  2.2795E+05 -8.9277E+05
0000926   4.0541E+06 -8.0025E+05 -1.1560E+06
0000927   1.3192E+06 -2.9157E+05  4.0252E+05
0000928   4.7416E+06  3.8255E+05  2.7414E+05
0000929   3.1614E+06  1.1176E+05  2.1584E+06
0000930   2.5656E+06 -9.5792E+04  9.8431E+05
0000931   4.8215E+06 -4.1173E+05  5.3860E+05
0000932   2.9348E+06 -9.8696E+05 -6.5714E+05
0000933   4.6111E+06  1.2921E+06  8.5007E+05
0000934   4.2842E+06 -1.2127E+06  1.1766E+06
0000935   5.1380E+06  4.9604E+05  6.6898E+05
0000936   3.5864E+06 -5.7441E+05  1.2050E+06
0000937   3.3482E+06 -2.1235E+06 -2.8506E+05
0000938   3.9375E+06  6.4555E+05  2.4042E+05
0000939   4.0522E+06  1.1794E+05 -1.0899E+06
0000940   5.0070E+06  3.6238E+05 -1.1577E+06
0000941   4.3325E+06  4.8189E+05 -3.0006E+05
0000942   2.7113E+06  1.9326E+06  2.1618E+06
0000943   4.7304E+06 -2.0926E+06  5.4764E+05
0000944   3.3417E+06 -1.5242E+06  2.1758E+06
0000945   4.2865E+06 -6.4412E+05  2.3075E+05
0000946   4.2769E+06 -4.7221E+05 -9.2624E+05
0000947   3.2840E+06 -1.8429E+06 -1.4993E+06
0000948   3.6612E+06  5.6554E+04 -1.1525E+06
0000949   4.1954E+06  4.7928E+05 -8.8110E+05
0000950   4.4022E+06 -1.2518E+06 -5.3510E+05
0000951   4.3312E+06 -9.6715E+05 -2.0053E+05
0000952   2.0523E+06  6.2218E+04  1.9289E+05
0000953   4.5059E+06  4.0499E+05 -6.9852E+05
0000954   3.6486E+06 -3.1710E+04  8.3571E+05
0000955   1.9907E+06  6.0321E+04 -5.8599E+05
0000956   3.9461E+06 -6.6407E+05  3.9431E+05
0000957   3.9667E+06 -8.7183E+05  9.9906E+05
0000958   4.3454E+06 -1.3732E+06  1.2486E+06
0000959   2.6301E+06  4.6815E+05 -3.9999E+05
0000960   4.6040E+06  7.8163E+05  3.4365E+05
0000961   4.0658E+06  1.6427E+06 -1.2637E+06
0000962   3.8217E+06 -1.0430E+06  2.2647E+05
0000963   3.9051E+06 -8.4537E+05 -5.6098E+05
0000964   4.1815E+06  7.9332E+05  8.9596E+04
0000965   4.4309E+06 -3.7884E+05  6.5656E+05
0000966   2.6194E+06 -1.2779E+06  1.1875E+06
0000967   2.9837E+06  4.4658E+05 -5.2923E+05
0000968   1.6242E+06  1.1997E+06  2.1642E+05
0000969   3.1215E+06  6.2015E+05  3.3441E+05
0000970   4.0012E+06 -2.0934E+06 -8.8380E+05
0000971   5.6038E+06 -9.7554E+05  8.6630E+05
0000972   3.2791E+06 -6.9566E+05 -6.6814E+05
0000973   3.7276E+06  1.4594E+06  9.1852E+05
0000974   4.3885E+06  4.3023E+05  6.9209E+05
0000975   4.0692E+06  2.2607E+06  1.2637E+06
0000976   5.5786E+06 -3.7244E+05 -5.1110E+05
0000977   3.0728E+06  1.7807E+06  1.3124E+06
0000978   3.4275E+06  2.7266E+05 -6.1547E+04
0000979   3.3924E+06  6.8035E+05  1.7538E+06
0000980   4.0693E+06  2.2054E+06  1.9450E+05
0000981   5.1717E+06  9.7740E+04  9.1106E+05
0000982   1.8076E+06 -2.0913E+05 -5.7388E+05
0000983   1.7244E+06 -6.4895E+05  5.1075E+05
0000984   5.3489E+06  1.0647E+06 -1.1633E+06
0000985   3.8284E+06 -6.7619E+05 -1.3358E+06
0000986   3.3918E+06  1.6210E+06 -4.0128E+05
0000987   3.5879E+06 -5.2809E+05 -3.2593E+05
0000988   4.7583E+06  6.7811E+05  1.2628E+06
0000989   4.5343E+06  1.2987E+06  8.1134E+05
0000990   3.0177E+06 -4.2850E+04 -1.5721E+06
0000991   3.5351E+06  1.2079E+06 -1.9842E+06
0000992   3.9626E+06 -4.6539E+05 -1.7279E+05
0000993   4.5491E+06  9.0209E+05 -9.9170E+04
0000994   3.1222E+06  6.1269E+05  9.0817E+05
0000995   4.3181E+06  6.7416E+04 -8.2544E+05
0000996   3.7697E+06 -1.1877E+06  1.3313E+05
0000997   3.7816E+06  2.0586E+06 -7.7053E+05
0000998   3.8362E+06 -4.6605E+05 -2.3291E+05
0000999   3.2746E+06  2.0987E+05  4.6739E+05
0001000   2.5900E+06  1.7340E+06  4.8571E+05
