============================== SRIM-2013.00 ==============================
==============================================================================
====== SRIM Outputs\RANGE_3D.txt : File of Final Ion Positions =====

Ion = Ar (18)   Ion Mass= 039.9620
Energy  = 1757510.E-05 keV
Ion Angle to Surface = 00.0 degrees
==================== TARGET =======================
  Layer # 1 - Layer 1
  Layer # 1 - Bottom Depth=500000.E+02 A
  Layer # 1 - Density =0000.0071 g/cm3
  Layer # 1 -  100 % of Ar
様様様様様様様様様様様様様様様様様様様様様様様様様様
                                            
Ion       Depth  X   Lateral Y   Lateral Z  
Number    (Angstrom) (Angstrom)  (Angstrom) 
-------  ----------- ----------- -----------
0000001   1.3734E+05 -5.5449E+04 -2.8589E+04
0000002   5.6256E+04 -1.8686E+04 -1.5158E+04
0000003   1.0152E+05 -2.8726E+04 -3.0175E+04
0000004   6.5101E+04 -4.1243E+04  2.5776E+04
0000005   6.4443E+04 -5.9703E+04 -1.9967E+04
0000006   8.8752E+04  4.2988E+04 -2.3393E+04
0000007   2.8802E+04  2.7218E+04 -3.2508E+04
0000008   1.0699E+05  1.4833E+04  1.4396E+04
0000009   1.1693E+05 -8.0235E+03 -4.3772E+04
0000010   9.8263E+04  1.2912E+04 -1.4553E+04
0000011   1.4678E+05 -5.9116E+04 -4.4478E+04
0000012   1.2386E+05 -2.7362E+04  1.2406E+04
0000013   1.7240E+05 -3.4969E+04  6.8567E+04
0000014   1.3906E+05 -8.2808E+04  2.0158E+04
0000015   1.1712E+05  1.6346E+03 -3.6113E+04
0000016   9.0719E+04 -1.1188E+05 -4.0282E+04
0000017   1.5889E+05  1.4358E+04 -2.9886E+04
0000018   3.3703E+04 -3.3684E+04 -2.1104E+04
0000019   1.1162E+05 -5.1464E+04  2.9016E+04
0000020   1.4438E+05  7.4344E+04 -4.5035E+04
0000021   1.0418E+05 -7.3619E+03  1.0563E+04
0000022   7.1104E+04 -9.7360E+04 -1.1651E+05
0000023   9.0134E+04  3.8969E+03 -9.3646E+04
0000024   1.6818E+05  2.4880E+04 -1.0620E+03
0000025   6.1281E+04  3.9572E+04  3.1246E+04
0000026   1.6609E+05  6.2582E+04  4.2934E+03
0000027   1.3804E+04 -2.3133E+04 -1.5877E+04
0000028   1.2427E+05 -4.1904E+03  1.9429E+04
0000029   1.7194E+05 -4.8547E+04 -1.7345E+04
0000030   1.8237E+05  3.0829E+04 -6.4738E+04
0000031   1.0774E+05 -3.6971E+04  5.9415E+03
0000032   1.0491E+05  2.0070E+04 -3.0555E+03
0000033   1.6020E+05  3.6234E+04  5.0247E+03
0000034   1.0412E+05  1.0614E+05 -3.9158E+04
0000035   1.6126E+05 -1.2232E+04  3.3471E+04
0000036   5.2456E+04 -1.8829E+04 -6.3010E+04
0000037   3.8393E+03  4.6697E+03 -1.9902E+04
0000038   1.4179E+05  2.8743E+03 -6.1050E+04
0000039   4.6933E+04 -5.6235E+03  2.7137E+04
0000040   5.6705E+04 -2.2460E+04  4.8968E+04
0000041   8.6125E+04  5.9588E+04  2.4571E+04
0000042   7.2365E+04  8.2332E+03 -8.1329E+03
0000043   8.6144E+04 -7.7043E+03 -1.3874E+04
0000044   1.0274E+05 -1.1818E+04 -1.7920E+04
0000045   8.9350E+04  4.4988E+03 -3.8321E+04
0000046   6.2310E+04  3.5870E+04 -1.5877E+03
0000047   9.5238E+04 -2.0061E+04  5.8832E+04
0000048   6.9436E+04  4.9467E+04  4.5100E+04
0000049   1.0751E+05 -1.9498E+04 -2.2730E+04
0000050   5.7978E+04 -3.4101E+04 -3.3957E+04
0000051   6.1809E+04 -5.2957E+04  6.3006E+04
0000052   8.3969E+04  2.7565E+04  5.5529E+04
0000053   6.3559E+04 -1.2559E+04 -5.1016E+03
0000054   1.1447E+05  1.3722E+04  4.2970E+04
0000055   3.5890E+03  1.7618E+04 -5.5604E+03
0000056   1.6261E+05 -1.4590E+03  1.1556E+03
0000057   9.9646E+04 -1.7924E+04  1.0967E+04
0000058   1.0413E+05  4.1058E+04  9.1946E+03
0000059   4.4969E+04 -5.8648E+03  9.2503E+03
0000060   5.4131E+04  3.0186E+04 -9.3465E+04
0000061   1.4768E+05  3.1306E+03  1.9851E+04
0000062   2.0826E+05 -1.5839E+04  6.6937E+04
0000063   1.7682E+04  2.5403E+04  2.4045E+04
0000064   2.6488E+04 -3.4806E+04 -4.0551E+04
0000066   4.3200E+04  1.4224E+04  4.6571E+04
0000067   1.2346E+05 -5.2467E+04 -2.2948E+04
0000068   1.5326E+05  3.4933E+03  1.0759E+04
0000069   1.0102E+05  2.8921E+04 -5.8496E+03
0000070   1.7316E+05 -1.6402E+04 -5.0614E+04
0000071   1.3866E+04  7.0352E+04 -1.1720E+04
0000072   3.8163E+04 -8.4927E+04 -3.9151E+02
0000073   9.8222E+04 -5.0152E+04 -2.3665E+04
0000074   1.0158E+05 -7.0615E+04  2.5351E+04
0000075   9.9720E+04 -5.6691E+04  1.9784E+04
0000076   1.5970E+05  7.8019E+04  8.4063E+04
0000077   6.7658E+04 -9.3893E+03  5.9145E+03
0000078   1.7242E+05  3.0008E+04 -3.6612E+04
0000079   1.2276E+05 -3.2511E+04  2.5325E+04
0000080   2.0997E+04 -5.7933E+04  1.0181E+04
0000081   1.5975E+05  2.2038E+04 -5.7621E+03
0000082   9.4675E+04  1.7529E+04 -3.3933E+03
0000083   3.1484E+04 -1.6323E+04 -1.7389E+04
0000085   7.6140E+04  6.6525E+04  1.3313E+03
0000086   8.9798E+04 -7.8999E+03 -4.4685E+03
0000087   5.1878E+04  1.8192E+04 -3.8437E+04
0000088   8.0068E+04  7.6367E+04 -4.5177E+04
0000089   1.6702E+05 -5.2022E+04 -3.0511E+04
0000090   1.0146E+05  6.9190E+04  4.2138E+04
0000091   6.6900E+04 -2.0117E+04  3.3160E+04
0000092   1.2300E+05  5.4339E+04  1.6757E+04
0000093   1.3924E+05 -4.1012E+04  5.7658E+04
0000094   1.1768E+05  5.2401E+04  1.4488E+04
0000095   7.8028E+04 -2.0234E+04 -3.2451E+03
0000096   1.6597E+05 -9.8693E+04  4.0616E+04
0000097   2.3705E+05 -3.2496E+03  9.2306E+04
0000098   4.9329E+04 -5.0270E+04 -9.6506E+04
0000099   1.2463E+05  6.4918E+04  3.7853E+04
0000100   4.9033E+04 -3.4367E+04 -5.1577E+03
0000101   8.5977E+04 -3.4264E+04 -7.9520E+04
0000103   9.2547E+04  3.6867E+04 -1.2835E+05
0000104   1.2918E+05 -8.2947E+04  1.3381E+04
0000105   4.1326E+04  4.0527E+03  3.2808E+03
0000106   6.9938E+04  9.2545E+03 -2.3689E+04
0000107   1.2146E+05 -4.0825E+04  2.6810E+04
0000108   7.0379E+04 -4.0569E+04 -6.1198E+04
0000109   1.1576E+05 -1.1546E+04  3.7944E+04
0000110   1.3366E+05 -1.4927E+04 -8.3964E+04
0000111   1.1996E+05  1.5500E+04  9.8133E+03
0000112   6.1444E+04 -2.0834E+04  2.8989E+04
0000113   5.9103E+04  2.2048E+04  1.7223E+04
0000114   9.5768E+04  4.3117E+03 -1.8135E+04
0000115   8.6156E+04  2.6899E+04 -2.5736E+04
0000116   2.3228E+04 -3.9341E+04  1.0853E+04
0000117   5.0006E+04 -6.3697E+04  1.5649E+04
0000118   9.2876E+03  1.5868E+04 -1.2331E+04
0000119   1.7752E+05  6.3962E+03  8.3772E+03
0000120   8.9948E+04  1.5323E+04  4.7811E+03
0000121   8.6654E+04 -4.0143E+04  2.0676E+04
0000122   1.6548E+05  1.4603E+02 -3.6159E+04
0000123   6.4431E+04 -5.9577E+04  6.4616E+04
0000124   2.2931E+05  3.6327E+04  2.2006E+04
0000125   7.3822E+04  1.2774E+04 -2.0506E+04
0000126   2.9227E+04  2.8208E+03  6.7638E+03
0000127   6.3412E+04  3.6886E+04  1.4022E+04
0000128   8.0590E+04  7.1866E+04  1.6555E+04
0000129   1.2982E+05 -4.6571E+04  2.5479E+04
0000130   9.4899E+04  1.3921E+04  9.6084E+04
0000131   1.2503E+05 -8.9253E+04  9.1457E+03
0000132   9.1565E+04 -3.6387E+04 -2.0214E+04
0000133   5.7338E+04  8.1401E+03  4.7767E+04
0000134   1.7449E+05  1.1724E+05 -2.3297E+04
0000135   4.5691E+04  2.4771E+04  1.0465E+04
0000136   9.2243E+04  1.6244E+04 -2.7725E+04
0000137   1.3618E+05 -4.3131E+04  4.7689E+03
0000138   3.0890E+04 -2.8524E+04 -1.2774E+04
0000139   1.0616E+05  6.0417E+04 -1.3588E+04
0000140   1.1163E+05  1.0072E+04 -8.3897E+03
0000141   1.1347E+05 -4.0669E+03  5.0217E+04
0000142   7.4680E+04 -1.2100E+04 -9.0475E+03
0000143   1.6088E+05 -3.3701E+04 -2.6099E+04
0000144   1.2005E+05 -5.4055E+04 -1.4129E+04
0000145   1.1512E+05 -3.7332E+04  1.5182E+04
0000146   1.0936E+05  1.9677E+04  7.1605E+03
0000147   7.8417E+04  9.0411E+03 -6.1468E+04
0000148   1.9164E+05 -2.9293E+04 -9.2467E+03
0000149   1.6204E+05 -5.2186E+04 -1.4328E+05
0000150   1.2922E+05 -4.0353E+03  3.1604E+04
0000151   5.7531E+04 -5.5450E+04 -3.8872E+03
0000152   4.3024E+04 -8.9203E+02  1.3657E+04
0000153   9.8922E+04  1.0462E+04 -3.9884E+04
0000154   7.9318E+04  1.5462E+04 -2.4142E+04
0000155   9.1514E+04 -3.7482E+04  1.7149E+04
0000156   1.7070E+05 -9.8412E+04  4.2471E+04
0000157   6.0506E+04 -1.4356E+03  9.7755E+03
0000158   1.6523E+04 -8.9036E+04  5.5293E+04
0000159   8.9948E+04  1.5954E+04  2.1603E+04
0000160   1.1163E+05  8.7537E+03 -2.2174E+03
0000161   1.9862E+04  1.2377E+04  3.7505E+04
0000162   1.5096E+03 -9.8377E+03 -2.5096E+04
0000163   1.4949E+05  8.4605E+04  4.7808E+04
0000164   6.0922E+04 -7.6965E+03  5.0676E+04
0000165   1.5173E+05  2.8118E+04 -1.1945E+03
0000166   8.7505E+04 -3.2555E+04  5.8415E+03
0000167   9.1632E+04  8.9413E+03 -8.2775E+03
0000168   1.7043E+05 -9.6054E+03 -6.0351E+03
0000169   1.1047E+05  2.5265E+03 -2.6930E+04
0000170   1.1032E+05 -2.4424E+04 -2.5004E+04
0000171   4.6352E+03 -1.2043E+04 -1.7234E+04
0000172   1.0985E+05 -8.4560E+03  6.5183E+04
0000173   4.7863E+04  3.5332E+04  1.1330E+04
0000174   1.1882E+05 -3.8264E+03 -1.3127E+04
0000175   1.3506E+05 -3.2375E+04 -2.5523E+03
0000176   1.9789E+05  4.1550E+04  7.1977E+04
0000177   9.3061E+04 -4.9323E+03 -8.8502E+04
0000178   5.1087E+04  5.6047E+04  4.4298E+04
0000179   3.4369E+04 -1.8213E+04  5.4226E+04
0000180   3.1829E+04 -2.4045E+03  2.3831E+04
0000181   4.9001E+04  2.3228E+04 -1.5021E+04
0000182   8.7311E+04  2.6649E+04 -4.3443E+04
0000183   2.2875E+04  1.7012E+04 -2.3717E+04
0000184   1.7572E+04 -8.7244E+03  2.9285E+02
0000185   5.6854E+04 -3.8950E+04  2.4443E+04
0000186   8.1076E+04  3.6150E+04 -5.4448E+03
0000187   2.9631E+04  9.5641E+03  9.4664E+03
0000188   9.7067E+04 -3.7766E+02 -1.0162E+04
0000189   3.8004E+04  6.4707E+04 -4.6937E+03
0000190   7.6870E+04  7.0424E+03  3.3131E+04
0000191   1.1792E+05  2.1994E+04 -6.4501E+04
0000192   1.6612E+05 -7.7066E+03  3.6130E+03
0000193   1.6719E+04 -5.1328E+04  1.3480E+04
0000194   9.0274E+04 -7.9486E+04  7.8598E+04
0000195   2.3652E+05 -1.5611E+04 -5.0616E+03
0000196   1.7083E+05 -9.9011E+04 -4.1530E+04
0000197   1.3522E+05 -4.6991E+03 -2.0225E+04
0000198   1.0685E+05 -8.9887E+03  3.5588E+03
0000199   8.9887E+04 -4.7224E+04 -1.3775E+04
0000200   7.5720E+04 -7.1316E+04 -7.6304E+04
0000201   1.2946E+05 -2.6507E+04  2.0790E+04
0000202   4.8299E+04 -7.1697E+04 -4.4099E+04
0000203   9.3461E+04 -3.2107E+04  1.4372E+04
0000204   2.9308E+04 -1.0397E+04 -2.9119E+03
0000205   1.2425E+05 -1.3767E+04  1.8725E+04
0000206   1.0198E+05 -1.5915E+04  4.8359E+04
0000207   1.8227E+05 -4.7252E+04 -3.0659E+04
0000208   4.0177E+04  3.6154E+03 -1.4695E+04
0000209   1.6768E+05  2.1770E+04  8.9551E+04
0000210   1.5957E+05 -2.3503E+04 -1.8533E+04
0000211   5.5484E+04 -1.0042E+04 -2.3020E+04
0000212   9.9462E+04 -1.6594E+03  4.1507E+04
0000213   1.2811E+04 -7.9129E+03  9.6002E+03
0000214   1.4092E+05  4.2980E+04  4.6232E+04
0000215   6.2004E+04  7.1693E+04  2.2734E+04
0000216   8.4763E+04  3.1160E+04  1.1346E+04
0000217   3.3898E+04  1.3347E+04  1.3355E+04
0000218   6.5452E+04  9.1856E+04  5.1271E+04
0000219   1.0383E+05  4.5379E+04  1.9673E+04
0000220   9.6062E+04  4.6883E+04  1.3527E+04
0000221   1.2287E+05  3.0357E+04  1.1134E+02
0000222   8.0184E+04 -2.0297E+04  1.2068E+03
0000223   1.1378E+05  6.8007E+03  3.2567E+04
0000224   1.2707E+05 -7.4705E+04  3.1234E+03
0000225   1.7467E+03  7.8384E+03 -1.5312E+04
0000226   9.5469E+04  3.7091E+04  5.6902E+02
0000227   7.6865E+04  9.7190E+03 -1.1540E+03
0000228   3.6726E+04  5.7300E+03 -7.0885E+04
0000229   2.1534E+05  3.6001E+04  3.7647E+04
0000230   1.1786E+05 -1.9819E+04  1.1393E+04
0000231   5.6363E+03 -1.0899E+04  4.6518E+03
0000232   8.4160E+04  1.3317E+04  4.4966E+03
0000233   5.5455E+04 -3.1765E+04 -3.0512E+04
0000234   6.5834E+04 -1.6418E+04  1.2364E+04
0000235   8.3440E+04  2.5005E+04 -3.1144E+04
0000236   5.5457E+04 -6.3714E+04  3.2359E+04
0000237   9.0026E+04 -3.1935E+04 -2.5115E+04
0000238   9.9376E+04 -1.5007E+04 -5.9718E+03
0000239   1.0004E+04  4.2422E+04  4.0696E+04
0000240   7.2227E+04 -2.2470E+04 -4.9816E+04
0000241   1.8796E+05  5.0463E+04 -1.0546E+05
0000242   6.4789E+04  4.7675E+04 -8.1766E+03
0000243   1.2131E+05  1.6996E+04  4.1173E+04
0000244   6.7418E+04  2.9170E+04  3.0282E+04
0000245   1.8557E+05  9.1093E+04 -9.7922E+03
0000246   1.1514E+05  3.9884E+04 -4.6189E+04
0000247   5.4047E+04 -3.7005E+03 -1.5605E+04
0000248   9.2281E+04  9.8309E+03 -5.0850E+04
0000249   1.5108E+05 -2.6786E+04  7.9908E+04
0000250   7.8575E+04 -2.2545E+04 -1.2108E+04
0000251   9.9850E+04  1.2789E+04 -2.8222E+03
0000252   9.5182E+04  4.9066E+04  1.5853E+04
0000253   9.3619E+04 -1.3272E+04 -6.7511E+03
0000254   1.5291E+05  9.3708E+04  3.2528E+04
0000255   1.2387E+05  8.1595E+03 -4.8193E+04
0000256   5.7273E+04 -4.2162E+03  7.0790E+03
0000257   1.7385E+05  4.4603E+04 -8.5736E+04
0000258   9.7586E+04 -3.1321E+03  1.3345E+05
0000259   4.9621E+03  4.6883E+04 -3.9607E+04
0000260   7.5611E+04 -1.5526E+05  1.3131E+05
0000261   6.0915E+04  8.4383E+03  8.3746E+04
0000262   1.4934E+05 -3.0066E+04 -3.9055E+04
0000263   1.4009E+05 -5.9492E+03  3.0585E+04
0000264   3.0521E+04  6.4540E+04 -4.6881E+04
0000265   1.1262E+05 -2.3745E+04  7.6477E+04
0000266   8.1048E+04  8.8094E+03 -1.6957E+04
0000267   7.5203E+04 -2.0471E+04 -3.9598E+04
0000268   1.5602E+05  4.9993E+03  8.8784E+04
0000269   8.8297E+04 -4.3188E+04 -6.1762E+03
0000270   3.3030E+04  2.6774E+04  3.0913E+04
0000271   1.2277E+05 -5.1179E+04  9.7750E+03
0000272   1.7209E+05 -4.0763E+04  4.7463E+04
0000273   9.8424E+04 -1.2748E+04  1.7309E+04
0000274   1.6584E+05 -2.9008E+04  2.3878E+04
0000275   6.7743E+04 -9.7464E+04 -4.7441E+04
0000276   6.9268E+04 -1.0775E+05  7.0938E+04
0000277   1.2875E+05 -2.2748E+03 -3.5748E+04
0000278   7.7436E+04  7.0062E+04  6.0171E+04
0000279   1.5852E+05 -1.3086E+04 -4.9841E+04
0000280   1.6429E+05 -3.7218E+04 -2.3337E+04
0000281   1.2568E+05  5.2894E+04 -6.5471E+04
0000282   1.2484E+05  1.5642E+04  1.7654E+04
0000283   1.0560E+05 -6.9933E+03  2.9987E+04
0000284   6.8963E+04  3.9153E+04  1.5005E+04
0000285   3.1008E+04 -3.3411E+04  7.5838E+04
0000286   2.2327E+05  7.7678E+04  3.1109E+04
0000287   1.1250E+05  1.1110E+04 -3.8986E+04
0000288   2.1686E+05 -6.6611E+04 -4.9056E+04
0000289   3.8105E+04  2.7848E+04  7.8899E+03
0000290   5.3080E+04 -8.7427E+03  2.5944E+04
0000291   1.0388E+05  2.9183E+04 -3.4242E+04
0000292   6.9934E+04 -4.4855E+04 -2.2330E+04
0000293   7.0180E+04  6.9283E+04  6.8018E+04
0000294   1.2610E+05  6.0012E+04  1.0162E+04
0000295   4.6511E+04 -3.1224E+03  1.0740E+04
0000296   5.5021E+04 -4.4673E+03 -4.7082E+04
0000297   7.4347E+04  1.7977E+04 -9.8817E+03
0000298   1.3621E+05  7.1336E+04  6.9703E+03
0000300   1.2876E+05  1.0463E+05  8.1278E+04
0000301   8.8408E+04 -4.5534E+04  3.0705E+04
0000302   2.6498E+04 -1.0330E+04  5.0195E+03
0000303   1.5786E+05  3.8364E+04 -5.0700E+04
0000304   9.7575E+04  9.8263E+02  7.0467E+04
0000305   1.2886E+05 -3.5634E+04  1.7608E+03
0000306   5.7022E+04 -8.8280E+03 -3.4113E+03
0000307   1.0334E+05 -1.2364E+04 -1.9809E+04
0000308   3.4605E+04 -4.6431E+03 -2.6239E+04
0000309   1.9470E+05  5.7865E+04  7.8580E+04
0000310   8.3322E+04 -9.5474E+03 -2.5613E+04
0000311   6.0234E+04  5.3798E+04 -3.1058E+04
0000313   1.0376E+05 -1.4504E+04 -3.3886E+04
0000314   1.8264E+05  5.3890E+04 -4.5104E+04
0000315   8.2642E+04  1.0037E+04 -2.8886E+04
0000316   5.2431E+04  2.4426E+04  3.1320E+04
0000317   1.4498E+05 -1.3796E+04  9.8766E+03
0000318   9.0891E+04 -8.7693E+04  1.5545E+04
0000319   7.7910E+04  1.4555E+03  7.5142E+04
0000320   5.2859E+04 -4.4990E+04 -4.4080E+04
0000321   1.3899E+05 -8.2486E+03  6.2671E+04
0000322   5.4744E+04  4.8011E+04  4.3972E+04
0000323   8.9303E+04 -2.8577E+04  1.2846E+04
0000324   1.3230E+05  1.6296E+04  2.4352E+04
0000325   1.4944E+05  2.1751E+04  6.2107E+04
0000326   1.2153E+05  9.4102E+03 -4.1492E+04
0000327   1.1374E+05 -3.1299E+04 -1.1493E+04
0000328   5.4443E+04 -1.1111E+05  1.6670E+04
0000329   6.6871E+04  4.7124E+04  1.2175E+04
0000330   5.0791E+04  4.0714E+03  1.4938E+04
0000331   5.0784E+04 -2.7928E+04  2.8494E+04
0000332   7.5955E+04 -7.8784E+03  4.3963E+04
0000333   8.6500E+04  1.5700E+04 -2.4095E+04
0000334   1.6136E+05  2.9071E+04  6.3356E+04
0000335   8.0794E+04  4.9003E+04 -1.8875E+04
0000336   7.7688E+04  4.1548E+04  2.9162E+03
0000337   8.3819E+04 -7.1201E+02 -2.3860E+04
0000338   1.6437E+05  9.4718E+04  6.8018E+04
0000339   1.1565E+05  2.5358E+04  9.9502E+03
0000340   3.4030E+04  4.4757E+04 -3.1034E+03
0000341   9.4356E+04 -8.9575E+04  8.5609E+03
0000342   1.8998E+05  5.2971E+04 -2.8926E+04
0000343   1.3906E+05  2.6938E+04  3.7694E+04
0000344   1.8374E+05  3.5858E+04 -5.9267E+04
0000345   1.0150E+05  2.6135E+03  1.5830E+04
0000346   7.4789E+04 -1.2632E+04  4.8924E+04
0000347   2.9030E+04  2.6995E+04 -4.3611E+04
0000348   6.7628E+04  2.4687E+04  1.2376E+04
0000349   1.5161E+05  2.1665E+04 -8.7643E+04
0000350   9.1283E+04  2.8030E+04  3.2884E+04
0000351   3.2774E+03  1.9098E+04  8.1742E+02
0000352   1.3227E+05  2.4933E+04 -2.8741E+04
0000353   3.7620E+04  8.8582E+04 -4.4241E+04
0000354   9.5565E+04  1.1234E+04 -5.6792E+03
0000355   9.1919E+04  4.4841E+04 -1.0832E+04
0000356   1.6380E+05  7.7719E+04 -4.4443E+04
0000357   5.3882E+04 -8.8038E+03  2.8543E+04
0000358   9.7843E+04  8.6508E+04 -7.5140E+04
0000359   1.0421E+05 -4.0314E+04 -8.5527E+03
0000360   2.9603E+04 -2.2372E+04 -2.0320E+04
0000361   1.7766E+05 -4.5018E+04  1.7499E+04
0000362   9.1411E+03  1.6227E+04 -4.1488E+04
0000363   6.8430E+04  6.1035E+04 -6.3293E+04
0000364   1.3186E+05  8.4635E+04 -6.8905E+04
0000365   1.0693E+05 -3.6200E+04 -2.3937E+04
0000366   1.8620E+05  3.8780E+04  1.9825E+04
0000367   2.3521E+05  6.7238E+04  2.1843E+03
0000368   8.8460E+04 -1.1746E+05  2.2701E+04
0000369   2.5900E+04 -7.0801E+04 -1.1578E+03
0000370   1.1942E+05  5.9739E+04  3.6852E+04
0000371   7.3503E+04  1.7754E+04  3.4012E+03
0000372   2.4157E+05  6.0059E+03 -8.2930E+04
0000373   5.2456E+04  2.1620E+04 -2.9039E+04
0000374   4.0485E+04  7.1885E+03 -7.9693E+02
0000375   8.8806E+04 -5.2042E+03 -5.5192E+04
0000376   1.8438E+05  7.9151E+03  3.9717E+04
0000377   3.7832E+04 -2.6857E+04  8.7859E+03
0000378   1.4654E+05 -1.2222E+04  5.4230E+04
0000379   9.8085E+04 -7.4584E+04  3.4599E+04
0000380   1.2410E+05  1.7693E+05 -3.7487E+04
0000381   7.2505E+04  2.3881E+04  6.7500E+04
0000382   1.5351E+05  2.9411E+04 -7.9447E+03
0000383   1.9596E+04 -2.6219E+03 -1.8455E+03
0000384   1.4481E+05 -1.1318E+05 -2.0171E+04
0000385   3.2383E+04  1.3738E+04 -8.7794E+04
0000386   5.0531E+04  2.0324E+04 -9.3418E+03
0000387   9.7952E+04  1.0806E+02  1.6836E+04
0000388   1.1800E+05  4.1604E+04 -1.9206E+03
0000389   1.8029E+05 -1.9811E+03 -5.0795E+04
0000390   9.6715E+04  8.2384E+04  6.7730E+04
0000391   1.5633E+05  6.6595E+04 -5.0069E+04
0000392   1.9220E+05  5.7658E+04 -3.8358E+04
0000393   5.9521E+04 -3.5799E+04 -4.2986E+04
0000394   8.8655E+04 -3.3166E+04  4.4089E+03
0000395   7.6783E+04  6.3614E+04 -4.1569E+04
0000396   1.8446E+05  2.1463E+04  8.5300E+04
0000397   8.3375E+04 -3.2722E+03  6.3347E+04
0000398   3.9324E+04  1.2024E+04 -4.9249E+03
0000399   1.1590E+05 -5.7271E+04 -2.9186E+04
0000400   6.4434E+04 -8.7284E+03  8.7745E+03
0000401   1.2501E+05  4.8785E+04 -6.4601E+03
0000402   9.6785E+04 -2.8227E+04  3.0105E+04
0000403   1.2539E+05 -5.9762E+04 -6.8056E+03
0000404   9.4819E+04 -1.5048E+04  7.0033E+02
0000405   3.1542E+04 -2.2347E+04  1.0013E+04
0000406   1.0459E+05 -2.1005E+04  1.9081E+04
0000407   9.0725E+04 -3.1498E+04  5.6782E+04
0000408   6.7627E+04  2.0064E+04 -3.6673E+04
0000409   9.7300E+04  1.4973E+04 -8.8399E+03
0000410   1.6978E+05 -1.2509E+04 -2.7046E+04
0000411   5.5030E+04  4.1620E+04  6.8295E+04
0000412   1.3795E+05 -3.3837E+04 -9.1289E+04
0000413   5.2002E+04 -6.1683E+04  3.6049E+04
0000414   7.0766E+04 -9.6515E+03  8.3945E+03
0000415   1.1860E+05  4.0845E+03  1.5020E+04
0000416   1.1442E+05  1.2185E+04  7.1042E+04
0000417   1.8760E+05 -5.1277E+03 -9.7076E+04
0000418   9.0085E+04 -1.8414E+04 -1.4992E+04
0000419   2.3768E+05  2.8982E+04  3.1481E+04
0000420   8.1646E+04  1.1178E+04  4.7758E+03
0000421   3.0460E+04 -1.5423E+04 -1.9129E+04
0000422   1.2366E+05  2.0409E+04 -1.4062E+04
0000423   4.0783E+04 -4.9346E+03 -2.0330E+04
0000424   1.1331E+05  7.0814E+04  4.8945E+04
0000425   1.2019E+05 -6.6020E+04 -2.5763E+04
0000426   1.9860E+05 -5.8985E+04  3.8371E+04
0000427   1.0393E+05 -1.4548E+03  7.5064E+03
0000428   1.2065E+05 -1.8724E+04  5.6084E+04
0000429   7.0342E+04 -3.9491E+04 -8.5318E+03
0000430   6.8765E+04 -3.8201E+04  1.8446E+04
0000431   4.1233E+04 -1.1111E+04  4.4321E+04
0000432   1.2109E+05 -5.8124E+03 -3.6406E+04
0000433   9.9463E+04  2.7656E+04  9.5843E+04
0000434   1.7060E+05  1.3883E+05 -1.2590E+03
0000435   1.5750E+05 -9.0210E+04  4.7809E+04
0000436   1.0206E+05  2.5063E+03  4.7929E+04
0000437   1.5727E+05  1.3343E+04 -1.3732E+04
0000438   9.4307E+04  1.9635E+04  6.6366E+04
0000439   7.2046E+04 -3.0231E+04 -1.8614E+04
0000440   9.8069E+04  5.4128E+04 -2.4726E+04
0000441   6.9593E+04  6.7900E+03  2.8135E+04
0000442   7.8527E+04  5.3718E+04  6.4208E+03
0000443   8.6784E+04  5.1816E+04 -3.8958E+03
0000444   4.4344E+04  3.2203E+04  1.1968E+04
0000445   1.3289E+05  2.1777E+04 -7.9516E+02
0000446   1.6277E+05  3.2014E+03  7.3852E+03
0000447   6.2606E+04 -3.1706E+04 -2.1146E+04
0000448   1.1074E+05 -2.6870E+02 -2.3934E+04
0000449   8.5285E+04  7.3312E+04 -3.7920E+04
0000450   1.6636E+05 -6.1610E+04  1.8437E+04
0000451   1.1476E+05  3.1645E+04  2.1673E+04
0000452   2.1892E+05  1.8459E+03  6.2535E+03
0000453   1.4608E+04 -2.5789E+04  6.2789E+03
0000454   1.6445E+05  3.1817E+04 -2.7839E+04
0000455   1.4259E+05 -6.0463E+03  1.2941E+04
0000456   1.5926E+05 -4.8366E+03 -3.5843E+04
0000457   7.2798E+04 -3.2397E+03  3.6431E+04
0000458   7.4560E+04  2.6664E+03  5.5225E+04
0000459   5.6022E+04 -3.8152E+04  2.2465E+04
0000460   3.6867E+04 -4.7447E+04  2.5608E+04
0000461   1.0207E+05 -1.0564E+05  2.7986E+04
0000462   5.2118E+04  1.1771E+04 -1.2098E+04
0000463   2.1246E+05  2.4207E+04 -9.6103E+03
0000464   2.2071E+04  3.0365E+04 -1.2995E+04
0000465   6.6505E+04  1.0657E+04 -1.3906E+04
0000466   3.2074E+04  1.6726E+04  3.0335E+04
0000467   2.0939E+05  4.5931E+04  2.4263E+04
0000468   4.5704E+04  4.7155E+04 -2.9773E+04
0000469   3.6230E+04  4.9350E+01 -1.2576E+04
0000470   9.0687E+04  3.5944E+04 -2.1398E+04
0000471   7.4397E+04 -2.4566E+04  3.7256E+04
0000472   6.7413E+04  1.8462E+03  2.9615E+04
0000473   1.1065E+05  1.9399E+04  3.7237E+04
0000474   7.6828E+04 -1.5549E+03 -1.4288E+04
0000475   1.1753E+05 -2.0759E+04 -3.5386E+04
0000476   1.7467E+05 -7.8580E+04  9.8723E+03
0000477   3.6347E+04 -9.2945E+01 -1.6111E+04
0000478   6.7713E+04 -7.2442E+03 -2.1715E+04
0000479   1.0751E+04 -1.3573E+04 -3.1218E+04
0000480   4.4426E+04  4.2379E+04  2.5006E+04
0000481   7.6193E+04  1.6170E+04  3.0390E+04
0000482   2.0263E+05  2.6022E+04  3.9656E+04
0000483   6.7923E+04  3.5460E+03 -1.4815E+04
0000484   9.3640E+04  1.1303E+04 -2.6136E+04
0000485   4.3909E+04  5.2111E+04 -4.3621E+04
0000486   5.7604E+04 -2.3017E+04 -4.7790E+03
0000487   7.0686E+04  7.4115E+04 -8.5829E+04
0000488   9.9010E+04  7.7289E+04 -6.1764E+03
0000489   5.2561E+04 -2.2658E+04  1.0921E+04
0000490   2.6343E+04  1.8853E+04 -4.1562E+03
0000491   7.9438E+04  2.9773E+04  3.7535E+04
0000492   1.7650E+05  3.5005E+02  5.0447E+04
0000493   4.6574E+04  6.1557E+04  6.7245E+04
0000494   1.4634E+05 -5.6861E+04  7.9635E+03
0000495   1.4298E+05  3.7218E+04  5.8494E+03
0000496   3.6621E+04 -3.5603E+04  4.1939E+04
0000497   1.1032E+05  5.8730E+01 -6.7169E+04
0000498   1.0776E+05  1.6709E+04 -4.5082E+04
0000499   1.6505E+05  1.9444E+04 -6.9573E+04
0000500   1.5829E+04 -4.3328E+03 -2.7180E+03
0000501   9.9084E+04 -9.8509E+03 -1.2215E+04
0000502   1.6204E+05  2.2531E+04 -5.0999E+04
0000503   1.0809E+05  3.6688E+04  2.6726E+04
0000504   7.4742E+04  8.6095E+04  1.5040E+04
0000505   1.5323E+05 -4.0962E+04  1.9671E+04
0000506   1.1930E+05 -2.4447E+04 -5.8727E+03
0000507   1.0905E+05 -9.1729E+02  6.6896E+04
0000508   1.3349E+05  7.5878E+02 -1.9292E+04
0000509   8.3912E+04 -2.5706E+04 -3.4558E+04
0000510   1.2799E+05  1.9601E+04 -7.3960E+04
0000511   5.7312E+04  1.5608E+04 -3.9736E+04
0000512   2.1676E+04 -3.2865E+04 -1.0507E+04
0000513   5.4358E+04 -5.0360E+04 -4.1665E+04
0000514   1.1196E+05  6.3130E+04 -3.6759E+03
0000515   1.2762E+05  5.3897E+03 -1.3350E+04
0000516   1.7703E+05  8.9475E+04 -2.9526E+04
0000517   1.1503E+05 -5.5470E+04 -1.0789E+05
0000518   3.9050E+04  1.1595E+04  1.6964E+04
0000519   2.0350E+05  6.5316E+04 -7.6950E+04
0000520   1.5909E+04 -7.2366E+03 -1.2536E+04
0000521   4.8820E+04  5.1495E+03 -1.6935E+04
0000522   1.5129E+05 -6.9137E+04  1.0245E+05
0000523   1.9677E+05 -7.4834E+03  4.2468E+04
0000524   1.0097E+05 -1.6886E+04 -3.2034E+04
0000525   1.2922E+05 -1.2646E+05  3.9113E+04
0000526   9.1495E+04 -8.8841E+04 -4.6914E+04
0000527   6.0643E+04 -2.1104E+04 -4.3830E+04
0000528   4.2787E+04 -1.0804E+04  1.8111E+04
0000529   1.1965E+05 -1.0718E+04 -4.5085E+04
0000530   4.7918E+04  1.7332E+04 -5.6734E+03
0000531   1.7109E+05 -3.0673E+04 -1.5147E+04
0000532   7.5924E+04  1.3255E+04  1.3640E+04
0000533   8.3023E+04 -2.1176E+04  5.0982E+04
0000534   8.0848E+04 -6.8812E+04  1.3309E+04
0000536   9.8114E+04  8.2318E+04 -5.8630E+04
0000537   1.9599E+05 -4.6526E+04 -5.5035E+04
0000538   1.0864E+05 -4.8119E+04 -3.5207E+04
0000539   5.5805E+04  3.7578E+04 -1.9446E+04
0000540   4.1296E+04 -3.9791E+04  2.2160E+03
0000541   9.6114E+04  8.8629E+03  8.0906E+03
0000542   1.3840E+05 -1.7262E+04  7.6765E+04
0000543   9.4663E+04  6.2264E+04 -3.0665E+04
0000544   1.1580E+05  3.8287E+04  2.9036E+04
0000545   1.0414E+05  3.6538E+04 -4.5952E+03
0000546   1.0154E+05 -6.5636E+03  2.9801E+04
0000547   1.0999E+05 -2.8320E+04  1.0155E+04
0000548   6.0137E+04 -1.0440E+04  4.8650E+04
0000549   8.1139E+04  1.4962E+04  6.2976E+04
0000550   1.0985E+05 -1.9542E+04  7.5624E+03
0000551   1.3643E+05 -3.1418E+04  5.0022E+04
0000552   1.3003E+05 -2.7055E+04  2.8191E+04
0000553   4.4544E+04  1.7959E+04 -6.7258E+02
0000554   5.9078E+04 -4.0449E+04  1.5272E+04
0000555   5.8450E+04 -1.3307E+03 -7.7815E+03
0000556   1.5798E+05 -4.8358E+04 -2.6974E+04
0000557   1.4752E+05  4.8198E+04  3.4866E+04
0000558   6.0323E+04  1.7833E+04 -1.2813E+04
0000559   9.0798E+04  9.1835E+04  7.7115E+04
0000560   4.1068E+04  8.1366E+03 -1.8937E+04
0000561   3.5160E+04  2.7260E+04  3.1528E+04
0000562   1.3428E+05 -4.4321E+04  3.8604E+04
0000563   5.1258E+04 -1.6959E+04 -3.7198E+04
0000564   5.7881E+04 -3.6133E+03 -1.2020E+03
0000565   8.4910E+04 -2.3649E+04  3.2867E+03
0000566   1.1945E+05 -7.8621E+02 -2.4221E+04
0000567   2.2894E+04 -4.7219E+04 -8.5722E+03
0000568   4.3982E+04 -3.3730E+04  5.0241E+04
0000569   1.1613E+05  7.2886E+04  1.3483E+03
0000570   5.1272E+04  9.2006E+04 -1.1687E+04
0000571   2.7950E+04 -3.0162E+04  1.0385E+04
0000572   4.0082E+04  8.5056E+02 -2.0698E+04
0000573   9.0457E+04 -2.6858E+04  3.3414E+04
0000574   1.0424E+05 -1.0058E+05  2.7149E+04
0000575   1.2166E+05  5.7019E+04  3.2655E+04
0000576   4.2474E+04  3.6095E+04 -9.8994E+04
0000577   4.0059E+04 -1.8190E+04  4.8929E+04
0000578   9.2328E+04 -4.0205E+04  8.9437E+03
0000579   1.4122E+05 -1.2726E+05 -2.9934E+04
0000580   2.7555E+04  9.6292E+03 -1.0434E+03
0000581   1.5274E+05 -1.7071E+04  2.1852E+04
0000582   1.5129E+05 -2.4006E+04  3.9019E+04
0000583   2.5250E+05  1.0006E+05 -3.9578E+03
0000584   1.0339E+05 -1.3298E+04 -5.5819E+04
0000585   3.1821E+04 -2.2938E+04  6.3806E+04
0000586   1.1337E+05 -4.0873E+04 -2.6384E+04
0000587   1.7339E+05 -1.4678E+04  4.3626E+03
0000588   2.0630E+05  1.9027E+04 -1.7440E+04
0000589   1.1098E+05  3.9488E+03 -6.4818E+04
0000590   1.6710E+05  7.9317E+04  1.2432E+03
0000591   6.1741E+04  3.3259E+04  2.1109E+03
0000592   1.0195E+05 -6.7004E+04  8.0781E+03
0000593   1.2264E+05 -1.1882E+03  1.1015E+05
0000594   1.4305E+05  3.2941E+04  1.4988E+04
0000595   7.0441E+04 -4.0790E+04 -4.0782E+03
0000596   1.1753E+05  8.0221E+03 -1.1107E+04
0000597   6.6415E+04 -1.0378E+04 -4.9699E+04
0000598   9.7079E+04 -1.7732E+03  7.4605E+04
0000599   1.0788E+05 -5.1179E+04  5.3540E+04
0000600   1.4803E+05  9.2755E+03 -2.6146E+04
0000601   1.6743E+05  1.5255E+04  6.7788E+04
0000602   7.6714E+04  4.3949E+04 -2.8468E+04
0000603   1.8993E+05  8.0914E+04  5.4432E+04
0000604   9.7299E+04  2.0047E+04 -1.4272E+04
0000605   7.4684E+04 -5.9239E+02  7.1989E+04
0000606   9.1137E+04  4.9324E+04 -9.2543E+03
0000607   6.7361E+04 -4.3258E+04 -1.7670E+04
0000608   4.8774E+04 -7.0372E+03  3.5792E+04
0000609   8.9882E+04 -1.4409E+04 -1.0507E+04
0000610   1.1461E+05  3.0372E+04 -2.7896E+04
0000611   5.3843E+04 -8.8116E+03 -2.1994E+04
0000612   3.4934E+04  4.4939E+04  2.9920E+04
0000613   8.3890E+04 -5.1071E+04 -1.3271E+05
0000614   1.8314E+05  2.2810E+04 -4.7632E+03
0000615   6.0027E+04  3.3151E+03 -1.0872E+04
0000616   5.3265E+04 -8.9199E+04  4.4434E+03
0000617   1.1491E+05  2.9095E+04  4.4332E+04
0000618   2.0008E+05  1.0127E+04 -6.6408E+04
0000619   1.5062E+05  2.9844E+04 -2.2993E+03
0000620   5.4335E+04 -5.1394E+04  7.9969E+04
0000621   1.2113E+05  8.3122E+04 -2.7902E+04
0000622   1.3432E+05 -6.9536E+04  2.0255E+04
0000623   1.4393E+05 -5.4995E+04 -6.3437E+04
0000624   3.1938E+04 -1.4893E+04  3.7171E+03
0000625   3.2792E+05  4.0951E+04  2.6076E+04
0000626   6.4204E+04  6.5817E+03 -1.9478E+04
0000627   1.3149E+05  6.2680E+03 -1.0278E+05
0000628   4.9219E+04  2.8333E+04 -7.4823E+04
0000629   1.0014E+05 -2.3391E+04 -1.9176E+04
0000630   5.5543E+04 -1.4688E+03  8.0199E+02
0000631   4.2808E+04 -4.8583E+04  4.4981E+04
0000632   1.2832E+05 -2.7954E+03 -1.1498E+04
0000633   1.6435E+05 -6.1868E+04  1.0129E+05
0000634   1.4420E+04 -2.6341E+04 -6.3709E+04
0000635   6.5014E+04  7.8723E+04 -3.6337E+03
0000636   9.6923E+04  1.9970E+04  2.8601E+03
0000637   2.2672E+04 -7.4438E+04  4.0122E+04
0000638   8.3900E+04  7.4061E+04  1.6860E+04
0000639   1.2280E+04 -1.1156E+05  1.0598E+04
0000640   1.4504E+05 -2.8155E+04  3.8370E+04
0000641   5.9335E+04 -8.6890E+03 -2.7212E+04
0000642   1.6800E+05  5.5913E+04  2.0014E+04
0000643   7.2104E+04 -3.6683E+04 -4.5140E+04
0000644   1.5209E+05  2.6440E+04  1.3146E+05
0000645   5.9265E+04  3.2164E+04 -2.5706E+04
0000646   6.2139E+04  1.5229E+04 -3.3744E+04
0000647   5.4457E+04 -3.1009E+03  1.0087E+05
0000648   2.4321E+05 -4.1289E+04 -3.3854E+04
0000649   9.6555E+04  5.3746E+03 -4.1997E+04
0000650   9.8102E+04  2.2349E+04  3.8140E+04
0000651   1.3092E+05 -8.0350E+04 -2.5955E+04
0000652   1.5030E+05  2.4621E+04  1.3080E+04
0000653   6.9746E+04 -5.4639E+04  4.6191E+04
0000654   1.4162E+05  4.4401E+04  5.3438E+04
0000655   2.3698E+04 -4.8528E+03 -3.0536E+04
0000656   1.5268E+05  8.0992E+03 -5.4641E+04
0000657   3.1752E+04 -1.7804E+04  3.5963E+03
0000658   1.0318E+05 -9.7016E+03 -2.8149E+04
0000659   1.3108E+05  7.1405E+03 -3.1672E+04
0000660   2.3589E+05  2.7495E+04  4.2348E+04
0000661   1.0159E+05 -2.0900E+04 -4.7540E+04
0000662   1.6546E+05 -5.8738E+04  5.4428E+04
0000663   2.0182E+05  9.6952E+03 -2.7893E+04
0000664   4.2997E+04 -1.1896E+04  2.7871E+04
0000665   1.6575E+05  3.1851E+04  5.8234E+04
0000666   3.6479E+04 -6.8114E+04  1.8457E+04
0000667   5.8998E+04  5.0197E+03 -9.7766E+03
0000668   1.4061E+05  5.8338E+04 -1.0576E+05
0000669   1.1702E+05 -6.6543E+03  4.9596E+04
0000670   5.7542E+04  2.7922E+03 -1.4348E+04
0000671   1.0403E+05 -5.4545E+02 -1.7658E+04
0000672   4.1288E+04  3.2794E+04  8.9089E+04
0000673   1.0656E+05  4.3580E+04  1.7167E+04
0000674   4.5522E+04 -5.3669E+03 -1.3910E+04
0000675   1.2092E+05  2.5422E+04 -3.1457E+04
0000676   6.0749E+04 -3.1071E+04  6.2663E+04
0000677   6.5652E+04 -5.6980E+04  2.3815E+03
0000678   1.0640E+05  1.7503E+04  5.2988E+04
0000679   1.9956E+05  4.2807E+04  6.6928E+03
0000680   6.7969E+03  7.9212E+03  1.8754E+04
0000681   4.7114E+04  1.8271E+04 -5.8884E+04
0000682   9.4123E+04 -3.7564E+04  2.7405E+03
0000683   8.0883E+04  3.7139E+04 -2.9181E+04
0000684   1.1918E+05  2.6497E+04  2.1239E+04
0000685   1.8204E+05 -2.9387E+03  3.1758E+04
0000686   5.8274E+04  1.6605E+04 -6.1242E+03
0000687   9.9790E+04  5.2941E+04  4.4252E+04
0000688   1.0449E+05  3.8408E+04 -5.0503E+04
0000689   1.0270E+05 -5.4419E+04 -3.6949E+04
0000690   5.7629E+03 -3.5463E+03 -1.6251E+04
0000691   1.1140E+05 -9.4777E+03  2.5150E+04
0000692   9.2916E+04 -6.2251E+04  3.3704E+04
0000693   1.4401E+05 -6.6463E+04 -2.4733E+04
0000694   1.1759E+05 -1.4807E+04 -3.9986E+04
0000695   1.0693E+05  1.8657E+04  2.9602E+04
0000696   4.8794E+04 -1.3613E+04 -2.0818E+04
0000697   7.0698E+04 -3.3972E+04 -1.3181E+04
0000698   2.0648E+05 -8.7425E+04  2.1425E+04
0000699   7.2194E+04 -3.7971E+03 -1.8269E+04
0000700   5.6881E+04  2.6100E+04  3.2113E+04
0000701   1.5414E+05 -1.1686E+04 -6.6032E+04
0000702   1.3194E+05  8.0454E+04  6.4117E+03
0000703   1.5248E+05 -7.1895E+04 -1.8759E+04
0000704   7.3893E+03  9.7680E+01  7.2615E+04
0000705   1.3470E+05  6.8912E+03 -3.3709E+04
0000706   7.8394E+04 -6.5380E+03 -6.0613E+04
0000707   7.5092E+04 -3.6295E+04  9.1578E+03
0000708   2.0433E+05 -7.9279E+04 -8.7342E+04
0000709   1.0071E+05  1.9276E+04  1.1643E+04
0000710   7.4460E+04 -4.4311E+04 -3.1636E+04
0000711   1.4671E+05  4.2327E+04 -4.4274E+04
0000712   2.0596E+05 -4.8152E+04  4.9405E+04
0000713   7.0096E+04 -6.9106E+03 -2.5550E+04
0000714   1.1408E+05 -8.1706E+03  2.6740E+04
0000715   7.5564E+04  1.9950E+04 -3.0263E+04
0000716   1.4158E+05 -5.1715E+04  5.2955E+04
0000717   1.1583E+05  3.1764E+04  5.4775E+04
0000718   1.1055E+05 -6.1785E+04 -9.5975E+03
0000719   4.1063E+04 -6.9937E+04 -1.3751E+04
0000720   5.4637E+04 -1.6068E+04 -3.8160E+04
0000721   8.0241E+04  3.8793E+04 -6.5149E+03
0000722   2.2836E+04  5.7658E+03 -1.1627E+04
0000723   1.4304E+05 -7.1249E+04  3.2273E+04
0000724   1.2249E+05 -1.3945E+04  2.3320E+04
0000725   1.4708E+05  5.9709E+04 -1.2212E+05
0000726   1.7316E+05 -7.5981E+03 -9.7376E+03
0000727   5.0556E+04  2.1355E+04  8.6853E+03
0000728   7.9976E+04  8.4404E+03 -4.9899E+04
0000729   1.7289E+05 -6.3383E+04  8.3134E+04
0000730   6.3509E+04 -2.4801E+03  2.9309E+04
0000731   6.3406E+04  9.4646E+04  3.7757E+04
0000732   6.5550E+04  2.9274E+04  7.1935E+03
0000733   6.6732E+04  2.9341E+04  3.2217E+04
0000734   1.0618E+05 -3.0319E+04  7.2186E+03
0000735   1.4393E+05 -2.7470E+04 -3.6482E+03
0000736   1.1577E+05  9.0179E+03  6.1060E+04
0000737   1.1848E+05  5.5616E+04  1.2503E+04
0000738   2.9272E+03 -3.5773E+03  1.7785E+04
0000739   6.0268E+04  8.1827E+03 -1.1017E+05
0000740   1.5994E+05  2.2627E+04  5.2082E+04
0000741   7.5694E+04  5.7727E+04  3.8408E+04
0000742   9.0983E+04 -1.8807E+04 -1.2218E+04
0000743   2.1431E+05 -1.9687E+03 -7.1293E+04
0000744   1.9293E+04 -1.0256E+05 -4.5265E+04
0000745   1.3096E+05 -1.3929E+04 -3.1979E+04
0000746   5.8356E+04 -3.7309E+03  3.9284E+03
0000747   1.9780E+04 -4.3751E+04  1.0196E+05
0000748   9.5715E+04 -8.1481E+03 -1.9497E+04
0000749   1.1625E+05  5.6471E+03  2.3455E+04
0000750   5.6366E+04 -4.6808E+04  4.7017E+04
0000751   1.5078E+05 -7.0238E+04 -1.6691E+04
0000752   6.6145E+04 -6.3183E+04 -4.6024E+04
0000753   2.2959E+05 -5.7903E+04 -1.4048E+04
0000754   2.6744E+04  1.2516E+04  1.8144E+03
0000755   1.5714E+05 -6.4029E+04  5.5586E+03
0000756   1.0502E+05  6.0504E+04 -2.7861E+04
0000757   6.8408E+04 -8.8174E+03  2.7033E+04
0000758   1.4762E+05 -5.4448E+04  4.8857E+04
0000759   6.6947E+04  1.5488E+04  3.2532E+04
0000760   7.2884E+04 -6.7152E+04  3.1999E+04
0000761   6.2799E+04 -8.8164E+03 -4.6566E+04
0000762   9.5432E+04 -5.5682E+04  3.8384E+04
0000763   4.8861E+04  5.7298E+03  1.0563E+05
0000764   2.2485E+05 -2.7619E+04 -5.2764E+03
0000765   1.1524E+05 -7.7720E+03 -3.7109E+04
0000766   8.9577E+04  7.3852E+04  6.1418E+04
0000767   1.1093E+05 -5.7685E+04  9.3545E+03
0000768   4.8058E+04 -3.6477E+04 -6.9517E+03
0000769   1.9354E+05  1.6299E+02 -1.1280E+05
0000770   1.1457E+05 -1.8265E+04  4.5858E+04
0000771   4.6071E+04  1.5244E+04  8.0674E+03
0000772   9.5773E+04  7.1646E+04 -3.2297E+04
0000773   9.0790E+04 -6.8405E+03  2.1568E+04
0000774   7.4152E+04 -1.4598E+04 -4.4942E+04
0000775   6.7172E+04 -2.8716E+04 -2.7126E+04
0000776   5.6490E+04  9.1936E+03  2.2773E+04
0000777   9.2787E+04 -1.0090E+04  5.8119E+04
0000778   1.1411E+05  5.9083E+04  2.3923E+04
0000779   1.0757E+05  5.8640E+04  3.9665E+04
0000780   1.0291E+05 -1.0350E+04 -4.8233E+04
0000781   1.7856E+05 -5.1336E+04  2.8106E+04
0000782   8.6154E+04 -4.9810E+03 -8.8398E+03
0000783   4.3800E+04 -5.9308E+03  3.9246E+04
0000784   7.7119E+04 -4.7214E+04  3.7856E+04
0000785   8.7608E+04 -2.5024E+04 -1.4421E+04
0000786   5.4407E+04  2.2424E+04 -3.6429E+04
0000787   6.3729E+04 -2.9994E+04 -4.9898E+04
0000788   1.6368E+05  1.7032E+04 -1.7425E+03
0000789   9.0363E+04 -5.4047E+03  4.7456E+03
0000790   4.1348E+04  4.2973E+03 -3.4362E+04
0000791   1.6822E+05  3.6633E+04  3.4854E+04
0000792   2.0598E+05  8.0025E+04 -7.8463E+04
0000793   6.3392E+04  1.5498E+04  1.5978E+03
0000794   1.6281E+05  8.5483E+03 -1.4928E+05
0000795   7.2141E+04  1.0311E+04 -3.8625E+03
0000796   1.7742E+05  1.6565E+04  1.3239E+04
0000797   8.1081E+04  2.2523E+04  2.6762E+04
0000798   1.1462E+05  1.1652E+04  2.5069E+04
0000799   4.5982E+04 -3.5068E+03 -1.1780E+04
0000800   1.2080E+05 -6.3217E+04  4.7986E+04
0000801   1.1302E+05 -3.2534E+04 -1.1681E+04
0000802   1.0529E+05  5.6146E+04  1.6739E+04
0000803   1.0970E+05  3.1119E+04  3.4852E+04
0000804   1.0089E+05 -5.1313E+04 -3.3406E+04
0000805   1.7446E+04  5.5512E+03 -1.4509E+04
0000806   1.7106E+05 -2.4739E+03 -4.5969E+04
0000807   8.9580E+04 -1.6709E+04 -2.6235E+04
0000808   8.5322E+04  1.5445E+04 -3.1844E+04
0000809   5.7140E+04  1.2171E+03  6.7803E+03
0000810   1.8705E+05 -3.6541E+04 -1.1038E+05
0000811   5.9858E+04  1.0425E+03  1.6590E+04
0000812   1.6006E+05  6.9054E+04  1.9548E+04
0000813   5.2490E+04  2.2694E+04  3.0844E+04
0000814   4.7833E+04 -3.2491E+04  2.6553E+04
0000815   9.3523E+04 -2.4617E+04 -2.0351E+04
0000816   7.5916E+04 -3.9708E+04 -1.6698E+04
0000817   1.6647E+05 -1.5682E+04  2.2687E+04
0000818   6.1806E+04  2.7527E+04  5.9530E+04
0000819   1.4472E+05 -2.1066E+04  2.6550E+03
0000820   7.6823E+04 -3.8216E+04 -2.9851E+04
0000821   5.5508E+04  1.9097E+04  4.9433E+04
0000822   1.6015E+04 -3.1637E+04 -2.6381E+03
0000823   1.0102E+05 -6.1221E+03  6.7608E+04
0000824   1.6278E+05 -1.1007E+04  2.7256E+04
0000825   1.1732E+05  1.4070E+05  2.6608E+04
0000826   1.1516E+05 -4.3867E+04  9.9774E+04
0000827   1.8660E+05  3.1564E+04 -1.3712E+04
0000828   1.5271E+05 -5.3909E+04 -5.9627E+04
0000829   1.1697E+05  5.2766E+04  4.4786E+04
0000830   1.3638E+05  1.6257E+04  2.7883E+04
0000831   1.0176E+05  3.7698E+04  7.8330E+04
0000832   1.4291E+05  3.5986E+04 -1.4675E+05
0000833   8.4340E+04 -9.9272E+02 -6.5755E+02
0000834   1.4668E+05  4.4924E+04  8.5420E+04
0000835   6.0322E+04  1.2653E+04 -2.1747E+04
0000836   7.4688E+04  2.6962E+04 -2.2276E+04
0000837   1.8319E+05 -7.5009E+03  3.6871E+04
0000838   1.8727E+05 -1.0397E+04 -6.8824E+03
0000839   5.9610E+04  2.5975E+04  3.6671E+04
0000840   6.7151E+04 -4.1558E+04 -6.7742E+03
0000841   1.3697E+05 -6.6170E+03  2.1269E+03
0000842   1.7783E+04  3.4565E+04 -1.2014E+05
0000843   9.1684E+04 -5.3387E+04  1.7438E+04
0000844   5.8243E+04 -1.3664E+02 -1.4144E+04
0000845   6.9876E+04 -5.7411E+04 -6.2279E+04
0000846   1.3388E+05 -2.7051E+04  1.8182E+04
0000847   2.0828E+05 -2.0386E+04  5.9726E+04
0000848   4.7325E+04 -2.0642E+03  3.5498E+04
0000849   6.7384E+04  6.2889E+04  5.3733E+04
0000850   9.0636E+04 -6.0798E+04  1.0206E+04
0000851   9.1835E+04  7.3832E+04  3.1091E+03
0000852   2.1432E+05 -5.0255E+04 -6.6431E+04
0000853   1.4946E+05  2.4916E+04 -3.1916E+04
0000854   1.0238E+05  8.7528E+03  1.5001E+03
0000855   1.6071E+05 -4.7405E+04  2.8504E+04
0000856   7.8087E+04  9.1388E+04 -2.4744E+04
0000857   1.4550E+04 -3.4443E+04  1.2485E+04
0000858   7.7732E+04 -5.6002E+04 -4.7566E+04
0000859   2.2866E+05 -1.5644E+04  1.2735E+05
0000860   1.2238E+05 -3.4613E+04 -3.3210E+04
0000861   9.0643E+04 -1.9577E+04  2.1423E+04
0000862   1.0405E+05  2.7158E+04 -5.2867E+04
0000863   1.4662E+05 -6.0473E+04  8.7471E+04
0000864   9.7479E+04 -5.3469E+04 -7.1618E+04
0000865   1.7682E+05 -2.6450E+04 -5.1519E+04
0000866   2.4813E+04 -2.4477E+03  1.0545E+03
0000867   2.2913E+05  8.4571E+04  3.5727E+04
0000868   7.6502E+04 -1.7214E+04 -7.1304E+04
0000869   9.1399E+04  1.7349E+04 -2.4886E+04
0000870   1.0517E+05  1.5845E+04 -3.1140E+04
0000871   1.4706E+05 -9.8176E+04 -2.3397E+04
0000872   9.0526E+04 -4.7295E+03 -6.2932E+04
0000873   1.9446E+05 -4.3456E+04  2.3669E+04
0000874   1.6225E+05  6.4466E+03  3.3922E+04
0000875   2.1605E+05 -3.0531E+04  5.0034E+04
0000876   1.6152E+05 -3.7083E+04  6.4943E+04
0000877   1.6026E+05  5.9391E+04  6.6105E+04
0000878   7.1082E+04  2.5109E+04  4.8427E+04
0000879   2.6572E+04 -2.3970E+04 -1.6723E+04
0000880   9.8761E+04 -7.4019E+04 -3.8663E+04
0000881   1.2156E+05 -4.4372E+04  8.8596E+04
0000882   1.5465E+05  5.0311E+04 -4.8426E+04
0000883   6.9925E+04 -4.0623E+04 -1.9601E+04
0000884   3.6892E+04  3.3911E+03  1.6766E+03
0000885   2.6748E+03  1.8038E+04 -1.4483E+04
0000886   1.8049E+05 -2.3855E+04 -1.2821E+03
0000887   1.9055E+05 -1.6160E+04  5.1171E+02
0000888   1.9495E+05 -1.9297E+04 -4.5558E+04
0000889   8.2446E+04 -3.2330E+04 -4.3083E+04
0000890   1.5997E+05 -7.5328E+04  4.4148E+04
0000891   6.5974E+04 -3.0543E+04  2.8018E+04
0000892   7.6593E+04 -2.9423E+04  6.6087E+04
0000893   8.8089E+04 -5.2304E+04  1.8253E+04
0000894   3.4213E+03 -1.0943E+04 -1.0586E+04
0000895   1.7157E+05  7.3477E+04  1.4147E+04
0000896   7.6213E+04 -1.1860E+04  2.2498E+04
0000897   5.4845E+04  1.8356E+04  1.0362E+05
0000898   8.0453E+04  7.1765E+04  1.4582E+04
0000899   1.8336E+05  1.3758E+04 -2.2334E+04
0000900   6.2847E+03 -2.2236E+03  2.8449E+02
0000901   1.4764E+05  1.5751E+03 -3.1526E+04
0000902   4.0296E+04  7.3108E+04  1.2667E+04
0000903   1.6953E+05  1.5871E+04  6.8799E+04
0000904   3.4597E+04 -3.0974E+04 -8.1441E+03
0000905   6.5056E+04 -6.8343E+04  1.6201E+04
0000906   6.9433E+04 -2.0707E+04  2.2238E+03
0000907   4.1992E+04  3.3247E+03 -2.3243E+03
0000908   2.1412E+05  5.3699E+03 -4.6872E+04
0000909   6.2947E+04  3.3942E+04 -1.3489E+04
0000910   1.4762E+05 -4.2439E+04 -7.7250E+04
0000911   1.3272E+05  1.8497E+03  9.7333E+03
0000912   1.1037E+05 -1.1410E+04  1.3882E+04
0000913   1.2135E+05  4.8477E+04  3.7629E+04
0000914   9.0041E+04  1.4007E+04  2.3907E+04
0000915   1.0757E+05 -3.2599E+04 -2.1043E+03
0000916   1.8535E+05 -2.0607E+04 -5.2779E+04
0000917   4.8444E+04  4.7473E+04 -1.3552E+04
0000918   2.4128E+04 -1.4727E+04 -1.1310E+04
0000919   2.5231E+04 -1.4271E+03  4.3620E+04
0000920   9.7414E+04  2.5264E+03  1.5899E+03
0000921   1.1635E+05 -1.4349E+04 -1.5794E+04
0000922   4.5935E+04  8.7236E+03  9.0722E+03
0000923   1.3406E+05 -2.4508E+04 -5.3481E+04
0000924   8.0530E+04  2.1237E+03 -3.8935E+04
0000925   7.4595E+04  4.1865E+04  3.8452E+04
0000926   5.2247E+04  1.8582E+04 -1.7499E+04
0000927   1.3092E+05  1.3207E+04  1.6949E+04
0000928   1.1343E+05 -5.1783E+04  3.7666E+04
0000929   4.9847E+04 -5.2787E+04  2.9767E+04
0000930   1.2607E+05  2.2281E+04 -3.1555E+03
0000931   6.9261E+04  8.4839E+04  4.0216E+04
0000932   1.5414E+05  2.3924E+04  1.9864E+04
0000933   1.4790E+05  5.7865E+04  5.2358E+04
0000934   1.4117E+05  2.9940E+04  8.1252E+04
0000935   1.5021E+05 -1.0521E+04  4.5446E+04
0000936   7.5204E+04 -6.6338E+03  8.6524E+03
0000937   1.0231E+05 -1.9514E+04  2.9328E+04
0000938   1.1803E+04  1.4421E+04  1.6456E+04
0000939   8.8875E+04  1.0037E+04  3.9355E+04
0000940   2.0713E+05 -9.0712E+04 -7.9713E+04
0000941   5.0926E+04 -1.2333E+04 -6.7382E+04
0000942   2.8048E+04 -1.6431E+04 -4.5809E+03
0000943   1.9773E+05  4.6500E+04  1.0661E+05
0000944   8.7436E+04  4.1981E+04 -9.7805E+03
0000945   1.0131E+05  5.1115E+04  4.9926E+04
0000946   2.7959E+04  4.7605E+04 -3.2769E+04
0000947   7.0499E+04 -4.4558E+04 -4.1070E+04
0000948   1.8617E+05 -7.4774E+04 -2.2670E+04
0000949   1.0508E+05  9.8833E+03 -8.1334E+04
0000950   4.4005E+04 -3.7456E+04 -6.5823E+03
0000951   7.8486E+04  1.1288E+05 -6.2942E+04
0000952   8.1392E+04 -1.0074E+04 -1.1717E+04
0000953   1.3629E+05  7.9558E+03  5.3861E+03
0000954   9.3121E+04 -1.3378E+04 -3.3267E+04
0000955   1.5926E+05 -5.6939E+04 -4.8022E+04
0000956   6.6875E+04  2.7490E+04 -3.9954E+04
0000957   1.2699E+05 -7.1506E+03  3.1335E+04
0000958   1.3346E+05 -8.8097E+03 -2.5200E+04
0000959   1.5118E+05 -5.2955E+04  2.1570E+03
0000960   6.0834E+04 -6.4102E+04 -5.1138E+04
0000961   1.3695E+05  1.3074E+05  5.8774E+04
0000962   9.6795E+04  2.4769E+04 -6.3968E+03
0000963   1.1321E+05  3.0288E+04 -4.2907E+04
0000964   6.0927E+04  1.5052E+04  1.4351E+04
0000965   4.5483E+04  3.5559E+03 -5.2300E+04
0000966   1.4768E+05 -1.4108E+04 -1.0892E+04
0000967   1.0229E+05 -1.2447E+04  1.8614E+04
0000968   5.3495E+04 -2.1656E+03 -8.1904E+03
0000969   8.3643E+04 -3.4314E+04 -3.5168E+03
0000970   1.1807E+05 -7.2934E+04  2.1352E+04
0000971   1.2190E+05  4.2712E+04 -4.5598E+04
0000972   4.2885E+04  2.2606E+04 -1.6394E+04
0000973   2.3604E+04 -1.6874E+04  1.0158E+04
0000974   7.6292E+04 -5.6172E+03  4.5243E+04
0000975   7.5399E+04 -6.3783E+04  1.8873E+04
0000976   4.3771E+04  9.6199E+03 -1.4066E+03
0000977   8.8365E+04  2.6239E+04  2.5085E+04
0000978   8.2922E+04  1.9760E+04 -4.2986E+04
0000979   7.4040E+04  4.9871E+04  1.7376E+04
0000980   3.1118E+04  2.9276E+04 -3.8567E+04
0000981   1.3525E+05  4.5290E+04 -9.0763E+04
0000982   6.0278E+04 -7.9844E+04  2.1551E+04
0000983   6.1244E+04 -4.3406E+04 -9.5280E+04
0000984   4.7502E+04 -6.2202E+04 -5.0063E+03
0000985   8.6532E+04  4.4309E+04  4.9679E+03
0000986   1.2451E+05  1.1785E+04  2.9725E+04
0000987   1.7175E+05  3.2165E+04  7.8121E+04
0000988   1.4645E+05  4.8340E+01 -2.7403E+04
0000989   4.3103E+04 -4.8553E+04  9.1636E+03
0000990   3.0194E+04  2.0517E+04  9.7938E+03
0000991   1.0497E+05 -4.6095E+04 -6.4362E+04
0000992   8.8124E+04 -6.1884E+04  1.9221E+04
0000993   1.1252E+05 -1.1517E+05 -4.9354E+04
0000994   1.1523E+05  2.7712E+04  2.2270E+03
0000995   9.4085E+04  2.9980E+04  1.0449E+04
0000996   1.5134E+05  2.1023E+04  4.4792E+04
0000997   1.3942E+05 -1.5257E+03  6.0096E+04
0000998   1.7992E+05 -6.5357E+04 -7.3429E+03
0000999   5.2976E+03  2.3623E+04 -3.8018E+04
0001000   8.7834E+04  1.0304E+04 -4.1502E+04
