============================== SRIM-2013.00 ==============================
==============================================================================
====== SRIM Outputs\RANGE_3D.txt : File of Final Ion Positions =====

Ion = Ar (18)   Ion Mass= 039.9620
Energy  = 2120950.E-05 keV
Ion Angle to Surface = 00.0 degrees
==================== TARGET =======================
  Layer # 1 - Layer 1
  Layer # 1 - Bottom Depth=500000.E+02 A
  Layer # 1 - Density =0000.0071 g/cm3
  Layer # 1 -  100 % of Ar
様様様様様様様様様様様様様様様様様様様様様様様様様様
                                            
Ion       Depth  X   Lateral Y   Lateral Z  
Number    (Angstrom) (Angstrom)  (Angstrom) 
-------  ----------- ----------- -----------
0000001   6.7180E+04 -1.4670E+05 -8.9901E+03
0000002   1.3737E+05  3.0432E+04 -5.7201E+04
0000003   1.7096E+05  5.3018E+03 -9.1939E+04
0000004   9.7417E+04  4.1322E+03 -6.6341E+04
0000005   2.9645E+04  1.6329E+03  3.0783E+04
0000006   6.7359E+04 -6.8709E+03 -3.6297E+04
0000007   1.5443E+05 -4.4815E+04 -2.8962E+04
0000008   9.8649E+04 -2.7964E+03  1.0925E+04
0000009   7.3683E+04 -2.3930E+03 -2.3292E+03
0000010   1.4030E+05  3.8303E+04  3.5528E+04
0000011   1.2078E+05 -6.7914E+04 -5.3934E+04
0000012   1.2006E+05 -2.8769E+03  7.5497E+04
0000013   1.7159E+05 -6.3687E+04  1.2692E+03
0000014   1.6169E+05  3.7640E+04 -2.3138E+04
0000015   1.4083E+05  4.5996E+04 -2.6328E+04
0000016   7.6332E+04 -3.2655E+04 -3.0362E+04
0000017   1.0087E+05  1.6696E+03 -9.9872E+03
0000018   3.7829E+04 -3.3101E+04  3.5011E+04
0000019   1.1110E+05  1.4224E+04  1.8208E+03
0000020   1.5739E+05  6.1194E+04  2.6895E+04
0000021   1.1143E+05 -3.6234E+04  7.9661E+04
0000022   2.2830E+05  7.6866E+04  3.4812E+04
0000023   9.7235E+04 -4.1476E+04  8.0753E+03
0000024   2.0506E+05  1.2196E+04 -5.9534E+03
0000025   1.2369E+05 -5.0101E+03 -6.0951E+04
0000026   1.3552E+05 -2.7715E+04  1.2323E+03
0000027   9.4445E+04 -1.2334E+04  1.6464E+04
0000028   4.6529E+04 -4.8669E+04 -2.7398E+04
0000029   1.4909E+05  7.5142E+04 -7.1788E+04
0000030   9.2439E+04 -3.1189E+03  3.9207E+04
0000031   2.2045E+05 -2.0400E+04 -1.3991E+03
0000032   8.4585E+04  2.2544E+04 -2.5372E+04
0000033   4.7788E+04  4.9140E+04  1.0097E+04
0000034   7.9528E+04 -1.6093E+04  5.3418E+04
0000035   2.5581E+05  7.9652E+04  6.6905E+04
0000036   1.0621E+05  4.8229E+04 -1.8916E+04
0000037   8.2602E+04 -5.3409E+04 -4.2051E+04
0000038   2.5785E+04 -6.7563E+03  3.0389E+04
0000039   1.7151E+05  1.1522E+04  3.4847E+04
0000040   5.8562E+04  4.5982E+03 -2.3422E+04
0000041   1.8115E+05 -2.4837E+04 -5.9395E+02
0000042   1.0707E+05 -4.5190E+04  5.5231E+03
0000043   6.7981E+04 -4.1720E+04  2.1314E+03
0000044   1.4423E+05 -1.9592E+04  5.1303E+04
0000045   5.8229E+04  2.1957E+03  1.5261E+03
0000046   8.3214E+04  4.9418E+04 -5.3056E+02
0000047   1.9782E+04 -1.3359E+04 -7.7859E+04
0000048   4.5068E+04  2.5481E+04  2.8477E+04
0000049   1.4966E+05 -3.7670E+04  3.9795E+04
0000050   1.6423E+05  4.2343E+04 -7.5428E+04
0000051   1.9866E+04  1.0954E+02  4.1163E+03
0000052   8.5877E+04  6.5401E+03  4.0296E+04
0000053   7.6837E+04  1.3203E+04  9.9709E+04
0000054   1.0463E+05 -1.7289E+04  3.2396E+04
0000055   2.2439E+05 -4.0558E+04  1.9915E+04
0000056   1.2166E+05 -8.8821E+04  1.8600E+04
0000057   1.2991E+05  2.2444E+04 -1.0717E+03
0000058   3.9462E+04  2.7845E+03 -7.7863E+04
0000059   1.1255E+05  4.2917E+04 -5.2717E+04
0000060   1.5641E+05 -1.9076E+04 -2.2314E+04
0000061   1.7407E+05  1.3456E+04  6.9404E+04
0000062   5.5476E+04 -2.7435E+04  4.3752E+04
0000063   6.5309E+04  7.0170E+04 -9.2355E+03
0000064   4.7883E+04  2.8932E+03 -6.6544E+04
0000065   1.4674E+05 -3.0066E+04  7.4040E+03
0000066   1.9144E+05  3.2540E+04 -2.2772E+04
0000067   6.2635E+04 -6.2521E+03 -3.7508E+04
0000068   1.3742E+05  8.1621E+04 -1.5829E+05
0000069   9.7731E+04  4.2979E+04 -8.2578E+03
0000070   1.3789E+05  3.5528E+04  1.2717E+05
0000071   1.0166E+05  4.7998E+04  9.6486E+03
0000072   1.0277E+05  4.0107E+04  9.9870E+04
0000073   1.4393E+05  2.9904E+04  4.5123E+04
0000074   1.0240E+05 -1.2347E+04  3.8648E+04
0000075   4.8595E+04  5.4948E+04  9.4358E+02
0000076   8.1401E+04  1.2474E+05 -5.1708E+04
0000077   8.4454E+04 -6.1587E+03 -8.4917E+03
0000078   9.5372E+04 -7.2027E+04 -2.7497E+04
0000079   7.4278E+04  3.5429E+04  6.1834E+04
0000080   6.4330E+04 -7.5054E+04  2.6519E+04
0000081   1.2432E+05  1.8278E+03  2.1932E+04
0000082   1.6442E+05 -1.0647E+05 -3.3046E+04
0000083   1.4810E+05 -4.1648E+04 -3.7839E+04
0000084   2.1831E+05 -5.9043E+03  9.2514E+04
0000085   1.0183E+05  7.3918E+03  6.1854E+04
0000086   1.9003E+05 -3.7346E+04  3.2404E+04
0000087   5.7809E+04 -1.1143E+05  5.4588E+04
0000088   1.5023E+05 -1.8206E+02 -2.3224E+04
0000089   1.7343E+05  2.6447E+04 -1.3752E+04
0000090   1.0104E+05  1.3183E+04 -5.2875E+04
0000091   1.8523E+05  2.5771E+04 -9.6786E+04
0000092   1.1216E+05  2.4049E+03  2.9693E+04
0000093   1.1698E+05  8.2600E+04 -4.1820E+04
0000094   2.3428E+05 -5.6356E+03 -7.3777E+04
0000095   1.7351E+05  3.2252E+03 -9.6098E+04
0000096   1.8647E+04  5.4591E+04 -1.4409E+04
0000097   1.2526E+05  1.0288E+04  2.9293E+04
0000098   6.1839E+04  3.8601E+04 -7.7684E+03
0000099   2.5414E+05  7.3480E+04 -6.0077E+04
0000100   2.1280E+05  1.3353E+05 -3.3195E+04
0000101   1.1871E+05 -1.7927E+04  1.5501E+04
0000102   6.5991E+04 -3.7441E+04 -6.8222E+03
0000103   5.1306E+04 -1.5082E+04  2.9421E+04
0000104   1.4727E+05 -8.0979E+03 -1.9135E+04
0000105   1.5782E+05  2.5706E+04  7.6890E+03
0000106   1.1177E+04 -5.4929E+04  2.5335E+04
0000107   8.6991E+04  3.2434E+04  2.1686E+04
0000108   2.2236E+05 -3.7908E+04  1.8627E+04
0000109   9.4352E+04  1.6783E+04  2.6374E+04
0000110   1.0383E+05  5.0398E+04  4.7024E+04
0000111   1.3646E+04 -6.3566E+03 -1.8406E+04
0000112   1.2304E+05 -1.0920E+05  6.2365E+04
0000113   1.0267E+05  6.6102E+04 -3.1358E+04
0000114   9.0177E+04 -4.6718E+04 -4.7786E+04
0000115   1.4657E+05  1.3178E+04  8.6860E+03
0000116   1.2876E+05  1.7029E+03 -2.6465E+04
0000117   1.4575E+05  3.9489E+04 -3.6317E+04
0000118   1.8379E+05 -1.9822E+04 -6.1580E+02
0000119   8.4211E+04  2.1504E+03  9.1594E+04
0000120   6.9257E+04  2.7464E+04  6.1653E+04
0000121   1.0516E+05  3.8760E+04  8.4957E+04
0000122   7.5727E+04  1.0965E+05  3.1656E+03
0000123   1.4022E+05  1.5994E+04 -2.4786E+04
0000124   8.7436E+04  3.4088E+04  4.0310E+04
0000125   1.5674E+05  2.3080E+03  3.2835E+04
0000126   4.4267E+04  3.7056E+04 -2.4255E+03
0000127   1.7366E+05  1.8187E+04 -8.0482E+02
0000128   1.3379E+05 -2.0866E+04  4.0660E+04
0000129   2.1303E+05 -5.6236E+04  7.2024E+04
0000130   1.6009E+05 -8.9343E+02  1.0801E+04
0000131   1.4538E+05  6.9343E+04 -3.2298E+04
0000132   1.3268E+05  4.2082E+04  7.6951E+04
0000133   6.6500E+04 -3.3782E+03 -2.8888E+04
0000134   1.3797E+05 -1.4397E+05 -5.7148E+04
0000135   1.2353E+05 -3.4192E+04 -1.1687E+04
0000136   2.2159E+05 -2.8082E+04  1.1964E+04
0000137   8.4628E+04  4.0960E+04 -1.2642E+05
0000138   6.0437E+04 -2.7495E+04 -4.3251E+04
0000139   7.9390E+04  5.4833E+04  8.3379E+04
0000140   1.9013E+05  7.3526E+04 -1.0002E+05
0000141   1.5569E+05  6.3306E+04 -1.0333E+04
0000142   1.2699E+05 -1.6237E+04 -9.1095E+04
0000143   4.2662E+04 -4.3423E+04 -2.3787E+04
0000144   2.1129E+05 -4.9964E+04 -2.4953E+03
0000145   8.6320E+04  4.9716E+04  5.9397E+03
0000146   1.8883E+05  8.8210E+04 -3.0830E+04
0000147   7.1261E+04  4.3299E+04 -8.9975E+03
0000148   1.7885E+05 -3.6655E+03  5.5176E+04
0000149   1.1441E+05  5.9400E+04 -3.9213E+04
0000150   1.0373E+05 -7.2379E+04 -6.6857E+04
0000151   1.1137E+05 -2.4910E+04 -1.8733E+04
0000152   1.0577E+05  7.8782E+04 -5.4877E+04
0000153   1.1290E+05  3.7399E+04 -2.8107E+04
0000154   7.0953E+04  1.4536E+04 -6.8258E+03
0000155   1.7253E+05  6.7103E+04  8.3701E+04
0000156   2.4591E+04 -3.6555E+03  2.4825E+04
0000157   6.3950E+04  5.3682E+04  8.8594E+04
0000158   6.5668E+04  1.9831E+04  5.5459E+04
0000159   1.1260E+05  9.0382E+04  8.8670E+04
0000160   2.6588E+04 -4.4739E+03  6.7860E+02
0000161   1.5737E+05  1.2338E+05 -5.7942E+04
0000162   5.3384E+04  1.8191E+04  5.5815E+04
0000163   3.1650E+04 -2.8771E+04  1.7359E+04
0000164   3.4162E+04  3.1625E+04 -1.5742E+04
0000165   4.7477E+03  2.2877E+04 -2.9112E+04
0000166   6.7811E+04  2.1124E+03  2.9020E+04
0000167   2.0015E+05  1.3742E+04 -6.3156E+04
0000168   8.6059E+04  3.0802E+04 -5.5890E+04
0000169   9.1744E+04 -2.9897E+04 -4.7964E+04
0000170   8.2078E+04  2.4245E+04 -1.6750E+04
0000171   8.4333E+04 -9.7932E+03  2.3018E+04
0000172   9.7677E+04  2.0503E+04  1.6708E+04
0000173   1.2171E+05 -5.5514E+04  4.4205E+04
0000174   5.6274E+04  6.8037E+04  6.6794E+04
0000175   2.3203E+05 -1.5629E+04  1.8222E+04
0000176   1.5244E+05 -1.6718E+04 -1.1917E+05
0000177   1.2207E+05  1.1471E+04  1.7917E+04
0000178   2.3509E+05  9.7466E+02 -1.9585E+04
0000179   9.7680E+04 -5.9148E+04 -4.4321E+04
0000180   1.5795E+05 -2.1256E+04 -3.9727E+04
0000181   2.0238E+05 -6.6228E+04  4.1315E+04
0000182   1.3529E+05 -5.6888E+03 -3.3282E+04
0000183   9.2825E+04  2.9996E+04 -5.3290E+04
0000184   4.1218E+04 -2.9430E+04  4.7934E+04
0000185   9.2773E+04  3.5965E+04  1.6305E+04
0000186   1.6021E+05 -1.1219E+04  6.3871E+03
0000187   4.4533E+04  3.6230E+04 -1.6739E+04
0000188   1.8419E+05  3.4485E+04  1.8555E+04
0000189   1.6253E+05  3.5202E+04 -2.4349E+04
0000190   1.0407E+05  6.7407E+03  4.9877E+04
0000191   1.3753E+05  3.6744E+04 -4.0990E+04
0000192   1.5523E+05  2.8068E+04  1.9156E+04
0000193   7.9375E+04  5.9697E+04 -6.4698E+04
0000194   7.1011E+04  1.0941E+04 -3.3009E+04
0000195   3.9765E+04  2.8271E+03 -1.5064E+04
0000196   1.0534E+05  5.5004E+04 -7.1284E+04
0000197   1.3787E+05 -1.6377E+04 -4.6705E+04
0000198   7.0423E+04 -4.1402E+04  2.4273E+04
0000199   2.3284E+05  5.0471E+04 -9.1905E+03
0000200   1.0272E+05 -1.7636E+04  1.0051E+04
0000201   9.5852E+04 -2.5480E+04  9.2153E+03
0000202   8.4414E+04 -5.7508E+03  4.7767E+03
0000203   1.4629E+05  7.0320E+04 -5.0615E+04
0000204   3.7592E+04 -2.7564E+04 -9.5948E+03
0000205   9.4273E+03  1.4185E+04  1.8019E+04
0000206   8.4941E+04 -3.1635E+04  3.3448E+04
0000207   1.2126E+05 -2.7027E+04  6.9190E+04
0000208   1.7918E+05  2.7508E+04  1.5889E+04
0000209   6.7553E+04  6.7979E+04 -6.3128E+04
0000210   9.9066E+04 -3.1675E+04  7.0184E+03
0000211   2.0463E+05 -4.6192E+04  1.0368E+05
0000212   8.1904E+04  1.8969E+04  2.4241E+04
0000213   1.6482E+05 -2.6587E+03  4.0791E+03
0000214   2.1964E+05  8.0351E+04  4.7146E+04
0000215   1.6397E+05  8.6951E+04  2.8136E+04
0000216   1.1148E+05 -3.4249E+04 -2.5818E+04
0000217   1.2592E+05 -3.1560E+04 -4.2224E+04
0000218   1.0088E+05  1.8032E+04  1.3310E+05
0000219   1.5193E+05  4.0327E+04  2.4676E+04
0000220   1.7212E+05 -1.5040E+04 -2.3607E+04
0000221   2.0483E+05 -6.8055E+04  1.6301E+04
0000222   1.9004E+05  3.7535E+02  7.5341E+03
0000223   1.8911E+05  2.7632E+04  1.1125E+04
0000224   1.1766E+05  3.5427E+04  1.1332E+04
0000225   1.1805E+05 -6.6445E+04  6.8942E+04
0000226   4.0548E+04  6.4311E+03  5.2054E+04
0000227   4.8182E+04  1.2577E+05  6.0200E+03
0000228   1.0751E+05  4.1028E+04  1.3329E+04
0000229   1.4172E+05 -4.6771E+04 -8.3637E+04
0000230   1.0048E+05  1.4123E+05 -1.4641E+04
0000231   2.8467E+04 -5.6680E+03  3.8147E+02
0000232   6.2017E+04  5.5914E+04 -1.0236E+05
0000233   9.7147E+04  1.0166E+03  5.2080E+04
0000234   8.4091E+04  2.8873E+04  6.1464E+04
0000235   3.2234E+04 -1.3084E+05 -1.5049E+04
0000236   1.3566E+05  6.7639E+04  2.0385E+04
0000237   4.9952E+04  7.3395E+04  6.2057E+04
0000238   8.3949E+04 -3.3834E+03 -4.6433E+04
0000239   6.2468E+04 -1.8570E+04 -2.0405E+04
0000240   1.0451E+05  6.3625E+04 -4.0953E+03
0000241   1.2747E+05 -1.8517E+04 -3.9283E+04
0000242   1.6149E+05  7.2938E+04  1.2548E+05
0000243   1.3173E+05  5.3253E+04 -3.7128E+04
0000244   1.5643E+05 -1.2500E+04  1.8074E+03
0000245   1.2079E+05 -5.0135E+04 -3.7161E+04
0000246   4.0454E+04  2.0489E+04 -7.8008E+03
0000247   5.7974E+04  1.7993E+04 -1.0482E+03
0000248   1.5688E+05  3.8431E+04 -7.8127E+04
0000249   1.1847E+05 -9.0250E+03 -8.0187E+04
0000250   5.3165E+04 -6.7365E+03 -5.4707E+04
0000251   1.4578E+05  1.0815E+04 -7.7560E+04
0000252   9.8837E+04 -3.5315E+04 -4.6496E+04
0000253   8.2772E+04  1.8579E+04  5.3288E+04
0000254   8.2828E+04 -1.0989E+05  1.0503E+04
0000255   1.2104E+05  2.5856E+04  8.6389E+04
0000256   1.3371E+05  3.0795E+02  1.9466E+04
0000257   8.7179E+04  2.7891E+04 -1.8223E+04
0000258   2.4497E+05 -1.3735E+05  5.0371E+04
0000259   1.5952E+05  5.0258E+04  2.9859E+04
0000260   5.1354E+04  3.4869E+04  1.3879E+03
0000261   9.1985E+03 -3.4177E+03  2.6247E+03
0000262   4.4619E+04 -2.1642E+04 -9.9638E+03
0000263   1.1409E+05 -7.6954E+03  1.5015E+04
0000264   9.7140E+04  6.8571E+04  1.6462E+04
0000265   7.7275E+04 -1.7991E+04  3.1372E+04
0000266   1.6956E+05  3.8676E+04  2.5891E+04
0000267   1.7059E+05 -3.9622E+04  5.5736E+04
0000268   8.7963E+04  3.9072E+04  6.8842E+04
0000269   1.1565E+05 -2.1282E+03 -1.7942E+04
0000270   1.6058E+05 -1.8394E+04  8.9567E+04
0000271   1.3821E+05 -1.4131E+04 -7.3154E+04
0000272   1.8565E+05 -3.4047E+04  4.7831E+04
0000273   9.6881E+04 -4.1906E+04  4.2885E+04
0000274   2.0209E+05 -3.5421E+04 -5.3625E+04
0000275   4.0692E+04 -9.6835E+03 -1.7404E+04
0000276   1.1886E+05 -3.1724E+04 -2.7977E+04
0000277   1.5221E+05  3.0165E+03  3.4073E+03
0000278   1.2471E+05  3.7369E+04 -7.6018E+04
0000279   1.4617E+05  5.9360E+04  8.5634E+03
0000280   6.8675E+04  1.3456E+04  6.4285E+03
0000281   1.0880E+05  2.2948E+04 -1.0259E+04
0000282   1.8610E+05  7.5118E+04 -1.4902E+05
0000283   2.0658E+05  7.5233E+04  3.7720E+04
0000284   1.4601E+05  1.5097E+04 -5.3965E+04
0000285   1.4611E+05  2.6094E+04  9.0388E+02
0000286   5.9153E+04 -8.2858E+04 -6.2378E+04
0000288   1.3477E+05 -4.4401E+03  1.2352E+05
0000289   1.3845E+05  4.4394E+03 -3.2879E+04
0000290   1.5719E+05 -9.6389E+03 -3.9859E+04
0000291   1.4620E+05 -9.5298E+03 -4.9480E+04
0000292   8.9872E+04  4.7839E+03 -8.9320E+02
0000293   1.6479E+05  8.5457E+04  1.5086E+05
0000294   1.2320E+05  1.1681E+04 -2.2588E+02
0000295   7.2013E+04 -1.9821E+04 -4.2643E+03
0000296   3.0864E+05 -3.8942E+04 -2.4880E+04
0000297   4.3998E+04  2.6372E+04  2.8832E+03
0000298   6.0656E+04 -1.4130E+04 -5.0068E+04
0000299   1.4391E+05 -2.4839E+04 -9.4381E+04
0000300   2.3474E+05  5.3039E+04  4.8920E+04
0000301   8.7527E+04  8.1477E+03 -9.2873E+04
0000302   1.4020E+05 -2.6516E+04 -5.7471E+04
0000303   2.3146E+05  1.3318E+05 -5.0846E+04
0000304   8.8760E+04 -1.2415E+04 -1.8443E+03
0000305   1.4569E+04 -1.4632E+04 -8.4403E+03
0000306   1.9045E+05 -1.6873E+04  2.0586E+03
0000307   1.7206E+05 -9.0538E+04  1.2757E+05
0000308   1.0942E+05  2.3852E+04  5.1115E+04
0000309   2.4994E+05  6.3636E+04  2.0205E+04
0000310   1.1463E+05  5.9749E+04 -9.2499E+04
0000311   6.0177E+04  3.8583E+04  1.4123E+04
0000312   5.2497E+04 -2.6143E+04  6.5802E+03
0000313   1.3571E+05  6.3982E+04  7.0747E+04
0000314   5.8846E+04 -3.8130E+04  8.9972E+03
0000315   1.1641E+05  5.9754E+04  6.2500E+04
0000316   2.3839E+04  8.3596E+04  9.9301E+03
0000317   9.6511E+04 -8.0802E+02  7.3905E+03
0000318   1.3776E+05  1.0478E+04 -3.2142E+03
0000319   1.5146E+05 -1.0797E+05 -3.7671E+04
0000320   7.2682E+04  5.9895E+04 -2.8230E+04
0000321   1.9056E+05 -1.3162E+05 -1.7924E+05
0000322   1.4515E+05 -1.9580E+04 -6.7722E+04
0000323   1.4989E+05  2.5533E+04  2.5785E+03
0000324   1.6864E+05  2.2628E+04  8.3615E+04
0000325   1.3603E+05  2.9835E+04 -1.2973E+05
0000326   1.8303E+05  8.4586E+04 -7.1653E+04
0000327   4.8199E+04  3.7687E+03  6.8475E+04
0000328   5.9811E+04  3.2579E+04 -3.8858E+04
0000329   2.2270E+05 -9.2036E+04  6.1605E+04
0000330   4.5706E+04  3.5480E+04 -5.2377E+04
0000331   2.3456E+05  1.1673E+04 -4.5546E+04
0000332   5.4545E+04 -2.3767E+03 -1.7834E+04
0000333   7.0598E+04 -4.7104E+04  2.8241E+04
0000334   1.2131E+05 -5.5177E+04  1.5025E+04
0000335   7.5364E+04 -1.0357E+05 -5.6011E+04
0000336   4.2049E+04 -5.1103E+04  1.8949E+04
0000337   5.3771E+04 -7.2726E+04 -2.4489E+04
0000338   4.5667E+04  5.1850E+03 -1.9300E+04
0000339   1.2735E+05  2.4895E+04 -4.4386E+03
0000340   1.1846E+05  2.9787E+04 -7.6624E+04
0000341   1.2166E+05  9.2359E+04 -7.9682E+04
0000342   9.3379E+04  7.1656E+02  5.9740E+04
0000343   1.9072E+05  2.6466E+04 -1.0149E+05
0000344   1.8342E+05 -1.1492E+04 -5.9773E+04
0000345   1.0200E+05  7.0880E+04  7.2528E+04
0000346   1.7887E+05  4.6361E+04  1.2558E+04
0000347   5.4118E+04  1.8601E+03  3.7797E+04
0000348   7.3404E+04  3.4470E+04 -6.9087E+03
0000349   1.4272E+05 -3.1929E+04 -3.2613E+04
0000350   3.3114E+04  8.6289E+03  3.5322E+04
0000351   1.0723E+05 -2.6455E+04 -3.9528E+04
0000352   1.3950E+05  2.1201E+04  3.8149E+04
0000353   8.8987E+04 -1.2059E+04  2.4066E+03
0000354   1.3704E+05  4.2102E+04  5.4143E+04
0000355   1.3662E+05 -1.9642E+04 -3.0667E+04
0000356   1.0797E+05  2.2313E+04 -1.5484E+04
0000357   2.3600E+05 -1.7084E+05 -7.0196E+04
0000358   5.8297E+04  3.7039E+04  1.8849E+04
0000359   1.1516E+05  2.8833E+03 -2.9769E+04
0000360   6.7114E+04  6.3758E+04 -4.1965E+04
0000361   3.1094E+04  2.6287E+04  1.9694E+04
0000362   7.0839E+04 -2.4833E+04  3.9850E+03
0000363   1.2291E+05  2.5647E+04 -5.1538E+04
0000364   7.9959E+04  2.3324E+04  1.9791E+04
0000365   1.1403E+05  2.8147E+04  3.1995E+04
0000366   1.0225E+05 -2.8000E+04  3.7881E+04
0000367   1.8938E+05 -1.3112E+04  4.0092E+04
0000368   4.4945E+03 -3.7118E+04 -2.5769E+04
0000369   7.2670E+04  2.4917E+04 -2.8040E+03
0000370   5.8586E+04 -4.2416E+02  5.0956E+03
0000371   4.3488E+03  8.2437E+04 -4.5753E+04
0000372   2.2117E+05  1.2731E+05  2.2566E+04
0000373   9.6259E+04  8.6017E+03  1.2817E+04
0000374   5.4362E+04 -2.3123E+02 -5.7125E+02
0000375   1.6185E+05  5.3519E+03  7.6259E+04
0000376   5.1958E+04  2.8569E+04 -2.6197E+04
0000377   1.4101E+05 -6.9705E+04  4.5526E+04
0000378   1.1982E+05  9.6325E+03  5.8166E+03
0000379   8.8640E+04 -2.2298E+04  1.3888E+04
0000380   6.1755E+04  4.2503E+03  5.4368E+04
0000381   3.9472E+04 -3.1824E+04  1.2608E+04
0000382   2.1942E+05  1.1152E+04 -3.1128E+03
0000383   6.8328E+04 -4.9206E+04 -3.8699E+04
0000384   1.3166E+05 -2.9749E+04  3.5337E+04
0000385   1.8543E+05  7.9188E+04 -6.3372E+04
0000386   9.1294E+04  1.3784E+04  1.8582E+04
0000387   1.0598E+05 -2.2690E+03  4.7648E+04
0000388   1.5557E+05  6.2332E+03 -6.2579E+03
0000389   6.7030E+04 -3.0057E+04  6.3219E+04
0000390   9.9154E+04  5.1436E+04  7.5045E+03
0000391   1.5128E+05  8.7121E+03 -2.3996E+04
0000392   1.2981E+05 -7.8663E+04 -2.8287E+04
0000393   1.7627E+05 -5.8725E+04 -1.5095E+03
0000394   6.7139E+04  3.4822E+04 -2.0294E+04
0000395   5.0932E+04 -2.9832E+04 -8.2272E+04
0000396   1.0280E+05 -7.5972E+04  8.9608E+03
0000397   1.2790E+05  1.1440E+05  1.1197E+04
0000398   1.6801E+05  2.6155E+03  5.0354E+04
0000399   1.9987E+04  1.6504E+04  2.5096E+04
0000400   5.4500E+04  3.2382E+04  2.7358E+04
0000401   1.6601E+05 -2.4874E+04 -1.5266E+04
0000402   1.1967E+05 -6.5032E+04 -3.3625E+04
0000403   1.6868E+05  2.7235E+04  5.7713E+04
0000404   7.9664E+04 -2.6924E+04 -1.0063E+05
0000405   6.2208E+04 -2.6849E+04  2.3401E+04
0000406   1.1761E+05  1.8709E+04 -2.7009E+04
0000407   1.3120E+05  8.6944E+04 -9.0815E+04
0000408   2.1305E+05 -4.0821E+04 -6.2884E+04
0000409   1.3764E+05  2.1190E+04  3.7686E+04
0000410   1.0969E+05 -5.6292E+04  7.5932E+02
0000411   1.9186E+05  2.5722E+04 -1.2870E+04
0000412   1.1098E+05 -2.5343E+04 -2.7126E+04
0000413   6.7420E+04 -3.4174E+02  3.7960E+04
0000414   1.2575E+05  1.9019E+04 -1.6150E+04
0000415   9.0553E+04 -1.6798E+04 -3.4988E+04
0000416   6.6078E+04 -2.1295E+04 -1.1417E+04
0000417   1.4620E+05  9.5862E+02 -6.9810E+03
0000418   8.2808E+04 -3.4077E+04  3.1258E+04
0000419   4.4764E+04 -9.5686E+03 -2.8355E+04
0000420   7.4371E+04  2.4760E+04  2.1403E+04
0000421   8.7201E+04 -2.1594E+04 -1.3041E+04
0000422   1.1283E+05 -1.0614E+04 -2.8179E+04
0000423   7.8127E+04  1.8456E+04 -9.9058E+02
0000424   2.6131E+05  6.6298E+04  6.2200E+04
0000425   2.2497E+04 -2.6668E+03 -5.5048E+03
0000426   1.6892E+05  1.2254E+04 -1.6465E+05
0000427   1.3589E+05  2.0782E+04  6.3528E+03
0000428   1.1539E+05 -4.8470E+03  2.9610E+04
0000429   7.8469E+04 -1.6000E+05  1.2347E+05
0000430   3.4279E+04  7.1852E+04  4.1678E+04
0000431   3.0175E+04  1.0086E+04 -7.9603E+03
0000432   1.2523E+05 -1.0291E+05  1.4213E+04
0000433   1.2311E+05 -1.2141E+04  3.3191E+04
0000434   2.3571E+05  2.9075E+04  6.6838E+04
0000435   5.0809E+04  1.9903E+04  1.5980E+04
0000436   1.1193E+05  4.7859E+04 -7.4789E+04
0000437   9.3293E+04 -8.2559E+03 -4.2546E+03
0000438   2.3571E+05 -1.2170E+05  5.3563E+04
0000439   6.8593E+04 -6.6592E+03  1.5241E+04
0000440   3.0801E+04  4.4157E+04 -5.0773E+04
0000441   8.5340E+04 -3.3576E+04 -2.8825E+04
0000442   9.5462E+04 -2.0411E+04 -1.0103E+04
0000443   5.1209E+04 -4.1067E+04 -3.0508E+04
0000444   1.2306E+05 -1.4680E+03  5.4481E+04
0000445   1.6558E+05  1.6805E+04  4.8471E+04
0000446   1.0531E+04 -8.8282E+02  2.3711E+04
0000447   1.7690E+05 -2.9608E+04 -6.0102E+04
0000448   1.2559E+05 -4.3434E+04  1.7227E+04
0000449   1.0046E+05  3.2766E+04 -4.5275E+04
0000450   5.6053E+04 -9.9262E+03  5.9968E+04
0000451   1.2235E+05  2.2833E+04  6.1866E+02
0000452   1.4175E+05  3.4769E+02  7.1078E+04
0000453   1.0520E+05 -6.7182E+04 -2.3819E+04
0000454   1.7086E+05 -4.7367E+03 -8.9138E+02
0000455   2.1003E+04 -9.9066E+02 -2.7145E+04
0000456   1.6309E+05 -2.1035E+04  2.9596E+04
0000457   2.0452E+05  5.5964E+04  2.2229E+03
0000458   6.7231E+04 -9.9670E+04 -5.9298E+04
0000459   1.9536E+04  8.3241E+03 -3.3791E+04
0000460   1.1005E+05 -1.0435E+04 -4.4359E+04
0000461   1.1761E+05 -6.5178E+03  8.0633E+04
0000462   1.5516E+05  1.2141E+04 -1.7309E+04
0000463   1.6394E+05 -8.6186E+04 -4.7480E+03
0000464   1.1711E+05  3.7618E+04 -1.7706E+02
0000465   6.5517E+04 -3.1015E+04 -9.0131E+04
0000466   9.3624E+04  7.0351E+04  4.1497E+04
0000467   1.7018E+05  6.4031E+04  5.7315E+04
0000468   4.9252E+04 -2.0473E+04 -2.2217E+04
0000469   9.8879E+04 -5.1248E+04  1.9485E+04
0000470   1.5513E+05  6.1760E+03  3.6534E+04
0000471   1.7503E+05 -3.4199E+04 -1.7286E+05
0000472   2.1274E+05 -4.0714E+04 -8.7579E+02
0000473   1.1346E+05 -3.6764E+04 -4.0596E+04
0000474   2.0210E+05 -7.8495E+03 -9.0177E+03
0000475   1.2061E+05 -6.8984E+04  5.2491E+04
0000476   7.4676E+04  3.1482E+04 -8.8842E+04
0000477   1.2140E+05 -3.6661E+04 -7.4022E+04
0000478   8.0800E+04 -1.4735E+03 -2.3712E+04
0000479   7.2044E+04 -1.8865E+04  4.4161E+03
0000480   2.7108E+05 -4.2503E+03 -2.7656E+04
0000481   1.1553E+05 -2.7401E+04  3.5524E+04
0000482   3.9740E+04  3.9396E+04 -3.4658E+04
0000483   1.0029E+05  7.3795E+04 -5.3495E+04
0000484   6.8310E+04  1.4024E+04 -6.2800E+04
0000485   1.1575E+05 -1.2190E+04  7.7724E+04
0000486   1.7037E+05  5.5356E+04 -8.3985E+03
0000487   8.3164E+04 -7.9238E+04  5.6987E+04
0000488   6.9382E+04  3.7584E+04 -3.7886E+04
0000489   1.3752E+05  1.2006E+05  4.9529E+04
0000490   3.6696E+04 -3.0696E+04  4.3763E+04
0000491   1.9549E+05  1.9546E+04  1.6577E+04
0000492   1.0606E+05  5.9661E+03  1.4145E+04
0000493   1.8201E+05 -2.7042E+03  5.6764E+04
0000494   1.5482E+05  5.5617E+04  2.0449E+04
0000495   3.5692E+04  1.5972E+04 -5.3925E+03
0000496   1.3039E+05 -3.3612E+04  4.0385E+04
0000497   3.1421E+05 -6.6065E+04  3.1718E+04
0000498   3.2649E+04 -1.2458E+04 -2.4872E+04
0000499   9.5031E+04  1.5259E+04 -2.2029E+04
0000500   1.3135E+05  4.0836E+04  4.8702E+04
0000501   8.8980E+04  2.9137E+04  3.4186E+04
0000502   1.7844E+05  3.4361E+04  6.6464E+04
0000503   1.5556E+05 -1.6986E+03  1.9298E+03
0000504   5.9371E+04 -9.8824E+03 -3.7436E+04
0000505   3.7870E+04 -1.0367E+05  3.0759E+04
0000506   9.4790E+04 -7.7077E+04 -4.6778E+04
0000507   7.6081E+04 -3.4461E+04 -4.5440E+04
0000508   2.0786E+05 -9.0638E+03  1.2893E+04
0000509   5.8323E+04  4.7433E+04 -1.3553E+04
0000510   9.6599E+04  2.6349E+03 -9.8950E+04
0000511   1.2710E+05 -5.8993E+04 -7.1531E+04
0000512   1.5404E+05  2.3829E+04 -3.4833E+04
0000513   8.4649E+04 -2.5925E+04 -5.5048E+04
0000514   1.1989E+05 -1.0601E+04  6.8161E+04
0000515   6.3681E+04  1.2615E+04  7.6132E+04
0000516   2.5664E+05 -1.2266E+05  1.0254E+04
0000517   2.4024E+05 -1.3429E+04  7.7333E+04
0000518   6.7872E+04 -4.9536E+03 -9.4922E+03
0000519   1.8598E+05 -1.3681E+04 -3.6586E+04
0000520   1.5421E+05  2.7899E+03 -9.6270E+03
0000521   2.4198E+05  8.2153E+04  6.1266E+04
0000522   1.1678E+05 -8.6455E+04 -1.2814E+04
0000523   2.5394E+05 -1.5971E+04 -4.1542E+04
0000524   8.0824E+04 -3.6545E+03 -5.4070E+04
0000525   2.0851E+05  2.3669E+03  9.4034E+03
0000526   1.1764E+05 -2.2856E+03  2.2378E+04
0000527   5.9036E+04 -9.5132E+04  1.4510E+04
0000528   1.1030E+05  1.7567E+04 -7.8323E+04
0000529   8.5300E+04 -1.7676E+04 -9.5073E+04
0000530   1.2203E+05  1.4010E+04 -1.3592E+05
0000531   5.2988E+04 -4.8017E+04  1.0359E+05
0000532   1.1348E+05  1.8877E+04 -4.1445E+04
0000533   1.2121E+05  7.1369E+04 -3.5483E+04
0000534   1.7601E+05 -7.6688E+03  1.1196E+05
0000535   1.9592E+05 -1.1272E+05 -6.2991E+04
0000536   9.2815E+04 -1.5605E+04 -1.3688E+04
0000537   8.2720E+04  5.5018E+04 -3.6942E+04
0000538   1.5305E+05  7.8337E+04  1.2827E+04
0000539   8.8004E+04 -2.1380E+03 -5.6722E+03
0000540   2.9452E+04  8.5873E+04 -5.2005E+04
0000541   1.0173E+05 -8.2452E+04  1.0460E+05
0000542   8.3642E+04 -6.3662E+04 -1.2263E+04
0000543   1.3888E+05  5.7092E+04  6.3853E+04
0000544   1.9772E+05  6.9050E+04 -9.7874E+04
0000545   6.0733E+04 -3.0094E+04  8.7040E+04
0000546   5.8596E+04  3.6208E+03  1.7895E+04
0000547   1.2255E+05  7.8247E+04  9.8614E+03
0000548   1.3216E+05  9.4895E+04  1.6011E+05
0000549   2.5551E+05 -1.1527E+05  1.1901E+04
0000550   1.3947E+05  2.5851E+04 -1.3102E+04
0000551   1.4799E+05  4.0990E+04  1.0176E+05
0000552   8.5844E+04 -3.6185E+04  3.7717E+04
0000553   1.7773E+05  6.2311E+04 -8.4057E+04
0000554   1.5680E+05  6.3964E+04 -7.0202E+03
0000556   1.6052E+05  4.1607E+04  1.7116E+04
0000557   1.3813E+05 -1.9766E+04 -5.7259E+04
0000558   2.4239E+04  8.3936E+04  2.3047E+04
0000559   3.4874E+04 -2.0919E+04 -8.1230E+03
0000560   1.7598E+05  3.0741E+04 -3.4072E+03
0000561   8.5480E+04  1.1843E+05 -5.7796E+04
0000562   1.7917E+05  2.6532E+03  7.3434E+04
0000563   1.0639E+05 -5.7894E+03 -6.5472E+04
0000564   8.0662E+04  6.0182E+04 -1.0577E+05
0000565   6.3761E+03 -1.5102E+04 -1.7745E+04
0000566   1.1872E+05  4.7762E+04 -4.4904E+04
0000567   1.4842E+05 -7.8128E+04  1.6565E+05
0000568   9.3708E+04 -2.4486E+03 -3.9481E+03
0000569   1.6767E+05  4.4905E+04  3.8298E+04
0000570   1.7319E+05 -7.8926E+04 -3.1119E+04
0000571   1.3380E+05 -1.2613E+04 -5.4039E+04
0000572   2.3812E+04 -7.3254E+04 -1.0363E+05
0000573   1.9942E+05 -1.9853E+04 -2.3503E+04
0000574   1.1567E+05  4.1552E+03  1.3197E+04
0000575   2.5824E+05  8.0431E+04 -3.3818E+04
0000576   1.8664E+05  3.7470E+04  9.1664E+03
0000577   7.0887E+04  2.6992E+03  1.0079E+04
0000578   2.6098E+05 -9.8855E+03  7.7212E+04
0000579   1.1418E+05  6.8171E+04  3.0847E+04
0000580   1.6340E+05 -6.6692E+04 -1.0678E+05
0000581   1.2320E+05 -6.4797E+04  6.9224E+04
0000582   2.2013E+05 -5.5535E+04 -5.9775E+04
0000583   8.1432E+04 -1.2014E+04  5.8030E+04
0000584   1.3774E+05 -3.1384E+04 -1.6891E+04
0000585   7.9705E+04  1.4868E+03  2.7594E+04
0000586   6.2492E+04 -4.0844E+04  3.7915E+04
0000587   1.5445E+05  2.6557E+04  7.6854E+04
0000588   1.2414E+05  2.6346E+04 -2.9255E+04
0000589   1.7801E+05  5.3924E+04  2.7581E+04
0000590   1.2660E+05  4.9437E+03 -2.6392E+04
0000591   1.4657E+05  1.2354E+03 -6.3222E+04
0000592   1.4068E+05  6.7210E+03 -8.5717E+04
0000593   1.6933E+05 -8.1278E+04  7.0296E+04
0000594   6.4268E+04  6.9365E+04 -3.1006E+04
0000595   1.1819E+05  1.4897E+04  1.8154E+04
0000596   1.3217E+05  1.1641E+04  5.1999E+03
0000597   9.7290E+04  9.1643E+03 -1.6471E+04
0000598   2.6325E+04 -1.4491E+05 -9.2449E+03
0000599   5.1931E+04 -1.1830E+04  3.9396E+04
0000600   1.5608E+05 -5.3797E+04 -2.8887E+04
0000601   1.0769E+05  1.8324E+03 -2.4164E+04
0000602   5.9157E+04 -1.8725E+04  9.1653E+04
0000603   1.3100E+05  1.6750E+04 -3.1559E+04
0000604   1.2588E+05  2.5980E+04  3.7202E+04
0000605   1.2617E+05  1.8919E+03 -1.2844E+04
0000606   7.0774E+04 -8.5283E+04  3.6498E+04
0000607   1.5270E+05 -3.6239E+04 -4.5733E+04
0000608   1.3732E+05 -8.7306E+04  6.4888E+04
0000609   6.7891E+04 -3.8277E+02 -2.3764E+04
0000610   8.2653E+04  4.6807E+04 -4.0823E+02
0000611   5.0594E+04  1.1612E+04  3.2039E+03
0000612   7.0849E+04 -7.0070E+03  2.4106E+04
0000613   7.4954E+04  3.4706E+04  3.7479E+04
0000614   1.1944E+05 -1.5486E+04  4.3597E+04
0000615   1.8816E+05  6.5457E+04  3.3779E+04
0000616   3.5117E+04 -1.3101E+03  1.0580E+03
0000617   1.0329E+05  2.3596E+04  7.9050E+04
0000618   1.1537E+05  6.9540E+03 -4.2896E+04
0000619   1.2111E+05 -7.7654E+04  8.8853E+03
0000620   1.2458E+05  3.3469E+04  2.4497E+04
0000621   1.8317E+05  1.1418E+04 -6.0665E+03
0000622   9.6863E+04 -1.0203E+05  1.3693E+04
0000623   1.6247E+05 -2.1929E+04 -9.4574E+04
0000624   9.4563E+04 -3.4578E+04 -2.5159E+04
0000625   1.1003E+05  1.2934E+04  9.7363E+03
0000626   2.2548E+05  3.1421E+04 -5.7275E+04
0000627   7.9128E+04 -1.3549E+04  4.4482E+04
0000628   6.1443E+04  2.8044E+04 -7.5713E+03
0000629   1.8434E+05 -3.1358E+04  4.1865E+04
0000630   8.0319E+04 -4.2817E+03  2.5666E+04
0000631   1.1808E+05  2.1090E+03 -3.7798E+04
0000632   1.4230E+05  1.8583E+04  3.7721E+04
0000633   7.1988E+04 -2.1243E+04 -2.7708E+04
0000634   1.7732E+05  9.2886E+03 -9.0926E+02
0000635   9.2135E+04 -1.8743E+04 -4.7899E+04
0000636   1.6179E+05 -8.0551E+04  4.1384E+04
0000637   1.3060E+05  1.0515E+02 -2.6341E+04
0000638   1.2890E+05 -5.3086E+04  2.4526E+04
0000639   1.0706E+05  2.3973E+04  1.6326E+04
0000640   2.0308E+05 -2.8465E+04  6.5298E+04
0000641   2.0263E+05 -1.6625E+05 -1.2820E+04
0000642   7.0719E+04  7.9566E+04 -3.5575E+04
0000643   1.7156E+05  9.7747E+04 -2.9086E+04
0000644   7.1464E+04 -7.7994E+04 -1.8482E+04
0000645   1.1122E+05 -9.9408E+04  6.5683E+04
0000646   8.3342E+04  8.8062E+04  3.3739E+04
0000647   1.7288E+05 -5.2953E+03  1.5813E+04
0000648   1.3775E+05  6.4119E+03  1.8435E+04
0000649   1.4501E+05  3.6829E+03 -1.5543E+04
0000650   1.3170E+05  1.1207E+04 -3.1673E+04
0000651   9.6640E+04  3.1890E+04  1.0731E+05
0000652   1.3128E+05 -1.2238E+04  1.5607E+04
0000653   5.5071E+04 -1.7035E+04 -3.4053E+03
0000654   1.1776E+05 -7.4230E+04 -5.0877E+04
0000655   1.0824E+05 -2.7211E+04  1.0667E+05
0000656   8.2027E+04  1.4856E+04  9.6353E+03
0000657   1.0488E+05 -3.6642E+04 -3.9689E+04
0000658   1.5353E+05 -7.7921E+03  1.0987E+04
0000659   8.8795E+04 -1.1120E+04  7.4189E+03
0000660   1.0055E+05 -2.4395E+04 -6.3725E+02
0000661   1.0705E+05 -1.9061E+04 -1.2935E+04
0000662   1.5008E+05  4.1343E+04 -5.8942E+04
0000663   1.3235E+05 -4.4400E+04 -2.8378E+04
0000664   3.2134E+04  3.5450E+04  3.6547E+04
0000665   1.8237E+05 -2.6662E+03  4.7476E+04
0000666   4.7876E+04 -2.8786E+03  2.9210E+04
0000667   5.2188E+04  7.3723E+04  3.6577E+04
0000668   1.4651E+05 -3.1679E+04 -3.9195E+04
0000669   7.9931E+04 -1.3049E+04 -6.2354E+04
0000670   7.0753E+04  3.7487E+04 -1.9338E+04
0000671   1.4212E+05 -7.8926E+04 -1.1042E+05
0000672   1.2478E+05 -2.8974E+04 -7.9788E+04
0000673   8.4871E+04  2.1775E+04 -9.1917E+03
0000674   1.3380E+05  5.1110E+04 -3.5337E+04
0000675   1.7415E+05  9.8297E+04 -7.1314E+04
0000676   1.1750E+05 -4.3851E+04 -3.7369E+04
0000677   2.4532E+05 -1.6052E+04  1.8041E+03
0000678   2.2472E+05 -6.9009E+04  1.5875E+04
0000679   1.5974E+05  1.0089E+05 -2.5043E+04
0000680   1.2695E+05  5.8924E+04 -4.9928E+04
0000681   7.1300E+04  6.3839E+04 -1.0598E+05
0000682   1.0426E+05 -1.1263E+05 -6.1572E+04
0000683   1.1418E+05  3.9558E+04  2.3270E+04
0000684   8.3288E+04 -8.5093E+03 -9.0665E+04
0000685   1.7992E+05  1.0271E+04  3.4281E+04
0000686   5.0065E+04 -2.1604E+04 -3.1729E+04
0000687   1.6281E+05  8.6885E+03  1.0753E+03
0000688   3.8331E+04 -3.8543E+04  3.8024E+04
0000689   4.8285E+04 -1.1589E+04 -2.0455E+04
0000690   7.5100E+04 -1.7459E+04 -4.1385E+04
0000691   1.1670E+05 -1.0453E+04  6.6453E+03
0000692   1.1615E+05 -2.2936E+04  5.2623E+03
0000693   6.3291E+04 -2.4592E+04 -3.0938E+03
0000694   1.4995E+05  2.6941E+04 -1.5466E+04
0000695   6.6908E+04 -7.2078E+04 -4.0441E+03
0000696   9.0800E+04 -1.4416E+04  6.1261E+04
0000697   7.8649E+04 -1.8936E+04  8.0981E+03
0000698   9.6002E+04 -2.5937E+04  4.9618E+04
0000699   3.3841E+04 -2.2593E+04 -3.8254E+04
0000700   1.2304E+05  4.6582E+03 -5.0346E+04
0000701   2.5712E+05  1.0497E+05 -8.2527E+04
0000702   1.6157E+05 -4.6757E+04 -3.1040E+04
0000703   1.2271E+05  5.7359E+04  2.2426E+04
0000704   8.4623E+04  1.9469E+04 -5.7177E+03
0000705   6.6903E+04 -7.3416E+02  6.6124E+03
0000706   1.4860E+04 -1.2033E+04 -1.4226E+04
0000707   2.0646E+05  6.6437E+04 -4.3301E+04
0000708   1.0412E+05  2.4808E+03  7.4785E+04
0000709   1.0276E+05 -5.6665E+03 -3.6747E+04
0000710   1.0916E+05 -7.7966E+02 -4.4506E+04
0000711   9.7339E+04  8.9612E+03  5.3911E+03
0000712   6.7328E+04  3.7145E+04 -3.9192E+03
0000713   2.1585E+05  1.7790E+04  2.6298E+04
0000714   1.3005E+05 -1.2799E+05  2.4250E+04
0000715   2.0482E+04  6.1285E+04 -4.7137E+04
0000716   5.1128E+04 -6.1975E+02 -2.3787E+04
0000717   9.0408E+04  2.5295E+04  4.3376E+02
0000718   1.6089E+05  2.8688E+04  4.6947E+04
0000719   1.5607E+04 -1.9377E+04  1.9492E+04
0000720   2.3552E+05  2.1889E+04 -8.4050E+04
0000721   1.9580E+05  1.1209E+04  6.2925E+04
0000722   6.6444E+04  1.6671E+04  5.6562E+03
0000723   1.2702E+05  6.0158E+04 -2.5212E+04
0000724   1.1355E+05 -2.4438E+03  1.8156E+04
0000725   1.1718E+05 -2.6540E+04 -6.8635E+04
0000726   6.0660E+04 -1.1170E+04  8.4107E+04
0000727   1.8712E+05 -5.6317E+03  6.4003E+04
0000728   1.6519E+05  8.0704E+03  3.7765E+04
0000729   7.5558E+04  2.5014E+04 -6.4475E+04
0000730   3.8995E+04 -2.5704E+04  1.9013E+04
0000731   7.2463E+04  6.0199E+03 -2.8354E+04
0000732   4.6960E+04 -4.5711E+04 -4.2768E+04
0000733   1.2055E+05 -6.6680E+04 -2.2313E+04
0000734   2.1861E+04 -6.6076E+03 -6.7285E+03
0000735   1.2733E+05  2.9382E+04  3.3468E+04
0000736   1.2429E+05  2.4788E+04  1.9668E+04
0000737   3.9427E+04  1.2275E+04  2.2617E+04
0000738   7.8897E+04  3.2903E+04 -3.8030E+04
0000739   1.0279E+05  3.2710E+04 -3.0735E+03
0000740   1.6240E+05  2.5722E+04 -6.7368E+04
0000741   4.5659E+04  3.1889E+04 -4.2999E+04
0000742   3.1248E+05 -7.8542E+04  4.4527E+04
0000743   6.2481E+04 -4.9301E+03  4.9990E+04
0000744   2.0039E+05 -5.1251E+04  5.5306E+03
0000745   1.3030E+05  1.5639E+05 -6.6636E+04
0000746   1.1715E+05 -4.7148E+04 -6.4315E+04
0000747   3.4630E+04  3.5198E+04 -1.0160E+04
0000748   1.6623E+05 -1.6167E+05 -4.7797E+04
0000749   2.1911E+05 -1.2177E+04  6.7574E+04
0000750   1.0103E+05  2.6201E+04  3.7411E+04
0000751   1.3869E+05  3.0928E+04 -6.4488E+03
0000752   1.7625E+05  9.7226E+04 -9.7494E+04
0000753   2.6215E+05  5.0433E+04 -1.0819E+05
0000754   1.1275E+05 -7.2634E+04 -8.0887E+03
0000755   1.9398E+05 -2.6263E+04 -6.1894E+04
0000756   1.9512E+05  1.3798E+04  5.1945E+04
0000757   1.9129E+05  3.0572E+04  1.3734E+04
0000758   2.4846E+05 -6.9165E+04  6.8098E+04
0000759   1.2301E+05  1.6627E+04 -1.9439E+04
0000760   1.9080E+05  2.7582E+04 -3.4651E+04
0000761   7.9103E+04 -3.9129E+04  7.8568E+03
0000762   5.0172E+04  3.6097E+04 -3.6555E+03
0000763   7.6891E+04 -3.3141E+03 -3.5222E+04
0000764   9.5468E+04  8.9172E+03 -1.5757E+04
0000765   1.0592E+05 -4.0887E+04  8.0494E+04
0000766   2.3142E+05 -1.6216E+04  1.6262E+04
0000767   1.1545E+05 -3.8040E+04  9.7211E+03
0000768   1.2257E+05 -2.8454E+04 -3.8586E+04
0000769   1.0367E+05 -3.7374E+04 -3.2328E+04
0000770   1.2569E+05  7.5128E+03 -6.3785E+03
0000771   1.0246E+05  3.4660E+03 -5.3109E+04
0000772   1.0517E+05 -5.5809E+04 -1.0804E+05
0000773   2.6351E+05  3.4314E+03 -2.1686E+04
0000774   2.1802E+05 -1.9026E+04 -7.7738E+02
0000775   3.9760E+04  1.7288E+02 -9.2091E+03
0000776   1.2096E+05  7.8458E+04  3.3908E+03
0000777   1.2316E+05  5.1579E+04 -1.1561E+05
0000778   2.6723E+05 -1.3786E+05 -2.3568E+04
0000779   1.2742E+05  3.6610E+03  4.1052E+04
0000780   9.3198E+04 -3.3878E+04 -5.7101E+04
0000781   1.2913E+05  4.2606E+04  1.1683E+05
0000782   3.8197E+04  4.9181E+04 -1.1358E+04
0000783   1.0209E+05 -1.1720E+04  5.4368E+04
0000784   2.5482E+05  1.7668E+04 -2.5661E+04
0000785   1.9148E+05 -6.6327E+04  4.1502E+03
0000786   8.1406E+04 -1.3732E+05  1.7616E+01
0000787   4.2512E+04  3.7250E+04  3.7760E+04
0000788   6.8992E+04 -3.4054E+04 -1.4850E+04
0000789   2.3040E+05  6.4654E+04 -1.1889E+05
0000790   2.1835E+05 -3.9903E+04  1.2729E+04
0000791   1.2246E+05  1.0276E+05 -4.1178E+03
0000792   1.0039E+05  1.3201E+05  3.5077E+04
0000793   3.9198E+04 -6.1731E+03 -3.7063E+04
0000794   1.6285E+05 -2.5887E+03  4.2242E+03
0000795   1.4292E+05 -4.2050E+04  3.4927E+04
0000796   1.6707E+05  7.8237E+04 -3.8875E+04
0000797   3.9574E+04  5.0950E+04  4.2123E+04
0000798   1.3803E+05 -6.0061E+03 -7.2310E+04
0000799   1.9532E+05 -4.3471E+04  2.0645E+04
0000800   2.3232E+05  7.0669E+03  1.0262E+05
0000801   1.1422E+05  2.1461E+04 -2.2531E+04
0000802   2.0261E+05 -4.5661E+04  3.0512E+04
0000803   8.7116E+04 -2.3549E+04 -3.5573E+04
0000804   1.7656E+05  1.0107E+05  3.7174E+04
0000805   1.4558E+05  8.4779E+04 -5.1278E+04
0000806   1.9154E+05  1.0005E+03  1.4075E+03
0000807   3.1881E+04 -1.8550E+04  1.2233E+04
0000808   1.7453E+05 -1.0291E+05 -5.0792E+04
0000809   8.7589E+04  2.4768E+04  2.3161E+04
0000810   4.8346E+04  9.3494E+03 -6.4587E+04
0000811   2.4777E+05 -4.8627E+04  4.0225E+04
0000812   9.0756E+04  1.1290E+05  6.8911E+04
0000813   1.0858E+05 -5.9377E+04 -1.9123E+03
0000814   8.5227E+04 -6.5454E+04 -3.3883E+03
0000815   7.9243E+04  3.0004E+04  5.1473E+04
0000816   5.6471E+04 -2.1640E+04  5.7540E+04
0000817   2.0910E+05 -8.5091E+04 -6.3091E+04
0000818   1.8786E+05  7.8059E+04  7.2901E+04
0000819   1.2524E+05 -1.4917E+04  5.6266E+04
0000820   5.7276E+04 -4.9715E+04  2.3992E+04
0000821   1.5129E+05  4.8582E+04  7.4548E+04
0000822   1.0409E+05  5.0008E+04 -7.7987E+04
0000823   1.0059E+05 -5.9454E+04  1.0925E+03
0000824   3.2404E+04 -5.9152E+03 -2.2244E+03
0000825   1.5995E+05 -4.1001E+04  1.9766E+04
0000826   2.6549E+05 -5.2420E+04 -2.0489E+04
0000827   2.6660E+05 -2.8825E+04  3.1779E+04
0000828   2.1070E+05 -1.6540E+04 -4.0916E+04
0000829   3.7158E+04  5.4892E+04  3.5918E+04
0000830   1.1725E+05  3.2408E+04 -3.3304E+04
0000831   1.1288E+05 -8.9574E+03 -2.6538E+04
0000832   1.0600E+05  8.6292E+03  7.3305E+04
0000833   9.9336E+04 -3.8135E+04 -1.1139E+04
0000834   7.0484E+04 -5.7444E+04  1.9631E+04
0000835   5.3094E+04  7.3827E+03 -8.8560E+03
0000836   5.5296E+03  1.9880E+04  1.4759E+04
0000837   2.3474E+05  8.5662E+04 -1.8117E+04
0000838   1.3363E+05  4.3865E+04  9.8322E+03
0000839   1.7941E+05  1.9140E+03 -4.6482E+04
0000840   1.3475E+05  7.6080E+04 -3.6665E+04
0000841   8.4622E+04  3.1188E+03  8.5547E+02
0000842   1.6126E+05 -2.5689E+04  6.8716E+04
0000843   7.5919E+04  4.7597E+04 -3.3039E+04
0000844   1.5898E+05  3.2297E+04 -1.4569E+05
0000845   1.0407E+05  1.5872E+04  9.1086E+03
0000846   8.9197E+04  1.9761E+04 -3.4415E+04
0000847   1.1346E+05 -7.0714E+04  5.9713E+03
0000848   1.2320E+05  1.8642E+04  7.2069E+03
0000849   1.1918E+05 -1.0150E+05 -1.5745E+04
0000850   9.6968E+04 -5.0138E+04 -2.3631E+04
0000851   9.1940E+04  6.4846E+04 -1.6261E+04
0000852   1.5251E+05  1.1973E+05 -2.3298E+04
0000853   1.0795E+05 -3.1351E+04  3.7269E+04
0000854   1.7826E+05 -4.1877E+04 -3.0655E+04
0000855   8.5630E+04 -2.4523E+03  1.5778E+04
0000856   2.3482E+05  8.2910E+04  9.4870E+04
0000857   6.5538E+04  6.0602E+04  1.3326E+05
0000858   1.1197E+05 -3.9081E+04  6.7319E+03
0000859   2.4793E+05  7.7687E+04  4.9035E+03
0000860   5.7416E+04  5.4466E+04 -9.0317E+02
0000861   1.4250E+05  3.8065E+04 -5.7434E+04
0000862   1.5005E+05  1.8570E+04  3.8925E+04
0000863   1.9578E+05 -6.3397E+04  2.7417E+04
0000864   1.4478E+05  7.3376E+04  1.2525E+05
0000865   2.2193E+05  2.2543E+03  2.2369E+04
0000866   1.1473E+05  1.1397E+05 -2.9634E+03
0000867   1.4687E+05  1.2402E+05  1.0969E+05
0000868   1.3132E+05  7.7222E+04  2.2342E+04
0000869   1.1134E+05 -9.7566E+03  3.4657E+04
0000870   1.2305E+05 -5.8060E+04  4.4104E+04
0000871   1.9170E+05  5.0209E+04  5.5609E+04
0000872   1.8423E+04  3.4148E+04  5.3754E+04
0000873   8.2795E+04 -1.0713E+05  7.7753E+03
0000874   8.5324E+04  7.8303E+04  7.0779E+04
0000875   1.6312E+04  8.3722E+04 -3.3554E+04
0000876   9.0370E+04 -1.1716E+04 -2.2661E+04
0000877   2.1974E+05  1.9095E+04 -8.4619E+03
0000878   9.7196E+04 -1.3085E+04 -2.1544E+04
0000879   2.4516E+05  7.7885E+03 -8.8336E+04
0000880   3.1627E+04  3.2513E+04 -9.5379E+04
0000881   1.0905E+05  5.3453E+03 -1.5158E+04
0000882   5.8972E+04  1.2248E+04 -7.0324E+03
0000883   1.7822E+05 -1.0051E+05  1.2038E+04
0000884   2.4627E+05  4.1379E+04 -9.2558E+04
0000885   4.7026E+04  5.7717E+04 -2.7578E+04
0000886   4.1292E+04 -3.0503E+04 -1.4089E+04
0000887   7.4340E+04 -2.0474E+04 -2.9826E+04
0000888   6.4962E+04  5.9381E+04  6.6327E+03
0000889   6.7793E+04 -3.1407E+02  2.1198E+04
0000890   1.2434E+05 -2.5450E+04 -2.6982E+03
0000891   6.2622E+04 -7.1562E+04 -2.3517E+04
0000892   9.3409E+04  5.9149E+04 -6.1096E+04
0000893   1.2560E+05 -2.7070E+04  1.1418E+05
0000894   2.4393E+04 -1.6647E+04  1.4937E+04
0000895   8.7261E+04 -7.5538E+03 -2.9511E+04
0000896   1.7430E+05  2.5101E+04  2.7814E+04
0000897   1.5472E+05 -9.1578E+04 -8.4784E+04
0000898   1.6501E+05  2.1375E+04 -2.6661E+04
0000899   7.8169E+04  3.2805E+04 -1.1235E+05
0000900   1.7718E+05  6.5316E+04  4.8864E+03
0000901   1.4145E+05  1.3470E+05 -1.8836E+04
0000902   1.4820E+05  2.8396E+04 -1.8145E+04
0000903   5.0388E+04  4.5200E+04  1.7008E+04
0000904   5.1932E+04 -3.1288E+02 -5.5094E+03
0000905   1.2354E+05 -4.9927E+04  4.4809E+04
0000906   1.6085E+05  6.8299E+03 -1.0127E+05
0000907   4.8134E+04  1.3799E+04 -5.0128E+03
0000908   1.4454E+05  1.9304E+04 -4.7212E+04
0000909   9.5475E+04 -2.4740E+04 -2.9995E+04
0000910   1.2084E+05  1.7449E+04  4.5841E+03
0000911   1.0416E+05  1.1563E+05 -3.8230E+04
0000912   1.4792E+05 -1.5687E+04 -2.9918E+04
0000913   4.7289E+04 -4.4225E+04  2.5160E+03
0000914   9.5143E+04  3.4081E+04  2.8667E+04
0000915   7.1409E+04  6.4479E+04  1.1989E+04
0000916   2.9691E+04  1.0114E+04  1.2350E+05
0000917   7.5991E+04  3.6392E+04 -6.1575E+00
0000918   1.4546E+05  3.8980E+04 -2.5924E+04
0000919   6.1875E+04  2.9990E+04 -6.0261E+03
0000920   9.1625E+04  1.5360E+04  6.1700E+04
0000921   1.0734E+05  5.8068E+04 -2.6440E+04
0000922   1.5423E+05  9.5489E+04 -5.4639E+04
0000923   5.7927E+04 -1.2819E+04 -4.3683E+04
0000924   8.6816E+04 -9.3894E+03 -2.6137E+04
0000925   1.9968E+04  1.2228E+04  1.9735E+04
0000927   8.2841E+04 -3.8534E+04 -8.1089E+03
0000928   1.0360E+05 -2.0749E+04  4.3038E+04
0000929   1.0472E+05 -7.7302E+04 -1.5675E+04
0000930   1.2564E+05  6.7670E+03 -3.5490E+04
0000931   1.8667E+05  2.0410E+04  3.6193E+04
0000932   1.1692E+05  3.8081E+04  3.5147E+04
0000933   8.4907E+04 -2.3473E+03 -1.3133E+04
0000934   5.6452E+04  3.6336E+04  1.6100E+04
0000935   5.3290E+04  3.8482E+04  2.7890E+04
0000936   2.1771E+05  1.7320E+04  1.5363E+05
0000937   8.1027E+04 -6.0420E+04 -3.2062E+04
0000938   5.1571E+04 -4.6736E+04  7.8265E+04
0000939   2.1918E+05 -8.0849E+03  3.9393E+04
0000940   8.5860E+04 -5.5187E+04  1.7370E+04
0000941   3.0514E+04  7.6389E+04  8.4898E+04
0000942   2.0773E+05 -4.3634E+04 -3.3858E+04
0000943   4.5105E+04 -2.3521E+04 -4.3517E+04
0000944   1.5447E+05 -7.6020E+04  2.3663E+04
0000945   5.9231E+04  2.5838E+04  1.3012E+04
0000946   8.8633E+04  2.1333E+04 -1.5963E+04
0000947   9.9186E+04  2.3222E+04  6.3879E+02
0000948   1.1483E+05  2.4541E+03  3.4912E+04
0000949   1.5020E+05  5.0709E+04 -2.1337E+04
0000950   1.1501E+05 -4.0529E+04  3.7874E+04
0000951   1.5309E+05 -1.3693E+05  4.9309E+04
0000952   1.2581E+05  1.0604E+05 -1.7498E+04
0000953   1.0062E+05 -3.1054E+04 -3.2132E+04
0000954   1.1041E+05 -4.1716E+04  7.3811E+03
0000955   2.9372E+05  2.2900E+04 -4.2878E+04
0000956   1.4712E+05 -5.2660E+04  2.1793E+04
0000957   1.5563E+05  1.4139E+04  2.2759E+04
0000958   1.3618E+05 -4.3625E+04  5.4822E+04
0000959   3.7528E+04  8.2341E+04  6.8863E+04
0000960   2.6261E+04 -1.9203E+03  3.9514E+04
0000961   5.1788E+04  2.5825E+04  5.3095E+04
0000962   1.9450E+05 -1.3741E+04 -5.4469E+04
0000963   1.8468E+05  2.3213E+04 -4.4621E+04
0000964   1.2963E+05 -5.0848E+04 -3.2026E+04
0000965   8.8353E+04 -2.7805E+04  4.3532E+04
0000966   3.9541E+04 -1.2969E+04 -3.0632E+04
0000967   1.2102E+05 -5.6353E+04  5.3221E+04
0000968   4.0224E+04 -7.5268E+04  4.1875E+04
0000969   1.0363E+05 -2.3471E+04 -8.1964E+04
0000970   9.0866E+04  1.1857E+04 -1.4337E+04
0000971   1.3521E+05 -1.0474E+05  1.0068E+05
0000972   1.7901E+05  7.2481E+04  1.7378E+04
0000973   6.3500E+04  1.3047E+04 -5.4343E+04
0000974   7.9864E+04  9.2650E+04 -5.5505E+04
0000975   6.2353E+04 -2.4696E+04  8.8186E+04
0000976   2.1053E+05  6.2633E+04  1.7270E+05
0000977   1.2440E+05 -2.8717E+04 -3.3287E+04
0000978   1.8334E+05 -5.8069E+04  1.8814E+04
0000979   1.4715E+05 -1.9127E+04 -4.8218E+04
0000980   2.0289E+05 -3.1672E+04 -8.2585E+04
0000981   9.8966E+04 -3.1261E+04 -1.5607E+04
0000982   1.4545E+05 -1.1575E+05 -9.7567E+04
0000983   1.0021E+05  3.1057E+04 -1.2832E+04
0000984   1.2756E+05  1.2856E+05  8.1019E+04
0000985   2.3418E+05 -2.0326E+04 -4.8032E+04
0000986   1.6858E+05 -7.1191E+04  2.7261E+04
0000987   2.1244E+05 -1.7933E+04  3.2908E+04
0000988   1.6981E+05 -4.5702E+04 -1.5528E+05
0000989   1.9195E+05  6.6644E+04 -8.9974E+03
0000990   1.2289E+05  3.5998E+04 -5.0519E+04
0000991   6.7725E+04 -2.5894E+04 -1.6391E+04
0000992   4.2779E+04  5.5152E+04 -5.4707E+03
0000993   1.3765E+05 -2.0151E+03 -5.3282E+04
0000994   1.4623E+05 -1.0171E+05 -7.5495E+04
0000995   2.6697E+05  1.0334E+04 -1.1394E+04
0000996   2.1121E+05 -2.9396E+03 -4.1926E+04
0000997   1.5835E+05  4.1536E+04 -1.5277E+05
0000998   1.3518E+05  4.4376E+04  4.0792E+04
0000999   1.1108E+05  3.2668E+04  8.7543E+03
0001000   1.4820E+05 -4.7772E+04  3.8137E+03
