============================== SRIM-2013.00 ==============================
==============================================================================
====== SRIM Outputs\RANGE_3D.txt : File of Final Ion Positions =====

Ion = Ar (18)   Ion Mass= 039.9620
Energy  = 4498433.E-05 keV
Ion Angle to Surface = 00.0 degrees
==================== TARGET =======================
  Layer # 1 - Layer 1
  Layer # 1 - Bottom Depth=500000.E+03 A
  Layer # 1 - Density =0000.0002 g/cm3
  Layer # 1 -  100 % of Ar
様様様様様様様様様様様様様様様様様様様様様様様様様様
                                            
Ion       Depth  X   Lateral Y   Lateral Z  
Number    (Angstrom) (Angstrom)  (Angstrom) 
-------  ----------- ----------- -----------
0000001   9.2178E+06 -1.7778E+06  6.3892E+06
0000002   1.5272E+07  2.2689E+06 -2.2644E+06
0000003   8.6183E+06 -5.9546E+06 -5.3354E+06
0000004   6.5756E+06 -1.0442E+06  1.1156E+07
0000005   7.2882E+06  2.2130E+03  1.0950E+06
0000006   1.2237E+07  2.1161E+06  4.2295E+06
0000007   1.0853E+07 -3.1459E+06  3.1081E+06
0000008   9.3643E+06 -5.6314E+05 -3.5036E+06
0000009   5.1274E+06  3.6437E+06  2.5276E+06
0000010   1.0934E+07  7.8178E+06 -9.6061E+05
0000011   8.2958E+06  2.8167E+06 -1.0516E+06
0000012   1.3427E+07  1.0869E+06  5.5550E+05
0000013   1.3439E+07  1.6641E+06  5.2648E+06
0000014   7.8533E+06 -5.7441E+05  7.8400E+04
0000015   4.3817E+06 -1.0205E+06 -1.2783E+06
0000016   5.5320E+06 -9.4233E+05  3.4973E+06
0000017   7.8280E+06 -4.2185E+06 -3.4877E+06
0000018   7.5605E+06  1.7340E+06 -6.9202E+06
0000019   1.2690E+06 -1.9120E+06 -1.3618E+06
0000020   1.2928E+07 -3.0822E+06  1.1258E+06
0000021   6.3951E+05  2.6417E+06  3.8067E+05
0000022   7.9196E+06  4.8204E+06  6.2955E+06
0000023   1.2915E+07  1.5307E+06  7.9529E+06
0000024   4.8531E+06  1.6138E+06  1.5617E+06
0000025   8.2362E+06 -3.5857E+05 -5.0717E+06
0000026   1.1020E+07  6.6749E+06 -1.3145E+06
0000027   1.2374E+06 -7.4992E+05 -7.5066E+04
0000028   2.8699E+06 -2.1732E+06  1.7458E+05
0000029   3.3278E+06 -4.1308E+06  1.6042E+06
0000030   1.3033E+07 -3.1046E+06 -2.2519E+06
0000031   5.6216E+06  6.2223E+05  5.7317E+06
0000032   2.9178E+06 -3.8410E+06 -1.0253E+06
0000033   1.6730E+07  2.8903E+06  1.2248E+07
0000034   1.0665E+07  3.1451E+06 -2.6149E+06
0000035   7.8282E+06 -7.8450E+05 -3.7730E+06
0000036   1.5951E+07  1.7962E+06 -3.8575E+06
0000037   1.1216E+07 -1.2126E+06  7.3956E+06
0000038   1.2413E+07  3.8185E+06 -1.6523E+06
0000039   1.0880E+07  3.9929E+06 -4.2055E+05
0000040   5.3466E+06 -1.0229E+06 -2.3827E+06
0000041   6.9824E+06 -2.0079E+06 -2.4354E+06
0000042   1.1866E+07 -6.8634E+05 -5.2599E+06
0000043   6.4969E+06  7.0052E+06 -2.8326E+06
0000044   9.7558E+06  2.4763E+06  4.2718E+06
0000045   5.9583E+06  1.3063E+06 -4.8389E+06
0000046   3.0291E+06  5.6461E+06  4.4736E+06
0000047   1.6208E+07  1.1173E+05  5.8726E+06
0000048   7.9715E+06 -8.0971E+05  2.7931E+06
0000049   4.1222E+06 -4.5867E+06  2.5100E+06
0000050   5.8521E+06 -4.4964E+06  2.6328E+06
0000051   5.4865E+06  7.9619E+05 -1.7986E+06
0000052   8.5999E+06 -6.4047E+06  3.4962E+06
0000053   1.3130E+07 -1.7984E+06 -1.8120E+06
0000054   1.6956E+07  5.9705E+06 -6.8521E+06
0000055   1.4742E+07 -6.0985E+06  1.7285E+06
0000056   8.8472E+06 -6.4170E+05  5.4324E+06
0000057   7.6301E+06  3.8396E+06 -2.7748E+05
0000058   1.7036E+07  3.8740E+05 -5.1768E+06
0000059   2.1576E+06 -1.2988E+06 -1.0438E+06
0000060   1.5099E+07  3.5620E+06  1.0209E+07
0000061   9.8343E+06  2.5178E+06 -9.2774E+05
0000062   8.8602E+06 -7.9974E+06  2.5053E+06
0000063   6.0951E+06 -5.4997E+06 -2.7794E+06
0000064   2.1234E+07  2.4578E+06 -2.4141E+05
0000065   1.1366E+07 -2.0212E+06 -1.0674E+07
0000066   1.3098E+07  5.7653E+06  2.8316E+06
0000067   7.6706E+06  9.8532E+05  1.9534E+06
0000068   1.0438E+07  7.2630E+05  2.2839E+06
0000069   1.0591E+07 -4.6360E+06 -2.2766E+06
0000070   1.9638E+06  1.0111E+06  5.8969E+05
0000071   9.0367E+06 -8.3354E+06 -1.9379E+06
0000072   1.0968E+07 -2.5809E+06 -3.3098E+06
0000073   9.8061E+06  5.9446E+06 -2.7699E+06
0000074   3.0731E+06  7.0624E+05 -8.2855E+05
0000075   4.8984E+06 -1.6913E+05  2.6140E+06
0000076   1.4002E+05  3.8910E+05 -2.3325E+06
0000077   8.7499E+06  2.1445E+06 -3.5937E+06
0000078   1.0109E+07  1.2436E+05  4.2847E+06
0000079   7.4138E+06  3.3233E+06  1.6779E+06
0000080   1.2896E+07 -2.9568E+06 -1.3189E+06
0000081   1.4336E+07  1.8349E+06  2.8512E+05
0000082   1.3391E+07  6.8847E+06 -3.0854E+06
0000083   5.1131E+06  1.2007E+06  2.7937E+05
0000084   5.1290E+06 -1.3184E+06 -1.3741E+06
0000085   8.8714E+06 -4.0236E+06 -8.8074E+05
0000086   1.0670E+07  1.3490E+06 -6.4778E+06
0000087   1.0022E+07  4.0855E+06 -3.6230E+06
0000088   5.6274E+06 -3.2046E+06 -8.9974E+06
0000089   1.8492E+07 -3.0845E+05  2.6368E+05
0000090   1.2290E+06  3.1210E+06 -7.3014E+05
0000091   9.7079E+06  3.8793E+06 -4.2375E+06
0000092   9.3382E+06  6.1501E+06 -2.8767E+06
0000093   1.2644E+07  5.7712E+06 -3.3886E+06
0000094   7.4382E+06  1.0552E+06  3.7830E+06
0000095   5.8343E+06 -1.6781E+05  3.9333E+05
0000096   7.4561E+06 -8.1405E+06 -4.6192E+06
0000097   2.9864E+06 -1.2715E+06  2.1428E+06
0000098   1.1685E+07  2.0015E+06  6.4008E+06
0000099   1.1112E+07 -5.8404E+06  2.9439E+06
0000100   5.1252E+06 -1.5831E+06 -6.5749E+05
0000101   1.2994E+07  9.2932E+06 -7.0735E+06
0000102   8.7744E+06 -1.7388E+06  9.5423E+05
0000103   4.7707E+06 -1.6875E+06 -3.1261E+06
0000104   9.7464E+06  6.0200E+06  3.1676E+05
0000105   4.4299E+06  9.9359E+05 -2.3786E+05
0000106   1.0226E+07 -5.0934E+05  4.2513E+06
0000107   8.5048E+06 -6.6787E+06  2.8313E+06
0000108   1.7178E+07  3.3278E+06  5.6544E+05
0000109   9.7811E+06  5.6014E+06  1.2232E+06
0000110   1.1859E+07  4.3315E+06  2.1285E+05
0000111   1.0365E+07 -1.6476E+06  2.7232E+06
0000112   1.0776E+07  5.5227E+06 -2.2124E+06
0000113   1.1109E+07 -3.4466E+06  3.9698E+06
0000114   4.9109E+06  4.0912E+06  4.8122E+05
0000116   1.4196E+07 -2.1715E+06 -1.1840E+06
0000117   9.6287E+06 -7.6372E+06  5.0546E+06
0000118   1.3935E+07  1.8669E+05  4.2940E+06
0000119   9.2515E+06  6.4563E+05 -3.2221E+06
0000120   5.2575E+06 -5.3796E+06  9.3768E+05
0000121   8.7421E+06  8.1450E+05 -2.0716E+06
0000122   1.1418E+07  2.5452E+06 -5.0799E+06
0000123   1.5690E+07  1.1235E+06 -3.9999E+05
0000124   4.1474E+06  2.1239E+06 -2.1884E+06
0000125   1.4355E+07  5.7300E+06  7.3279E+06
0000126   4.4046E+06  2.4364E+06 -6.1833E+05
0000127   6.7267E+06  7.3474E+06  3.5256E+06
0000128   1.0329E+07  8.4198E+04 -1.7442E+06
0000129   7.2984E+06 -1.6000E+06 -1.5146E+06
0000130   2.3947E+06 -2.3108E+06  8.4017E+05
0000131   2.0353E+07 -9.0395E+05  2.0216E+06
0000132   1.2831E+07 -3.7317E+06 -9.1629E+06
0000133   9.0392E+06 -3.3315E+06 -4.4703E+05
0000134   5.0723E+06 -4.1784E+06 -4.7259E+06
0000135   1.2697E+07  5.4390E+05 -6.5124E+06
0000136   9.3886E+06  4.2846E+06 -6.7287E+06
0000137   1.2403E+07  5.8877E+04  5.9789E+05
0000138   1.7656E+07  3.7820E+06  3.7843E+06
0000139   2.9537E+06  2.0709E+06  6.2495E+06
0000140   1.6898E+07 -9.5842E+06 -3.6486E+06
0000141   1.1496E+07 -2.6996E+06 -6.9020E+06
0000142   1.0106E+07 -2.5207E+06  6.2496E+06
0000143   1.7273E+07 -3.1979E+06  5.0404E+06
0000144   9.0306E+06  2.9924E+06  9.1669E+04
0000145   8.5070E+06  4.6432E+06 -5.7724E+06
0000146   1.4503E+07  1.6220E+06  2.0074E+06
0000147   8.6330E+06 -3.2718E+06 -4.3656E+04
0000148   3.2124E+06  6.0078E+05 -2.5651E+05
0000149   1.2611E+07  3.4503E+06  5.1532E+05
0000150   1.7890E+07 -5.4167E+06  3.1208E+06
0000151   5.1926E+06 -1.4482E+06  5.8188E+06
0000152   8.0641E+06  1.7380E+06 -3.7616E+06
0000153   8.5890E+06 -1.3118E+06 -5.0075E+06
0000154   8.5849E+06 -5.9098E+06  4.9176E+06
0000155   6.0122E+06  9.3775E+05  1.2278E+06
0000156   6.0905E+06 -9.7854E+06  5.2486E+06
0000157   6.0324E+06 -1.9507E+06 -1.6696E+06
0000158   1.3700E+07 -7.4546E+06  8.5615E+06
0000159   1.3905E+07 -3.8251E+06 -6.7614E+05
0000160   1.2549E+07  6.6900E+06  3.5157E+06
0000161   6.0531E+06  1.2399E+06 -1.5101E+05
0000162   6.0396E+06  3.4619E+06  2.4683E+05
0000163   1.5328E+07  5.6927E+06  5.1172E+06
0000164   1.8633E+07 -9.7453E+05 -2.3611E+05
0000165   6.7851E+06  3.9210E+06  1.4016E+06
0000166   1.9387E+07 -1.1457E+06  3.6668E+06
0000167   7.5846E+06 -4.0641E+06 -4.7999E+06
0000168   1.2987E+07  1.1418E+06 -3.9259E+06
0000169   2.9641E+06  3.9923E+06  3.4571E+05
0000170   7.2152E+06 -1.8520E+06 -3.4548E+05
0000171   9.9372E+06  3.3665E+06 -7.6666E+05
0000172   4.9546E+06 -3.2817E+06  1.0659E+06
0000173   1.3149E+07  7.1395E+05 -5.0177E+06
0000174   1.7124E+06  5.8143E+06  1.8174E+06
0000175   1.2161E+07 -3.5199E+06  6.0441E+06
0000176   3.1854E+06 -3.0965E+06  2.4204E+06
0000177   1.6916E+07  3.1706E+06 -1.5226E+06
0000178   2.0199E+07  4.7498E+06 -5.4667E+06
0000179   9.4896E+06  1.3346E+06 -3.0460E+06
0000180   5.4614E+06 -2.4542E+05  2.1939E+06
0000181   9.1543E+06 -1.5849E+06  5.5348E+06
0000182   1.4212E+07 -3.4749E+06 -1.5536E+06
0000183   9.8333E+06  7.5725E+05  2.1523E+05
0000184   8.4383E+06 -4.9670E+06  7.6546E+06
0000185   1.7400E+07 -4.8990E+06 -7.5213E+06
0000186   5.5703E+06 -3.4933E+06 -3.3355E+06
0000187   7.0953E+06  2.3356E+05 -6.0980E+04
0000188   5.0287E+06  4.8780E+06  3.2235E+03
0000189   8.4026E+06  4.4542E+05 -5.4879E+03
0000190   8.6116E+06 -2.5336E+06 -2.0051E+06
0000191   1.1964E+07 -6.5360E+06  7.8300E+04
0000192   9.5215E+06  1.0468E+06  1.1457E+06
0000193   1.1782E+07  6.2026E+06  2.1461E+06
0000194   3.0081E+06  3.8785E+06 -2.5175E+06
0000195   1.1501E+07  4.1163E+06 -4.8795E+05
0000196   1.3018E+07  2.3358E+06 -1.3197E+06
0000197   1.5317E+07  1.6428E+06  1.8875E+06
0000198   1.0567E+07  5.8818E+06  2.8953E+06
0000199   5.2141E+06  2.5934E+06  2.0482E+05
0000200   8.3519E+06  6.3813E+05  2.0218E+05
0000201   1.6996E+07 -6.6414E+06  1.7778E+06
0000202   1.4121E+07  1.9422E+06 -5.7688E+05
0000203   6.5777E+04 -2.1810E+06 -3.5271E+05
0000204   8.3934E+06  3.8864E+05  7.4289E+05
0000205   3.3928E+06 -2.5607E+04  3.6747E+05
0000206   1.1683E+07  1.4347E+06  3.9390E+06
0000208   6.9712E+06 -4.9980E+05 -2.2834E+06
0000209   1.5032E+07 -3.8402E+06 -2.9246E+06
0000210   6.0266E+06  1.0631E+06 -3.3565E+06
0000211   1.4435E+07 -1.4052E+05  2.5021E+05
0000212   1.7793E+07 -5.4501E+06 -4.1177E+06
0000213   8.8002E+06 -1.5465E+06 -5.9162E+05
0000214   6.1487E+06  1.8888E+06  1.2564E+06
0000215   7.1175E+06  3.1594E+06 -4.5757E+06
0000216   1.4993E+07  2.4578E+06 -7.1305E+05
0000217   1.1431E+07  1.0453E+07 -1.2693E+03
0000218   1.3461E+07 -3.5963E+06  5.2952E+06
0000219   3.4211E+06  1.0840E+05  1.9882E+05
0000220   1.7137E+06  3.6652E+05 -8.0614E+05
0000221   1.4955E+07  4.6353E+06  2.5530E+06
0000222   1.0811E+07  3.1024E+06  2.7982E+06
0000223   1.0266E+07 -2.4839E+05  2.6104E+06
0000224   6.0768E+06 -1.0309E+03  5.3013E+06
0000225   1.9180E+07 -5.1616E+06  4.4054E+05
0000226   4.1905E+06  3.1280E+06 -5.4719E+06
0000227   8.4705E+06 -7.5611E+06 -2.5608E+06
0000228   5.4666E+06  1.7090E+06  1.8416E+05
0000229   1.0303E+07 -9.1611E+05 -3.1086E+06
0000230   1.5545E+07 -3.8351E+06  1.4024E+06
0000231   5.0260E+06  2.4413E+06 -7.1741E+05
0000232   1.2515E+07  3.7800E+06  4.2572E+05
0000233   6.0967E+06  2.3930E+06 -3.4535E+06
0000234   8.6835E+06 -3.5064E+06  4.4137E+06
0000235   9.7149E+06  6.8208E+06  6.9578E+06
0000236   6.8907E+06  4.7423E+06 -1.5859E+06
0000237   1.1723E+07 -7.1908E+06 -6.4844E+06
0000238   1.2157E+07  1.0261E+06  2.4496E+06
0000239   1.1679E+07 -4.7747E+05 -1.3137E+06
0000240   1.1709E+07  1.5000E+06 -5.0439E+05
0000241   8.3863E+06 -1.3527E+06  2.3839E+05
0000242   1.2023E+07  2.0629E+06  1.9610E+06
0000243   9.5666E+06 -6.0369E+06  2.9335E+06
0000244   9.5466E+06 -2.2741E+06  4.2514E+06
0000245   1.1823E+07 -4.2772E+06  5.3671E+06
0000246   7.4241E+06 -1.2146E+05  1.9443E+06
0000247   3.9469E+06 -3.6380E+05  1.0673E+06
0000248   1.0544E+07 -2.8206E+06  6.1139E+05
0000249   6.8456E+06  4.2745E+06 -3.5259E+05
0000250   2.0008E+07  2.7618E+06  1.7610E+06
0000251   3.9473E+06 -3.9455E+06 -3.2160E+06
0000252   1.5425E+07 -3.3023E+05  4.0792E+05
0000253   1.0768E+07 -4.5229E+06  1.4793E+06
0000254   3.2399E+06  2.1895E+05  2.2687E+06
0000255   1.3750E+07  7.0468E+06 -1.1289E+06
0000256   1.1066E+07 -4.7336E+06 -2.8492E+06
0000257   5.4349E+06 -4.0451E+06 -2.9530E+06
0000258   5.6425E+06 -1.0042E+05 -2.7738E+05
0000259   7.6911E+06  5.9060E+05  1.6375E+06
0000260   3.6516E+06  1.7946E+05 -2.2187E+06
0000261   6.3545E+06  8.6938E+06  2.9013E+06
0000262   1.8742E+07 -6.2324E+05 -2.1418E+06
0000263   5.2736E+06  2.7640E+04  1.7971E+05
0000264   1.0621E+07  5.7571E+06  1.4531E+06
0000265   3.7640E+06 -1.5567E+06 -2.5855E+05
0000266   4.9306E+06  2.1889E+06 -1.6225E+06
0000267   1.0369E+07  7.6670E+05 -2.2358E+06
0000268   1.6094E+07  2.5569E+06  3.2543E+06
0000269   5.4909E+06  2.3124E+05 -8.2980E+04
0000270   1.2197E+07 -1.8731E+06  1.3802E+06
0000271   1.0497E+07  4.2888E+06 -5.6129E+04
0000272   2.0611E+06  1.1733E+06 -3.6457E+06
0000273   1.0920E+07  4.1762E+05  6.3194E+06
0000274   1.7369E+07 -7.5178E+05 -3.0707E+06
0000275   4.9165E+06 -4.9418E+05 -7.6469E+05
0000276   8.8249E+06  8.8202E+05 -6.9122E+05
0000277   1.4988E+07  4.6155E+05 -3.3316E+04
0000278   8.4855E+06  6.8893E+06  3.1048E+05
0000279   9.2813E+06  4.3491E+06  1.2927E+06
0000280   1.5646E+07  3.0390E+05  4.1308E+05
0000281   3.5531E+06 -1.9114E+06 -1.2421E+06
0000282   1.8060E+07  5.1464E+06 -2.7128E+06
0000283   9.4430E+06  2.1174E+06 -8.8762E+06
0000284   7.0666E+06 -3.3489E+06  1.7606E+06
0000285   2.6881E+06 -1.3531E+06  1.2970E+06
0000286   7.2427E+06  1.2370E+06  2.3148E+06
0000287   1.4433E+07 -8.4476E+06  8.0279E+06
0000288   8.0077E+06 -1.5039E+06 -1.4364E+06
0000289   4.8223E+06  2.6012E+05  2.4318E+06
0000290   9.8787E+06 -8.7014E+05 -1.5457E+06
0000291   8.5334E+06  1.8419E+06  1.2561E+06
0000292   9.6228E+06  4.5672E+06 -2.6249E+06
0000293   1.1784E+07 -4.0885E+06  5.8954E+06
0000294   7.5296E+06 -5.1563E+06 -2.7933E+06
0000295   2.1454E+06 -1.4191E+06 -6.7578E+05
0000296   8.4018E+06 -8.7712E+05 -4.2846E+06
0000297   1.2033E+07  1.8510E+06 -6.2098E+06
0000298   1.3957E+07 -3.6956E+06  3.2480E+06
0000299   7.5181E+06 -8.4764E+05 -6.5899E+06
0000300   9.2839E+06 -6.4755E+06  6.0189E+05
0000301   1.5807E+07  4.7699E+06  4.7685E+06
0000302   1.0569E+07  6.6433E+05  5.5838E+05
0000303   1.1460E+07  3.0506E+06  2.0154E+06
0000304   5.7183E+06 -1.6691E+06  1.0797E+06
0000305   1.0217E+07 -9.8409E+05 -6.4074E+05
0000306   1.1649E+07  1.1130E+06 -2.3960E+06
0000307   1.1755E+07 -3.4275E+06 -5.4462E+06
0000308   7.2722E+06  4.4076E+06 -2.8733E+06
0000309   7.3176E+06  4.1221E+06  3.6182E+06
0000310   3.0727E+06  6.8123E+06 -1.6565E+06
0000311   1.7405E+06  7.2279E+04  7.1837E+04
0000312   4.5367E+06 -8.1680E+06  8.1075E+06
0000313   6.5369E+06 -3.4314E+06 -5.1803E+05
0000314   9.1253E+06  1.5186E+06 -2.5792E+06
0000315   5.8564E+06 -1.4129E+06 -1.6208E+06
0000316   1.2625E+07 -3.2515E+06 -1.3875E+07
0000317   4.0227E+06 -2.3087E+05  1.6407E+06
0000318   9.0626E+06 -1.6393E+06  3.2123E+06
0000319   9.0065E+06  2.5790E+05 -2.0915E+05
0000320   4.9096E+06  4.1653E+06  2.5972E+05
0000321   9.8608E+06  1.8167E+06  2.6822E+06
0000322   1.0568E+06 -3.3937E+06  4.4119E+06
0000323   6.8588E+06  3.1867E+05  4.1185E+06
0000324   1.0352E+07  5.9358E+06  2.5077E+06
0000325   7.5142E+06  5.7685E+06  3.5124E+05
0000326   9.9572E+06 -3.1622E+05 -1.8512E+06
0000327   1.3232E+07  2.5387E+06 -5.2964E+06
0000328   7.4998E+06  3.3413E+06  4.8678E+05
0000329   5.0115E+06  2.2434E+05  6.8083E+05
0000330   1.3216E+07  4.4767E+06  3.5681E+06
0000331   5.0263E+06  9.3102E+05 -7.2082E+05
0000332   1.0429E+07 -4.7321E+06 -4.2633E+06
0000333   9.3153E+06 -2.6772E+06  7.0666E+06
0000334   4.9449E+06 -3.4023E+05  1.8176E+06
0000335   1.2236E+07 -3.3766E+06  2.2419E+06
0000336   5.4537E+06  2.0446E+06  1.2639E+06
0000337   6.6797E+06 -3.8855E+05 -2.5105E+05
0000338   1.3193E+07  1.6236E+06 -9.6821E+05
0000339   6.8346E+06  2.6845E+06 -1.5452E+06
0000340   9.9976E+06  3.4473E+06  2.1000E+06
0000341   4.1264E+06  2.4173E+06 -1.9827E+06
0000342   1.1130E+07 -5.9356E+06  2.0328E+06
0000343   3.2523E+06  9.8088E+04  2.4171E+05
0000344   1.3478E+07  2.0554E+06  1.6986E+06
0000345   1.1399E+07  1.0742E+06  5.9503E+06
0000346   6.9099E+06 -5.6444E+06 -4.0249E+06
0000347   8.5833E+06  4.5623E+06  3.3504E+06
0000348   4.3466E+06 -1.5063E+06  6.5061E+05
0000349   1.4291E+07 -1.6401E+06 -1.1745E+07
0000350   1.0881E+07 -2.7863E+06 -4.7490E+06
0000351   1.1688E+07 -4.3127E+06  2.6275E+06
0000352   1.1760E+07  3.1615E+06  6.1467E+05
0000353   1.2141E+07  5.3419E+05  3.8025E+06
0000354   8.4980E+06  2.2679E+06 -3.1172E+06
0000355   6.3276E+06 -2.7270E+06  4.7791E+06
0000356   1.2273E+07 -1.2998E+06 -1.5097E+06
0000357   8.3301E+06 -2.8530E+06 -6.0189E+06
0000358   1.4349E+07  1.6790E+06  1.0177E+06
0000359   9.2231E+06  9.4602E+06  5.5178E+06
0000360   9.1905E+06  2.2045E+06  1.1545E+06
0000361   1.5622E+07 -4.1175E+06 -1.1329E+07
0000362   9.3302E+06 -3.8534E+05  9.0909E+06
0000363   1.2499E+06 -8.0822E+05 -7.7114E+04
0000364   4.2163E+06  1.6641E+06 -1.1335E+06
0000365   3.9832E+06  4.2465E+06 -2.5161E+05
0000366   5.0033E+06 -1.3036E+05  9.6095E+02
0000367   6.9222E+06  3.8293E+06  1.2358E+07
0000368   5.8733E+06  9.1028E+05 -3.4897E+06
0000369   1.0098E+07  1.8006E+06 -5.3406E+06
0000370   1.9850E+07  3.3993E+06  7.5175E+06
0000371   1.4889E+07  3.1159E+06 -3.0108E+06
0000372   1.4608E+07  5.4511E+06 -2.8878E+06
0000373   4.7444E+06 -9.2752E+05  1.3512E+06
0000374   1.7297E+07  1.0325E+06 -4.3077E+05
0000375   1.2034E+07  6.6398E+06  4.2040E+06
0000376   1.4680E+07  7.5437E+06 -3.4741E+06
0000377   1.1770E+07  4.9813E+05  1.9074E+06
0000378   5.5831E+06 -2.0194E+06 -4.2372E+06
0000379   1.0459E+07  2.6632E+06 -6.1580E+06
0000380   1.6214E+07  4.3800E+05 -3.7578E+06
0000381   6.5985E+06  2.8610E+06 -3.2556E+06
0000382   1.1893E+07  7.6906E+05 -1.4789E+06
0000383   1.4249E+07  1.4793E+06  4.3259E+06
0000384   7.5772E+06  9.5893E+05  1.6352E+06
0000385   4.2956E+06  1.2029E+06  2.0412E+06
0000386   6.5351E+06 -2.7969E+06  3.1923E+06
0000387   7.9367E+06 -4.0803E+06 -4.8453E+06
0000388   9.1760E+06 -1.3045E+06  7.0358E+05
0000389   6.5766E+06 -8.3513E+05 -3.4575E+06
0000390   9.1236E+06  8.0529E+04  3.7054E+05
0000391   8.8876E+06  8.9387E+06  4.6054E+06
0000392   8.6297E+06 -6.5984E+05  4.0901E+06
0000393   2.4823E+07  5.0835E+06 -1.0933E+06
0000394   1.2132E+07  8.6641E+06 -5.8130E+06
0000395   1.3487E+07  5.0119E+06 -8.5802E+05
0000396   8.9636E+06 -7.1840E+06  7.9380E+06
0000397   1.1834E+07 -3.3389E+06 -7.9631E+05
0000398   1.4511E+07 -1.5481E+06  3.5458E+06
0000399   9.8169E+06  5.2387E+06 -8.9014E+04
0000400   1.1828E+07 -2.1117E+06 -7.2703E+06
0000401   9.2969E+06 -1.4121E+05  2.1270E+06
0000402   1.2162E+07 -1.2693E+06  4.7471E+06
0000403   7.0755E+06  6.6116E+05  1.1510E+06
0000404   7.6444E+06 -2.4773E+06 -5.6299E+06
0000405   7.7527E+06  3.2278E+06 -3.9103E+05
0000406   1.2399E+07 -3.3480E+06  2.3704E+06
0000407   9.5666E+06 -5.9370E+06 -1.8200E+05
0000408   5.2931E+06 -6.8109E+06 -3.3832E+05
0000409   4.6968E+06 -2.9514E+05  1.0061E+06
0000410   1.4252E+07  2.0161E+05 -8.8127E+05
0000411   5.9859E+06  4.1921E+06 -1.7049E+06
0000412   1.0978E+07  7.9161E+06  5.4835E+06
0000413   5.4460E+06  1.9886E+06 -7.3906E+05
0000414   6.8959E+06  5.1775E+05  2.7117E+06
0000415   9.8780E+06 -3.6696E+06  2.4938E+06
0000416   1.1112E+07 -1.0735E+07 -6.3023E+05
0000417   1.1345E+07 -3.1903E+06 -1.4696E+06
0000418   5.5959E+06 -4.8524E+06  1.2639E+06
0000419   2.7663E+06  2.5434E+06 -2.7936E+06
0000420   1.0253E+07 -1.3874E+06  1.5598E+06
0000421   1.1664E+07 -7.6043E+06 -4.3179E+06
0000422   1.3749E+07 -1.0173E+06 -1.4759E+05
0000423   1.2474E+07  3.6512E+06  5.8717E+06
0000424   1.7001E+07  1.1301E+07 -3.7594E+06
0000425   1.2212E+07 -4.1934E+06 -9.7686E+05
0000426   7.4580E+06 -2.9622E+06  2.2776E+06
0000427   1.3044E+07 -4.4963E+05 -1.3841E+06
0000428   1.5618E+07 -6.1886E+06 -5.1142E+06
0000429   1.0608E+07  2.4667E+06 -2.4540E+06
0000430   1.1442E+07  1.8698E+06  2.5787E+06
0000431   7.4778E+06  1.6892E+06  9.0942E+05
0000432   1.3884E+07 -3.0846E+06 -7.5518E+06
0000433   3.3891E+06  5.6421E+06 -2.4347E+06
0000434   5.8501E+06 -3.8892E+06  5.6834E+06
0000435   1.2316E+07 -5.4616E+06 -2.2567E+06
0000436   2.2539E+06 -5.2361E+06  6.2163E+06
0000437   1.2415E+07 -1.2234E+06  1.5959E+06
0000438   1.2018E+07 -2.2878E+05  1.5074E+06
0000439   9.1437E+06 -1.3818E+06 -3.0704E+06
0000440   1.4691E+07  6.3546E+05  2.6973E+06
0000441   1.2060E+07  2.5364E+05  2.0587E+06
0000442   5.3953E+06 -7.9055E+05  1.9363E+05
0000443   1.3705E+07  3.4677E+06  3.0504E+06
0000444   7.9328E+06 -3.9284E+05 -5.1457E+06
0000445   1.2096E+07  3.7083E+06  4.0243E+05
0000446   8.5390E+06 -2.6303E+06 -2.8943E+06
0000447   9.6778E+06  1.3142E+06 -3.9701E+06
0000448   9.7488E+06  4.1341E+06 -2.1760E+06
0000449   8.4581E+06 -2.5933E+06 -1.0691E+06
0000450   1.1078E+07  7.4059E+06 -8.7835E+06
0000451   1.1819E+07  2.1233E+06  3.5244E+06
0000452   4.1223E+06  3.2202E+06  2.0113E+06
0000453   1.2083E+07  6.2479E+05 -2.4281E+06
0000454   2.1833E+06 -7.3746E+05  3.5509E+06
0000455   1.4701E+07 -3.4975E+06  3.7173E+06
0000456   8.1754E+06  2.5641E+06  2.0843E+06
0000457   6.9737E+06 -2.0588E+06  1.8514E+05
0000458   1.5068E+07  1.6970E+04 -7.2994E+06
0000459   8.7135E+06  2.9428E+06 -4.5060E+05
0000460   6.4305E+06  2.5337E+06 -8.3474E+05
0000461   1.1081E+07  4.4628E+06 -1.3634E+06
0000462   1.3049E+07  1.8218E+06  4.8110E+06
0000463   1.0007E+07  2.8221E+05  2.0990E+06
0000464   1.2344E+07 -7.5316E+06 -1.1597E+07
0000465   1.3729E+07  8.3576E+06 -3.3101E+06
0000466   1.3345E+07  1.0083E+07  8.0619E+06
0000467   1.1757E+07  7.8951E+06 -1.0772E+06
0000468   8.4547E+06  6.7332E+06 -1.7936E+06
0000469   1.2817E+07  7.6531E+05  5.3356E+06
0000470   5.3837E+06 -2.7760E+06 -1.8528E+06
0000471   4.9363E+06 -1.7372E+06 -2.5486E+06
0000472   6.4987E+06 -1.8937E+06  5.2350E+05
0000473   1.4815E+06 -1.7054E+06  1.1167E+06
0000474   2.1933E+06  4.1289E+06  3.3472E+06
0000475   2.8176E+06 -1.3234E+06 -1.6845E+06
0000476   1.5070E+07 -1.3287E+06  9.8287E+05
0000477   9.3115E+06  1.9208E+06 -3.2871E+05
0000478   3.7782E+06  2.6910E+06  1.3054E+06
0000479   5.0186E+06 -2.2126E+05 -2.0709E+06
0000480   4.8021E+06 -2.3876E+06  6.3866E+06
0000481   1.2063E+07  2.3931E+06 -2.0732E+06
0000482   1.0374E+07 -2.8487E+05 -1.7881E+06
0000483   1.5720E+07  4.5404E+06 -1.5585E+06
0000484   1.2599E+07 -8.8103E+05  1.5048E+06
0000485   1.0310E+07  7.2734E+05 -8.9699E+05
0000486   7.7794E+06 -1.1066E+06 -2.4388E+06
0000487   1.4414E+07  7.6623E+04 -3.6233E+06
0000488   2.9850E+06 -2.7982E+06  2.0405E+06
0000489   3.1947E+06  5.8428E+06  4.5699E+06
0000490   5.5258E+06  2.6581E+06 -2.5974E+06
0000491   2.4627E+06  3.4011E+06  1.2697E+06
0000492   1.6196E+07 -2.1181E+06  4.6137E+06
0000493   1.1647E+07  3.1157E+06 -2.2948E+06
0000494   6.2208E+06  2.9341E+06  9.3848E+05
0000495   1.2539E+07 -2.9481E+06 -4.6292E+06
0000496   1.5050E+07 -5.2371E+06  5.1952E+05
0000497   5.2705E+06 -2.5196E+06  5.6235E+05
0000498   9.6969E+06 -5.0351E+05  7.1551E+06
0000499   6.2189E+06 -1.0372E+06  1.0466E+07
0000500   1.1902E+07  1.1350E+06  1.8010E+05
0000501   1.1665E+07 -9.3301E+06 -5.6837E+06
0000502   8.2184E+06  2.9451E+06 -1.2453E+06
0000503   1.1892E+07  1.8212E+06  1.7917E+06
0000504   1.0531E+07  1.2218E+07 -6.1712E+06
0000505   5.0433E+06 -1.0798E+06  4.7632E+06
0000506   1.6951E+07  4.9880E+06 -4.1626E+06
0000507   1.3208E+07  2.0586E+06  4.2500E+05
0000508   2.8679E+06  5.6935E+04  1.1098E+06
0000509   9.3244E+06  1.9345E+06 -5.0761E+06
0000510   8.7170E+06 -1.0169E+05 -5.2887E+06
0000511   7.1950E+06  2.2041E+05  6.1993E+06
0000512   1.0652E+06 -2.8950E+05  2.4540E+06
0000513   5.3129E+06  2.5169E+06  3.6258E+05
0000514   1.0111E+07  3.6687E+06 -4.7253E+06
0000515   4.9765E+06 -1.6820E+06 -7.7463E+05
0000516   7.9631E+06 -4.4837E+06 -1.3393E+06
0000517   1.1969E+07 -2.6823E+06  2.1757E+06
0000518   1.2477E+07 -5.6729E+06 -1.7902E+06
0000519   4.8507E+06 -1.5016E+05 -4.2379E+06
0000520   7.4209E+06  1.1309E+06  5.0418E+06
0000521   6.5191E+06  5.5978E+05 -5.9563E+06
0000522   4.9510E+06  1.2096E+06  1.1655E+06
0000523   2.3216E+07  3.5064E+06 -5.2945E+06
0000524   7.7295E+06 -3.1525E+06  3.0646E+06
0000525   1.5064E+07  9.4013E+03  1.2215E+07
0000526   3.4282E+06 -9.5017E+03 -5.6406E+05
0000527   1.2245E+07  1.9324E+05 -2.6919E+06
0000528   1.2038E+07 -3.1147E+06  7.8723E+06
0000529   5.4748E+06 -7.4488E+05 -2.6164E+06
0000530   5.5806E+06  2.5911E+06  9.4240E+05
0000531   1.3581E+07  8.9121E+06  6.9671E+06
0000532   7.3675E+06 -2.1918E+06 -9.9403E+05
0000533   1.7768E+07 -4.3055E+06  2.1665E+06
0000534   1.0009E+07 -3.7697E+06 -3.5534E+06
0000535   1.3808E+07  9.2931E+05  9.5248E+06
0000536   2.5894E+06 -2.6798E+06  3.4269E+06
0000537   1.7368E+07 -1.5967E+06  8.5414E+05
0000538   9.4359E+06 -4.7121E+06 -2.8571E+06
0000539   5.4132E+06  1.8848E+06  6.7720E+05
0000540   9.5777E+06  3.1558E+06  1.9818E+06
0000541   1.7316E+07 -1.8054E+06  2.1692E+06
0000542   6.8557E+06  2.5811E+06  1.8836E+06
0000543   9.2453E+06 -2.7375E+06 -6.2950E+06
0000544   1.0288E+07  2.9875E+06  2.1385E+06
0000545   7.2206E+06  2.8960E+05  7.5519E+05
0000546   7.7197E+06  8.2484E+05  4.6236E+06
0000547   1.0908E+07  4.5137E+06  4.0437E+06
0000548   8.2714E+06 -6.6819E+06 -1.0399E+06
0000549   5.5585E+06  2.5870E+06  3.1494E+05
0000550   9.1275E+06 -1.9371E+06 -8.5486E+06
0000551   1.0130E+07  3.7782E+06  2.9564E+05
0000552   5.8222E+06 -8.7676E+06 -9.2234E+05
0000553   1.1167E+07 -7.1798E+06  2.5658E+06
0000554   1.6336E+07  1.8244E+06 -5.0506E+06
0000555   3.9318E+06 -6.9120E+05  2.7569E+05
0000556   1.3616E+07 -6.9127E+05 -1.2948E+06
0000557   1.6127E+07  1.2922E+06  1.0032E+06
0000558   5.7854E+06 -2.1394E+06  6.6574E+06
0000559   8.3164E+06 -3.6384E+06  6.4328E+06
0000560   1.0897E+07 -1.8933E+06 -4.4561E+06
0000561   1.5338E+07 -2.7210E+06 -3.7937E+06
0000562   5.3136E+06  1.3278E+06  3.0414E+06
0000563   1.6949E+07  4.0979E+05  5.4615E+06
0000564   8.9546E+06 -4.9772E+06  1.9556E+06
0000565   6.7848E+06  3.5669E+05  5.2422E+06
0000566   1.4750E+07 -2.5713E+06 -1.9139E+06
0000567   1.0969E+07 -4.6515E+06 -5.4315E+06
0000568   9.6194E+06 -1.8239E+06  1.0574E+06
0000569   5.6932E+06 -1.0131E+06  1.9326E+06
0000570   7.9079E+06  5.2695E+06  1.7269E+05
0000571   6.5367E+06 -1.7946E+06  2.9595E+06
0000572   6.1719E+06  4.3149E+06 -3.0163E+06
0000573   1.2899E+06  1.1681E+05 -5.1569E+05
0000574   1.1308E+07 -1.8766E+05  3.8207E+06
0000575   1.3739E+07 -2.9755E+06  3.2023E+06
0000576   1.2672E+07  2.8189E+06  1.1132E+07
0000577   9.5550E+06  2.7226E+06 -1.8057E+06
0000578   1.1239E+07 -8.1222E+06 -3.9172E+06
0000579   1.0422E+07 -2.6361E+06  1.9187E+06
0000580   9.4394E+06  1.4368E+06 -3.2868E+06
0000581   4.1475E+06 -8.8596E+05 -9.9693E+05
0000582   1.1234E+07  7.9096E+05 -2.0566E+06
0000583   2.7799E+06 -5.5409E+05 -6.7432E+06
0000584   1.3963E+07  5.5860E+05 -8.5227E+04
0000585   7.4878E+06  2.2492E+06 -1.5929E+06
0000586   1.5739E+07  6.1395E+05  1.1364E+05
0000587   1.1538E+07 -9.5085E+06  3.6740E+06
0000588   7.7458E+06 -1.2654E+06 -4.1782E+06
0000589   1.0425E+07  3.0107E+06  1.1691E+06
0000590   1.2244E+07  5.1029E+06  1.4272E+06
0000591   1.2472E+07 -2.0627E+06  4.0790E+06
0000592   2.5466E+06 -1.2851E+06 -4.4383E+06
0000593   8.5690E+06 -2.3358E+06 -6.3794E+06
0000594   9.9845E+06 -7.1918E+06 -1.0084E+06
0000595   1.4982E+07 -8.8533E+06  7.3825E+06
0000596   9.3391E+06  6.1293E+06  3.0236E+06
0000597   2.4428E+06 -1.0208E+06  1.3251E+06
0000598   7.6692E+06 -1.5620E+06  3.4053E+06
0000599   1.3398E+07  3.7197E+06 -2.9731E+05
0000600   7.7630E+06 -9.3781E+05  4.4941E+06
0000601   4.9311E+06 -4.9310E+06 -4.7773E+06
0000602   1.4142E+07 -4.6050E+06  4.6772E+05
0000603   1.2008E+06  2.7725E+06  2.8554E+06
0000604   1.1499E+07 -6.0244E+06 -3.1695E+06
0000605   1.4643E+07 -3.3215E+06  2.5340E+04
0000606   1.7416E+07 -2.3754E+06 -8.7680E+06
0000607   7.6201E+06 -1.8537E+06 -1.4389E+06
0000608   8.9212E+06 -1.9738E+06 -1.2634E+06
0000609   4.9575E+06 -1.8533E+06  1.6220E+06
0000610   1.0436E+07 -1.0664E+06 -2.7959E+06
0000611   1.3526E+07  3.7620E+06 -3.1478E+06
0000612   1.3173E+07 -3.1209E+06 -3.4843E+06
0000613   2.9658E+06  4.8417E+06 -4.5475E+05
0000614   1.0148E+07 -2.8720E+06 -3.4953E+06
0000615   1.1322E+07 -3.1373E+06 -3.0450E+06
0000616   6.0119E+06  3.4617E+05  8.5599E+05
0000617   1.5278E+06  1.0883E+06  2.6275E+05
0000618   4.9798E+06  3.9716E+06 -4.1644E+06
0000619   8.8602E+06  2.1271E+06  3.3808E+05
0000620   1.0024E+07  3.1787E+06 -3.1449E+06
0000621   3.8049E+06  3.8664E+06 -1.8088E+06
0000622   1.4211E+07 -2.8233E+06 -1.1570E+06
0000623   7.9779E+06  5.5626E+05 -2.9638E+05
0000624   8.3489E+06 -4.4822E+06  2.6608E+04
0000625   6.4700E+06  2.5477E+06 -5.3665E+05
0000626   7.4162E+06  1.6310E+06  3.4344E+06
0000627   4.4145E+06 -2.6159E+05  1.8136E+06
0000628   9.4933E+06  6.9035E+05 -8.2044E+05
0000629   1.4848E+07  2.2066E+06 -7.2568E+05
0000630   5.0429E+06  3.0303E+06 -1.4047E+06
0000631   9.1355E+06 -2.4026E+06  6.1151E+06
0000632   9.0740E+06  4.1342E+06  5.8810E+06
0000633   7.8604E+06 -2.6514E+05  1.6118E+05
0000634   1.4543E+07 -8.0572E+06  5.3669E+05
0000635   1.0842E+07 -4.3214E+06  2.2013E+06
0000636   1.0711E+07 -6.5268E+06  7.7463E+06
0000637   5.4383E+06  1.6004E+06  2.3728E+06
0000638   5.8026E+06  4.5196E+06  2.2177E+06
0000639   3.8816E+06  7.6369E+05  8.4933E+04
0000640   5.4299E+06 -2.4476E+06 -2.8129E+06
0000641   1.4130E+07 -9.4299E+06 -6.9007E+06
0000642   1.1373E+07  1.0729E+06  6.5587E+06
0000643   9.5791E+06  2.1527E+06  2.1827E+06
0000644   6.7327E+06 -1.3420E+06 -2.4435E+06
0000645   6.6371E+06 -1.6417E+06 -7.9022E+06
0000646   2.0536E+07 -1.1922E+06 -6.3895E+05
0000647   6.8549E+06  4.0776E+06 -3.8081E+05
0000648   1.6738E+07 -1.5056E+06  1.0497E+06
0000649   1.0867E+07 -5.6656E+05  3.3364E+06
0000650   1.2789E+07 -2.5112E+06 -1.9541E+06
0000651   8.7299E+06  4.3506E+05 -1.0189E+06
0000652   5.4205E+06 -2.9572E+06  2.3342E+06
0000653   1.5347E+07  6.6710E+06  4.2802E+06
0000654   1.0578E+07  6.3884E+06  8.1225E+06
0000655   1.1303E+07  3.0776E+06 -1.5350E+06
0000656   6.9169E+05  5.3067E+05 -5.5266E+05
0000657   5.6335E+06 -4.8691E+06 -1.5421E+05
0000658   8.4469E+06  1.7210E+06 -2.1808E+05
0000659   1.0886E+07 -1.1915E+05  2.5213E+06
0000660   1.5709E+07  6.5327E+05  1.6684E+06
0000661   1.7438E+07  2.9558E+06 -1.2803E+06
0000662   7.9370E+06  1.4397E+06  3.5076E+05
0000663   9.7358E+06 -5.4725E+06 -5.8688E+05
0000664   8.0843E+06 -3.1936E+06  3.4437E+06
0000665   7.1544E+06 -3.9999E+06  1.9050E+05
0000666   1.1584E+07  1.8093E+06  1.9095E+06
0000667   5.9266E+06 -2.0438E+06 -5.1175E+06
0000668   3.0648E+06  2.6064E+06  1.1498E+06
0000669   1.0933E+07 -2.1380E+06 -1.2161E+06
0000670   7.7138E+06  3.8557E+06 -3.7261E+05
0000671   1.3158E+07 -1.7255E+06 -4.0237E+05
0000672   9.7619E+06 -5.0969E+06  3.9651E+06
0000673   1.0279E+07  9.0142E+05  2.2352E+06
0000674   3.7808E+06  4.4435E+04 -1.2729E+05
0000675   1.0585E+07 -1.0004E+07  3.7172E+06
0000676   1.3135E+07 -5.2534E+06 -3.0659E+06
0000677   8.0198E+06  3.4933E+06  4.5104E+06
0000678   6.4594E+06  6.8765E+06  3.2686E+06
0000679   2.6437E+06 -8.9053E+05 -2.3214E+06
0000680   7.7240E+06  3.6116E+06  1.5531E+06
0000681   1.3222E+07  8.0484E+05  8.5542E+06
0000682   1.4461E+07 -4.3730E+06  7.8741E+06
0000683   5.2847E+06 -1.5298E+06 -1.1134E+06
0000684   1.4814E+07 -9.1933E+06 -5.7658E+06
0000685   8.3386E+06  8.7265E+05  4.6912E+04
0000686   1.4394E+07  3.5456E+06  2.6378E+05
0000687   5.1480E+06 -6.6863E+06 -1.9764E+06
0000688   1.5143E+07  4.7241E+06 -8.3878E+06
0000689   6.0212E+06  1.4016E+06  3.5227E+05
0000690   4.1221E+06  3.8629E+05  5.9416E+05
0000691   1.0010E+07 -4.4441E+06 -1.0079E+05
0000692   8.8335E+06  1.1588E+06  6.5749E+06
0000693   8.7572E+06  5.7337E+06  4.0393E+06
0000694   7.4372E+06 -5.6427E+06  8.1919E+05
0000695   6.0877E+06  2.6565E+06  5.8446E+06
0000696   1.2439E+07 -2.2725E+06  1.7250E+06
0000697   5.2050E+06  2.0282E+06 -2.9738E+06
0000698   1.1813E+07 -3.4374E+06  1.4882E+06
0000699   7.6502E+06 -1.2212E+06 -1.9977E+06
0000700   1.7800E+06  1.8041E+06 -4.2701E+06
0000701   1.8206E+07  3.5764E+06 -4.8507E+06
0000702   8.9204E+06  5.8016E+06 -3.6861E+06
0000703   1.7170E+07 -4.8913E+06 -3.4024E+06
0000704   1.1400E+07  6.7883E+06  6.7057E+06
0000705   5.6952E+06 -6.9246E+06 -4.0451E+06
0000706   5.1999E+06 -3.9818E+06 -5.4767E+05
0000707   1.4993E+06 -1.8443E+06 -1.0581E+06
0000708   8.0465E+06  3.6885E+06  2.8549E+06
0000709   1.4363E+07  4.5182E+06 -4.3716E+06
0000710   1.1336E+07 -3.6706E+06 -3.5885E+06
0000711   3.4115E+06  6.4466E+05 -1.5708E+05
0000712   1.6589E+07  7.5392E+06 -6.2805E+05
0000713   7.0801E+06  4.3145E+06  1.8377E+06
0000714   8.3030E+06 -8.2749E+05  3.4388E+05
0000715   5.8741E+06  1.7317E+06 -7.2009E+04
0000716   7.8951E+06 -1.6537E+06 -1.8572E+06
0000717   6.4346E+06 -8.0465E+06  4.0548E+06
0000718   1.5697E+07  8.2151E+06  1.8226E+06
0000719   9.9309E+06 -6.3843E+05 -8.7896E+05
0000720   1.1202E+07  2.4694E+06 -2.5286E+06
0000721   1.0106E+07  7.2176E+06  2.9667E+06
0000722   1.4059E+07 -1.3431E+06  3.4195E+06
0000723   5.9440E+06 -2.5311E+06 -3.1150E+06
0000724   6.9327E+06 -1.1664E+06  1.2697E+06
0000725   1.7474E+07  1.9609E+06  7.3355E+06
0000726   5.1751E+06  7.2770E+05 -3.1363E+06
0000727   8.8445E+06  4.5560E+06 -1.4553E+06
0000728   3.8767E+06 -7.2288E+05 -5.5005E+05
0000729   8.1012E+06 -1.2890E+05 -4.4195E+06
0000730   1.0845E+07 -4.5583E+06  1.4147E+06
0000731   1.0054E+07  6.4106E+06 -5.7845E+05
0000732   4.6460E+06 -7.2305E+05 -4.9724E+05
0000733   1.6122E+07  4.5334E+06 -2.4944E+04
0000734   1.2250E+07  6.7223E+06 -2.3099E+06
0000735   7.7734E+06 -1.8718E+06  3.3845E+06
0000736   6.7720E+06 -2.7060E+06 -5.1375E+06
0000737   1.2781E+07 -3.4797E+06 -4.1591E+06
0000738   2.9871E+06 -7.9004E+05  5.8851E+05
0000739   6.4050E+06  9.6381E+05  3.6260E+06
0000740   9.8193E+06 -5.2837E+06 -4.2128E+06
0000741   4.8992E+06  6.8102E+05 -5.4608E+05
0000742   4.3781E+06  3.7716E+06  2.5206E+06
0000743   1.7595E+07 -6.8456E+06  1.9314E+06
0000744   3.9477E+06 -4.0053E+06  6.5279E+05
0000745   9.4612E+06  2.1649E+06 -5.0435E+06
0000746   5.6428E+06  2.1225E+06 -6.5529E+05
0000747   1.4468E+07 -2.5041E+06 -5.1171E+06
0000748   4.7515E+06 -1.5598E+05 -6.0666E+06
0000749   1.7434E+07  3.8884E+06  4.5975E+06
0000750   1.3126E+07 -2.8233E+05  4.1235E+05
0000751   1.1795E+07 -1.7742E+06 -4.6425E+06
0000752   2.0293E+07  7.0274E+05  3.9914E+06
0000753   9.7711E+06  1.1628E+06 -2.4515E+06
0000754   1.7352E+07  1.5561E+06  1.8113E+06
0000755   8.8177E+06  4.5045E+06 -3.8368E+06
0000756   1.7319E+07  2.5156E+06 -6.1920E+05
0000757   8.6027E+06 -6.5894E+06 -1.4846E+06
0000758   4.7130E+06 -4.3663E+05 -1.7650E+05
0000759   3.3320E+06 -3.8812E+04 -2.6347E+06
0000760   1.5016E+07  2.7810E+06  3.9120E+06
0000761   1.3731E+07 -6.4460E+06  1.6078E+06
0000762   1.8311E+07 -2.1147E+06 -3.9566E+06
0000763   8.1942E+06  2.8193E+06 -1.9746E+06
0000764   8.2242E+06  1.6820E+06  3.4676E+06
0000765   5.9313E+06  2.5891E+06 -3.9967E+06
0000766   1.3227E+07  7.9966E+05 -1.0227E+06
0000767   1.3425E+07 -4.5182E+06 -1.7429E+06
0000768   8.0090E+06 -1.0626E+06  4.1331E+06
0000769   1.6074E+07  6.9056E+05 -1.5752E+05
0000770   8.7184E+06 -2.4522E+06 -1.3875E+06
0000771   4.7115E+06  6.0165E+05 -1.3099E+06
0000772   8.0275E+06  3.9510E+04 -1.8211E+06
0000773   7.5031E+06 -2.7585E+06  9.8895E+05
0000774   9.1559E+06 -5.7900E+06 -1.6870E+06
0000775   1.2111E+07  2.2556E+06 -2.6791E+05
0000776   1.0301E+07  9.2250E+05  7.5800E+05
0000777   9.6809E+06 -1.2484E+06 -5.9370E+06
0000778   8.4047E+06  1.1697E+06 -3.3006E+06
0000779   5.9810E+06 -5.1609E+06  6.7065E+06
0000780   2.0394E+07 -8.8732E+06 -2.2149E+06
0000781   9.1182E+06  2.1721E+06  2.8277E+06
0000782   2.4600E+06  2.0215E+06 -3.1540E+05
0000783   5.9444E+06 -5.3954E+06  3.8250E+06
0000784   9.4842E+06  3.3124E+06  2.2084E+06
0000785   1.0300E+07 -2.0649E+05  2.6107E+06
0000786   1.7070E+07 -6.5787E+06 -5.8362E+05
0000787   8.5736E+06  7.6298E+06  1.5762E+06
0000788   3.3064E+06 -3.5842E+05  2.4434E+06
0000789   4.4181E+06  2.3351E+06  4.5101E+06
0000790   9.8624E+06 -5.4444E+06  1.1311E+06
0000791   3.9867E+06  8.6977E+06  6.4968E+05
0000792   2.1751E+06  1.0569E+05 -4.1182E+06
0000793   7.8987E+06 -2.7930E+06  3.1979E+06
0000794   6.8520E+06 -2.9119E+06  2.7459E+06
0000795   1.1011E+07 -3.9444E+06  2.6742E+06
0000796   5.1360E+06  2.6649E+06  4.4671E+06
0000797   6.2250E+06 -2.2543E+06 -2.2610E+04
0000798   1.1975E+07 -1.0441E+06  3.6635E+06
0000799   1.8971E+06 -1.4119E+06 -1.8346E+06
0000800   1.0665E+06 -1.4369E+06 -1.7942E+05
0000801   1.6056E+07 -4.1707E+05 -1.4045E+06
0000802   8.6558E+06  1.3351E+05 -3.6297E+06
0000803   1.3586E+07 -1.7322E+06 -4.9142E+06
0000804   1.0174E+07 -1.1893E+06 -1.0363E+06
0000805   5.7235E+06  7.3329E+05  9.8302E+05
0000806   9.5721E+06 -1.6324E+06  1.5709E+06
0000807   1.2371E+07  2.5856E+06  1.0649E+07
0000808   1.4386E+07 -2.0158E+06 -7.1413E+06
0000809   1.4714E+07 -5.7211E+06 -4.5672E+06
0000810   2.4584E+06 -4.7084E+04 -8.6952E+06
0000811   5.7985E+06 -3.8931E+05 -1.0558E+07
0000812   6.8722E+06  2.8429E+06 -3.7428E+06
0000813   9.9277E+06  3.6826E+05 -3.0714E+06
0000814   6.9404E+06  3.1838E+06 -1.2233E+06
0000815   9.3728E+06  6.9034E+05  4.1683E+06
0000816   6.6839E+06  4.7159E+05 -2.7430E+06
0000817   1.0569E+07 -1.1239E+06 -7.7019E+06
0000818   1.1762E+07  9.1655E+04 -3.2828E+05
0000819   6.8304E+06 -4.9286E+06 -7.2535E+06
0000820   1.1976E+07 -5.7437E+05 -1.2757E+06
0000821   1.0938E+07  1.5459E+06 -2.3811E+06
0000822   2.3313E+07 -5.8458E+06 -6.5161E+06
0000823   1.4954E+07 -3.1956E+06  1.5666E+06
0000824   7.9621E+06  1.9317E+06  2.8482E+06
0000825   6.5415E+06 -2.6184E+06  1.1469E+06
0000826   5.4931E+06 -2.0466E+06 -1.3379E+06
0000827   7.9217E+06 -3.6977E+06  3.6362E+06
0000828   1.5129E+07  1.7664E+06 -4.4099E+06
0000829   1.4297E+07 -3.4079E+05  7.6969E+05
0000830   8.7494E+05  1.4736E+06 -4.3350E+05
0000831   6.2800E+06  1.5732E+06 -2.4007E+05
0000832   3.9014E+06  1.9957E+06  3.5873E+06
0000833   1.2704E+07  8.5686E+06  4.7268E+05
0000834   7.0248E+06 -1.9096E+06  1.1814E+06
0000835   7.5791E+06  2.8259E+06 -2.3071E+06
0000836   8.6132E+06 -7.3719E+05  1.8163E+06
0000837   9.2845E+06 -7.1580E+05 -2.3151E+06
0000838   9.4574E+06 -8.0737E+06 -7.5848E+06
0000839   1.4956E+07 -2.3692E+06  1.5709E+06
0000840   5.7286E+06  1.5838E+06 -3.7551E+06
0000841   1.0923E+07 -5.4547E+06  3.7871E+06
0000842   1.1223E+07 -4.3522E+05 -4.0200E+06
0000843   1.4384E+07 -6.7734E+06  2.3853E+06
0000844   7.5643E+06  3.2088E+06  4.9308E+05
0000845   1.3584E+07  4.9867E+06 -7.1724E+06
0000846   7.0700E+06  2.3638E+06  2.5470E+06
0000847   1.0143E+07 -5.5386E+06  2.3459E+06
0000848   6.9844E+06  7.7529E+05 -3.7517E+06
0000849   1.0033E+07 -9.7752E+05 -5.6412E+06
0000850   8.3026E+06 -4.6219E+05  2.5754E+06
0000851   8.5024E+06 -2.5472E+06 -1.1944E+06
0000852   5.7816E+06  1.8268E+05 -2.5481E+06
0000853   1.1957E+07  2.6564E+06  6.6872E+06
0000854   9.2945E+06  3.2696E+06  1.3342E+06
0000855   1.4833E+07  1.4242E+06 -6.6730E+06
0000856   4.5663E+06  2.3085E+06  1.3130E+06
0000857   9.9800E+06 -1.0159E+07 -1.0786E+07
0000858   1.7421E+07  5.4945E+06  3.3396E+06
0000859   1.8731E+06 -3.3096E+05  1.0306E+06
0000860   1.1865E+07 -7.1073E+06  2.4978E+05
0000861   1.2114E+07 -2.0306E+06 -1.2673E+06
0000862   1.1830E+07 -3.8786E+06 -5.1318E+06
0000863   4.5320E+06 -1.0119E+06  9.4419E+04
0000864   3.0150E+06  1.9149E+04  2.3435E+05
0000865   1.4360E+06 -9.1853E+05 -2.8372E+06
0000866   1.4158E+07  3.7145E+06  5.5478E+06
0000867   1.3422E+07  1.8214E+05  2.9445E+06
0000868   9.8451E+06 -3.3526E+06  2.3912E+06
0000869   1.2384E+07  4.5487E+06  1.8014E+06
0000870   9.4112E+06  4.4158E+05 -2.4416E+06
0000871   1.0295E+06 -5.9725E+06  4.6202E+05
0000872   1.0597E+07  4.6650E+06  3.1610E+06
0000873   8.2901E+06  3.8308E+06 -1.7774E+05
0000874   9.5355E+06 -3.2516E+06 -1.4148E+06
0000875   6.7231E+06  1.0138E+05 -8.0114E+05
0000876   8.4247E+06  1.8215E+06 -1.5080E+06
0000877   7.3966E+06 -1.9897E+05 -6.6041E+06
0000878   1.4352E+07 -9.6195E+05 -5.5241E+06
0000879   6.5842E+06 -7.8296E+05  6.5972E+05
0000880   8.2710E+06 -3.5944E+05 -8.3793E+05
0000881   9.4434E+06 -2.0254E+06 -2.3817E+06
0000882   8.1585E+06  1.9911E+05 -3.9966E+06
0000883   7.5528E+06 -1.6405E+06  7.2225E+05
0000884   1.1890E+07 -1.7157E+06  9.2112E+05
0000885   6.3125E+06  1.0392E+06  1.3158E+06
0000886   9.5311E+06  2.5826E+05 -3.8396E+05
0000887   9.8030E+06  2.8525E+06  1.5377E+06
0000888   5.5918E+06  1.2515E+06 -5.3099E+05
0000889   5.9877E+06 -2.8659E+06 -9.0757E+04
0000890   1.1476E+07 -4.9564E+06  5.6404E+06
0000891   3.7542E+06 -1.6821E+05 -7.5008E+05
0000892   1.3512E+07  4.2995E+05  2.4201E+06
0000893   6.3524E+06  1.9441E+06 -2.9602E+06
0000894   5.5822E+06 -2.1991E+06  3.5109E+06
0000895   1.5614E+07  5.4362E+06 -1.0097E+06
0000896   8.3115E+06 -6.8218E+06 -1.6449E+06
0000897   1.6842E+07 -2.3945E+06 -3.3993E+06
0000898   2.9432E+06  3.7949E+06  2.5561E+06
0000899   4.7782E+06 -6.8998E+06 -3.0558E+06
0000900   4.7678E+06 -3.8943E+06 -7.4880E+05
0000901   1.2598E+07 -5.3410E+05  1.1709E+07
0000902   1.3015E+07  6.3700E+06 -2.8421E+06
0000903   1.3704E+07  1.5603E+06 -4.1290E+05
0000904   4.4793E+06 -3.9037E+06 -1.6870E+06
0000905   1.0386E+07 -1.5525E+06 -6.3796E+05
0000906   1.1214E+07 -2.0788E+06 -4.1714E+06
0000907   9.4417E+06  3.9110E+06 -4.5748E+05
0000908   1.5249E+07  3.9250E+06  3.0312E+05
0000909   1.1356E+07 -7.2888E+05  3.3807E+06
0000910   7.8472E+06 -6.7005E+05 -1.6966E+06
0000911   8.3073E+06 -2.1185E+06 -2.5719E+05
0000912   7.6137E+06 -1.2766E+06  2.6054E+05
0000913   6.7918E+06  6.6215E+04 -1.1256E+06
0000914   1.3158E+07  2.1372E+06  3.3406E+06
0000915   6.6838E+06  3.9230E+06  3.2833E+06
0000916   9.2575E+06  2.6718E+06 -1.3177E+06
0000917   3.9993E+06 -3.1118E+06 -5.7653E+06
0000918   6.9721E+06  7.2129E+05  1.2119E+06
0000919   7.4436E+06  5.0261E+06 -9.2439E+05
0000920   9.5892E+06  2.0074E+06 -6.1658E+06
0000921   9.0571E+06 -6.6704E+04 -2.8429E+06
0000922   1.4434E+07  3.0375E+06  8.1171E+06
0000923   1.2156E+06  2.4276E+06 -8.4445E+04
0000924   1.7557E+07  1.1316E+06 -6.3096E+06
0000925   8.2277E+06 -1.6672E+06  6.6126E+06
0000926   1.1162E+07 -2.9722E+06 -2.0785E+06
0000927   7.2095E+06  3.1318E+06 -2.9655E+06
0000928   1.4098E+07 -1.0597E+06 -1.6370E+06
0000929   8.6403E+06 -1.0883E+06  1.8518E+06
0000930   6.6005E+06 -7.9166E+06 -3.7717E+06
0000931   4.6678E+06 -1.4462E+06 -2.8651E+06
0000932   1.2991E+07  4.5522E+06 -1.8919E+06
0000933   1.1323E+07 -5.8614E+06 -5.5482E+05
0000934   9.7446E+06 -3.5948E+06 -2.9667E+06
0000935   4.0794E+06 -1.4663E+06  3.4846E+05
0000936   9.0558E+06  9.9281E+05 -4.9639E+06
0000937   5.9379E+06  3.0857E+06  4.8254E+06
0000938   9.6300E+06 -4.7382E+06 -2.0665E+06
0000939   1.0769E+07  2.7768E+06 -3.9996E+06
0000940   1.6605E+07 -4.7696E+06  1.7146E+06
0000941   8.1374E+06 -3.7974E+06  1.3280E+06
0000942   6.1719E+06 -6.4307E+06  2.5062E+06
0000943   1.1858E+07  2.5353E+06  2.4030E+06
0000944   1.0484E+07 -2.6243E+06  6.8425E+06
0000945   4.5810E+06 -3.4419E+06 -3.4799E+06
0000946   1.4083E+07  3.9097E+04  1.8686E+05
0000947   1.6550E+07 -3.4146E+06  2.6550E+05
0000948   1.9932E+06 -1.8340E+06  1.9418E+06
0000949   3.9021E+06 -1.1823E+06 -3.2567E+06
0000950   8.0929E+06 -2.3689E+06 -9.1753E+05
0000951   8.1779E+06  1.1900E+06 -1.2292E+06
0000952   1.5592E+07 -1.3087E+06  1.3203E+06
0000953   8.6352E+06  2.9664E+06  4.3727E+06
0000954   9.0805E+06  4.3559E+06 -1.2643E+06
0000955   4.6532E+06  7.7227E+05  6.1385E+05
0000956   1.3734E+06 -1.1730E+06  1.1185E+06
0000957   6.7590E+06  4.1992E+06 -8.9626E+05
0000958   7.4251E+06 -4.7906E+06  1.2664E+06
0000959   1.0049E+07  3.6800E+05  2.2965E+06
0000960   1.0765E+07 -4.8964E+06  1.1230E+06
0000961   1.6632E+07 -5.9765E+06  1.5309E+06
0000962   4.2568E+06  4.3309E+06  8.6359E+05
0000963   1.2186E+07  3.5985E+06 -1.9377E+05
0000964   7.3234E+06 -1.3674E+05  4.1087E+06
0000965   1.1650E+07  5.7662E+06 -3.4694E+06
0000966   1.0608E+07  1.2485E+07  4.5256E+06
0000967   6.8897E+06  3.2554E+04 -3.6416E+06
0000968   4.1225E+06  1.1508E+06 -1.1638E+06
0000969   9.6696E+06 -5.9752E+06  3.0088E+05
0000970   1.5624E+07  4.1909E+05  1.7003E+05
0000971   2.7122E+06 -3.9998E+06 -4.6463E+06
0000972   5.5233E+06 -1.5982E+06  1.6924E+06
0000973   1.3603E+07 -1.9531E+05  1.5593E+06
0000974   1.2298E+07  2.6850E+06  3.0951E+06
0000975   1.5752E+07 -1.8536E+06 -3.7178E+06
0000977   4.4253E+06 -2.4304E+06  4.4925E+06
0000978   7.8996E+06 -4.2751E+06 -5.9468E+06
0000979   8.9599E+06 -5.4646E+06 -3.3939E+06
0000980   1.3349E+07  4.9494E+05 -1.7405E+06
0000981   1.0481E+07 -4.2194E+06 -2.9682E+06
0000982   1.0020E+07  1.2560E+06 -3.2264E+06
0000983   6.6148E+06  9.5745E+05 -6.1066E+06
0000984   6.8079E+06 -1.8063E+05 -4.8749E+06
0000985   1.3738E+07  7.1276E+05 -2.7178E+06
0000986   1.3336E+07 -1.8753E+06  2.8644E+05
0000987   1.1556E+07 -4.0355E+06 -4.0376E+06
0000988   9.6694E+06  5.7059E+06  2.8626E+06
0000989   6.1202E+06 -3.7391E+06  2.9127E+06
0000990   1.2200E+07  2.1910E+06 -5.1710E+06
0000991   1.1578E+07 -3.8569E+05  9.6696E+05
0000992   6.9962E+06 -1.6076E+06  2.3173E+06
0000993   1.5324E+06 -2.5721E+06 -1.9138E+06
0000994   6.2198E+06  1.8164E+06 -1.6552E+04
0000995   1.3322E+07 -7.1549E+06  1.0390E+06
0000996   8.7051E+06  2.0197E+06  9.1237E+06
0000997   1.1297E+07 -2.4197E+06  9.1563E+05
0000998   7.5309E+06 -6.8056E+05  2.8575E+06
0000999   4.7469E+06  2.1774E+06  3.1618E+06
0001000   1.6249E+07 -4.2891E+05  2.7576E+06
