============================== SRIM-2013.00 ==============================
==============================================================================
====== SRIM Outputs\RANGE_3D.txt : File of Final Ion Positions =====

Ion = Ar (18)   Ion Mass= 039.9620
Energy  = 4714866.E-04 keV
Ion Angle to Surface = 00.0 degrees
==================== TARGET =======================
  Layer # 1 - Layer 1
  Layer # 1 - Bottom Depth=500000.E+03 A
  Layer # 1 - Density =0000.0002 g/cm3
  Layer # 1 -  100 % of Ar
様様様様様様様様様様様様様様様様様様様様様様様様様様
                                            
Ion       Depth  X   Lateral Y   Lateral Z  
Number    (Angstrom) (Angstrom)  (Angstrom) 
-------  ----------- ----------- -----------
0000001   8.7421E+07 -6.7807E+07 -1.6763E+07
0000002   9.1078E+07 -5.6895E+06  6.6304E+07
0000003   7.1193E+07  3.5554E+07  2.5483E+07
0000004   7.1195E+07  1.4396E+07  2.3105E+07
0000005   1.1266E+08  3.7904E+07 -9.2049E+06
0000006   1.1123E+08  7.3922E+06  8.7513E+06
0000007   9.0898E+07  3.4818E+06 -3.5076E+07
0000008   9.5505E+07  1.6982E+07  3.3863E+07
0000009   1.0818E+08  8.7351E+06 -3.8197E+07
0000010   1.2076E+08 -1.6232E+07  5.6362E+07
0000011   1.0498E+08  1.5538E+07  1.7313E+07
0000012   9.7029E+07  3.4707E+07  7.4790E+06
0000013   1.0309E+08  2.9060E+07 -2.2250E+07
0000014   1.3985E+08  8.1633E+06 -6.6640E+06
0000015   5.7343E+07  4.2238E+06 -6.7264E+06
0000016   8.1736E+07  1.9851E+07 -2.2053E+07
0000017   8.8799E+07  1.6827E+07 -2.0622E+07
0000018   1.0178E+08  1.5181E+07 -2.5453E+07
0000019   7.9479E+07  1.5906E+07 -8.0456E+06
0000020   9.4865E+07 -1.7308E+07  1.5677E+07
0000021   9.0127E+07  3.0512E+07 -2.9837E+07
0000022   1.1226E+08  2.8918E+06 -4.6487E+07
0000023   9.5858E+07 -7.8327E+07  1.9408E+07
0000024   7.5408E+07 -4.4906E+07  3.6209E+07
0000025   4.9902E+07 -4.5863E+07 -1.3050E+07
0000026   8.7685E+07  1.9695E+07 -1.0948E+07
0000027   1.0441E+08  2.1285E+07  8.1635E+06
0000028   1.1157E+08  9.5842E+06 -3.3604E+07
0000029   1.2857E+08  4.6746E+07 -2.4110E+07
0000030   1.3149E+08  2.1999E+06  6.7300E+06
0000031   1.1459E+08  7.8894E+05 -4.0620E+07
0000032   1.1279E+08 -8.1808E+06 -2.3568E+07
0000033   1.1110E+08  1.8759E+07  4.2913E+07
0000034   1.2982E+08  2.0806E+07  1.3482E+07
0000035   1.1610E+08  1.9020E+06  2.2552E+07
0000036   1.3047E+08 -5.2179E+07  2.4105E+07
0000037   1.1502E+08  1.7851E+06  8.9083E+06
0000038   1.1013E+08  2.0709E+07 -4.6508E+06
0000039   1.3002E+08  9.6785E+06 -3.4612E+07
0000040   1.1382E+08 -4.8925E+06  9.6148E+06
0000041   1.2444E+08 -1.2816E+07 -2.9881E+07
0000042   1.2958E+08 -3.2352E+07 -9.3548E+06
0000043   9.4552E+07 -2.1970E+05  2.3576E+07
0000044   7.1753E+07  6.0865E+07  6.3565E+05
0000045   1.2771E+08  3.0772E+07  4.7584E+06
0000046   7.6329E+07  2.7010E+06 -3.6474E+07
0000047   1.0302E+08  1.3148E+07 -4.5155E+07
0000048   1.1538E+08  2.7321E+07 -2.8489E+06
0000049   7.6856E+07  3.1097E+07 -8.0611E+06
0000050   9.3360E+07  1.8158E+07  1.9892E+07
0000051   4.8007E+07 -2.4892E+07  2.5155E+07
0000052   7.3015E+07  6.4554E+07 -3.4914E+06
0000053   9.9517E+07  4.4630E+06 -5.7209E+04
0000054   1.0949E+08  7.8915E+06 -1.0247E+07
0000055   1.1544E+08 -4.3195E+07 -2.9112E+06
0000056   1.1333E+08  3.2902E+06  2.2811E+07
0000057   8.0654E+07  3.8851E+07 -1.0688E+07
0000058   1.0709E+08  4.8565E+07 -3.8670E+06
0000059   9.9141E+07  2.2069E+07 -1.6506E+07
0000060   4.1313E+07 -5.5278E+06 -6.1717E+06
0000061   1.1359E+08 -2.2572E+07 -4.0677E+07
0000062   5.8872E+07  6.6518E+06  5.5957E+07
0000063   1.0873E+08 -1.0935E+07  2.9712E+07
0000064   1.2598E+08 -1.6510E+06 -1.2778E+07
0000065   1.1670E+08  3.8332E+06  9.2340E+06
0000066   1.1469E+08 -6.6741E+06  4.7498E+07
0000067   5.1313E+07  2.5694E+07  2.7451E+05
0000068   9.4559E+07  6.0223E+05 -3.6843E+07
0000069   9.5911E+07 -2.7541E+07 -9.5878E+06
0000070   6.0935E+07 -2.6534E+07 -1.6960E+07
0000071   4.8500E+07  5.3059E+07  1.5099E+07
0000072   1.0221E+08 -3.6279E+07  1.7561E+07
0000073   8.1645E+07 -5.8178E+07  3.1347E+07
0000074   1.1213E+08 -9.8319E+06  1.4134E+07
0000075   1.0304E+08  1.1693E+07 -2.3429E+07
0000076   9.3089E+07  3.8934E+07 -2.1747E+07
0000077   8.7813E+07 -3.1035E+07 -4.1688E+07
0000078   1.2639E+08 -3.7634E+07  2.5559E+07
0000079   1.0846E+08 -2.8792E+07  1.7121E+06
0000080   8.7514E+07  1.9825E+06  1.1178E+07
0000081   1.2372E+08 -2.1038E+07 -2.9172E+07
0000082   3.9222E+07 -2.0302E+07  1.9071E+07
0000083   7.7600E+07  4.2898E+07  3.2741E+07
0000084   1.0442E+08  4.2471E+06  5.5060E+07
0000085   9.0804E+07  9.7700E+06  2.2279E+07
0000086   5.3261E+07  6.5414E+07 -6.6216E+06
0000087   6.9323E+07  1.2136E+07 -8.3318E+06
0000088   1.1046E+08  9.7227E+07  1.2966E+07
0000089   4.6078E+07 -5.7095E+07 -4.0810E+07
0000090   1.0556E+08 -2.6689E+07  1.4482E+07
0000091   7.9012E+07 -8.6011E+06  3.0253E+07
0000092   1.4126E+08  1.7890E+07 -2.8150E+07
0000093   9.6788E+07 -1.3798E+07 -3.4086E+07
0000094   9.4465E+07 -4.5188E+07 -4.6499E+07
0000095   1.2903E+08  5.2611E+06 -1.0820E+07
0000096   5.3566E+07 -5.5555E+07 -3.6962E+07
0000097   7.2844E+07 -4.3526E+06  1.6291E+07
0000098   1.2527E+08  3.1809E+06 -1.3571E+07
0000099   1.0783E+08  1.1092E+07 -1.9936E+07
0000100   3.3610E+07 -3.3746E+07  4.7031E+07
0000101   9.7925E+07  5.0019E+07  1.2892E+07
0000102   9.9160E+07 -4.6346E+07  1.1416E+07
0000103   1.3951E+08 -2.0551E+06 -6.0132E+06
0000104   7.4773E+07 -1.5008E+07  3.8174E+07
0000105   8.8222E+07 -3.0582E+07 -2.2387E+06
0000106   9.8813E+07 -2.7129E+07 -3.7207E+06
0000107   6.6899E+07  9.4683E+06  8.0000E+06
0000108   1.3546E+08 -3.0637E+07  1.6921E+07
0000109   9.5905E+07  2.5693E+07 -2.2149E+07
0000110   1.1364E+08  1.3554E+05 -4.1321E+06
0000111   9.9858E+07  7.1175E+06  3.0451E+07
0000112   1.2781E+08  4.7553E+06  2.2653E+07
0000113   8.3106E+07 -3.7793E+07  1.1028E+07
0000114   9.0823E+07 -7.4307E+06  2.9317E+07
0000115   1.0466E+08 -1.6197E+07  1.9745E+07
0000116   7.6514E+07 -2.7261E+06  3.7786E+07
0000117   9.2439E+07  3.8929E+07 -1.5721E+07
0000118   9.8307E+07  8.3400E+06  4.6559E+07
0000119   1.1589E+08 -1.7862E+07  2.3362E+07
0000120   1.1312E+08 -5.1092E+07 -1.8438E+07
0000121   1.0582E+08 -3.8282E+07  3.2316E+07
0000122   9.5090E+07  1.9186E+07  1.7725E+07
0000123   1.2151E+08 -4.3296E+07 -4.6311E+07
0000124   1.1436E+08  3.2008E+07 -1.1664E+06
0000125   1.1265E+08  6.1701E+07  1.6796E+07
0000126   7.6799E+07  2.6447E+07  4.2081E+06
0000127   6.3857E+07 -1.6879E+07  3.2614E+07
0000128   7.3485E+07  2.9127E+07 -7.4012E+06
0000129   6.9301E+07  1.2833E+07 -1.7741E+07
0000130   8.8148E+07  3.9170E+07  1.1608E+07
0000131   8.3769E+07  2.3496E+07  3.4740E+07
0000132   1.0937E+08 -3.8322E+07  9.4196E+06
0000133   1.2618E+08 -8.2856E+06 -4.9534E+07
0000134   1.3744E+08  1.2204E+07  1.5672E+07
0000135   6.8708E+07  9.0084E+06 -2.7256E+07
0000136   6.5056E+07  5.8770E+06  1.4662E+07
0000137   7.3315E+07 -3.5139E+07  1.3461E+07
0000138   1.1960E+08  4.9765E+07  4.4986E+06
0000139   1.3377E+08 -6.4650E+06  1.7367E+07
0000140   6.1012E+07  5.1450E+07  3.8289E+06
0000141   7.5725E+07  6.9810E+07  4.2382E+07
0000142   5.5263E+07 -4.6695E+07 -6.9967E+07
0000143   9.1767E+07  3.6570E+07  2.2351E+07
0000144   1.1476E+08 -2.8352E+07  2.6662E+06
0000145   9.9460E+07 -3.9823E+07  9.6311E+06
0000146   1.1740E+08 -1.8696E+07  4.3661E+07
0000147   1.2570E+08 -8.9227E+06 -3.7736E+07
0000148   6.6494E+07  1.9698E+06 -1.3254E+07
0000149   1.1312E+08 -6.2345E+07  6.2769E+07
0000150   8.7091E+07  1.0715E+07  2.3887E+07
0000151   8.8949E+07 -4.8723E+07 -4.5208E+07
0000152   6.3741E+07  2.6356E+07 -1.4031E+07
0000153   9.3072E+07 -1.0745E+07  1.5485E+07
0000154   8.3262E+07  2.0787E+07  3.0538E+07
0000155   9.7088E+07 -7.7395E+06  2.9304E+07
0000156   1.2360E+08 -2.9963E+06 -3.4157E+07
0000157   9.9266E+07  4.7549E+07 -1.8204E+07
0000158   1.0354E+08  1.0139E+07  4.0039E+06
0000159   5.6174E+07 -3.4167E+06  8.3576E+06
0000160   6.6311E+07 -1.4396E+07 -7.5425E+06
0000161   1.3146E+08  2.6558E+07  9.2733E+06
0000162   5.2156E+07  1.4989E+05 -1.8269E+06
0000163   3.9639E+07 -6.9021E+06 -1.2018E+07
0000164   1.0138E+08 -2.8550E+07 -3.3222E+07
0000165   4.3597E+07  3.9458E+07  2.1559E+07
0000166   6.3371E+07  6.4592E+07 -1.5635E+07
0000167   8.5854E+07  1.0737E+07  3.6764E+07
0000168   1.0996E+08 -7.6458E+06 -4.6204E+07
0000169   5.8270E+07 -2.7874E+07  4.8142E+07
0000170   8.1729E+07 -1.2913E+06 -5.3070E+07
0000171   1.0984E+08 -3.0914E+06 -1.4217E+06
0000172   5.9444E+07 -9.1034E+06 -1.4679E+07
0000173   4.0805E+07 -6.0611E+06  2.1012E+06
0000174   8.2820E+07  1.0359E+07  8.3329E+06
0000175   9.5838E+07 -8.3407E+06 -2.2118E+07
0000176   1.1566E+08  1.6889E+07 -5.9365E+06
0000177   1.0093E+08 -2.4825E+07  1.3061E+06
0000178   1.1762E+08 -2.7626E+07  2.0076E+07
0000179   1.1780E+08 -4.9885E+07  2.0201E+07
0000180   8.9854E+07  1.0447E+07  4.5301E+07
0000181   9.0541E+07 -4.8513E+07  1.4083E+07
0000182   7.7864E+07  4.3212E+07 -4.1948E+07
0000183   1.3002E+08  2.0614E+07  8.8419E+06
0000184   1.1552E+08  5.6997E+07  1.2993E+07
0000185   8.2763E+07 -1.1786E+07  2.6731E+07
0000186   9.6485E+07  3.5591E+07  1.3908E+07
0000187   1.2083E+08  1.5331E+07  4.6974E+06
0000188   1.1955E+08  2.9527E+07  3.5472E+07
0000189   1.0309E+08 -1.3045E+07 -3.5257E+07
0000190   8.3044E+07  1.9870E+07  2.8649E+07
0000191   1.0692E+08 -2.5871E+07 -2.1411E+07
0000192   1.0630E+08  1.4189E+07 -2.8585E+07
0000193   5.9736E+07  2.6458E+07  1.0640E+07
0000194   8.7934E+07  3.9016E+07 -2.8664E+07
0000195   1.0295E+08  1.7699E+07 -3.9291E+07
0000196   7.2081E+07 -8.6837E+06 -2.6919E+07
0000197   1.2401E+08 -3.6997E+07 -2.0146E+07
0000198   8.5311E+07  6.7461E+07  6.5679E+05
0000199   5.2635E+07  1.3914E+07  6.2189E+07
0000200   9.7889E+07  1.4258E+07  4.4849E+07
0000201   5.5144E+07 -4.2598E+07  2.3729E+07
0000202   1.0213E+08  1.1691E+07 -3.4453E+07
0000203   7.6808E+07 -6.0930E+06 -1.3462E+06
0000204   1.3697E+08 -3.0741E+07 -4.3498E+07
0000205   9.4569E+07 -2.9698E+07 -3.1557E+07
0000206   9.4616E+07  5.8562E+06 -9.1841E+06
0000207   8.2677E+07  4.4353E+06  3.2734E+07
0000208   8.5774E+07 -5.6720E+06 -2.7729E+07
0000209   5.3234E+07 -2.7357E+07 -2.7920E+07
0000210   9.9906E+07  3.0113E+07 -4.7643E+07
0000211   6.4529E+07 -4.5617E+07  6.8769E+06
0000212   4.6252E+07 -1.7542E+06 -2.7816E+06
0000213   1.4184E+08 -1.7013E+07 -1.1039E+07
0000214   9.9279E+07 -4.8803E+07  3.2925E+07
0000215   1.0428E+08  1.9478E+07 -3.3908E+07
0000216   1.0685E+08  2.1695E+07  2.2929E+07
0000217   3.0263E+07 -3.9976E+07 -2.3438E+06
0000218   4.0423E+07  1.7498E+07 -2.1068E+07
0000219   8.6941E+07  1.7894E+07  1.8680E+07
0000220   6.9880E+07 -8.2751E+06 -3.0808E+07
0000221   5.4194E+07 -3.0635E+07 -3.0417E+07
0000222   1.0976E+08  1.9051E+07 -2.7417E+07
0000223   1.2835E+08  1.7722E+07 -9.9971E+06
0000224   8.2777E+07 -2.9728E+07 -4.7581E+06
0000225   4.9872E+07 -1.7876E+07 -1.7387E+07
0000226   7.2876E+07  2.9032E+07  6.0753E+07
0000227   6.5330E+07  5.3720E+06  1.7669E+07
0000228   5.8549E+07 -3.9280E+06  7.0091E+06
0000229   8.7283E+07 -1.1705E+07  6.4157E+05
0000230   6.0486E+07 -3.6742E+07  1.2320E+06
0000231   6.7725E+07  3.6571E+07 -1.9378E+07
0000232   8.1951E+07  1.9433E+07  2.9743E+07
0000233   1.0041E+08  4.8193E+07  1.6242E+07
0000234   1.2004E+08 -6.4126E+06  2.5744E+07
0000235   8.9395E+07  1.6986E+07  1.0786E+07
0000236   9.4376E+07 -6.4400E+07  3.8180E+07
0000237   2.3331E+07 -1.1286E+07 -6.8776E+06
0000238   8.5162E+07  4.3107E+06  6.0485E+07
0000239   1.2278E+08 -1.0053E+07  2.1827E+07
0000240   7.2337E+07  4.3124E+07  1.4806E+07
0000241   6.4045E+07 -2.7966E+07  4.7670E+07
0000242   7.6594E+07 -1.0460E+07 -2.8984E+07
0000243   9.4334E+07 -3.0881E+07 -1.2669E+07
0000244   1.0853E+07 -4.6160E+07  8.7927E+06
0000245   8.2828E+07  7.3633E+06  2.9484E+07
0000246   7.8754E+07  2.6915E+07  2.9989E+06
0000247   1.2181E+08 -4.7541E+07  8.6054E+06
0000248   9.0434E+07  1.5111E+07  1.6333E+07
0000249   4.5717E+07  3.5043E+07 -3.3870E+06
0000250   8.3740E+07  7.4109E+05  9.1952E+06
0000251   1.0966E+08  2.1592E+07  4.9342E+06
0000252   1.4138E+08  7.4606E+06 -2.3815E+07
0000253   5.5609E+07 -1.7278E+07 -2.5917E+07
0000254   1.0832E+08 -2.5639E+07  2.9323E+07
0000255   1.0887E+08 -4.7318E+07  7.9568E+06
0000256   9.5337E+07 -2.3365E+07  2.5390E+07
0000257   7.3146E+07 -8.9723E+06  2.9282E+07
0000258   8.3403E+07  5.1564E+07  1.2352E+07
0000259   8.4753E+07  1.2336E+07  2.2864E+07
0000260   1.0871E+08 -5.4619E+06  1.2222E+07
0000261   1.4143E+08  2.9602E+07  1.3700E+07
0000262   1.3662E+08  8.6157E+06 -6.9915E+06
0000263   1.3921E+08 -2.4320E+07  9.6099E+06
0000264   9.9357E+07 -3.4016E+06 -4.7721E+06
0000265   9.8874E+07 -5.5942E+07  1.9232E+07
0000266   7.5301E+07 -4.7117E+06  4.9320E+07
0000267   1.0136E+08 -1.7701E+07  1.8797E+07
0000269   1.2022E+08 -1.2958E+07  2.1350E+07
0000270   9.4900E+07 -3.7562E+07  2.4806E+05
0000271   1.0685E+08  5.3664E+07 -2.3055E+07
0000272   8.8018E+07  2.8061E+07 -7.6869E+06
0000273   1.0600E+08  3.8875E+06  6.5537E+07
0000274   7.7303E+07  2.0128E+07 -7.5686E+06
0000275   9.4535E+07  1.7805E+07 -1.3661E+07
0000276   8.1023E+07 -4.0931E+06  3.1999E+07
0000277   7.2259E+07 -2.8305E+06  1.6618E+07
0000278   4.6024E+07 -1.5913E+07 -6.2752E+06
0000279   8.1450E+07 -3.9593E+07 -1.0598E+07
0000280   7.8342E+07 -2.8579E+07 -1.1714E+07
0000281   2.8617E+07 -1.5720E+07 -1.7675E+06
0000282   6.6989E+07  4.9488E+07  1.8870E+07
0000283   9.5995E+07  3.0105E+07 -5.1830E+06
0000284   1.2756E+08  2.5659E+07 -1.5162E+07
0000285   1.4296E+08  7.2910E+06  3.1008E+07
0000286   4.3497E+07 -5.7535E+06 -5.8790E+06
0000287   6.8614E+07  1.1198E+06  4.9644E+07
0000288   6.6630E+07 -1.4993E+06 -9.1469E+06
0000289   1.1234E+08  4.1203E+07 -3.3392E+07
0000290   1.0577E+08  1.0331E+07  6.5066E+06
0000291   9.9555E+07  8.9964E+06 -1.3510E+07
0000292   1.1302E+08  3.5459E+07 -2.6345E+07
0000293   9.1917E+07 -6.9469E+07 -8.9458E+06
0000294   6.4549E+07  3.1877E+07  2.0444E+07
0000295   1.2065E+08 -7.0480E+07 -1.2047E+07
0000296   1.0552E+08 -9.3843E+06  1.4319E+07
0000297   1.0210E+08 -2.9802E+07 -6.1368E+06
0000298   1.1994E+08  9.1206E+06  2.8929E+07
0000299   1.5173E+08  1.5149E+07 -2.7014E+07
0000300   1.2070E+08 -4.6130E+06  3.5460E+07
0000301   6.7105E+07 -7.3800E+07  2.4950E+07
0000302   8.6996E+07 -4.2316E+07 -1.0897E+07
0000303   1.0485E+08 -1.4154E+07 -3.0207E+06
0000304   1.0932E+08 -6.9203E+07 -1.0784E+07
0000305   1.3073E+08 -1.2233E+07 -1.4365E+07
0000306   1.2766E+08 -2.4620E+07  1.4611E+07
0000307   8.6837E+07  3.8923E+06  3.9261E+07
0000308   6.3270E+07  1.6999E+07  2.1903E+07
0000309   1.1936E+08 -6.9917E+07 -1.1334E+07
0000310   6.9995E+07  6.5849E+06  3.7397E+07
0000311   1.1878E+08  2.9047E+07 -2.5072E+07
0000312   9.4278E+07 -5.3050E+07  8.3094E+06
0000313   1.2069E+08  2.7831E+07 -1.8494E+07
0000314   6.6912E+07  3.9049E+07 -1.2384E+07
0000315   1.3865E+08  1.1423E+07  2.9507E+06
0000316   9.6366E+07  2.3778E+07 -3.0756E+07
0000317   9.2551E+07 -1.1792E+07  1.1870E+07
0000318   6.2175E+07  1.2931E+07  1.3119E+07
0000319   3.7140E+07 -2.0322E+07  4.2301E+07
0000320   1.3982E+08  2.3546E+07 -8.1240E+06
0000321   4.5948E+07 -2.3289E+07  1.9883E+07
0000322   1.9297E+07 -1.1703E+06  1.1377E+07
0000323   9.6919E+07 -1.8896E+07  7.1310E+06
0000324   9.0286E+07 -2.7856E+07 -1.9364E+07
0000325   1.1057E+08  7.5868E+06  9.2763E+06
0000326   6.3162E+07 -3.4543E+07 -5.9746E+07
0000327   1.3141E+08 -8.6428E+06  4.8193E+07
0000328   8.6483E+07 -1.2241E+07 -1.0585E+07
0000329   6.9067E+07  1.8864E+07  1.1289E+07
0000330   1.1711E+08  1.4051E+07 -1.6374E+07
0000331   6.9738E+07 -1.5975E+06 -5.4813E+06
0000332   1.1245E+08  5.6954E+07 -2.9503E+05
0000333   1.1562E+08  3.6933E+07 -1.0147E+07
0000334   1.1608E+08 -2.6546E+07  2.9326E+07
0000335   9.8298E+07 -2.0152E+07  6.6930E+07
0000336   1.0840E+08 -4.3315E+07 -8.8015E+06
0000337   7.6906E+07  3.0728E+06  1.3409E+07
0000338   1.0034E+08 -5.7226E+07  3.0106E+07
0000339   1.0109E+08 -7.2873E+07 -2.8587E+07
0000340   8.7261E+07  3.8820E+06 -6.3948E+06
0000341   1.2028E+08 -4.0162E+05 -1.7946E+07
0000342   1.5715E+08  7.0184E+07  2.4726E+07
0000343   7.1783E+07 -1.1586E+07 -4.9114E+07
0000344   9.9340E+07 -9.9923E+06 -1.1954E+07
0000345   1.0953E+08  5.5447E+07  1.0055E+07
0000346   5.4147E+07 -3.0466E+06  1.0295E+07
0000347   5.8272E+07 -2.7267E+07 -2.6449E+07
0000348   1.0431E+08  3.3165E+07 -1.7608E+07
0000349   4.3032E+07  2.1728E+07  2.6420E+07
0000350   1.1365E+08  1.5962E+07 -1.3959E+07
0000351   7.3971E+07 -4.9555E+06 -4.4896E+07
0000352   1.3516E+08  9.7040E+06  1.0104E+06
0000353   1.0737E+08 -7.0168E+06  2.7217E+06
0000354   3.4494E+07  4.2920E+07  5.1462E+07
0000355   1.4294E+08  2.7602E+07 -3.9270E+07
0000356   1.2261E+08 -3.7300E+07  2.4505E+06
0000357   8.3634E+07  1.4736E+07  4.3355E+07
0000358   1.1348E+08  2.2017E+07 -5.0322E+07
0000359   7.5605E+07  2.0806E+07 -3.1818E+07
0000360   1.1324E+08 -3.0371E+07 -5.1492E+07
0000361   6.8915E+07  2.1223E+06 -8.9549E+06
0000362   8.8889E+07 -2.1007E+07 -2.8298E+07
0000363   1.2006E+08  2.0533E+07  5.7253E+06
0000364   4.7477E+07 -2.5286E+07 -2.7211E+07
0000365   1.1636E+08  5.8917E+06  9.4587E+06
0000366   1.4456E+08  2.9702E+07  1.6217E+06
0000367   6.9079E+07 -2.3451E+07 -2.6735E+05
0000368   1.0600E+08  5.0249E+07 -1.3511E+07
0000369   1.4095E+08 -3.1956E+06 -9.5755E+04
0000370   1.1651E+08  2.1193E+07 -1.1271E+06
0000371   9.2042E+07 -1.9431E+06  3.7934E+07
0000372   7.8777E+07  2.0064E+06  1.9342E+07
0000373   8.4806E+07  3.2146E+07  2.9263E+06
0000374   1.0271E+08  3.3621E+07  3.4812E+06
0000375   8.9034E+07 -2.0690E+07 -3.5171E+07
0000376   3.4317E+07  6.2459E+07  5.7035E+06
0000377   6.6981E+07 -5.9350E+06  1.5554E+07
0000378   3.2277E+07 -4.6453E+07  8.2667E+07
0000379   8.4690E+07 -5.0428E+06  1.0861E+07
0000380   1.2301E+08  3.4006E+06 -9.3985E+05
0000381   1.3724E+08 -2.7037E+07 -1.0748E+07
0000382   9.1267E+07  2.8255E+06 -2.0300E+07
0000383   1.1301E+08  2.3297E+06 -6.0652E+06
0000384   5.0697E+07 -3.1835E+07 -1.7879E+06
0000385   1.1951E+08  1.6208E+07  3.6958E+06
0000386   6.8428E+07 -1.4983E+07 -2.3415E+07
0000387   1.1080E+08  2.8641E+07  4.5150E+06
0000388   4.7235E+07  3.0565E+07  6.8704E+07
0000389   1.2949E+08  2.2390E+07 -9.8668E+06
0000390   1.3480E+08  1.8009E+07 -1.6055E+07
0000391   9.2565E+07  3.5471E+06  2.7839E+07
0000392   1.3104E+08  4.9092E+06 -1.6385E+06
0000393   6.2915E+07 -9.2519E+06  3.4577E+07
0000394   4.8694E+07 -2.0445E+05  1.2077E+07
0000395   9.1285E+07  5.0480E+07 -4.8386E+07
0000396   9.3658E+07  4.2319E+06  4.1358E+07
0000397   9.9537E+07 -1.0910E+07  9.2267E+06
0000398   1.2007E+08 -4.8223E+06  5.2505E+07
0000399   1.2976E+08  1.6138E+07  1.9015E+07
0000400   1.0064E+08 -6.0762E+07  3.6839E+06
0000401   1.1170E+08  1.5650E+07 -5.6295E+06
0000402   8.0949E+07  3.1013E+07  4.3191E+07
0000403   4.7770E+07 -1.0314E+07  5.8874E+05
0000404   7.2341E+07 -2.8787E+07  1.0292E+07
0000405   1.2031E+08 -2.3875E+07  2.8309E+07
0000406   9.9254E+07  2.4785E+07  2.4065E+07
0000407   1.3906E+08 -1.4940E+07 -4.7511E+06
0000408   8.6500E+07 -1.2914E+07  6.3464E+07
0000409   8.9469E+07  2.6291E+07 -3.3492E+07
0000410   5.6689E+07 -1.3716E+07  1.5192E+07
0000411   5.4634E+07 -4.7301E+07 -1.5731E+07
0000412   9.7147E+07  4.0201E+07  2.0176E+07
0000413   1.4444E+08 -2.1235E+07  3.9875E+07
0000414   1.3830E+08  1.4046E+07  1.4147E+07
0000415   8.7844E+07 -5.5617E+06 -1.3909E+07
0000416   9.6860E+07 -7.6561E+07 -4.7884E+04
0000417   8.2773E+07 -1.4366E+07  2.7321E+06
0000418   6.2102E+07  2.2756E+07 -5.4222E+07
0000419   6.5389E+07  2.1605E+07  3.6709E+07
0000420   1.3202E+08  1.4264E+07  8.0125E+07
0000421   9.8971E+07 -1.2508E+07  1.7443E+07
0000422   7.0225E+07 -5.2591E+07  4.4005E+07
0000423   1.1474E+08 -3.8676E+07 -7.5339E+06
0000424   1.1615E+08  5.2005E+06  2.6757E+07
0000425   7.1561E+07 -3.5648E+07 -3.3277E+07
0000426   1.1187E+08 -6.8051E+06  5.2089E+07
0000427   9.5683E+07 -1.7904E+07  1.7970E+07
0000428   1.1022E+08  4.7780E+05  2.6762E+07
0000429   6.6762E+07  1.0120E+05 -1.5698E+07
0000430   1.0046E+08  1.0635E+07  8.3271E+06
0000431   1.0491E+08  9.6104E+06  1.7296E+07
0000432   1.2401E+08  5.5270E+06 -1.9405E+07
0000433   8.3647E+07  1.6947E+07 -6.8928E+07
0000434   9.6971E+07  4.1680E+07 -3.7651E+07
0000435   7.3821E+07 -2.8858E+07  3.0357E+06
0000436   7.8926E+07 -1.5374E+07  2.5798E+07
0000437   1.1210E+08  1.9060E+06  4.2022E+07
0000438   1.0831E+08 -7.6519E+06 -3.9796E+07
0000439   7.8861E+07  3.4651E+06  2.6292E+07
0000440   9.2991E+07  1.5547E+07 -9.1732E+06
0000441   7.7174E+07  5.7439E+05 -2.2466E+07
0000442   6.2700E+07 -6.3761E+07 -1.2164E+07
0000443   1.0212E+08  4.6064E+07 -7.4503E+06
0000444   7.9356E+07  1.2180E+07  7.6190E+06
0000445   8.1643E+07 -5.1089E+07 -4.7871E+07
0000446   9.5870E+07  4.4095E+06 -1.9811E+07
0000447   9.8614E+07  2.4435E+07  3.5993E+06
0000448   7.5925E+07 -4.0864E+07 -1.5542E+07
0000449   1.2439E+08 -2.9209E+07 -1.1291E+07
0000450   1.0572E+08 -7.5141E+06  3.0377E+06
0000451   4.6524E+07  1.4429E+07  1.1308E+07
0000452   1.2009E+08 -1.9965E+07 -2.3179E+07
0000453   6.8127E+07 -1.8682E+07  2.7462E+07
0000454   1.1558E+08  1.9949E+07  2.5249E+06
0000455   7.9033E+07  7.7117E+06 -3.0522E+07
0000456   4.8942E+07 -1.4126E+07  2.2737E+07
0000457   1.3242E+08  1.4915E+07  1.1269E+07
0000458   6.2465E+07 -1.3783E+07  1.9295E+07
0000459   4.9833E+07 -3.3255E+07  3.2644E+06
0000460   1.0926E+08  3.5243E+07 -1.2180E+06
0000461   1.4233E+08  1.1391E+07 -1.4197E+07
0000462   9.0286E+07  3.1312E+07 -4.1117E+06
0000463   1.1002E+08 -2.4332E+07 -9.0665E+06
0000464   1.2495E+08 -8.2462E+06 -9.2776E+06
0000465   1.2486E+07 -2.8689E+07 -2.1770E+07
0000466   7.4491E+07  3.1003E+07 -6.5043E+07
0000467   7.1368E+07  4.9442E+06 -2.0632E+07
0000468   9.3901E+07 -4.7374E+07  2.7150E+07
0000469   8.4145E+07  3.0115E+07  1.0416E+07
0000470   1.1718E+08  3.3184E+07  6.2319E+07
0000471   1.1989E+08 -2.8294E+07  1.4679E+07
0000472   5.8967E+07 -1.2733E+07  1.7464E+07
0000473   6.1972E+07 -4.0230E+07 -2.5202E+07
0000474   1.1084E+08 -4.5954E+07 -5.2254E+06
0000475   1.2776E+08  1.4293E+07 -2.4469E+07
0000476   1.2105E+08  1.6818E+07  2.2152E+07
0000477   1.0014E+08  1.4964E+07  1.7915E+07
0000478   1.0898E+08  9.1567E+06  6.3843E+07
0000479   1.0148E+08 -2.7332E+07 -2.6873E+07
0000480   8.9504E+07  5.0363E+07 -2.0880E+07
0000481   6.5914E+07  2.6869E+07  4.2328E+07
0000482   1.0888E+08 -2.1225E+07  2.0220E+07
0000483   1.0212E+08 -1.6361E+07 -3.4271E+07
0000484   9.7845E+07 -2.0764E+07 -7.8851E+06
0000485   8.1685E+07 -2.3155E+07  3.3460E+07
0000486   1.0008E+08 -2.3012E+07 -1.3660E+05
0000487   1.1567E+08 -3.8294E+07 -5.7012E+07
0000488   1.2300E+08 -9.7752E+06 -3.4308E+07
0000489   6.5030E+07  2.6254E+07 -2.8627E+07
0000490   1.0737E+08  2.0211E+07 -1.2650E+07
0000491   5.9118E+07 -1.4304E+07  4.8093E+07
0000492   1.2650E+08 -1.0281E+07 -2.6232E+07
0000493   8.9347E+07  4.7237E+07 -4.7814E+07
0000494   6.6130E+07 -4.2590E+07  1.7090E+07
0000495   3.8137E+07  6.3335E+06 -3.3347E+06
0000496   1.1021E+08  2.5234E+06 -2.9626E+07
0000497   1.2899E+08  1.9716E+07  3.2741E+07
0000498   5.6492E+07 -4.1432E+07  6.4611E+07
0000499   1.1049E+08 -2.4751E+07 -4.1908E+07
0000500   6.8956E+07  1.4041E+07  1.9680E+07
0000501   1.1349E+08  3.5579E+07 -1.5587E+07
0000502   1.0081E+08 -1.7351E+06  3.2290E+05
0000503   8.9044E+07 -2.2180E+07 -3.2800E+07
0000504   1.3047E+08  2.6852E+05 -1.5819E+06
0000505   6.5380E+07 -1.0082E+07  2.0316E+07
0000506   5.0706E+07 -2.9335E+07 -3.3079E+07
0000507   1.2076E+08  3.9300E+06 -2.3614E+07
0000508   1.1445E+08  2.9933E+07 -2.4288E+07
0000509   8.4090E+07  1.0474E+07 -1.7542E+07
0000510   1.0433E+08  1.6833E+07  1.2411E+07
0000511   5.2617E+07  3.4350E+07 -8.1514E+06
0000512   8.7003E+07 -6.4873E+06 -6.5076E+07
0000513   6.8243E+07  2.9837E+07  1.3113E+07
0000514   1.1609E+08 -3.1139E+07 -2.0789E+07
0000515   1.0457E+08  1.5496E+06  2.2528E+07
0000516   6.4703E+07 -1.1653E+07 -4.9792E+05
0000517   8.3067E+07 -5.3155E+07  5.1165E+07
0000518   1.3575E+08  6.9384E+06 -1.3224E+07
0000519   1.1415E+08  7.3630E+07  9.6250E+06
0000520   1.0388E+08 -4.1453E+07  1.2536E+07
0000521   8.1101E+07  6.5840E+06  1.4014E+07
0000522   1.4913E+08 -1.1874E+07  2.4136E+07
0000523   1.0078E+08 -4.0154E+07 -2.5316E+06
0000524   8.8451E+07 -2.3512E+07  5.8603E+06
0000525   1.3570E+08  1.0087E+07  7.1691E+07
0000526   9.7143E+07 -2.4584E+07 -2.0352E+07
0000527   2.5357E+07 -9.7358E+06  1.4890E+07
0000528   1.3639E+08  9.2089E+06 -2.6939E+07
0000529   2.6553E+07 -2.4179E+07  4.2827E+07
0000530   1.3380E+08  4.9816E+07  1.8367E+06
0000531   5.3225E+07 -3.7561E+07  2.2391E+07
0000532   1.0485E+08  2.5620E+07 -3.2908E+07
0000533   3.2899E+07  2.1831E+06 -3.0868E+07
0000534   4.5628E+07  1.1622E+07 -8.7034E+06
0000535   1.2840E+08  8.5027E+06 -2.1024E+07
0000536   8.0754E+07 -1.8936E+07 -1.6324E+07
0000537   1.1036E+08  1.1352E+07 -2.4590E+06
0000538   1.1182E+08 -2.2540E+07  4.9409E+05
0000539   1.0233E+08 -4.4876E+06 -2.6389E+07
0000540   8.0190E+07 -4.9154E+06 -2.3437E+07
0000541   7.5382E+07 -2.7815E+07 -3.8731E+07
0000542   4.5551E+07  1.3270E+07  1.7961E+07
0000543   1.2032E+08 -9.4491E+05 -3.6911E+07
0000544   1.2620E+08  4.8925E+07  1.1087E+07
0000545   7.2459E+07  3.7661E+07  6.2069E+07
0000546   6.2318E+07  5.7211E+07 -9.4154E+06
0000547   1.2378E+08 -1.5752E+06 -1.0190E+07
0000548   7.3822E+07 -4.3087E+07 -5.8767E+07
0000549   1.1191E+08  3.2890E+06 -2.4132E+07
0000550   1.1728E+08 -1.5560E+07  6.1701E+07
0000551   4.0858E+07 -2.3099E+07  2.4101E+07
0000552   5.4458E+07  1.1648E+07  4.6650E+06
0000553   8.1059E+07  1.4262E+07 -4.2685E+07
0000554   1.1647E+08 -1.8505E+07 -8.4435E+06
0000555   9.7851E+07 -3.8828E+06  4.7546E+07
0000556   1.3919E+08  4.7470E+06  2.0514E+07
0000557   8.7142E+07  2.4233E+07 -2.5996E+06
0000558   9.3469E+07  2.6774E+05  2.3833E+06
0000559   8.4311E+07  6.5676E+06 -9.1174E+06
0000560   6.4380E+07 -1.6513E+07  4.7900E+07
0000561   5.0532E+07 -6.7828E+06  2.3332E+07
0000562   1.1579E+08  1.1727E+07 -4.0233E+07
0000563   9.1255E+07 -2.0308E+07 -9.8748E+06
0000564   8.1105E+07 -3.2883E+07  2.6165E+07
0000565   1.0110E+08  5.3324E+07 -1.2452E+07
0000566   9.9161E+07 -3.2857E+07 -2.5015E+06
0000567   1.0675E+08 -4.5551E+07 -3.8928E+07
0000568   6.8876E+07  6.7072E+06  7.6203E+06
0000569   1.0473E+08 -1.7039E+07 -1.2082E+06
0000570   1.1440E+08 -3.3053E+07 -9.0274E+06
0000571   1.1449E+08  1.5873E+07 -2.4605E+07
0000572   9.3592E+07 -3.1665E+07 -1.4658E+07
0000573   7.8137E+07 -9.9408E+06  7.0474E+06
0000574   9.0302E+07 -2.6305E+07  5.5685E+06
0000575   1.1682E+08  2.2164E+07 -6.5408E+06
0000576   1.5383E+08  1.2459E+07  3.1158E+06
0000577   7.6683E+07  9.9766E+06 -1.8480E+07
0000578   1.2630E+08  6.1119E+06  2.8201E+07
0000579   1.1517E+08  1.3892E+07  1.3121E+07
0000580   6.6815E+07 -5.8011E+07 -8.3107E+06
0000581   1.1432E+08 -2.5329E+06  1.0268E+07
0000582   1.3562E+08  3.3674E+07 -1.0352E+07
0000583   1.0814E+08  3.1035E+07  6.3491E+06
0000584   1.2643E+08 -9.2694E+06 -1.4936E+07
0000585   1.0749E+08 -5.6622E+07  7.0485E+06
0000586   1.0514E+08  1.9101E+07  6.5166E+07
0000587   9.7309E+07 -2.8437E+07 -1.7011E+07
0000588   9.9933E+07 -1.8822E+07  4.3760E+07
0000589   9.9950E+07  1.5303E+07 -8.2083E+06
0000590   7.3112E+07  5.2026E+07 -9.0335E+06
0000591   1.1494E+08 -4.0375E+06 -2.9931E+07
0000592   7.9495E+07 -2.6932E+07  8.7837E+06
0000593   6.5754E+07  3.1947E+07 -2.9476E+06
0000594   5.6717E+07  3.9194E+07 -8.7613E+06
0000595   1.2250E+08 -1.5393E+07  6.4557E+06
0000596   1.0629E+08  3.6613E+07  3.2365E+07
0000597   1.1798E+08  2.6253E+07  2.9389E+07
0000598   1.5044E+07 -2.1546E+07  8.2518E+06
0000599   8.5265E+07  1.5579E+07 -4.3758E+06
0000600   1.1787E+08  2.2890E+07  3.9320E+06
0000601   1.2147E+08 -1.9337E+07 -2.6506E+07
0000602   1.0966E+08 -3.2883E+07 -4.3832E+07
0000603   9.4398E+07  3.1527E+07 -3.1700E+06
0000604   8.6530E+07 -2.5734E+07  4.9613E+07
0000605   6.0728E+07  2.5775E+07  2.0143E+07
0000606   1.0478E+08  4.1029E+06 -1.1895E+07
0000607   4.2436E+07  6.7769E+06 -1.3712E+06
0000608   1.4375E+08 -4.6610E+07  2.1043E+07
0000609   1.2864E+08  1.0880E+07 -2.1934E+07
0000610   6.6816E+07  5.1333E+07  2.0786E+07
0000611   8.1275E+07 -3.8663E+07  2.0840E+07
0000612   1.0426E+08 -3.9510E+07 -6.1647E+07
0000613   8.9392E+07 -3.2429E+07 -1.4993E+07
0000614   1.1617E+08 -2.9005E+07 -4.8606E+05
0000615   6.6470E+07  1.6646E+07  2.0430E+07
0000616   4.1043E+07 -1.7221E+06 -2.3841E+07
0000617   1.0418E+08 -1.6677E+07 -3.4930E+07
0000618   1.1154E+08  5.6539E+06  7.2702E+06
0000619   1.1113E+08 -2.4227E+07 -5.8427E+06
0000620   7.9116E+07  2.7595E+07  4.0773E+07
0000621   1.2406E+08  1.9115E+06 -6.8323E+06
0000622   9.7435E+07  1.1808E+07  1.7120E+07
0000623   9.1646E+07  5.1090E+06 -2.6517E+07
0000624   1.1643E+08  1.7246E+07  3.8941E+07
0000625   1.1854E+08 -2.9337E+06  4.7937E+06
0000626   9.6368E+07 -7.8032E+07  3.6320E+07
0000627   1.0165E+08 -4.2743E+07 -3.1647E+07
0000628   1.0263E+08  5.0375E+06 -1.2007E+07
0000629   1.0075E+08  4.8928E+06  6.5988E+06
0000630   5.8232E+07  8.3003E+06 -1.0233E+07
0000631   1.3135E+08 -7.1288E+07 -8.1238E+06
0000632   1.1926E+08  2.8178E+07 -4.7572E+07
0000633   8.2761E+07  3.6898E+07  3.2585E+07
0000634   1.2141E+08  7.5424E+06 -5.7834E+06
0000635   1.0556E+08 -2.5702E+07 -1.2874E+06
0000636   1.1496E+08 -2.4488E+06 -4.3906E+07
0000637   1.1583E+08 -3.9568E+07  2.5168E+07
0000638   1.0370E+08  1.5318E+07  2.9508E+07
0000639   5.4973E+07  1.0266E+07 -2.7591E+07
0000640   1.0670E+08 -1.4008E+06  8.7856E+06
0000641   1.2175E+08  1.2443E+07 -3.2600E+07
0000642   5.4797E+07 -9.8555E+05 -3.1059E+07
0000643   1.0127E+08  2.2143E+07  8.4609E+06
0000644   9.7225E+07 -3.2697E+07 -8.9096E+06
0000645   1.1103E+08 -6.2206E+06 -2.6580E+07
0000646   1.0369E+08 -1.5156E+06 -3.4745E+07
0000647   1.0448E+08 -2.2784E+07 -2.7955E+07
0000648   5.6236E+07 -1.4804E+07  4.9058E+07
0000649   6.3722E+07 -1.4401E+07 -1.3044E+07
0000650   1.0178E+08 -4.9948E+07  1.0204E+07
0000651   8.1352E+07 -1.8110E+07  1.6800E+07
0000652   5.6764E+07 -1.4727E+07 -1.4477E+07
0000653   5.1100E+07 -4.5551E+06  1.9053E+07
0000654   1.1497E+08  1.0629E+07  9.5154E+04
0000655   8.0834E+07  2.1393E+07  1.2347E+07
0000656   1.2791E+08 -1.6755E+07 -2.8329E+07
0000657   9.1927E+07  2.9255E+07 -3.2189E+07
0000658   9.4454E+07  1.2756E+07 -1.4246E+07
0000659   1.1311E+08 -3.4239E+07 -1.9575E+05
0000660   4.7811E+07  2.4262E+07 -1.4147E+07
0000661   1.0936E+08 -8.9652E+06 -3.4273E+07
0000662   1.2487E+08  2.1190E+07 -1.4422E+07
0000663   1.1539E+08  2.0193E+06 -2.9439E+07
0000664   1.4350E+08 -1.1496E+06  2.0692E+06
0000665   1.2625E+08  1.8216E+07 -1.5213E+07
0000666   1.1109E+08  1.7662E+07 -2.5746E+06
0000667   3.4409E+07  2.9182E+07 -2.2839E+07
0000668   8.8363E+07  3.2341E+07  2.8306E+07
0000669   9.6491E+07 -6.3478E+06 -3.0738E+07
0000670   1.1073E+08  2.1137E+07  2.8217E+07
0000671   2.2965E+07  1.5367E+07  1.3681E+07
0000672   9.7340E+07  2.0820E+07  7.7309E+06
0000673   5.8963E+07  1.1942E+07  6.5755E+06
0000674   1.0004E+08  2.7907E+07  2.4206E+07
0000675   7.0771E+07  3.5123E+06 -4.8888E+07
0000676   8.1699E+07  2.4876E+07 -1.3088E+07
0000677   1.2887E+08  3.1751E+07 -2.5022E+07
0000678   7.8928E+07  4.6169E+07 -3.2813E+07
0000679   1.3385E+08 -2.9666E+06 -3.1434E+07
0000680   1.3924E+08  2.3302E+07  4.4739E+06
0000681   9.0644E+07 -1.2214E+07  3.8480E+07
0000682   1.4039E+08 -1.6843E+06 -1.5618E+07
0000683   8.5181E+07  2.4345E+06  2.6462E+07
0000684   1.0719E+08  3.7710E+07  1.2766E+06
0000685   6.0104E+07 -2.0916E+07 -2.3834E+07
0000686   7.9325E+07  1.4630E+07 -4.8854E+07
0000687   3.5088E+07 -6.6210E+06 -3.6135E+07
0000688   8.8529E+07 -3.6129E+07  4.7289E+07
0000689   1.1808E+08 -1.5251E+07 -1.4576E+06
0000690   1.1110E+08 -1.5905E+07 -2.8987E+07
0000691   6.9478E+07 -1.8903E+07 -8.3128E+06
0000692   1.2699E+08  1.1140E+07 -5.7320E+06
0000693   1.0034E+08  1.7628E+07 -2.1137E+07
0000694   9.6268E+07 -4.2188E+07 -2.9015E+07
0000695   9.5395E+07  4.0154E+07 -2.7662E+07
0000696   1.1047E+08  1.5869E+07 -2.3294E+07
0000697   1.4148E+08  8.6484E+06 -3.4114E+07
0000698   1.0637E+08 -2.3362E+07 -4.4910E+07
0000699   9.6005E+07 -2.8235E+07 -1.3936E+07
0000700   4.0010E+07  6.1623E+06  2.4626E+07
0000701   1.8477E+07 -2.0935E+07  1.1092E+06
0000702   1.0321E+08  2.3571E+07 -4.4186E+07
0000703   1.2941E+08  1.5573E+07 -9.9614E+06
0000704   1.0516E+08 -1.2519E+07  4.8118E+07
0000705   1.3186E+08  1.2846E+07 -8.0348E+06
0000706   1.0858E+08 -7.7263E+06 -1.8891E+07
0000707   1.0073E+08  9.8622E+06 -3.9782E+07
0000708   9.8353E+07 -5.5887E+07  6.2342E+06
0000709   8.5690E+07 -5.3790E+07 -2.1953E+07
0000710   9.4817E+07  1.5624E+07  1.7799E+07
0000711   1.0020E+08 -8.1611E+06  1.8913E+07
0000712   9.8927E+07  3.8239E+07 -2.0835E+03
0000713   9.0119E+07 -5.4471E+07 -1.6077E+07
0000714   1.0578E+08 -2.9974E+07 -1.5064E+07
0000715   7.7354E+07 -2.6728E+07 -2.3259E+07
0000716   1.1429E+08 -7.3896E+07 -1.4950E+07
0000717   1.4808E+08  7.5835E+06 -3.2684E+07
0000718   1.1441E+08 -3.0403E+07  2.4435E+07
0000719   9.0858E+07 -2.8346E+07  8.7341E+06
0000720   1.3637E+08  3.2571E+06  1.5971E+07
0000721   1.1333E+08 -6.1902E+07 -1.3204E+07
0000722   1.0079E+08 -2.2622E+07 -3.2706E+07
0000723   1.1771E+08 -1.9000E+07  3.7222E+07
0000724   1.3086E+08 -3.3522E+07 -7.9267E+06
0000725   9.6962E+07  4.8473E+07 -7.8863E+05
0000726   4.8305E+07  2.5505E+07  1.1327E+07
0000727   6.5395E+07  1.3855E+07  1.9434E+06
0000728   5.2296E+07  2.8341E+07 -7.5486E+06
0000729   9.9632E+07  3.4222E+07  1.0536E+06
0000730   7.8584E+07  3.0428E+07  1.1946E+07
0000731   3.3658E+07  6.4882E+05  4.1618E+06
0000732   1.3310E+08 -1.7444E+07 -2.5739E+07
0000733   1.3884E+08  3.3570E+07 -4.4043E+06
0000734   8.9793E+07  1.7762E+07 -2.1719E+07
0000735   7.3875E+07  2.5097E+07  2.7190E+07
0000736   1.1250E+08 -6.3192E+05  3.4934E+07
0000737   7.7284E+07  1.3836E+07 -2.0833E+07
0000738   6.0107E+07  4.0363E+07  4.7764E+07
0000739   1.4032E+08  2.2791E+07  2.1428E+07
0000740   9.0926E+07 -1.0738E+07  1.8822E+07
0000741   2.6730E+07 -1.9928E+06 -7.6775E+06
0000742   1.1186E+08  5.1927E+06  2.9726E+06
0000743   1.4944E+08 -2.2780E+07  9.7062E+06
0000744   1.1601E+08  1.2975E+07 -5.2399E+07
0000745   1.2149E+08 -7.0277E+06  5.3533E+07
0000746   9.0587E+07  4.5806E+07 -3.9885E+07
0000747   8.6999E+07 -2.8687E+07 -1.7039E+07
0000748   4.2712E+07 -2.8338E+07  3.3711E+07
0000749   2.4767E+07 -2.0152E+07  5.0799E+07
0000750   4.0563E+07  6.8869E+06 -2.5858E+07
0000751   1.1513E+08  3.4485E+07  4.6202E+07
0000752   1.3384E+08  4.5011E+06 -3.3358E+07
0000753   1.0841E+08  5.2833E+06  1.8876E+07
0000754   9.0990E+07 -3.1552E+07 -1.9227E+07
0000755   1.1508E+08  3.9876E+07 -4.8510E+07
0000756   1.2207E+08  5.1196E+07  7.4536E+06
0000757   6.2803E+07  5.6970E+07 -1.1544E+07
0000758   1.0771E+08  2.8973E+07 -1.0223E+07
0000759   6.0676E+07 -2.8586E+07 -2.8269E+07
0000760   7.8828E+07 -1.5563E+06  5.8789E+06
0000761   1.1894E+08  2.1413E+07  1.0288E+07
0000762   9.6798E+07  2.6829E+07 -2.8635E+06
0000763   9.5062E+07  7.4180E+07 -9.4749E+06
0000764   6.6009E+07 -3.5719E+07  2.2304E+07
0000765   1.1804E+08  6.3221E+05  2.4565E+07
0000766   8.8025E+07  1.2659E+06  3.6103E+06
0000767   3.9472E+07 -1.6066E+07 -1.6440E+07
0000768   1.2932E+08 -2.0239E+07 -2.6319E+07
0000769   8.8830E+07  9.8862E+06 -1.6146E+07
0000770   6.1384E+07  1.7630E+07  1.1100E+07
0000771   1.2368E+08 -1.6469E+07  2.4127E+07
0000772   1.4157E+08  1.1657E+07 -1.6631E+07
0000773   9.9789E+07  1.4389E+07 -5.0042E+07
0000774   1.1113E+08  4.2660E+07 -8.3111E+06
0000775   8.4609E+07  1.4768E+07  6.5146E+06
0000776   1.0174E+08 -2.4226E+07  4.1345E+07
0000777   7.5910E+07 -2.0427E+07  1.1790E+06
0000778   1.0761E+08  2.7374E+07  7.9207E+06
0000779   6.0992E+07  2.1063E+07 -2.3246E+07
0000780   1.0494E+08  5.4691E+07 -1.6266E+07
0000781   6.9617E+07  4.1521E+07  9.4932E+06
0000782   7.6766E+07 -2.0089E+07 -1.2085E+07
0000783   8.8331E+07  6.6412E+07 -6.6669E+06
0000784   1.1176E+08 -1.4166E+07 -1.3758E+07
0000785   9.3667E+07 -1.6548E+07  6.2309E+06
0000786   1.1692E+08 -5.5262E+07 -1.6872E+07
0000787   5.2912E+07 -2.1148E+07 -1.0918E+07
0000788   1.2193E+08 -4.2131E+07 -3.0474E+07
0000789   1.1092E+08  2.4668E+06  3.1517E+07
0000790   8.7215E+07 -2.8601E+07  4.9306E+07
0000791   5.0464E+07  1.2108E+07 -6.4273E+05
0000792   7.5350E+07 -5.3862E+07  2.1275E+07
0000793   4.1071E+07  2.5391E+07 -3.3109E+06
0000794   1.3649E+08 -5.0486E+07 -3.5219E+07
0000795   1.2587E+08  5.7643E+07  2.8457E+06
0000796   1.0571E+08  2.7450E+07 -3.8908E+07
0000797   1.3167E+08  3.2348E+07 -1.3413E+07
0000798   9.8826E+07  3.4864E+07  2.1880E+07
0000799   1.0896E+08  2.8779E+07 -7.1869E+06
0000800   8.6270E+07  5.5874E+06 -5.3105E+06
0000801   6.6797E+07  1.5158E+07 -2.0508E+07
0000802   1.3425E+08  3.8783E+06 -5.9165E+06
0000803   9.5140E+07 -2.5436E+07 -3.9404E+07
0000804   1.0351E+08 -3.5386E+07  1.4071E+07
0000805   1.4169E+08  1.5638E+07  9.9237E+05
0000806   9.8945E+07  1.0250E+07 -2.1596E+07
0000807   8.9317E+07  2.1561E+07 -1.1747E+07
0000808   4.3853E+07 -1.0459E+07 -1.0154E+08
0000809   2.9974E+07  2.0904E+07  2.2749E+07
0000810   9.1798E+07  1.3970E+07 -8.9009E+06
0000811   7.1897E+07 -5.6063E+06  1.4387E+07
0000812   1.4254E+08 -5.8081E+07 -3.7813E+07
0000813   1.0102E+08 -3.1793E+07  5.8635E+06
0000814   8.1294E+07  1.9853E+07 -3.3903E+06
0000815   1.1442E+08  1.3110E+07 -1.5073E+07
0000816   9.4290E+07  2.3292E+07 -3.6441E+07
0000817   4.9234E+07 -1.4464E+07  1.5106E+07
0000818   5.7670E+07  6.7079E+06  8.3669E+06
0000819   5.5848E+07 -2.2048E+07 -5.6560E+07
0000820   1.1798E+08  8.1980E+07 -5.4899E+06
0000821   1.3374E+08  3.1067E+07  1.6604E+07
0000822   1.1952E+08  1.3929E+07 -2.8187E+06
0000823   1.0023E+08 -3.0564E+06  1.6610E+07
0000824   8.3452E+07  4.4461E+07 -2.0876E+07
0000825   1.1211E+08  3.3493E+07  3.7043E+07
0000826   6.2490E+07 -1.8969E+07 -1.9572E+06
0000827   7.8152E+07  4.1556E+07  9.3383E+06
0000828   1.2350E+08  6.4816E+06  6.8686E+06
0000829   1.2739E+08  2.6206E+07  1.3554E+07
0000830   1.3044E+08 -1.7045E+07  1.0529E+07
0000831   7.9471E+07 -8.6912E+06  4.4764E+06
0000832   7.8787E+07 -7.1553E+06 -5.3132E+06
0000833   1.4745E+07  2.0745E+05  9.7431E+05
0000834   1.3129E+08  1.3888E+07  2.7678E+07
0000835   1.1741E+08 -3.4669E+07  8.2054E+06
0000836   4.2401E+07 -1.8061E+06 -1.8409E+07
0000837   7.6467E+07  3.6932E+06 -1.8040E+07
0000838   9.7396E+07 -4.6769E+07  4.0136E+07
0000839   7.9216E+07  2.5736E+07  8.3993E+05
0000840   8.7351E+07 -4.5879E+07  4.7187E+07
0000841   1.0985E+08 -3.8184E+07  1.8437E+07
0000842   7.8667E+07  2.7065E+06 -1.0226E+07
0000843   1.1189E+08  3.4778E+07 -4.8693E+07
0000844   1.3628E+08  1.6855E+07 -2.3623E+07
0000845   8.7783E+07 -8.4855E+06  2.0003E+07
0000846   8.0194E+07 -4.2646E+07  2.7131E+07
0000847   1.0417E+08  1.1730E+07 -1.4836E+07
0000848   8.9836E+07  3.0759E+07  3.8579E+07
0000849   9.3479E+07  5.2394E+06  2.0664E+07
0000850   8.3028E+07 -2.5118E+07  2.4592E+07
0000851   8.5643E+07  2.8347E+07  1.1074E+07
0000852   8.9597E+07 -5.1400E+07 -7.1684E+05
0000853   1.1030E+08 -2.2946E+07 -2.3334E+07
0000854   1.2259E+08 -3.9647E+07  1.0277E+07
0000855   9.3323E+07  4.4701E+07  2.9704E+07
0000856   1.1700E+08 -2.1221E+06  1.8313E+07
0000857   9.6712E+07 -2.0394E+07 -2.3535E+07
0000858   9.9624E+07  6.3315E+06 -2.2017E+05
0000859   7.4031E+07 -4.4428E+06 -3.2133E+07
0000860   1.4161E+08  5.0027E+07  2.4734E+07
0000861   1.2259E+08  3.4600E+07 -9.1507E+06
0000862   1.3668E+08  3.4613E+07  2.8598E+07
0000863   8.9837E+07 -2.4879E+07  3.3879E+06
0000864   9.7543E+07 -4.2842E+06 -1.4874E+07
0000865   1.2130E+08 -8.2322E+05  2.7249E+07
0000866   1.0554E+08  3.8840E+06 -5.2109E+07
0000867   1.1175E+08 -6.3176E+06  3.4944E+07
0000868   8.6901E+07 -1.5008E+07  3.2435E+07
0000869   7.7609E+07 -1.1440E+06 -3.2039E+07
0000870   9.3080E+07 -3.5717E+07  1.5128E+07
0000871   1.1970E+08  6.3307E+07 -4.8650E+07
0000872   1.0675E+08 -2.4893E+06  4.7439E+07
0000873   1.0095E+08 -1.3553E+07 -2.4768E+07
0000874   1.1757E+08  2.4008E+07 -3.7410E+07
0000875   8.2872E+07 -4.5251E+07  2.6098E+07
0000876   8.7320E+07  3.1496E+07  1.9915E+07
0000877   9.5553E+07  1.6744E+07 -1.0426E+07
0000878   1.3785E+08 -5.7752E+06  4.1736E+06
0000879   3.1450E+07  3.0615E+07  1.9404E+07
0000880   1.1822E+08  4.3281E+06 -3.5509E+07
0000881   8.2043E+07  7.8762E+06 -3.1187E+07
0000882   1.0578E+08 -6.4737E+06  2.5355E+07
0000883   1.0012E+08  1.1666E+06  2.7252E+07
0000884   1.1153E+08  4.8400E+06  2.1741E+07
0000885   8.9225E+07 -1.7793E+07 -1.8095E+07
0000886   1.1877E+08 -3.2715E+06  2.5971E+06
0000887   9.2667E+07  4.7582E+06 -4.8681E+06
0000888   6.2977E+07  4.4515E+07  1.5911E+07
0000889   1.0621E+08 -6.5849E+06  2.3670E+07
0000890   9.8572E+07 -2.4746E+07 -2.1414E+05
0000891   7.7132E+07 -3.5014E+07  5.6232E+06
0000892   7.6677E+07 -3.1213E+06 -2.2096E+07
0000893   1.0903E+08 -1.3804E+07 -1.9767E+07
0000894   1.3574E+08  1.8740E+07  3.9084E+05
0000895   1.1056E+08  5.7616E+06  2.2350E+07
0000896   7.0412E+07 -1.0533E+07  2.8632E+07
0000897   6.7706E+07  1.1510E+07 -5.2399E+06
0000898   1.0831E+08 -1.3539E+07  3.8523E+06
0000899   1.0263E+08  6.7730E+05 -3.2429E+07
0000900   8.5933E+07  3.1661E+06 -1.7030E+07
0000901   9.1766E+07  4.5101E+07  9.7323E+06
0000902   1.3025E+08  2.9466E+07 -6.0835E+06
0000903   1.3342E+08 -5.8663E+06 -1.4395E+06
0000904   9.4938E+07  2.6958E+07 -3.4115E+06
0000905   1.2112E+08  2.3196E+07  2.2237E+06
0000906   7.7965E+07  1.6003E+07 -5.6587E+06
0000907   1.2841E+08 -2.1218E+07 -7.7946E+06
0000908   8.8581E+07  1.9630E+07 -1.2313E+07
0000909   1.0501E+08 -1.7362E+07 -1.6411E+07
0000910   1.0246E+08 -8.6855E+06 -7.5382E+06
0000911   1.0959E+08  2.1268E+07 -2.2975E+07
0000912   1.0387E+08  2.0566E+07 -2.0452E+07
0000913   1.0033E+08 -1.6721E+06  4.0804E+07
0000914   9.1855E+07  2.0956E+06  3.0182E+07
0000915   8.4337E+07 -2.6796E+07 -1.7448E+07
0000916   1.2390E+08  1.3196E+07  2.1365E+07
0000917   1.1369E+08  4.5720E+07 -3.9652E+07
0000918   5.7867E+07 -2.2152E+07 -2.1472E+07
0000919   7.7935E+07 -4.9878E+07  1.8708E+07
0000920   2.4349E+07 -3.4407E+06  5.6415E+07
0000921   1.1846E+08  4.7842E+07 -1.9772E+07
0000922   1.0084E+08  2.0113E+07 -2.6354E+07
0000923   1.0475E+08 -2.7251E+07  4.4505E+07
0000924   6.2483E+07 -4.6292E+07  1.0552E+07
0000925   8.5427E+07  3.0786E+07 -3.4514E+07
0000926   7.2316E+07 -3.8942E+07 -1.9904E+07
0000927   1.0655E+08 -1.8005E+07  2.8172E+07
0000928   9.6744E+07 -4.0578E+07  4.2009E+07
0000929   8.8996E+07 -4.2672E+06 -1.0291E+07
0000930   1.2095E+08  4.6882E+07  3.1447E+07
0000931   1.2438E+08  1.1851E+07 -7.2612E+07
0000932   1.4355E+08 -1.4484E+07 -5.6190E+06
0000933   1.2391E+08 -1.8525E+07  2.6812E+06
0000934   8.0516E+07 -5.9695E+07  1.6718E+07
0000935   9.4781E+07 -5.0373E+07 -2.7676E+07
0000936   9.3908E+07 -4.3014E+07 -8.9439E+06
0000937   1.0912E+08  1.0286E+07 -7.6042E+06
0000938   1.1665E+08 -1.1531E+07 -2.3860E+07
0000939   1.2797E+08  1.6244E+07 -1.4929E+07
0000940   8.4044E+07 -3.9296E+07 -1.1290E+07
0000941   8.4254E+07  4.0230E+07 -7.4701E+05
0000942   1.1641E+08  2.8479E+07  3.3041E+07
0000943   7.5607E+07 -2.9158E+07 -1.7792E+07
0000944   1.0886E+08 -3.5181E+07 -1.1864E+07
0000945   1.0447E+08 -3.5408E+06 -3.4790E+07
0000946   8.8602E+07  1.4828E+06  1.7219E+07
0000947   1.2144E+08 -1.3407E+07  1.1013E+07
0000948   1.1734E+08  2.2730E+07  2.2708E+07
0000949   5.5526E+07  4.9737E+06  1.7130E+07
0000950   7.0304E+07 -8.8138E+06  2.6552E+07
0000951   1.2647E+08  3.2874E+07 -2.1287E+07
0000952   1.3265E+08  1.9322E+07  2.0089E+07
0000953   6.0474E+07 -3.4690E+07  4.0275E+07
0000954   1.0818E+08  2.1258E+07  3.8875E+07
0000955   1.5785E+08 -3.5366E+05 -1.5645E+07
0000956   6.8742E+07 -8.8731E+06  5.6027E+06
0000957   1.0292E+08 -2.2782E+07  2.3490E+07
0000958   1.1557E+08 -5.4786E+07 -2.0577E+07
0000959   5.5683E+07  3.6786E+07 -1.9449E+07
0000960   7.7320E+07  3.5597E+07 -1.0382E+08
0000961   1.1460E+08 -3.6138E+07  3.0904E+06
0000962   1.2914E+08  5.4704E+06 -2.8226E+07
0000963   7.7097E+07  2.9301E+07  2.3660E+07
0000964   1.2438E+08  2.4595E+07 -4.9480E+06
0000965   1.1197E+08 -4.5845E+07 -3.8165E+07
0000966   8.8783E+07 -9.5595E+06 -4.3790E+07
0000967   9.2807E+07 -3.7396E+07  2.3870E+07
0000968   8.8149E+07 -3.0058E+07 -9.2353E+06
0000969   9.6265E+07 -3.2769E+07 -6.2653E+06
0000970   1.1181E+08 -2.5243E+06 -1.0081E+06
0000971   8.6535E+07  3.4143E+07 -1.8579E+07
0000972   6.0923E+07 -1.9316E+06  2.6277E+06
0000973   1.0617E+08 -2.3545E+07  2.4120E+07
0000974   1.1409E+08 -2.4100E+07  1.7329E+07
0000975   1.3248E+08  1.7287E+07 -1.5555E+07
0000976   1.5138E+08  7.0957E+06  2.8119E+07
0000977   1.0247E+08 -1.8670E+07 -2.6854E+07
0000978   7.4075E+07  3.9131E+07  3.1417E+07
0000979   3.6389E+07 -4.2729E+06 -5.6959E+06
0000980   7.1361E+07  1.6884E+07 -3.7183E+07
0000981   8.7207E+07  2.2972E+07 -6.7001E+07
0000982   1.2386E+08 -2.3015E+07  1.9833E+06
0000983   1.1259E+08 -9.3620E+06 -5.5715E+07
0000984   7.4810E+07  1.7460E+07 -6.1335E+07
0000985   1.0016E+08  1.7297E+07 -2.3568E+07
0000986   1.2222E+08  1.3541E+07 -3.4233E+07
0000987   4.5809E+07  2.9585E+07 -1.4540E+07
0000988   1.4792E+08 -1.4243E+07  2.1068E+07
0000989   1.4317E+08 -2.6827E+07  6.6299E+06
0000990   6.2125E+07  2.8301E+07 -1.6408E+07
0000991   1.3268E+08  3.0631E+07  8.0778E+06
0000992   1.2734E+08 -1.3518E+07  5.6082E+06
0000993   1.0119E+08  4.4527E+07 -3.4034E+07
0000994   8.7161E+07 -5.2659E+07  3.9386E+07
0000995   1.0835E+08  3.2492E+06 -6.3639E+07
0000996   8.4927E+07  3.2286E+07 -4.5645E+07
0000997   1.1839E+08 -3.6911E+07 -4.1283E+05
0000998   6.5611E+07 -3.2590E+07 -1.3246E+06
0000999   1.1875E+08 -3.9159E+07  3.9108E+07
0001000   1.1570E+08  9.4323E+06  1.1355E+07
