============================== SRIM-2013.00 ==============================
==============================================================================
====== SRIM Outputs\RANGE_3D.txt : File of Final Ion Positions =====

Ion = Ar (18)   Ion Mass= 039.9620
Energy  = 5179474.E-04 keV
Ion Angle to Surface = 00.0 degrees
==================== TARGET =======================
  Layer # 1 - Layer 1
  Layer # 1 - Bottom Depth=500000.E+03 A
  Layer # 1 - Density =0000.0002 g/cm3
  Layer # 1 -  100 % of Ar
様様様様様様様様様様様様様様様様様様様様様様様様様様
                                            
Ion       Depth  X   Lateral Y   Lateral Z  
Number    (Angstrom) (Angstrom)  (Angstrom) 
-------  ----------- ----------- -----------
0000001   1.0660E+08  6.7023E+07  2.1115E+07
0000002   1.2907E+08 -2.5464E+07  1.2351E+07
0000003   7.2908E+07 -1.3663E+07  3.2469E+07
0000004   8.0208E+07  4.1221E+07  1.2336E+07
0000005   1.1918E+08  4.8503E+07 -2.1535E+07
0000006   8.0668E+07  1.7997E+06 -5.3011E+07
0000007   6.8840E+07  1.8232E+07 -1.1334E+06
0000008   6.2973E+07 -1.7885E+07  2.7625E+07
0000009   6.5002E+07  5.1939E+06  2.2471E+07
0000010   1.2423E+08 -6.4018E+07 -1.1827E+07
0000011   1.8184E+08  2.1412E+07  4.7101E+06
0000012   9.6880E+07  2.4603E+07 -3.0715E+07
0000013   1.3555E+08  4.2671E+07 -4.7154E+06
0000014   9.4267E+07 -2.3597E+07 -1.3420E+07
0000015   8.7838E+07 -2.1980E+07 -4.1071E+06
0000016   9.0150E+07  1.6413E+07 -6.0948E+06
0000017   7.4408E+07 -2.2025E+07 -1.5060E+07
0000018   9.3980E+07 -7.7058E+06 -8.4249E+06
0000019   8.3875E+07 -1.8688E+07  2.5327E+06
0000020   1.0667E+08 -6.6612E+06  4.8457E+07
0000021   1.4341E+08 -2.2298E+07 -2.8761E+07
0000022   1.1316E+08  5.9604E+06  1.0394E+07
0000023   1.0932E+08  1.1426E+07  1.5941E+07
0000024   7.6084E+07 -3.6583E+07 -3.1320E+07
0000025   1.0923E+08  1.7591E+07  8.7108E+06
0000026   9.5558E+07  4.7428E+05 -1.1438E+07
0000027   9.4207E+07  4.0242E+07 -2.4256E+07
0000028   1.3522E+08  4.0162E+07 -2.3961E+07
0000029   1.4876E+08  3.5743E+07 -3.3470E+06
0000030   6.8015E+07 -2.7437E+06 -3.5281E+07
0000031   1.3559E+08 -2.8900E+07 -2.8973E+07
0000032   1.4939E+08  1.6296E+07 -3.4245E+07
0000033   8.0714E+07 -1.1766E+07  9.9376E+07
0000034   1.4709E+08  2.5917E+07 -1.1702E+07
0000035   9.4116E+07 -1.0537E+07  1.3602E+07
0000036   1.4197E+08  2.8898E+07 -2.4057E+06
0000037   1.2229E+08  4.9383E+06 -4.6517E+07
0000038   1.1622E+08 -3.6622E+07  1.0104E+07
0000039   1.2265E+08 -9.1654E+06 -1.6564E+07
0000040   2.1358E+07  3.6103E+06 -2.1939E+06
0000041   1.0015E+08 -4.5511E+07 -1.8592E+07
0000042   1.2854E+08 -3.6714E+07  3.4028E+07
0000043   9.1050E+07  7.2691E+06 -1.6492E+07
0000044   7.0696E+07 -7.1604E+07  2.5609E+06
0000045   1.1128E+08 -4.9524E+06  1.3585E+07
0000046   9.4510E+07  1.7735E+07  4.0678E+06
0000047   8.1972E+07  2.4044E+07  2.3129E+07
0000048   4.8093E+07  5.6753E+06 -6.9665E+06
0000049   1.2133E+08 -1.3878E+07  2.8299E+07
0000050   5.7598E+07  6.8904E+04  4.0982E+07
0000051   1.1098E+08  1.6423E+07 -2.8727E+07
0000052   5.4525E+07  6.6577E+06 -5.6671E+07
0000053   7.0634E+07  2.7995E+07 -1.8640E+07
0000054   9.8284E+07  1.0811E+07 -1.2929E+07
0000055   9.5532E+07  2.3027E+07  1.2223E+07
0000056   1.2364E+08  2.0903E+07  3.7851E+07
0000057   1.2411E+08 -7.0216E+07  5.6629E+07
0000058   9.9031E+07  3.1020E+06 -4.5363E+07
0000059   8.0541E+07 -2.6132E+07  4.8973E+07
0000060   7.6000E+07 -8.6546E+06 -9.3584E+06
0000061   1.3102E+07 -9.9299E+06 -1.5336E+07
0000062   6.5252E+07  4.7630E+07  5.5761E+07
0000063   7.9206E+07  4.0324E+07  1.5346E+07
0000064   1.0736E+08  1.4840E+07 -4.1797E+06
0000065   1.0321E+08  1.1392E+07 -2.8640E+07
0000066   1.1320E+08 -3.7276E+07  1.1919E+07
0000067   9.2847E+07  8.6780E+06  3.2983E+07
0000068   8.3919E+07  1.0022E+07  5.8844E+07
0000069   8.1572E+07 -3.2571E+07  1.5120E+07
0000070   8.9563E+07  2.7103E+07  9.9529E+06
0000071   1.2037E+08 -2.4093E+07  8.4216E+05
0000072   1.0129E+08 -4.3428E+07 -4.2065E+07
0000073   1.0617E+08 -1.5989E+07 -3.8927E+07
0000074   1.0208E+08  6.6861E+05  5.9977E+06
0000075   1.2723E+08 -1.2205E+07  1.8913E+06
0000076   9.2241E+07  8.9924E+06 -3.6591E+07
0000077   1.1635E+08 -1.4046E+07  1.8950E+07
0000078   9.7868E+07 -2.9850E+07  6.1784E+06
0000079   1.4478E+08 -4.8455E+06  4.4800E+07
0000080   1.0201E+08 -1.3784E+07 -1.4898E+07
0000081   1.7079E+08  1.8987E+07  3.8471E+07
0000082   1.1000E+08  4.5362E+07 -2.2963E+07
0000083   1.0858E+08 -5.0454E+07  5.2423E+07
0000084   1.0971E+08  7.0388E+06 -7.5697E+04
0000085   5.6415E+07 -4.5629E+07 -6.2154E+06
0000086   1.1687E+08 -2.0515E+07 -4.2515E+07
0000087   1.3084E+08  3.4931E+07 -3.2070E+07
0000088   1.0747E+08  2.1913E+07  5.3860E+07
0000089   1.1564E+08  4.7116E+07 -1.0451E+07
0000090   1.2189E+08  2.4542E+07 -1.2874E+07
0000091   1.2414E+08  2.5342E+07 -2.1851E+07
0000092   1.0540E+08  3.2262E+07 -1.6261E+07
0000093   1.3592E+08  2.8319E+07 -1.5444E+07
0000094   1.3572E+08  6.8067E+06 -1.1938E+07
0000095   6.7062E+07 -9.4426E+06 -1.0769E+07
0000096   5.8795E+07  2.3979E+07  3.8457E+06
0000097   1.2907E+08 -1.0021E+07  7.9408E+06
0000098   1.2464E+08  8.9087E+06  1.0235E+07
0000099   8.2969E+07 -4.8975E+07  1.0506E+07
0000100   1.0653E+08 -2.7738E+06 -5.1063E+07
0000101   1.1196E+08  4.2200E+07  6.0877E+07
0000102   1.3293E+08 -7.7048E+06  3.9468E+07
0000103   6.5800E+07 -3.0740E+06  2.4301E+07
0000104   1.0247E+08  1.2657E+07 -3.2385E+07
0000105   9.8963E+07 -4.2181E+07  1.8239E+07
0000106   8.0105E+07 -4.8199E+07 -4.5493E+06
0000107   1.3530E+08 -2.1372E+07  4.6492E+07
0000108   1.1225E+08  2.4970E+07  2.3300E+06
0000109   8.6956E+07 -4.4799E+07 -5.3610E+07
0000110   1.2479E+08 -3.3680E+07 -2.9850E+06
0000111   8.0648E+07 -3.3292E+07  4.3570E+07
0000112   1.4216E+08  1.9618E+07  2.4519E+07
0000113   9.5441E+07 -1.0915E+07 -3.5124E+07
0000114   1.1810E+08  4.7325E+06 -3.4704E+06
0000115   1.0914E+08 -2.8133E+07 -4.4687E+07
0000116   4.6472E+07 -7.7315E+07 -1.5800E+06
0000117   7.2001E+07  7.1821E+07 -1.0022E+07
0000118   9.2917E+07 -8.6700E+06 -2.4112E+07
0000119   1.0161E+08 -3.1633E+07 -3.1034E+07
0000120   1.2162E+08 -6.0664E+07 -4.5141E+07
0000121   1.3458E+08  2.7926E+07 -1.6664E+07
0000122   1.3469E+08 -2.0907E+07 -3.3364E+07
0000123   9.7631E+07  1.3319E+07  6.9901E+06
0000124   6.4320E+07  4.2809E+07 -1.4861E+06
0000125   1.3161E+08 -3.1676E+07  3.9977E+07
0000126   7.6662E+07  1.1618E+07  6.1552E+07
0000127   9.6207E+07 -2.2932E+07 -3.7399E+07
0000128   1.2652E+08 -1.0292E+05 -6.8478E+06
0000129   6.2816E+06 -1.2790E+07 -2.8077E+07
0000130   1.0990E+08 -5.0461E+07  6.7843E+06
0000131   1.0231E+08 -2.8211E+07 -2.1145E+07
0000132   1.1396E+08  3.3307E+07 -5.4111E+06
0000133   1.0767E+08  2.2692E+07  2.0256E+07
0000134   8.4241E+07 -2.6105E+07  4.0676E+07
0000135   8.9909E+07 -2.5227E+07 -3.9381E+07
0000136   1.4554E+08 -1.0352E+07  2.5726E+06
0000137   6.5876E+07  5.7052E+07  2.6301E+07
0000138   1.0540E+08 -6.0892E+06  3.8795E+07
0000139   1.3792E+08 -5.4059E+07 -8.1168E+06
0000140   1.1346E+08 -3.4744E+07 -3.4579E+07
0000141   1.2741E+08 -2.7477E+06 -3.3935E+07
0000142   1.0835E+07  1.4913E+07  1.5342E+07
0000143   1.0569E+08 -1.6924E+07  2.7002E+07
0000144   8.2074E+07 -6.8510E+06  2.6963E+07
0000145   1.2842E+08 -2.4377E+06 -7.3479E+06
0000146   1.4987E+08  2.3775E+07 -1.8050E+07
0000147   1.1254E+08  4.7709E+07 -3.9831E+06
0000148   6.3380E+07  5.2312E+06  1.8797E+07
0000149   9.0084E+07  2.3044E+07  2.2322E+07
0000150   8.3919E+07 -1.9618E+07  5.2426E+07
0000151   1.5061E+08 -1.2660E+07 -2.8071E+07
0000152   1.1254E+08  5.1651E+06  3.9990E+06
0000153   1.3810E+08 -2.7790E+07 -7.5137E+06
0000154   8.5336E+07  2.1612E+07  1.6810E+07
0000155   1.0422E+08  1.9084E+06  3.7962E+07
0000156   1.0664E+08  1.2503E+07  5.1724E+06
0000157   7.9992E+07 -2.1023E+06  1.6855E+07
0000158   5.5551E+07 -5.1424E+06  1.0037E+07
0000159   8.7364E+07 -1.6195E+06  3.2221E+07
0000160   6.3063E+07 -1.4021E+07 -6.2732E+07
0000161   1.1330E+08 -7.0189E+07  8.6258E+06
0000162   5.9776E+07 -7.0944E+07 -5.2612E+07
0000163   7.6324E+07 -1.2622E+07  3.5482E+06
0000164   7.6701E+07 -2.1392E+07  4.9409E+07
0000165   1.1548E+08 -4.6331E+07  2.7372E+07
0000166   1.0961E+08  1.7428E+07 -1.2090E+07
0000167   1.0188E+08 -1.8590E+06 -2.4497E+07
0000168   7.6347E+07 -5.9363E+05 -2.9707E+05
0000169   7.2278E+07  5.3856E+06  1.0649E+07
0000170   1.2521E+08  4.8370E+07 -4.6436E+07
0000171   1.5128E+08 -2.3210E+07  1.5838E+07
0000172   9.9958E+07 -4.1732E+07  1.3534E+07
0000173   6.7888E+07 -5.2772E+07 -7.3378E+06
0000174   5.0110E+07 -2.5497E+07 -9.0432E+06
0000175   1.1425E+08 -5.4492E+06 -8.6568E+06
0000176   1.3628E+08 -3.4888E+07 -1.7962E+07
0000177   4.4743E+07 -6.9682E+06  2.0880E+07
0000178   1.2090E+08  1.5343E+07  1.3914E+07
0000179   1.1557E+08 -1.8867E+07 -3.5865E+07
0000180   7.6212E+07 -7.2980E+07 -6.0772E+07
0000181   6.5133E+07  5.6981E+07 -3.0191E+07
0000182   5.9252E+07 -1.7488E+07  1.1029E+07
0000183   1.1879E+08 -4.2711E+07  3.7993E+07
0000184   9.8286E+07 -1.3726E+07  8.8896E+06
0000185   1.3247E+08  3.5149E+06 -1.1885E+07
0000186   8.4703E+07  4.7462E+07  3.2262E+07
0000187   1.1245E+08  1.9543E+07 -2.3586E+07
0000188   4.7180E+07  1.6666E+07 -7.8943E+06
0000189   1.0727E+08 -8.7197E+06  2.9302E+07
0000190   1.1582E+08 -1.6254E+07 -3.0203E+07
0000191   9.2403E+07  2.0218E+07  4.0844E+07
0000192   5.6958E+07 -5.4698E+07 -3.8015E+07
0000193   9.8624E+07 -2.9197E+07 -5.6330E+07
0000194   1.3478E+08 -1.1661E+07 -3.0059E+07
0000195   1.3471E+08  8.9032E+06 -6.4897E+06
0000196   9.7631E+07  7.1197E+06 -1.8415E+06
0000197   1.1786E+08  5.1010E+07 -1.3115E+07
0000198   1.0035E+08  4.6663E+07  4.9665E+07
0000199   1.0745E+08  1.1758E+07  1.9466E+07
0000200   8.8516E+07  7.6647E+07 -9.5228E+06
0000201   7.7299E+07 -1.7479E+06  1.3882E+07
0000202   7.3584E+07  4.3801E+07  2.5944E+06
0000203   1.2628E+08 -4.0508E+06 -4.4779E+06
0000204   6.9986E+07  2.6606E+07  1.2944E+07
0000205   6.7099E+07  2.5321E+07  5.4536E+06
0000206   1.3886E+08 -4.9223E+07  2.3947E+07
0000207   1.1764E+08 -5.0170E+07  2.6994E+07
0000208   1.3413E+08 -2.0212E+07 -2.3425E+07
0000209   1.1688E+08  2.0367E+07  8.8736E+05
0000210   1.1389E+08 -2.5021E+07 -1.6331E+06
0000211   7.9580E+07  3.8844E+07 -3.7205E+07
0000212   8.1934E+07  2.1862E+06  2.4722E+07
0000213   8.4418E+07  3.7998E+07  2.8318E+07
0000214   8.2273E+07  4.8564E+07  2.8228E+07
0000215   1.2188E+08  1.7607E+07  4.9559E+07
0000216   4.6628E+07  1.8223E+07  4.9936E+07
0000217   8.4930E+07 -1.6653E+07 -3.1395E+07
0000218   4.2155E+07  5.0310E+07  3.7971E+07
0000219   6.4101E+07 -3.1432E+07 -2.2964E+07
0000220   7.1085E+07  1.6207E+07  9.5794E+06
0000221   8.9242E+07 -2.2009E+07 -5.6014E+06
0000222   1.0456E+08  1.5623E+07  3.8625E+07
0000223   1.0902E+08 -2.2567E+07 -3.1853E+07
0000224   1.6478E+08 -2.3384E+06  2.0392E+07
0000225   1.2711E+08  2.5630E+07 -2.1722E+07
0000226   7.9774E+07  3.0764E+07 -2.5022E+07
0000227   1.3164E+08  1.4892E+06  7.7761E+06
0000228   2.9507E+07  3.4605E+06  1.6691E+07
0000229   7.9851E+07 -4.8480E+06  9.0160E+07
0000230   1.1332E+08 -8.4277E+06  1.7547E+07
0000231   7.8461E+07 -4.6904E+07  3.1162E+07
0000232   4.0603E+07  6.6731E+07  1.5018E+07
0000233   5.2612E+07  1.3712E+07 -4.4955E+07
0000234   9.6704E+07  4.5251E+07  4.6068E+07
0000235   1.6510E+08  3.3438E+07 -4.0087E+07
0000236   1.3835E+08  3.8126E+07 -1.0167E+07
0000237   1.0574E+08 -1.7948E+07  1.2527E+07
0000238   5.7627E+07 -3.6026E+07 -2.8668E+07
0000239   1.0443E+08 -2.9518E+07 -5.2086E+07
0000240   8.2317E+07 -5.1295E+07 -1.3869E+06
0000241   1.3287E+08 -2.9085E+07  6.3908E+07
0000242   1.4158E+08  3.8083E+07 -4.4908E+07
0000243   1.1671E+08 -4.8154E+07  6.5538E+07
0000244   2.9074E+07  4.5402E+07 -3.9130E+07
0000245   3.3601E+07 -3.2370E+07  1.1884E+07
0000246   1.8082E+07 -1.7900E+07  2.5836E+07
0000247   9.9284E+07  2.4447E+07  1.3095E+07
0000248   1.0627E+08  2.5374E+07 -2.1111E+07
0000249   1.2251E+08  1.1012E+07  9.1768E+06
0000250   1.0865E+08  2.8166E+07  7.0039E+06
0000251   9.7613E+07 -1.1074E+07 -9.1845E+06
0000252   7.7923E+07 -9.9638E+06  3.0676E+07
0000253   1.0481E+08  5.0296E+07 -4.8169E+07
0000254   6.0607E+07  6.2941E+07  2.7560E+07
0000255   1.0009E+08 -3.4666E+07  1.8329E+06
0000256   1.1161E+08  1.4157E+07 -4.2907E+06
0000257   8.9970E+07  3.0279E+07  4.0178E+07
0000258   1.3107E+08 -1.3012E+07 -1.2801E+07
0000259   4.0856E+07  4.8101E+07  2.7285E+07
0000260   1.4766E+08  3.3701E+07 -9.5477E+06
0000261   9.7496E+07 -6.3264E+07 -5.5940E+06
0000262   1.1902E+08 -9.4285E+06 -1.2904E+07
0000263   8.6066E+07  4.9976E+07  1.5577E+07
0000264   1.0506E+08  2.2080E+06 -6.3112E+07
0000265   5.8411E+07  5.9516E+06  1.4199E+07
0000266   1.3328E+08 -1.7607E+07  3.4212E+07
0000267   5.9539E+07  2.2715E+07 -7.4348E+06
0000268   7.3741E+07  2.0879E+06  1.8749E+07
0000269   8.2317E+07 -2.7503E+07 -3.3358E+07
0000270   1.1082E+08 -3.6499E+06 -1.3413E+07
0000271   1.4263E+08  3.5927E+07 -4.8907E+06
0000272   1.1154E+08 -8.3189E+06  1.1509E+07
0000273   7.0131E+07 -6.0569E+06 -6.1480E+05
0000274   1.2914E+08  5.4363E+07 -3.8306E+07
0000275   4.5800E+07 -9.2540E+06 -1.7119E+07
0000276   1.1141E+08  1.9724E+07 -1.5489E+07
0000277   8.0136E+07  2.0532E+07  2.6047E+07
0000278   1.1989E+08 -5.5029E+06 -8.2159E+06
0000279   1.2760E+08 -4.1899E+07  4.5979E+06
0000280   1.2433E+08 -1.3675E+07 -3.9108E+07
0000281   1.0470E+08 -2.9290E+07  2.8884E+07
0000282   1.5667E+08  4.4893E+07  3.0472E+07
0000283   9.6656E+07 -9.5512E+06 -7.7232E+04
0000284   1.0178E+08 -1.5327E+07 -4.0099E+07
0000285   1.3645E+08  1.5970E+07 -6.2381E+07
0000286   1.5023E+08  2.8211E+07 -2.1405E+07
0000287   1.2152E+08 -3.1403E+07 -7.0156E+06
0000288   1.1585E+08  6.8081E+07 -6.7165E+07
0000289   5.6212E+07 -2.1857E+07  1.4897E+07
0000290   1.4114E+08  2.2330E+07  7.4266E+06
0000291   1.4926E+08 -9.3185E+06  1.0112E+07
0000292   1.0147E+08  2.2636E+07  2.9417E+07
0000293   1.1267E+08 -6.1821E+06  1.3755E+07
0000294   9.8199E+07  1.7107E+07  4.8846E+06
0000295   8.5796E+07  1.6035E+07 -4.2636E+07
0000296   1.1608E+08 -1.7752E+07 -8.1829E+07
0000297   8.6805E+07  3.0799E+07 -3.1174E+07
0000298   1.2045E+08 -1.3658E+07  1.1926E+07
0000299   1.2731E+08 -3.7235E+07 -5.0501E+07
0000300   1.3386E+08 -8.0321E+06  1.2959E+07
0000301   6.8761E+07 -3.7692E+07 -1.8303E+07
0000302   9.9003E+07  2.8213E+07  1.0999E+06
0000303   8.0197E+07  4.5573E+06 -2.7432E+06
0000304   1.2528E+08  8.6770E+06 -5.5765E+06
0000305   9.9063E+07 -1.9312E+07  1.8470E+06
0000306   6.9883E+07 -3.4401E+07  1.0483E+06
0000307   1.2536E+08  2.2835E+07  3.7777E+07
0000308   9.2237E+07 -3.2961E+07 -3.4719E+07
0000309   1.0719E+08  4.6902E+06 -7.4516E+06
0000310   8.6669E+07 -1.7490E+07  3.2727E+07
0000311   1.1417E+08 -5.1045E+07 -1.6595E+07
0000312   1.1471E+08  4.9922E+07  4.5432E+07
0000313   1.1413E+08  3.1508E+06  8.0363E+06
0000314   1.1163E+08 -2.4710E+07  3.7680E+07
0000315   5.8700E+07  2.6251E+06 -2.7523E+07
0000316   1.0406E+08  1.0730E+07  3.8285E+07
0000317   5.1122E+07 -9.4099E+06 -1.1106E+07
0000318   1.1183E+08  3.8617E+07 -1.9857E+07
0000319   1.2684E+08 -4.9613E+07  1.2410E+07
0000320   9.7452E+07  6.9275E+07  4.3458E+07
0000321   1.0649E+08  3.8908E+07  5.8337E+05
0000322   9.8144E+07  7.5061E+07 -1.3291E+07
0000323   5.6598E+07 -5.7025E+06 -2.2358E+07
0000324   1.1924E+08 -9.0904E+06 -5.1920E+07
0000325   1.0821E+08  6.5031E+07 -1.1013E+07
0000326   9.5626E+07  1.3792E+07 -1.3578E+07
0000327   1.2096E+08 -5.8331E+06  2.4742E+07
0000328   1.4451E+08  2.5519E+07  3.6569E+07
0000329   9.4161E+07  5.0092E+07 -3.8178E+07
0000330   1.1081E+08 -1.2430E+07 -6.0455E+06
0000331   7.5851E+07  8.1233E+05 -1.3749E+07
0000332   8.0230E+07 -6.5887E+07  1.3243E+07
0000333   1.0413E+08  4.4740E+06  3.3126E+07
0000334   8.2044E+07 -4.1451E+07  2.8319E+07
0000335   3.8572E+07 -4.2845E+07 -1.0880E+07
0000336   7.8898E+07 -2.9686E+07  4.8047E+07
0000337   7.3917E+07 -4.0425E+07  5.3834E+05
0000338   1.4335E+08 -2.9660E+06  2.0621E+03
0000339   1.0464E+08 -2.1144E+06  2.0609E+07
0000340   6.6049E+07  4.2765E+07 -2.5930E+07
0000341   1.4348E+08  4.1053E+07  1.4027E+07
0000342   9.0508E+07 -2.5458E+07 -3.9803E+07
0000343   8.3923E+07 -1.4719E+07  1.8546E+06
0000344   1.3328E+08  3.1669E+06 -2.7061E+07
0000345   1.0064E+08  3.6352E+07  5.4824E+06
0000346   5.9801E+07  4.3840E+06  1.6384E+07
0000347   1.4647E+08 -2.5034E+07 -1.1698E+07
0000348   8.1596E+07 -4.1444E+07  9.0600E+06
0000349   1.4095E+08  1.9980E+07  5.6519E+07
0000350   4.8713E+07 -6.1324E+06 -3.9140E+07
0000351   1.1950E+08 -3.7292E+07  6.2965E+07
0000352   1.4670E+08 -2.3357E+07 -3.5864E+07
0000353   5.9969E+07  5.7685E+06  4.9684E+06
0000354   9.9090E+07 -2.6288E+07 -1.2447E+07
0000355   1.3530E+08 -1.0805E+07 -8.2376E+06
0000356   1.3157E+08 -4.1673E+07  2.0052E+07
0000357   1.2527E+08 -1.6183E+07  2.5568E+07
0000358   5.6436E+07  4.0899E+05 -1.5579E+07
0000359   1.0257E+08  3.4306E+07 -9.6011E+06
0000360   1.1399E+08 -4.3732E+06  1.0591E+06
0000361   8.1510E+07  8.7073E+06 -2.6469E+07
0000362   8.1334E+07 -2.7381E+07 -3.8882E+07
0000363   5.3283E+07  2.5787E+07 -2.6241E+07
0000364   1.3111E+08 -3.5431E+07  6.5662E+07
0000365   1.3699E+08  1.0195E+07 -3.5495E+07
0000366   1.1465E+08  6.1314E+07 -8.6688E+06
0000367   1.3107E+08  4.4633E+07 -2.1163E+07
0000368   2.4130E+07 -2.1917E+06  3.5911E+07
0000369   1.2442E+08  1.8656E+07  2.6405E+07
0000370   7.9105E+07  5.5707E+07  1.6958E+06
0000371   1.0805E+08 -3.4568E+07  2.3509E+07
0000372   5.4794E+07  2.8465E+06  4.1341E+07
0000373   1.0123E+08 -1.8007E+07 -1.1486E+07
0000374   1.2631E+08  3.3268E+07  3.6364E+06
0000375   1.5408E+08  5.6441E+07 -2.6834E+07
0000376   1.4675E+08  5.2764E+07 -1.6367E+07
0000377   1.3598E+08  2.2759E+07  2.3289E+07
0000378   1.0040E+08  1.6066E+07 -1.5373E+07
0000379   9.1305E+07 -1.2238E+07  7.0734E+07
0000380   7.7287E+07 -1.6868E+07 -5.9652E+06
0000381   1.2770E+08  1.9130E+07 -5.8537E+06
0000382   1.0096E+08 -2.1650E+07  1.8502E+07
0000383   7.8353E+07  8.1350E+06  5.3942E+07
0000384   1.2284E+08  8.5908E+06 -4.0158E+06
0000385   8.1394E+07  1.0128E+07  4.0032E+07
0000386   4.5796E+07  2.9719E+07 -4.8725E+07
0000387   3.2426E+07 -1.1206E+07  2.9972E+07
0000388   1.2369E+08  2.0830E+07  3.8427E+06
0000389   1.0835E+08  2.3280E+07  3.4034E+07
0000390   1.2570E+08  1.0341E+07  6.5824E+06
0000391   6.7234E+07 -2.6173E+07  3.0392E+07
0000392   6.0722E+07 -5.3346E+05  5.0396E+07
0000393   1.1016E+08  1.2675E+07 -1.4784E+07
0000394   9.2166E+07 -6.7491E+06  2.3385E+07
0000395   5.9268E+07 -5.6524E+07 -4.0968E+07
0000396   9.8370E+07  1.4760E+07 -6.1007E+07
0000397   1.2875E+08  6.7649E+07 -4.2187E+05
0000398   1.2114E+08 -1.5863E+06  4.5223E+06
0000399   8.0355E+07 -4.7785E+07 -6.5920E+06
0000400   1.4313E+08 -1.8481E+07 -1.4581E+07
0000401   8.7462E+07  6.4109E+06  4.2539E+07
0000402   8.5808E+07 -1.4731E+07 -3.9076E+07
0000403   1.4812E+08 -2.8019E+07 -3.7059E+07
0000404   9.0077E+07  1.0385E+07  1.7261E+07
0000405   9.1674E+07 -2.0299E+07  6.3851E+07
0000406   1.2475E+08 -2.0871E+07  5.4450E+06
0000407   1.1662E+08 -1.9497E+07 -2.4953E+07
0000408   7.3113E+07 -4.9380E+07  4.2097E+07
0000409   1.2059E+08 -4.7199E+07  1.1900E+07
0000410   1.2081E+08  2.3404E+07 -1.8284E+07
0000411   9.5447E+07  3.2926E+07  2.8229E+07
0000412   6.4422E+07  1.1475E+07 -1.2800E+07
0000413   7.9877E+07  1.4086E+07 -1.2645E+07
0000414   8.7281E+07 -4.3624E+06  1.9137E+07
0000415   9.9399E+07 -1.2507E+07  1.5825E+07
0000416   7.2173E+07 -6.2355E+07 -4.9858E+06
0000417   8.9706E+07  2.5911E+07  6.3267E+07
0000418   1.0262E+08 -4.0493E+07 -1.6847E+07
0000419   9.8941E+07  1.3773E+07 -8.8672E+06
0000420   8.8773E+07  3.9115E+06 -2.2501E+07
0000421   1.0949E+08 -3.2910E+07  5.1404E+07
0000422   1.0058E+08  2.4142E+07  6.0719E+05
0000423   1.0908E+08  6.1286E+06 -1.0225E+07
0000424   1.1765E+08 -5.3715E+07 -3.6149E+07
0000425   8.8996E+07  2.6869E+07  1.1999E+07
0000426   9.2224E+07 -2.6525E+07 -1.1939E+07
0000427   1.2137E+08 -7.8393E+07 -2.3756E+07
0000428   9.9001E+07 -6.1822E+05 -1.2431E+07
0000429   9.2665E+07 -5.8486E+07  3.2916E+07
0000430   1.0259E+08  1.3898E+07 -4.8916E+07
0000431   9.5172E+07 -7.9649E+06 -2.6071E+07
0000432   8.6457E+07  1.7463E+07 -2.0719E+07
0000433   5.3228E+07 -1.4848E+07  1.8249E+07
0000434   1.3614E+08 -1.0365E+07 -2.3179E+07
0000435   1.3125E+08  5.0756E+07 -3.4305E+06
0000436   8.1776E+07 -2.9925E+06 -3.8484E+07
0000437   7.1553E+07 -1.2368E+07 -8.6457E+06
0000438   1.0197E+08 -1.8918E+07 -1.7043E+07
0000439   1.3027E+08  4.8814E+06  1.9750E+07
0000440   7.4395E+07 -8.0368E+06 -1.2506E+07
0000441   1.1608E+08  3.7902E+07  2.8684E+07
0000442   1.6204E+08 -4.5645E+07 -2.7724E+07
0000443   5.1329E+07 -2.2491E+07  4.5887E+06
0000444   1.0344E+08  6.0219E+07 -2.9370E+07
0000445   1.1869E+08  3.3248E+07  2.7456E+07
0000446   1.0908E+08 -3.1461E+06 -2.5546E+06
0000447   1.2138E+08 -1.6648E+07 -5.0268E+07
0000448   2.1917E+07  1.7914E+07 -2.3800E+07
0000449   1.1173E+08 -1.2332E+07 -4.4828E+07
0000450   7.6091E+07  5.4851E+07 -1.0196E+06
0000451   1.1251E+08  2.0421E+07 -2.2322E+07
0000452   7.9474E+07  3.6173E+07 -2.4917E+07
0000453   8.6508E+07  3.3701E+06 -1.6482E+07
0000454   9.7110E+07  8.0464E+07  1.8572E+07
0000455   9.0259E+07  6.8667E+07  4.7564E+07
0000456   9.3556E+07 -4.5338E+07  1.4527E+07
0000457   1.2911E+08  5.5623E+06  5.7295E+06
0000458   1.2810E+08  4.8807E+07  4.2961E+07
0000459   9.3662E+07  4.1800E+07  1.2791E+07
0000460   1.0669E+08  5.7805E+07 -2.9010E+07
0000461   8.1200E+07 -2.6261E+07 -5.3542E+07
0000462   9.6545E+07 -1.6285E+07 -1.5658E+07
0000463   8.0691E+07  1.2308E+07  4.5945E+06
0000464   6.6888E+07 -1.9627E+07 -2.7097E+07
0000465   8.4434E+07  2.5942E+07  4.2363E+06
0000466   1.2568E+08  1.7650E+07  3.8000E+07
0000467   7.8724E+07  2.3660E+07  4.0642E+07
0000468   1.1997E+08 -5.4169E+07 -1.1805E+07
0000469   9.2362E+07 -1.2770E+07  3.8973E+07
0000470   1.1068E+08 -1.6766E+07  1.4863E+07
0000471   1.0383E+08  2.2772E+06  3.3634E+07
0000472   1.3296E+08  3.5351E+07 -3.4364E+07
0000473   1.3082E+08 -5.2050E+07  2.0558E+07
0000474   1.4365E+08  1.3312E+07 -3.0310E+07
0000475   1.2579E+08  1.7451E+07  2.8370E+07
0000476   1.1970E+08 -1.2984E+07  4.7338E+07
0000477   4.9145E+07 -9.4394E+06 -7.9840E+07
0000478   1.2732E+08 -2.9546E+07  1.1460E+07
0000479   7.7947E+07 -3.4689E+07  1.1498E+07
0000480   1.0000E+08 -1.1247E+07 -3.3635E+07
0000481   1.1748E+08  3.7685E+07 -5.8235E+07
0000482   1.5545E+08 -1.8365E+07  7.2951E+06
0000483   9.4321E+07 -1.7610E+07 -2.1839E+07
0000484   1.2392E+08  3.5681E+07  3.0176E+07
0000485   1.5769E+08  3.2321E+07 -5.2803E+07
0000486   8.1490E+07 -1.2957E+07 -3.0302E+07
0000487   1.2023E+08  2.2091E+06 -1.8881E+06
0000488   7.9208E+07  2.1211E+07  2.4109E+07
0000489   7.3330E+07 -3.8601E+07 -6.5313E+07
0000490   6.7288E+07  1.9169E+07  3.2476E+07
0000491   1.1232E+08  2.0434E+07 -3.6497E+07
0000492   1.0674E+08 -1.6264E+07  6.9939E+06
0000493   6.4478E+07  1.5015E+07  1.7989E+07
0000494   1.0238E+08  3.5330E+07 -1.9876E+07
0000495   9.2603E+07 -1.3054E+07 -1.9531E+07
0000496   8.1177E+07 -3.0286E+07 -5.9544E+06
0000497   1.1176E+08 -2.2946E+06  3.0673E+07
0000498   1.1255E+08 -4.9439E+07  8.0795E+06
0000499   7.0443E+07 -2.4769E+06  2.1449E+07
0000500   1.0806E+08 -4.5442E+05  3.1862E+07
0000501   1.0352E+08  1.6271E+06 -5.7981E+07
0000502   7.7749E+07  2.4380E+07  2.6676E+07
0000503   1.3577E+08 -3.4058E+07  1.0486E+07
0000504   1.2573E+08  2.9867E+07  1.4114E+07
0000505   1.1144E+08 -1.4437E+07 -1.3569E+07
0000506   7.1483E+07  2.1294E+07 -1.7296E+07
0000507   3.2947E+07 -2.7572E+07 -4.9678E+05
0000508   1.0428E+08 -5.9818E+07  2.1423E+07
0000509   6.8000E+07  2.2166E+07  7.0479E+07
0000510   1.4587E+08  1.9952E+07  3.9977E+07
0000511   1.2193E+08 -7.8840E+07 -1.4067E+07
0000512   7.9465E+07 -1.2926E+07  2.4715E+07
0000513   1.2336E+08 -4.0955E+06  1.4346E+07
0000514   1.4130E+08 -2.3069E+07 -1.0312E+07
0000515   8.7103E+07 -3.7277E+06  4.1466E+07
0000516   8.6175E+07  4.7074E+07 -4.0521E+07
0000517   1.1065E+08  5.2618E+07  1.8244E+07
0000518   1.5346E+08 -1.7211E+07  1.5121E+07
0000519   1.2813E+08  8.2151E+07  1.5008E+07
0000520   1.0598E+08 -1.0619E+07 -3.4368E+07
0000521   9.2976E+07  3.2066E+07 -2.6143E+07
0000522   6.6088E+07 -1.2058E+07 -2.6401E+06
0000523   1.2702E+08  6.1354E+06 -1.4670E+07
0000524   1.5495E+08 -1.7580E+07  1.4841E+07
0000525   9.1091E+07 -1.3077E+07 -6.6523E+06
0000526   1.0638E+08  2.4180E+07 -8.0665E+06
0000527   1.1440E+08 -9.7168E+06 -1.4262E+07
0000528   1.3927E+08 -3.1937E+07  2.8823E+07
0000529   1.2504E+08  4.7293E+07  7.0355E+06
0000530   1.3549E+08  5.4936E+06  1.8115E+07
0000531   6.8700E+07 -3.1860E+06 -3.9521E+07
0000532   7.5315E+07  1.1552E+07 -1.1435E+07
0000533   6.6408E+07 -1.2718E+05  1.2021E+07
0000534   7.7514E+07 -4.1828E+07 -5.6335E+07
0000535   1.1887E+08  2.1163E+07  4.6763E+07
0000536   7.9029E+07 -3.2129E+07  2.0220E+07
0000537   7.9362E+07  4.3241E+07 -2.1363E+07
0000538   9.5411E+07  8.5986E+07 -6.5839E+07
0000539   1.1275E+08  3.3724E+06 -4.9955E+07
0000540   7.6842E+07 -5.0427E+07 -7.1140E+07
0000541   2.5555E+06  1.6793E+07  1.8424E+07
0000542   1.3317E+08  1.5448E+06 -4.3691E+06
0000543   5.4806E+07 -4.4915E+07  3.1030E+07
0000544   1.1021E+08 -1.0355E+06 -3.9484E+07
0000545   9.3673E+07  1.6756E+07  2.5824E+07
0000546   7.2941E+07 -3.0727E+07 -2.2361E+07
0000547   1.0240E+08 -2.5095E+07  3.3731E+07
0000548   1.1320E+08  2.1847E+07  3.1824E+07
0000549   1.2689E+08  3.3244E+07  1.6794E+07
0000550   8.7852E+07  2.8785E+07 -6.1413E+05
0000551   1.6487E+08 -1.9592E+06  2.0190E+07
0000552   1.0098E+08 -4.1215E+06  6.7522E+05
0000553   1.3034E+08 -7.4868E+06 -2.7421E+06
0000554   8.9883E+07 -1.2972E+07 -2.0581E+07
0000555   1.3924E+08 -1.3751E+07  1.6266E+07
0000556   1.4767E+08  2.5057E+07 -8.8934E+06
0000557   9.9071E+07  3.7249E+07 -2.9327E+07
0000558   1.0573E+08  4.9725E+06  8.5302E+06
0000559   1.3447E+08  4.4928E+06 -1.9053E+07
0000560   1.1538E+08 -5.3114E+07 -1.4055E+07
0000561   1.1350E+08 -1.7982E+07  2.1813E+07
0000562   7.8273E+07  5.7948E+06 -4.6155E+07
0000563   1.1090E+08  1.7060E+06  4.8695E+07
0000564   1.0616E+08 -2.2489E+07  1.4655E+06
0000565   4.3243E+07  7.4038E+06  2.7493E+07
0000566   4.1418E+07  6.3045E+07  2.6479E+05
0000567   1.2231E+08 -7.4010E+06  3.0556E+05
0000568   1.2279E+08  2.6540E+07  2.2036E+07
0000569   1.0800E+08  4.8558E+07 -5.1264E+07
0000570   9.8288E+07  3.4191E+07 -3.9047E+07
0000571   1.1535E+08 -3.4141E+07  1.3169E+07
0000572   1.3197E+08 -4.6098E+07 -5.2070E+06
0000573   1.5962E+08  2.2002E+07  2.2067E+07
0000574   7.1742E+07 -1.3724E+06  2.8373E+07
0000575   1.0811E+08  6.8799E+07 -1.8657E+07
0000576   1.4815E+08 -3.0664E+07  9.9985E+06
0000577   5.3777E+07 -1.2617E+07  2.4991E+06
0000578   1.2721E+08  4.9733E+07 -8.0915E+06
0000579   1.4587E+08 -5.4301E+07  2.6895E+07
0000580   9.5053E+07  1.2051E+07 -2.1954E+07
0000581   9.9691E+07  1.8704E+07  5.3730E+07
0000582   1.0051E+08  1.8998E+05  2.6558E+07
0000583   1.1349E+08 -3.9076E+07  2.4841E+07
0000584   1.1658E+08  1.3061E+07 -2.2221E+07
0000585   1.2943E+08 -1.7123E+06  6.7193E+07
0000586   1.3874E+08 -1.1283E+07 -1.4243E+07
0000587   1.0919E+08  6.4193E+07  3.2822E+07
0000588   1.3044E+08  1.6711E+07  1.3541E+07
0000589   1.2336E+08  2.1832E+07  2.7215E+07
0000590   1.4920E+08 -7.1135E+06  3.7385E+07
0000591   1.1269E+08  1.1794E+07 -5.9695E+06
0000592   1.1993E+08 -4.1737E+07  4.9143E+07
0000593   1.1032E+08  3.3250E+07  4.4118E+07
0000594   8.5060E+07 -7.4717E+07  1.5447E+07
0000595   9.3248E+07  3.1638E+07  2.5595E+07
0000596   1.1405E+08 -1.3352E+07  1.8683E+07
0000597   1.5707E+08 -2.4647E+06  5.9571E+06
0000598   1.3761E+08 -5.9090E+07 -1.4758E+07
0000599   1.0343E+08  7.8454E+07 -3.6577E+07
0000600   8.5491E+07 -3.3779E+07  1.0798E+07
0000601   1.5578E+08  1.8017E+07 -2.3055E+07
0000602   1.0878E+08  3.3657E+07 -2.2925E+07
0000603   1.1721E+08 -5.3262E+07 -4.1775E+07
0000604   1.2574E+08  4.2081E+06  1.2899E+07
0000605   1.2588E+08 -2.7357E+07 -2.7964E+06
0000606   6.5391E+07 -1.8794E+07 -4.8782E+07
0000607   8.8376E+07  7.8311E+06 -9.6118E+06
0000608   1.2706E+08  8.6425E+06 -1.4698E+07
0000609   9.3310E+07 -2.6108E+07  3.1712E+07
0000610   8.4573E+07 -3.0224E+07  1.8825E+07
0000611   1.2161E+08  1.2345E+06 -3.6070E+07
0000612   7.5732E+07 -1.0834E+07 -3.5263E+06
0000613   1.3985E+08 -3.2451E+06  1.7529E+07
0000614   1.1323E+08  1.1516E+07  1.8447E+06
0000615   9.7866E+07 -8.9039E+06 -7.2263E+06
0000616   4.4676E+07  7.0037E+07 -9.1903E+05
0000617   9.6491E+07 -5.1288E+07  1.1386E+07
0000618   3.7407E+07 -3.2330E+07  8.1715E+06
0000619   6.3703E+07  3.8940E+06  1.5539E+07
0000620   1.1156E+08  1.6196E+07  1.0290E+07
0000621   1.1296E+08  3.4591E+06 -8.2105E+07
0000622   1.2600E+08  1.3970E+07 -2.0354E+07
0000623   7.9882E+07  6.1090E+07 -3.9386E+07
0000624   9.7240E+07  1.4644E+07  3.5056E+07
0000625   6.7752E+07  2.6572E+07  2.1103E+07
0000626   1.2384E+08 -9.3251E+07 -7.4832E+06
0000627   1.4931E+08 -5.9519E+06 -1.7730E+07
0000628   1.0384E+08  2.1976E+07 -2.8387E+07
0000629   1.4088E+08 -1.3292E+07 -2.9610E+07
0000630   6.4222E+07 -3.0523E+06  5.9910E+06
0000631   9.4456E+07 -4.7234E+07  4.1120E+06
0000632   1.1593E+08 -1.5453E+07 -5.1480E+07
0000633   1.0894E+08  4.9526E+07 -7.6873E+06
0000634   7.8004E+07 -1.3593E+07  9.3128E+05
0000635   1.1833E+08 -1.6700E+07  1.9394E+07
0000636   1.0653E+08  7.7119E+06  4.8526E+07
0000637   1.0519E+08  7.8816E+06  5.2035E+05
0000638   1.1015E+08 -5.0824E+07 -2.2605E+07
0000639   1.2522E+08  6.3638E+06  8.1977E+06
0000640   1.8584E+07  2.8323E+06  1.0193E+07
0000641   1.2084E+08  3.6294E+07 -2.8811E+07
0000642   1.3117E+08  1.5175E+06  6.7944E+07
0000643   1.2108E+08  6.3397E+07 -4.6612E+06
0000644   1.0541E+08  2.1880E+07  3.3855E+07
0000645   1.1873E+08 -1.2517E+07  3.5770E+07
0000646   1.1393E+08  2.2650E+06 -2.0761E+07
0000647   9.1046E+07 -2.3981E+06  7.2236E+07
0000648   9.8761E+07  3.2598E+07  5.2883E+07
0000649   9.7539E+07  1.2277E+07 -3.9455E+07
0000650   8.7416E+07  2.1992E+07  2.7570E+07
0000651   7.6483E+07 -3.4409E+07 -8.9821E+06
0000652   1.4129E+08  1.4093E+07  1.4661E+07
0000653   1.1160E+08  7.3153E+06 -1.2297E+07
0000654   5.6317E+07 -3.0282E+07  8.0931E+07
0000655   1.0180E+08  2.1288E+07 -9.6882E+06
0000656   1.0100E+08  1.0111E+07 -1.8062E+07
0000657   1.3563E+08  6.8412E+06 -5.2987E+07
0000658   7.5190E+07 -1.0607E+07  5.0275E+06
0000659   7.6567E+07 -1.2712E+04  6.6540E+07
0000660   1.4398E+08 -2.4750E+07  2.3023E+07
0000661   9.6556E+07 -4.4605E+07 -2.7632E+07
0000662   1.0236E+08  7.9725E+06  5.5669E+06
0000663   9.3116E+07  4.1600E+07  1.8838E+07
0000664   7.1463E+07  1.5767E+07  2.2960E+07
0000665   1.2249E+08 -4.1930E+07  2.8522E+07
0000666   1.1587E+08  2.8497E+07 -2.7944E+07
0000667   1.2921E+08 -1.5720E+07  2.8489E+07
0000668   1.1869E+08 -9.5314E+06  1.0082E+08
0000669   1.0355E+08 -1.5244E+07 -4.4433E+07
0000670   7.8233E+07 -3.8747E+07 -2.0569E+07
0000671   4.5526E+07  2.0511E+07 -3.6508E+07
0000672   8.1370E+07  3.0945E+07 -9.6885E+06
0000673   7.7158E+07 -5.5768E+07 -3.0162E+07
0000674   1.3671E+08  6.3315E+06  2.2784E+07
0000675   6.9291E+07 -7.5521E+07  2.1523E+07
0000676   4.6785E+07  4.0359E+07 -1.1541E+07
0000677   1.1622E+08 -1.8856E+07 -1.5767E+07
0000678   1.0473E+08  4.1754E+07  2.3194E+07
0000679   1.1192E+08 -1.1439E+07  2.3941E+07
0000680   9.2817E+07 -1.6667E+07 -4.8895E+07
0000681   1.2388E+08 -5.3979E+07 -4.1185E+07
0000682   6.4960E+07  2.7486E+07 -1.1245E+07
0000683   9.4717E+07 -4.1639E+06  1.5677E+07
0000684   8.5549E+07  2.5189E+05  2.0574E+07
0000685   8.4770E+07  1.5136E+07 -5.6296E+07
0000686   1.2794E+08 -3.0329E+07 -1.6022E+07
0000687   9.4304E+07  8.3144E+06  2.2808E+07
0000688   8.0531E+07 -4.3532E+06 -3.7420E+07
0000689   8.1996E+07 -2.0623E+06 -1.2898E+07
0000690   6.6458E+07 -7.6817E+05  4.9698E+07
0000691   2.2954E+07 -1.9516E+07  9.9027E+06
0000692   7.3744E+07 -3.9581E+07  5.0447E+05
0000693   8.3021E+07 -6.8638E+05  1.1838E+07
0000694   3.6862E+07  2.9224E+07  2.9022E+07
0000695   4.5972E+07  4.2511E+06 -1.3421E+07
0000696   1.2802E+08 -2.6721E+07 -2.5479E+07
0000697   1.3997E+08  4.8731E+06  4.3945E+07
0000698   1.3219E+08 -1.0973E+07  3.6798E+07
0000699   9.0417E+07  2.6849E+07  2.4238E+07
0000700   1.1697E+08  3.6628E+07 -6.8606E+07
0000701   9.1594E+07 -7.8760E+06 -6.0582E+07
0000702   1.0583E+08  4.7009E+06  2.3785E+07
0000703   1.1924E+08  2.9955E+07 -2.3654E+06
0000704   9.9045E+07 -2.8123E+06  1.2899E+07
0000705   3.3634E+07  9.3728E+06 -9.2127E+06
0000706   1.2040E+08 -9.6935E+06  8.2903E+06
0000707   1.6143E+08 -1.8502E+07 -4.2654E+06
0000708   1.0410E+08 -1.0427E+07 -1.9456E+07
0000709   1.2911E+08  2.6986E+07  3.4745E+07
0000710   9.9571E+07  4.2897E+07 -2.2150E+07
0000711   1.2929E+08 -4.7989E+06 -2.2683E+07
0000712   7.4111E+07  2.3641E+07 -2.6187E+06
0000713   9.8518E+07 -2.9276E+07 -1.4039E+06
0000714   1.3164E+08 -7.3763E+06  2.6047E+07
0000715   5.4393E+07 -2.2908E+07 -1.2173E+06
0000716   1.3402E+08  8.3723E+06  3.2292E+07
0000717   1.2516E+08  4.9269E+06  1.9968E+07
0000718   8.9369E+07  4.9040E+07 -8.2704E+06
0000719   1.1163E+08  3.1869E+07  5.5729E+07
0000720   1.1243E+08 -2.2415E+07  3.8361E+07
0000721   9.9113E+07  1.6468E+07 -5.4697E+07
0000722   6.8587E+07 -2.1419E+07  3.0252E+07
0000723   8.5253E+07 -5.4469E+06  4.7692E+07
0000724   1.1108E+08 -3.1079E+06  5.4261E+05
0000725   7.9057E+07 -3.9952E+07  1.0287E+07
0000726   9.6356E+07 -3.1822E+07 -3.6311E+07
0000727   8.4667E+07 -5.9565E+07  9.7153E+06
0000728   1.5403E+08  4.5081E+07 -3.6813E+07
0000729   1.1041E+08 -1.8197E+07 -2.3811E+07
0000730   8.9420E+07  7.3391E+06 -2.3802E+07
0000731   1.5770E+08 -1.2115E+05 -5.2947E+07
0000732   9.3441E+07  1.0962E+07 -1.3370E+07
0000733   5.4738E+07 -1.2334E+07  4.9476E+07
0000734   1.3892E+08  4.7953E+07 -3.8503E+06
0000735   1.2944E+08  2.5579E+07  3.1339E+07
0000736   8.5793E+07 -1.1758E+07  2.2710E+07
0000737   1.1525E+08 -3.2444E+07  3.5638E+06
0000738   1.4248E+08 -8.3684E+06 -6.3804E+06
0000739   9.6345E+07 -1.9120E+07 -4.6588E+07
0000740   1.3832E+08 -2.6082E+07 -2.0957E+07
0000741   8.8289E+07  2.6509E+07  1.0186E+07
0000742   1.3155E+08 -1.6409E+07 -1.2674E+07
0000743   7.9078E+07 -5.2133E+06  3.3611E+07
0000744   9.4259E+07 -1.1037E+07  3.8124E+07
0000745   1.2176E+08  5.2012E+07  5.7653E+06
0000746   5.0335E+07  5.8877E+07  1.9541E+07
0000747   9.8114E+07 -3.9960E+07  7.3960E+07
0000748   9.0537E+07 -6.9990E+05 -2.5212E+07
0000749   2.9795E+07 -2.0709E+07  5.2389E+07
0000750   1.0418E+08  1.1754E+07  1.4788E+07
0000751   1.6678E+08  3.5856E+06  1.5278E+07
0000752   1.1990E+08 -2.9591E+07  1.2808E+07
0000753   7.7411E+07  1.0313E+07  3.3846E+07
0000754   8.5621E+07  3.8328E+06 -1.6440E+07
0000755   9.4842E+07 -1.4277E+07  2.6297E+07
0000756   8.2657E+07 -2.2108E+07  3.1335E+07
0000757   1.2358E+08 -1.2698E+07  1.8078E+07
0000758   1.0835E+08 -2.8991E+07 -1.6876E+07
0000759   1.3731E+08  5.8766E+06  1.7748E+07
0000760   1.3446E+08 -1.4026E+07  2.6493E+06
0000761   1.5008E+08 -1.8005E+07  7.7775E+07
0000762   4.0337E+07  1.1653E+07  1.7151E+07
0000763   4.3497E+07  4.1575E+07 -3.3010E+07
0000764   6.6116E+07 -1.2646E+07  1.2942E+06
0000765   5.8762E+07 -1.0542E+07 -3.1759E+07
0000766   1.0538E+08  2.0612E+07 -1.0441E+07
0000767   1.5070E+08 -1.7070E+07 -9.3260E+05
0000768   8.2917E+07 -4.8120E+07 -1.6884E+07
0000769   8.8862E+07  5.5100E+07 -5.2479E+07
0000770   1.0610E+08 -7.8749E+07  3.0371E+07
0000771   6.2933E+07  4.3215E+07 -8.1536E+06
0000772   1.1517E+08  2.6189E+07  1.7675E+06
0000773   5.2942E+07 -5.0986E+07  1.8487E+07
0000774   7.8088E+07  1.1701E+06  1.5799E+06
0000775   1.5198E+08  4.4249E+07  2.0104E+07
0000776   1.0242E+08 -2.6441E+06 -7.6954E+06
0000777   1.3415E+08  1.6818E+06 -9.6818E+06
0000778   1.0723E+08  2.4290E+07  5.2844E+07
0000779   1.0592E+08  9.8225E+06  3.3352E+07
0000780   9.5942E+07 -1.9589E+07  4.6807E+07
0000781   1.1775E+08  5.2783E+07  6.8486E+06
0000782   1.1324E+08 -5.3462E+06  1.4769E+07
0000783   1.0516E+08  1.8957E+07  1.9883E+06
0000784   4.8291E+07  1.4827E+07  1.2251E+06
0000785   9.7309E+07  1.6459E+07  1.6988E+07
0000786   5.0393E+07 -6.2519E+07  1.0803E+07
0000787   1.0745E+08  4.3567E+07  4.9682E+06
0000788   5.7752E+07 -2.9152E+07 -1.4022E+07
0000789   1.1913E+08 -4.8877E+07  3.3319E+07
0000790   9.6017E+07 -5.2760E+06 -7.1926E+06
0000791   1.1365E+08 -1.3645E+07 -3.1105E+07
0000792   1.5037E+08 -3.0670E+06  6.7907E+06
0000793   8.1690E+07  2.0817E+07 -2.4913E+07
0000794   7.5568E+07 -9.6010E+06  3.3910E+06
0000795   1.3233E+08 -1.7372E+07 -4.5854E+07
0000796   1.2483E+08 -3.2019E+07  2.7094E+07
0000797   5.8083E+07 -6.7585E+07  1.9349E+07
0000798   1.3261E+08 -7.0479E+06  2.7233E+07
0000799   7.7828E+07  1.8090E+07  1.7388E+07
0000800   1.1362E+08  7.0854E+06  4.6936E+07
0000801   9.9368E+07  3.2512E+07 -1.8399E+07
0000802   6.1938E+07  2.5985E+07  1.8162E+07
0000803   9.9127E+07 -4.0779E+07  1.7564E+07
0000804   4.3126E+07  9.5889E+07  1.8873E+07
0000805   9.1366E+07 -4.9042E+07 -1.8100E+06
0000806   5.5089E+07 -1.7602E+07  9.9453E+06
0000807   1.1748E+08 -1.1283E+07  5.8147E+06
0000808   1.0231E+08 -1.1049E+07 -5.8505E+06
0000809   1.0947E+08  9.1106E+06 -1.2369E+07
0000810   1.0755E+08  2.5880E+07  8.6862E+06
0000811   9.7194E+07 -2.9544E+07  3.3641E+06
0000812   7.8855E+07  1.4915E+07  1.7425E+07
0000813   1.3362E+08  7.7788E+07 -2.4768E+06
0000814   1.3228E+08  3.8106E+06 -4.9942E+06
0000815   1.0430E+08  6.3159E+07 -1.0837E+07
0000816   1.2149E+08 -7.6048E+07 -1.2747E+07
0000817   1.0638E+08 -2.3265E+07 -9.0515E+06
0000818   1.2684E+08 -2.4641E+07 -2.9357E+07
0000819   8.3115E+07 -9.9768E+07 -3.9894E+07
0000820   1.2993E+08 -2.6695E+07  2.9519E+07
0000821   1.5718E+08 -2.9413E+07  1.9688E+07
0000822   9.3195E+07 -3.2302E+07  8.3407E+06
0000823   8.3117E+07  1.0601E+07 -5.9077E+05
0000824   1.3736E+08 -1.9213E+07 -1.3571E+07
0000825   1.4346E+08  1.9952E+06 -4.4002E+07
0000826   1.1349E+08 -6.1943E+06  2.9533E+07
0000827   7.5806E+07  2.1574E+06 -5.4325E+05
0000828   1.0912E+08 -1.9257E+07 -2.5895E+07
0000829   6.5123E+07  6.1909E+06  2.4398E+07
0000830   6.3166E+07  2.5872E+07 -8.4667E+06
0000831   1.3783E+08  6.5884E+07 -1.9915E+07
0000832   1.5801E+08 -2.7205E+07 -5.3108E+06
0000833   1.1451E+08  2.0874E+06  3.6923E+07
0000834   1.0637E+08  5.1924E+06  5.1655E+07
0000835   1.0324E+08 -2.1996E+06  3.3773E+06
0000836   4.8895E+07  8.7192E+06  3.3681E+07
0000837   6.9935E+07 -1.3481E+07  3.7214E+07
0000838   1.2941E+08 -2.0189E+07  3.3956E+07
0000839   2.5819E+07 -2.7417E+06  8.8693E+06
0000840   8.9213E+07 -7.3202E+07 -1.7243E+07
0000841   1.1096E+08  2.4994E+07  6.1240E+05
0000842   1.0494E+08 -2.5298E+07 -1.6597E+07
0000843   1.1557E+08  2.2644E+07  2.2996E+07
0000844   1.4646E+08  8.3062E+06  3.4283E+06
0000845   8.8457E+07  3.7710E+07  3.3150E+06
0000846   1.2895E+08  1.7080E+07 -2.7374E+07
0000847   9.7463E+07  2.7143E+07  3.5168E+07
0000848   1.1655E+08  2.9635E+07 -1.0022E+07
0000849   7.0754E+07  1.0919E+07  1.5205E+07
0000850   1.1698E+08 -5.3908E+06  1.7147E+07
0000851   6.9393E+07 -6.7821E+06  1.6317E+07
0000852   1.3367E+08  2.5581E+07  1.1297E+07
0000853   1.5369E+08 -2.4797E+07  6.0130E+06
0000854   1.1953E+08  4.2576E+06  3.0096E+07
0000855   8.8323E+07  8.3604E+06 -1.7037E+07
0000856   3.1124E+07  1.6298E+07  2.1648E+07
0000857   1.1103E+08  1.8260E+06  2.6222E+07
0000858   1.0142E+08 -1.4408E+07 -4.1951E+07
0000859   7.6058E+07 -8.0938E+06 -3.2695E+07
0000860   8.7330E+07 -2.8898E+07 -1.0223E+07
0000861   1.2238E+08 -1.2106E+07  3.8171E+07
0000862   1.1814E+08  6.8399E+06 -4.4825E+06
0000863   7.2335E+07  1.3233E+07 -6.1666E+07
0000864   9.8739E+07  8.1395E+06 -3.2689E+07
0000865   1.1428E+08 -3.6940E+07  1.4089E+07
0000866   1.2473E+08  9.2065E+06 -6.5304E+06
0000867   5.9942E+07  4.1784E+07 -2.4875E+06
0000868   1.0680E+08 -3.1086E+06 -4.4575E+07
0000869   1.3896E+08  4.8322E+07  1.6357E+07
0000870   5.5182E+07  1.3289E+07 -6.5701E+06
0000871   8.9189E+07 -6.3336E+07 -2.1986E+07
0000872   1.3930E+08 -2.6006E+07 -2.7104E+07
0000873   8.0679E+07  3.7607E+07  5.1662E+07
0000874   3.8755E+07 -7.0749E+06  2.9086E+07
0000875   5.5946E+07  1.8311E+07  1.0402E+06
0000876   1.2826E+08  2.3756E+07  4.2624E+07
0000877   5.9128E+07 -3.5047E+07  5.5681E+06
0000878   9.8914E+07 -1.1091E+07 -1.1901E+07
0000879   8.8582E+07  2.4171E+07  2.3394E+07
0000880   1.1062E+08  1.9595E+07  2.5196E+07
0000881   8.3058E+07  1.7805E+07  3.1575E+06
0000882   1.3641E+08 -1.9977E+07 -1.5508E+07
0000883   8.1541E+07 -1.8215E+07  4.2122E+07
0000884   9.0248E+07 -3.7632E+07  4.9300E+07
0000885   5.9016E+07 -5.6464E+06  5.3004E+07
0000886   1.0834E+08 -4.4600E+06 -6.2072E+05
0000887   1.1479E+08 -1.5150E+07  8.3282E+07
0000888   6.3641E+07  8.5140E+06  2.9230E+07
0000889   1.1605E+08 -2.8602E+07  2.8140E+07
0000890   1.0618E+08  1.1752E+07 -6.0327E+07
0000891   1.3459E+08 -6.7009E+06 -1.2811E+07
0000892   1.2471E+08 -2.3856E+07 -4.5409E+07
0000893   1.1997E+08 -2.0240E+07  9.5812E+06
0000894   1.3215E+08 -2.8854E+07  1.2459E+07
0000895   1.0691E+08 -5.1002E+06 -1.3992E+07
0000896   1.2139E+08  3.2021E+07 -1.7645E+06
0000897   1.2326E+08 -4.6921E+05 -2.9732E+07
0000898   1.4088E+08  1.7438E+07 -1.1723E+07
0000899   7.3291E+07  1.1281E+07 -3.0392E+07
0000900   7.6558E+07  4.1592E+07  3.8236E+07
0000901   1.4798E+08 -6.8623E+06  1.6226E+07
0000902   1.3481E+08 -1.4634E+07 -1.5904E+07
0000903   1.2582E+08  6.7739E+06  1.4379E+07
0000904   1.2159E+08 -1.5075E+07 -3.0637E+07
0000905   1.4348E+08  1.2856E+07 -2.5382E+07
0000906   1.0843E+08 -2.2382E+07  2.3327E+07
0000907   1.1985E+08 -1.3195E+07 -1.7923E+06
0000908   8.9442E+07  1.0903E+07 -1.2929E+07
0000909   1.3009E+08  2.7861E+06 -2.1299E+07
0000910   1.4060E+08 -1.3778E+07  2.5464E+07
0000911   8.9612E+07  3.4690E+07 -3.9445E+07
0000912   1.3402E+08 -3.8880E+07 -1.1339E+07
0000913   1.5169E+08 -1.2852E+06  2.5934E+07
0000914   1.0552E+08 -5.3658E+06  3.9210E+07
0000915   1.3515E+08 -4.1786E+07  7.7369E+06
0000916   5.7305E+07 -9.6027E+06 -1.5085E+07
0000917   3.6042E+07  2.8496E+07 -2.2478E+06
0000918   1.0975E+08 -1.8250E+07  3.4112E+07
0000919   6.3318E+07 -4.7426E+07  8.9549E+06
0000920   1.2231E+08 -1.9500E+07 -1.5644E+07
0000921   1.1391E+08  1.3211E+06 -3.0719E+07
0000922   1.3766E+08 -3.1293E+07  7.9374E+06
0000923   1.3281E+08  1.1204E+07 -1.6766E+07
0000924   1.0778E+08  6.5797E+07  1.2952E+07
0000925   1.4923E+08  2.9706E+04  1.9736E+06
0000926   1.0629E+08 -1.5574E+06  2.4614E+07
0000927   1.1690E+08 -2.8413E+07  3.8298E+07
0000928   5.8746E+07 -1.9252E+07 -7.1387E+07
0000929   1.4675E+08 -2.6717E+07 -2.3892E+07
0000930   1.1824E+08 -4.0431E+07 -2.8121E+07
0000931   1.6620E+08 -1.0646E+07  3.8081E+07
0000932   1.2285E+08 -4.7941E+07  2.4517E+07
0000933   1.0846E+08  1.9106E+07 -2.5920E+07
0000934   7.2852E+07  3.7869E+06  1.2417E+07
0000935   6.6717E+07  1.7769E+07 -2.9698E+07
0000936   1.3409E+08  1.6216E+06  5.1028E+07
0000937   1.3016E+08 -7.2382E+07  2.3416E+07
0000938   7.7985E+07  3.8532E+07  5.6976E+06
0000939   9.8442E+07 -2.9722E+07 -3.0337E+07
0000940   5.8129E+07  1.4639E+07  1.0178E+07
0000941   7.6634E+07  2.2049E+07  4.6429E+06
0000942   8.4384E+07  1.2085E+07  5.0291E+06
0000943   1.6712E+08  1.9738E+07 -2.3857E+06
0000944   1.1933E+08  2.2341E+07  3.4133E+07
0000945   1.3899E+08  3.5479E+07  1.1114E+07
0000946   1.3055E+08  1.3374E+07  4.0449E+06
0000947   1.1900E+08  2.5780E+07  4.6935E+06
0000948   6.8486E+07  6.0075E+07  3.7525E+07
0000949   1.4743E+08 -4.5812E+07 -1.7991E+07
0000950   1.0403E+08 -5.5894E+07  2.7964E+07
0000951   4.9365E+07  3.3942E+07  2.2760E+07
0000952   1.2670E+08  2.3184E+07 -2.6712E+07
0000953   3.7293E+07  7.1072E+06 -4.9942E+06
0000954   1.1130E+08 -7.9232E+06 -3.9833E+07
0000955   1.1523E+08  2.3323E+07 -2.6736E+07
0000956   1.1974E+08  4.1732E+07 -2.7075E+07
0000957   4.5140E+07  7.4477E+06  7.8061E+06
0000958   1.4611E+08  6.8699E+07 -5.0022E+06
0000959   1.1372E+08  7.6510E+07  1.8844E+07
0000960   1.0302E+08  3.2027E+07  1.6329E+07
0000961   1.0925E+08  1.1875E+07  7.3836E+06
0000962   1.0270E+08  8.5226E+06  3.2374E+07
0000963   2.0961E+07  3.9170E+06  1.7730E+06
0000964   1.1027E+08  5.5459E+06 -1.6771E+07
0000965   9.3321E+07 -2.9337E+07  3.0218E+07
0000966   1.1229E+08 -1.8936E+06 -1.0460E+07
0000967   1.7101E+08 -4.8490E+06 -2.2290E+07
0000968   1.3632E+08 -1.2763E+07  5.5926E+06
0000969   4.4239E+07  2.2969E+07 -7.0399E+07
0000970   9.3865E+07 -3.6373E+07  3.9144E+07
0000971   8.0828E+07 -1.3675E+06 -6.6126E+06
0000972   1.4359E+08 -2.5601E+07  1.6539E+07
0000973   1.2571E+08  4.0208E+07  1.1579E+07
0000974   9.7251E+07  6.0541E+07 -8.0538E+06
0000975   1.3264E+08 -3.3884E+07  3.0240E+07
0000976   2.7681E+07 -8.3889E+06  1.0201E+07
0000977   7.7724E+07  3.4024E+07 -2.4588E+07
0000978   7.9502E+07 -1.9822E+07  2.5276E+07
0000979   7.6043E+07 -2.2861E+07 -1.0366E+07
0000980   8.9695E+07  1.4277E+07 -1.8925E+07
0000981   1.2069E+08  1.0586E+07 -2.3815E+07
0000982   9.6852E+07  2.3217E+07 -3.0013E+07
0000983   1.4084E+08  3.4712E+06  2.9830E+07
0000984   1.4407E+08  1.9719E+07 -4.9530E+06
0000985   1.0911E+08 -2.5734E+07  3.3218E+07
0000986   7.0952E+07  1.2616E+07 -4.4827E+06
0000987   1.3003E+08  1.5712E+07 -1.7927E+07
0000988   1.0201E+08  5.3835E+07 -3.5434E+06
0000989   6.4246E+07  1.0066E+07  6.4326E+06
0000990   1.2891E+08 -2.5490E+07 -1.3398E+06
0000991   7.8242E+07 -2.0392E+07  1.9468E+07
0000992   7.2464E+07  1.9558E+06  1.3961E+07
0000993   1.2807E+08 -1.2315E+06  2.5514E+07
0000994   1.4356E+08 -3.9391E+07  1.8228E+07
0000995   1.3826E+08  6.4958E+06  2.5616E+07
0000996   1.1916E+08 -1.2214E+07  3.2371E+07
0000997   7.5609E+07  2.3426E+07 -1.9743E+06
0000998   2.9076E+07 -9.6586E+06  8.4442E+06
0000999   4.0169E+07  2.9190E+07 -1.1021E+07
0001000   1.5091E+08  2.9459E+07 -4.9802E+07
