============================== SRIM-2013.00 ==============================
==============================================================================
====== SRIM Outputs\RANGE_3D.txt : File of Final Ion Positions =====

Ion = Ar (18)   Ion Mass= 039.9620
Energy  = 9102982.E-04 keV
Ion Angle to Surface = 00.0 degrees
==================== TARGET =======================
  Layer # 1 - Layer 1
  Layer # 1 - Bottom Depth=500000.E+03 A
  Layer # 1 - Density =0000.0002 g/cm3
  Layer # 1 -  100 % of Ar
様様様様様様様様様様様様様様様様様様様様様様様様様様
                                            
Ion       Depth  X   Lateral Y   Lateral Z  
Number    (Angstrom) (Angstrom)  (Angstrom) 
-------  ----------- ----------- -----------
0000001   2.1527E+08 -3.0364E+07 -5.8805E+07
0000002   9.8984E+07 -7.9837E+07  2.6165E+07
0000003   1.4767E+08  2.6383E+07  4.9790E+07
0000004   2.0925E+08 -4.9931E+07  7.2155E+07
0000005   1.8310E+08 -2.6570E+07  6.3496E+06
0000006   7.1197E+07  1.8141E+07 -3.3143E+07
0000007   1.4988E+08 -7.9956E+07 -6.4155E+07
0000008   1.9671E+08 -7.4517E+07  7.0357E+06
0000009   2.1006E+08  1.3909E+07 -5.9117E+07
0000010   1.9540E+08  3.5273E+07  2.6935E+07
0000011   1.5508E+08  1.1361E+07  3.0707E+07
0000012   1.3859E+08  5.2196E+06 -3.5332E+07
0000013   8.6402E+07 -4.1525E+07 -5.7551E+07
0000014   2.0727E+08  1.0809E+08 -2.1937E+07
0000015   1.5417E+08 -2.3365E+07 -2.9513E+07
0000016   1.9240E+08  6.4216E+07  4.0800E+07
0000017   1.5943E+08  3.8138E+07 -5.1827E+07
0000018   1.2441E+08 -1.5252E+07  2.7777E+07
0000019   1.5693E+08 -2.2805E+07 -1.8128E+07
0000020   1.4338E+08  5.5387E+07  3.5745E+07
0000021   2.1342E+08  2.8978E+07  1.3623E+07
0000022   1.9095E+08 -4.0489E+05 -3.3522E+06
0000023   9.8703E+07 -5.8929E+07 -2.7002E+07
0000024   2.6710E+08  3.5498E+07  4.5274E+06
0000025   1.3064E+08  1.0577E+08 -2.2401E+07
0000026   1.9370E+08  1.3533E+07  1.7511E+07
0000027   2.1647E+08  5.5745E+07  4.7839E+07
0000028   1.9568E+08 -2.1197E+07 -2.5370E+07
0000029   1.3728E+08 -3.2435E+07  4.5765E+07
0000030   1.5168E+08 -8.8157E+06  2.6004E+07
0000031   8.9735E+06  1.8019E+07  4.7612E+06
0000032   1.5423E+08  7.2657E+06  1.5187E+04
0000033   1.5320E+08 -2.4408E+07 -1.8904E+07
0000034   1.5422E+08 -5.7435E+07  3.5091E+07
0000035   2.0690E+08 -1.1969E+07  4.2096E+07
0000036   1.7487E+08 -4.5776E+07 -2.4803E+07
0000037   9.9868E+07  1.1097E+06 -3.0948E+05
0000038   1.8168E+08  2.9955E+07 -2.1059E+07
0000039   1.7532E+08 -1.2870E+07  6.6824E+06
0000040   1.5677E+08  7.4294E+07  1.8885E+07
0000041   1.8070E+08  1.3567E+07  1.3575E+07
0000042   1.1744E+08 -5.7234E+07 -2.8955E+07
0000043   1.7384E+08 -9.5198E+06 -4.6260E+07
0000044   1.7285E+08  6.3767E+07 -2.1289E+07
0000045   1.7155E+08  1.3552E+07  4.2636E+07
0000046   1.9531E+08 -2.6146E+07 -2.6418E+07
0000047   1.0922E+08 -2.1195E+07 -1.0076E+07
0000048   1.1947E+08 -6.9729E+07  1.6029E+07
0000049   1.8155E+08 -6.6802E+06  3.7963E+06
0000050   1.5497E+08  2.5424E+07  3.1979E+07
0000051   1.6117E+08 -3.8998E+07  4.1377E+07
0000052   1.3412E+08  8.4151E+07 -5.5412E+07
0000053   1.3580E+08  1.6961E+07  6.1196E+07
0000054   1.6053E+08 -5.4970E+06 -3.6079E+07
0000055   1.3268E+08  2.7766E+06  7.2263E+07
0000056   1.2341E+08  3.8109E+07  3.4753E+07
0000057   1.4257E+08  4.6543E+06  3.9818E+07
0000058   1.8757E+08 -4.0265E+07 -1.9147E+06
0000059   1.7902E+08  4.0151E+07  4.0254E+07
0000060   2.0011E+08  2.7067E+06 -2.5600E+07
0000061   1.8397E+08 -3.7514E+07  1.8706E+07
0000062   1.8987E+08 -3.7555E+07  1.3758E+07
0000063   1.9172E+08  1.8431E+07  1.2397E+07
0000064   1.2689E+08  4.4226E+07 -7.0122E+07
0000065   2.0694E+08 -7.4128E+07 -1.0486E+07
0000066   1.5085E+08 -3.1843E+07 -2.8887E+07
0000067   1.6863E+08  1.8834E+07 -1.2358E+08
0000068   2.0232E+08  4.1183E+07 -2.5795E+06
0000069   1.7352E+08  3.2267E+07  9.3981E+07
0000070   1.4375E+08  3.1167E+07 -1.5835E+07
0000071   1.8640E+08  5.3765E+07 -4.4213E+07
0000072   1.1914E+08  6.0733E+07 -1.0944E+07
0000073   2.0500E+08  2.5572E+06  1.4631E+07
0000074   1.1316E+08 -8.1767E+06 -7.4151E+07
0000075   1.6328E+08  5.5887E+07 -5.1794E+07
0000076   1.9043E+08  3.9839E+07  5.8642E+07
0000077   1.9220E+08  3.6822E+07 -1.3320E+07
0000078   1.6263E+08 -8.7153E+06  4.9859E+06
0000079   2.3642E+08 -6.2708E+07  2.4823E+07
0000080   1.5005E+08  6.3156E+07 -3.2266E+07
0000081   1.4042E+08  8.8108E+07  1.2285E+06
0000082   1.6904E+08  7.0796E+07  6.3467E+06
0000083   2.1175E+08  4.0987E+07  5.1852E+07
0000084   1.5736E+08  1.6021E+07  4.7220E+07
0000085   1.8535E+08  5.8916E+07 -6.9299E+07
0000086   1.6483E+08  3.7695E+07  5.2718E+07
0000087   2.0472E+08  1.0044E+07 -8.3320E+06
0000088   1.4297E+08  1.2206E+07  2.2985E+07
0000089   1.0550E+08  8.5904E+06 -1.4482E+06
0000090   1.7698E+08  2.4778E+07 -7.0111E+07
0000091   1.8941E+08  5.5681E+07  1.4654E+06
0000092   1.5047E+08 -7.6028E+06 -2.6603E+07
0000093   1.7667E+08  2.5840E+07 -5.4721E+07
0000094   1.7186E+08 -4.9665E+07 -2.1151E+07
0000095   1.2398E+08  2.0149E+07  1.8068E+07
0000096   2.1361E+08 -1.0766E+07  5.0570E+07
0000097   9.3620E+07  8.1880E+05  1.1787E+08
0000098   1.2130E+08 -5.7245E+07 -3.8340E+07
0000099   1.4055E+08  3.8317E+07 -7.9842E+07
0000100   2.0572E+08  1.8914E+07 -1.6925E+06
0000101   1.8237E+08 -3.7834E+07 -8.5538E+07
0000102   1.7237E+08  2.7315E+07  2.8083E+07
0000103   1.3205E+08  4.2384E+07 -1.8494E+07
0000104   1.7178E+08  2.2066E+07  4.5411E+07
0000105   1.4267E+08 -4.9481E+07 -2.9500E+07
0000106   2.1880E+08  2.3887E+07 -2.5118E+07
0000107   1.6237E+08 -7.1915E+07  5.8481E+07
0000108   1.9836E+08  3.7857E+07  6.3779E+07
0000109   1.4689E+08  1.0650E+08  7.3369E+06
0000110   1.2175E+08  4.3632E+06  7.8794E+06
0000111   2.1841E+08  1.5909E+07  8.7510E+07
0000112   1.9322E+08  7.3652E+07  1.0003E+07
0000113   2.1169E+08 -1.7367E+07  1.5312E+07
0000114   1.9827E+08  5.3815E+07 -2.9347E+07
0000115   1.6922E+08 -1.6338E+07  2.0024E+07
0000116   1.3403E+08  5.9051E+07 -4.0033E+07
0000117   6.9453E+07  1.1520E+08  4.2236E+07
0000118   1.7597E+08  1.3870E+07  4.0075E+07
0000119   1.8041E+08  2.9464E+07 -2.9003E+07
0000120   1.0296E+08 -5.4346E+07 -4.1077E+06
0000121   1.7080E+08 -9.5914E+06 -4.0740E+07
0000122   1.1048E+08  2.1666E+07  3.2297E+07
0000123   1.3181E+08 -6.5669E+07 -5.0251E+07
0000124   1.6980E+08  2.3047E+07  6.1078E+07
0000125   1.3866E+08 -2.9630E+07  3.3447E+06
0000126   1.0437E+08 -2.8751E+07 -2.0484E+07
0000127   1.2804E+08  1.8134E+07  6.7029E+07
0000128   1.9106E+08 -6.9162E+06  1.6503E+07
0000129   1.9499E+08 -2.7141E+07 -1.5376E+07
0000130   2.2182E+08  3.6942E+07  2.2633E+07
0000131   1.9586E+08 -1.0947E+07 -2.5997E+07
0000132   2.2824E+08 -1.1465E+07 -8.4926E+06
0000133   1.9998E+08  2.1646E+07  4.1355E+07
0000134   1.2336E+08 -2.2507E+07 -4.4236E+07
0000135   2.1368E+08  4.8103E+07  6.1888E+07
0000136   1.1615E+08 -3.9182E+07 -2.5414E+07
0000137   1.9048E+08  3.7036E+07  1.5610E+07
0000138   1.3655E+08 -5.2464E+06  1.2005E+07
0000139   1.7485E+08 -3.3907E+07  4.7361E+07
0000140   1.3627E+08  6.0596E+07  1.3208E+07
0000141   1.1742E+08 -1.5470E+07  1.5878E+07
0000142   1.5157E+08  4.3515E+07 -5.3012E+06
0000143   1.5955E+08  2.7088E+07  2.2025E+07
0000144   2.0774E+08 -3.1916E+07 -1.1426E+07
0000145   1.2960E+08  3.1036E+07 -1.5819E+07
0000146   1.8879E+08  3.7264E+07 -4.8355E+07
0000147   1.9628E+08  1.8537E+07 -6.0445E+07
0000148   1.6911E+08 -7.2301E+06 -4.0819E+07
0000149   1.3934E+08  6.9555E+07  1.3532E+06
0000150   1.8865E+08  9.9885E+06 -4.4438E+07
0000151   1.6690E+08  7.9752E+06 -4.0819E+07
0000152   1.5928E+08 -4.0270E+07  8.4872E+06
0000153   1.5441E+08 -1.4728E+07  9.6054E+07
0000154   1.3716E+08  4.6230E+06 -1.5376E+07
0000155   1.4408E+08 -5.9907E+07 -7.0213E+07
0000156   6.9642E+07  7.0210E+06 -6.3543E+07
0000157   1.8079E+08  3.9875E+07  2.7657E+07
0000158   1.1641E+08  2.0500E+07  2.6631E+07
0000159   9.0734E+07 -1.8529E+07  3.0670E+07
0000160   1.9153E+08 -2.2727E+06  4.0295E+07
0000161   6.2766E+07  1.9572E+07 -8.9647E+06
0000162   2.0727E+08  6.4833E+07  1.7081E+07
0000163   1.6398E+08 -8.7422E+07 -4.6400E+07
0000164   1.6087E+08  6.2547E+06  1.0917E+07
0000165   1.2668E+08 -1.2839E+08 -1.1295E+07
0000166   1.7725E+08 -4.3784E+07 -3.4923E+06
0000167   1.8002E+08  6.5160E+06 -3.4697E+07
0000168   9.2576E+07  5.6591E+07  3.9311E+07
0000169   1.7613E+08 -7.0092E+06 -3.6261E+07
0000170   9.8484E+07 -7.2384E+06  1.0523E+07
0000171   1.3757E+08 -3.7380E+07  4.5251E+07
0000172   1.2144E+08  1.2364E+07  2.9206E+07
0000173   1.8051E+08 -4.0179E+07 -2.7046E+06
0000174   2.0908E+08 -5.6771E+06  3.3054E+07
0000175   1.5517E+08  2.0909E+07 -4.8866E+07
0000176   1.9658E+08 -2.2721E+07  4.2756E+06
0000177   6.8921E+07  4.9650E+07 -5.6214E+06
0000178   1.9731E+08 -4.0040E+07  4.3379E+07
0000179   1.3944E+08  1.4180E+08 -1.4715E+06
0000180   1.4955E+08 -2.9748E+07 -4.2119E+07
0000181   1.5156E+08  5.4748E+07  2.0255E+07
0000182   1.9714E+08 -4.7556E+07 -9.9228E+07
0000183   2.1667E+08  9.5158E+06 -2.9640E+06
0000184   1.1665E+08 -4.4370E+07  9.4282E+06
0000185   2.0660E+08 -3.2402E+07 -8.2773E+06
0000186   2.2547E+08 -4.6300E+06  2.6162E+07
0000187   1.3485E+08 -4.6536E+07 -2.6905E+07
0000188   1.4899E+08 -2.7868E+07  3.4335E+07
0000189   1.7663E+08 -4.2883E+07  1.7126E+07
0000190   1.6590E+08  2.1454E+06 -2.6778E+07
0000191   1.1663E+08  7.1755E+07 -4.9715E+07
0000192   1.7598E+08  2.6814E+07  1.3476E+07
0000193   1.7802E+08  8.3740E+07 -4.9985E+07
0000194   2.1177E+08  1.0736E+07 -2.0647E+07
0000195   1.6660E+08 -7.8459E+06 -3.5313E+07
0000196   9.4997E+07  3.0116E+07  1.0058E+08
0000197   1.2929E+08 -9.3329E+07 -5.4778E+07
0000198   4.7997E+07 -7.5247E+07 -1.1501E+07
0000199   1.9892E+08 -1.0932E+07  2.9550E+07
0000200   2.0842E+08  2.0556E+07  8.1712E+07
0000201   1.7814E+08 -6.0786E+06 -6.2360E+07
0000202   1.8266E+08 -3.2101E+06 -1.2140E+07
0000203   1.5049E+08  9.4471E+07  6.5019E+07
0000204   1.9690E+08  6.8799E+07 -4.9867E+07
0000205   1.1882E+08 -1.1965E+07  2.0004E+07
0000206   1.5885E+08 -3.4290E+07 -7.9764E+06
0000207   1.3407E+08  8.9135E+05 -4.9160E+07
0000208   2.0614E+08 -6.6561E+06  6.7175E+07
0000209   2.0676E+08  3.4695E+07 -2.6890E+07
0000210   5.2380E+07 -4.5025E+07 -2.4740E+07
0000211   1.6390E+08 -3.2201E+07 -3.5945E+07
0000212   1.9625E+08 -4.0003E+06 -7.4800E+06
0000213   1.7936E+08 -1.8740E+07 -1.5000E+06
0000214   1.9611E+08  1.0023E+06  1.0833E+08
0000215   1.6071E+08  1.1579E+08  5.9552E+07
0000216   8.5777E+07  8.1693E+07 -7.6174E+07
0000217   1.7194E+08  1.7369E+07  1.0105E+08
0000218   1.9584E+08 -6.7887E+07 -6.8126E+06
0000219   2.0428E+08  7.3404E+07 -9.8158E+06
0000220   2.0076E+08 -4.2237E+07 -2.5781E+07
0000221   1.6101E+08  9.3097E+07 -5.3386E+07
0000222   9.4134E+07 -6.2806E+07 -7.8438E+07
0000223   1.8536E+08  2.8121E+07  1.2021E+07
0000224   1.9567E+08  2.8973E+07 -6.3060E+06
0000225   1.8019E+08 -4.7154E+07 -4.0701E+05
0000226   8.3232E+07 -4.1522E+07  1.4146E+07
0000227   1.8294E+08 -7.4934E+07 -6.6854E+07
0000228   1.8303E+08  4.3667E+07 -3.2101E+07
0000229   2.0653E+08 -1.6361E+07 -2.3377E+07
0000230   2.0428E+08 -4.3070E+06  3.5525E+07
0000231   1.6149E+08 -2.9731E+07  9.0685E+07
0000232   1.5354E+08 -3.0680E+07  8.0214E+05
0000233   1.7280E+08  3.7930E+06  1.9667E+07
0000234   1.8113E+08  4.0167E+07  5.5455E+07
0000235   1.9059E+08 -2.7901E+07 -6.2145E+07
0000236   1.1293E+08  1.8501E+07  1.3035E+07
0000237   1.7768E+08  5.4678E+07  1.3460E+07
0000238   2.1106E+08  2.8130E+07 -1.7245E+07
0000239   1.8532E+08 -7.2118E+06 -8.3225E+07
0000240   1.2838E+08  4.6764E+07 -7.2776E+07
0000241   1.6077E+08 -1.3433E+07 -3.1093E+07
0000242   1.4667E+08 -9.9107E+06 -7.0189E+06
0000243   4.7758E+07  8.0227E+07 -1.1725E+08
0000244   1.8778E+08  1.8922E+07 -6.5158E+07
0000245   1.5144E+08  5.4315E+07  8.7782E+07
0000246   1.8193E+08  7.5606E+07  4.2607E+06
0000247   1.5330E+08 -2.4699E+07  3.2970E+07
0000248   8.3895E+07 -1.7873E+07 -7.4338E+06
0000249   1.5614E+08  4.6941E+07 -1.8475E+07
0000250   1.2679E+08  8.1277E+06 -1.2243E+07
0000251   1.6376E+08 -9.1007E+07  5.6305E+07
0000252   1.9101E+08 -7.2473E+07  6.2825E+07
0000253   1.4892E+08  3.6768E+07  7.5209E+07
0000254   1.4425E+08 -3.4016E+07 -1.8284E+07
0000255   1.4493E+08 -3.4650E+07  2.5214E+07
0000256   1.3015E+08  3.2604E+07  1.9429E+07
0000257   1.8351E+08 -2.5549E+07 -4.5117E+07
0000258   1.2431E+08  4.5679E+07  6.1780E+06
0000259   2.1453E+08 -3.6109E+07  1.2544E+07
0000260   1.4455E+08 -4.7878E+07  3.4023E+07
0000261   1.8469E+08  3.1330E+07  3.0491E+07
0000262   1.4959E+08  7.7885E+06 -7.5229E+07
0000263   1.9090E+08  5.6631E+07 -3.4070E+07
0000264   1.4545E+08  7.9612E+07 -1.7359E+07
0000265   1.8549E+08  4.6183E+07 -3.5411E+07
0000266   1.9187E+08 -4.6141E+07  3.3667E+07
0000267   1.0987E+08  7.1136E+07  2.0777E+07
0000268   2.0186E+08  7.4153E+07  4.2310E+07
0000269   1.7815E+08  1.3277E+07 -6.4057E+07
0000270   1.3086E+08 -6.4870E+07 -5.4635E+07
0000271   2.0990E+08 -3.2452E+07 -1.9171E+07
0000272   1.6371E+08  1.0692E+08 -9.0893E+06
0000273   1.6735E+08  1.7416E+07 -9.8654E+04
0000274   2.0362E+08 -3.0787E+07 -1.6110E+07
0000275   1.7599E+08 -3.8226E+07  1.3050E+07
0000276   1.4058E+08  1.7093E+07  5.3161E+07
0000277   1.5937E+08  7.8867E+07 -5.4916E+07
0000278   2.0575E+08  1.6575E+07  2.6360E+06
0000279   2.3915E+08 -5.0966E+07  5.1621E+06
0000280   1.2854E+08 -7.6085E+06  4.3824E+07
0000281   1.1847E+08 -1.1888E+06 -5.1788E+07
0000282   1.9385E+08  6.9203E+05  6.0952E+07
0000283   5.5348E+07  2.8254E+07  1.5752E+07
0000284   1.4085E+08 -3.2386E+07 -2.9911E+07
0000285   1.9720E+08  3.8740E+07 -1.4404E+07
0000286   1.6976E+08  2.3593E+07  5.1518E+07
0000287   1.5989E+08  5.3874E+07 -3.7405E+07
0000288   1.9139E+08  4.8134E+07  5.5933E+07
0000289   1.5166E+08  6.3450E+07  3.5560E+07
0000290   1.5949E+08 -8.4370E+07  6.1057E+07
0000291   2.0407E+08  1.6034E+07  4.2633E+07
0000292   1.1378E+08 -7.2305E+07  4.7932E+07
0000293   1.9528E+08  1.4906E+07 -1.6701E+07
0000294   1.7619E+08  6.9117E+06 -4.0572E+07
0000295   1.4106E+08  1.9119E+07 -3.7842E+07
0000296   1.8628E+08 -1.8259E+07 -4.8178E+07
0000297   2.1496E+08  9.8056E+06  5.8354E+06
0000298   1.7253E+08  7.4923E+07  6.8578E+07
0000299   1.7174E+08 -4.0720E+07 -5.4911E+07
0000300   1.4913E+08  4.4114E+07 -6.3314E+07
0000301   2.1972E+08  7.6899E+07  1.0777E+07
0000302   1.8856E+08 -3.9010E+07  1.9855E+07
0000303   1.2602E+08 -6.5379E+06 -1.8817E+07
0000304   1.7491E+08  3.7897E+07  3.4892E+06
0000305   1.2745E+08 -7.3962E+06  6.6002E+07
0000306   1.4881E+08 -5.2232E+07  3.0123E+07
0000307   1.7434E+08  7.4674E+07  3.0676E+07
0000308   1.4215E+08  3.5533E+07  8.2229E+07
0000309   1.9865E+08 -3.1620E+07  1.1010E+06
0000310   1.5914E+08  2.8814E+07  7.8819E+07
0000311   1.8130E+08  5.5502E+07 -5.8026E+07
0000312   9.8284E+07  8.3209E+06  4.2241E+07
0000313   1.3462E+08  1.6955E+07  2.1668E+07
0000314   1.5018E+08  5.6473E+06 -2.3697E+07
0000315   1.6651E+08  7.9204E+07 -2.1511E+06
0000316   1.0485E+08  3.4778E+07  6.5070E+07
0000317   1.9868E+08  2.9932E+07  1.9047E+06
0000318   1.7453E+08  1.5194E+07  2.6186E+07
0000319   1.8561E+08 -3.9238E+07 -1.1694E+07
0000320   1.6279E+08 -6.8549E+07 -6.3598E+06
0000321   1.1292E+08 -6.0094E+07 -4.0853E+07
0000322   1.5372E+08  6.5189E+07  3.9444E+07
0000323   1.8938E+08 -2.3290E+05 -1.7581E+07
0000324   1.7442E+08 -1.2681E+07  7.2986E+07
0000325   1.6268E+08  1.5880E+07  1.8669E+06
0000326   1.3503E+08  6.9011E+07  8.6426E+07
0000327   2.0799E+08 -6.2867E+07  2.6360E+07
0000328   1.7213E+08  1.2938E+07 -8.6339E+06
0000329   2.0514E+08  5.9844E+06 -2.3141E+07
0000330   1.8289E+08 -1.9045E+07 -4.3612E+07
0000331   1.3764E+08 -1.5439E+07  5.3340E+07
0000332   2.0574E+08  5.0735E+07 -1.4669E+07
0000333   1.5564E+08 -3.2758E+07  7.2870E+06
0000334   1.4905E+08 -6.4678E+07 -2.4287E+07
0000335   2.0408E+08 -1.4594E+07  2.8699E+07
0000336   1.7549E+08 -6.2127E+07  4.4317E+07
0000337   2.0682E+08 -2.9638E+07 -2.2931E+07
0000338   1.5577E+08 -1.0955E+08  3.5015E+06
0000339   8.7313E+07 -2.1363E+07  2.1712E+07
0000340   1.6323E+08  2.4889E+07  8.2340E+07
0000341   1.8155E+08 -1.3887E+07 -6.8510E+07
0000342   1.8364E+08  3.5920E+07  1.4192E+07
0000343   8.2468E+07 -4.1181E+07 -7.0282E+07
0000344   5.5507E+07  9.6382E+07 -5.1776E+07
0000345   1.5239E+08 -1.0978E+08  2.6025E+07
0000346   1.7186E+08  3.4088E+07  1.5887E+07
0000347   7.2472E+07 -8.1988E+06  5.5033E+07
0000348   1.5415E+08  5.5744E+07 -1.6602E+07
0000349   1.9320E+08 -3.2068E+07  3.6226E+06
0000350   1.7817E+08  7.3436E+06  1.5859E+07
0000351   1.8688E+08 -3.1113E+07  4.5239E+07
0000352   1.1129E+08 -1.3999E+07  1.8263E+07
0000353   2.1111E+08  1.9108E+07 -2.5715E+07
0000354   1.6406E+08 -3.7820E+07  3.8871E+06
0000355   2.0831E+08  1.6883E+07  6.8222E+07
0000356   1.4336E+08 -1.6897E+07  2.2967E+07
0000357   1.9354E+08  1.5591E+07 -2.8193E+06
0000358   2.0871E+08 -9.8533E+06 -2.3583E+07
0000359   1.7863E+08  8.0005E+06  7.0905E+07
0000360   1.8676E+08 -5.4655E+07  1.6520E+07
0000361   2.0014E+08  1.1370E+06 -5.5528E+07
0000362   1.7721E+08 -5.8946E+07 -1.2925E+07
0000363   1.7361E+08 -5.0394E+07  5.5489E+07
0000364   1.1779E+08  1.7956E+07 -2.5031E+07
0000365   1.6413E+08  1.6549E+07  8.7371E+07
0000366   1.5999E+08  5.2350E+07  3.2141E+07
0000367   1.9978E+08 -1.5938E+07  1.2665E+07
0000368   1.7851E+08 -8.4255E+07 -4.0304E+07
0000369   2.1170E+08  3.7467E+07 -1.6936E+05
0000370   1.8072E+08 -2.2121E+07  2.3859E+07
0000371   1.4906E+08 -3.1798E+07 -6.5429E+07
0000372   1.6204E+08  2.8626E+07  6.6090E+07
0000373   1.5626E+08 -8.8275E+06  8.2261E+07
0000374   1.6002E+08 -5.4049E+07 -1.2108E+07
0000375   1.7282E+08 -3.9729E+07 -6.1833E+06
0000376   1.5552E+08 -2.8883E+07 -6.0784E+06
0000377   2.3718E+08  1.4158E+06  3.2882E+07
0000378   1.5412E+08  1.4229E+07  1.4680E+07
0000379   1.7838E+08 -1.4602E+07  4.0430E+06
0000380   1.6792E+08  1.0529E+06 -4.5793E+07
0000381   5.3256E+07  5.8438E+07 -6.8949E+07
0000382   1.9831E+08  1.4088E+07 -2.6675E+07
0000383   1.0838E+08 -1.0169E+07 -6.6012E+06
0000384   1.7652E+08 -9.1791E+07  5.8593E+07
0000385   8.3152E+07  2.3455E+06  1.9771E+07
0000386   1.4149E+08 -8.4660E+07 -2.4888E+07
0000387   2.0321E+08  1.4077E+07  6.5668E+06
0000388   9.9859E+07 -1.9553E+07 -3.5731E+07
0000389   1.4095E+08 -9.0014E+07  1.3729E+07
0000390   9.4635E+07  1.7138E+07  2.0092E+07
0000391   1.6061E+08  6.4924E+07 -5.1326E+07
0000392   1.7245E+08  1.7533E+07  1.0629E+07
0000393   1.6014E+08 -9.5259E+07  2.8253E+07
0000394   1.3365E+08  6.9492E+07  5.4243E+06
0000395   1.9828E+08  1.6105E+07 -3.8024E+07
0000396   1.8414E+08  1.0632E+07  4.5205E+07
0000397   1.3170E+08  3.6965E+07 -5.4045E+07
0000398   1.8106E+08  5.3207E+06 -1.2963E+06
0000399   1.3754E+08  8.7096E+07  3.2436E+07
0000400   1.7416E+08  5.2614E+07  6.9553E+07
0000401   1.1742E+08  2.6315E+07 -2.8363E+07
0000402   1.1869E+08  7.2619E+07 -1.8311E+07
0000403   1.9897E+08  1.8858E+07  2.8288E+07
0000404   2.3125E+08  2.8528E+06 -3.1395E+07
0000405   4.8560E+07  2.9255E+07 -8.5421E+06
0000406   1.5502E+08  3.9021E+07  4.1311E+07
0000407   1.6267E+08 -2.1326E+07  4.6887E+07
0000408   1.8117E+08  1.1630E+08 -1.0696E+07
0000409   2.0583E+08 -5.0355E+06 -8.1056E+07
0000410   1.7501E+08  2.5897E+07  5.7171E+07
0000411   1.5635E+08  2.6307E+07  1.9749E+07
0000412   1.8146E+08 -5.1351E+07  7.9520E+07
0000413   1.4784E+08 -1.0426E+07 -1.3565E+07
0000414   1.0925E+08  3.6754E+07 -1.0219E+08
0000415   1.6633E+08 -4.2254E+07 -1.1142E+07
0000416   1.3581E+08  3.8378E+06  4.3510E+07
0000417   1.8843E+08  4.2855E+07 -1.6878E+06
0000418   2.1635E+08  6.2976E+07 -1.0969E+07
0000419   1.1668E+08 -7.4233E+06  2.9146E+07
0000420   1.9558E+08 -5.7928E+06 -7.5344E+06
0000421   1.7442E+08 -8.4124E+06 -2.6213E+07
0000422   2.3790E+08 -5.6539E+06  3.7872E+05
0000423   1.8037E+08 -2.3628E+07 -3.0983E+06
0000424   1.8774E+08  3.2789E+06  5.6823E+07
0000425   1.5397E+08 -2.2796E+07  8.8396E+07
0000426   1.9514E+08 -6.6451E+07  1.5194E+07
0000427   1.8632E+08 -2.9322E+07 -9.8986E+07
0000428   1.6415E+08 -1.2568E+07  2.5109E+07
0000429   2.0033E+08 -7.3779E+07 -6.0900E+06
0000430   1.2489E+08 -1.5991E+06  6.2176E+06
0000431   3.1497E+07 -7.8539E+06 -1.8327E+07
0000432   1.0551E+08 -1.6360E+07 -3.4563E+07
0000433   1.6805E+08 -4.4471E+07 -1.1314E+07
0000434   2.0456E+08  3.2149E+07  3.8683E+07
0000435   1.0128E+08 -3.2577E+07  3.7777E+07
0000436   1.6423E+08  3.8296E+07 -1.3789E+07
0000437   1.7718E+08 -4.4687E+07  5.2971E+06
0000438   1.8640E+08 -7.6420E+07  4.7891E+07
0000439   1.7693E+08  1.6565E+07  1.4923E+07
0000440   1.2589E+08 -2.9978E+07  9.1566E+07
0000441   1.6237E+08  4.1105E+07  4.1421E+07
0000442   8.0644E+07  8.5057E+06  1.1429E+07
0000443   1.3845E+08  1.2352E+08 -6.3716E+06
0000444   1.5376E+08 -6.3518E+07 -1.8825E+07
0000445   1.9340E+08 -2.5916E+07  8.1221E+06
0000446   2.0781E+08  5.3074E+07 -7.5971E+06
0000447   2.0142E+08  2.3312E+07 -1.3818E+07
0000448   8.0931E+07  6.1895E+07  9.5714E+06
0000449   1.0530E+08 -5.3044E+07 -1.7584E+07
0000450   1.3375E+08  2.2463E+07  7.5850E+05
0000451   1.8550E+08 -3.8075E+06  1.7511E+07
0000452   1.9904E+08 -6.1681E+07  4.5058E+07
0000453   1.5389E+08 -2.7278E+07  3.4032E+07
0000454   1.5156E+08  3.1682E+07 -7.9889E+06
0000455   1.7259E+08  7.5226E+07  5.0306E+07
0000456   2.1422E+08 -5.4183E+07  3.3758E+07
0000457   1.7887E+08 -5.1174E+07  8.9415E+07
0000458   2.3035E+08 -1.7817E+07 -8.4530E+06
0000459   2.0545E+08 -3.0099E+07  2.1071E+07
0000460   1.7939E+08  1.7769E+07 -2.5488E+07
0000461   1.7802E+08 -3.4910E+07  1.0875E+08
0000462   1.8555E+08 -1.9550E+07  4.2732E+07
0000463   1.9960E+08 -1.2100E+07 -4.1467E+07
0000464   1.6565E+08  6.5642E+07 -5.5624E+07
0000465   1.0425E+08  1.6577E+07  7.3440E+07
0000466   2.0492E+08 -3.2222E+07  1.9673E+07
0000467   1.5099E+08  2.1350E+07  6.1250E+07
0000468   1.5659E+08  5.2609E+07 -2.1358E+07
0000469   1.5319E+08 -5.3436E+07  4.8621E+07
0000470   2.1767E+08 -3.7818E+07  3.7597E+07
0000471   1.2640E+08 -3.9040E+07 -7.7303E+06
0000472   8.2811E+07 -9.1160E+06 -8.7464E+06
0000473   1.7837E+08 -3.2281E+07 -7.7305E+06
0000474   9.3593E+07 -3.3831E+07 -2.0880E+07
0000475   1.8595E+08  4.3473E+07 -1.1336E+07
0000476   1.9974E+08 -4.0711E+07  8.8715E+07
0000477   1.5270E+08  1.6539E+07 -4.5435E+07
0000478   1.5899E+08 -1.7960E+07  7.7755E+07
0000479   1.1762E+08 -2.2514E+07 -9.3082E+07
0000480   1.7670E+08  6.3952E+07 -6.4347E+06
0000481   1.4251E+08  5.6461E+07  2.8523E+07
0000482   2.0986E+08 -2.9786E+07 -1.3143E+07
0000483   1.9681E+08 -4.1396E+07  3.7888E+07
0000484   1.1665E+08  1.1377E+06  3.7336E+07
0000485   1.8391E+08  7.9379E+07 -6.3913E+07
0000486   1.8275E+08 -6.5511E+06  1.1336E+07
0000487   2.2824E+08 -1.7146E+07 -1.3409E+06
0000488   2.0852E+08 -2.3175E+07  3.2475E+07
0000489   1.6568E+08  1.7152E+07 -2.0539E+06
0000490   2.0876E+08  1.9028E+07  2.2090E+07
0000491   1.9955E+08  9.0587E+07  6.5649E+07
0000492   1.2236E+08 -8.1479E+07 -2.5865E+07
0000493   2.0403E+08 -3.8612E+07 -1.9026E+07
0000494   1.9766E+08 -3.8451E+07 -1.8791E+07
0000495   1.5166E+08 -5.2648E+07  2.1722E+07
0000496   1.5321E+08 -2.3029E+07  4.7645E+07
0000497   1.7633E+08 -3.8900E+07 -1.7878E+07
0000498   1.8722E+08 -2.4235E+06 -6.9475E+06
0000499   1.8809E+08  4.5342E+07  4.3493E+07
0000500   1.8123E+08 -6.0626E+06  5.1069E+07
0000501   2.0091E+08  5.6489E+07  8.3056E+07
0000502   1.8637E+08 -1.3266E+07 -3.9321E+07
0000503   2.2353E+08  1.5099E+07  2.7197E+07
0000504   1.8874E+08 -3.0838E+05  2.1182E+07
0000505   1.7796E+08 -4.5365E+07  1.0647E+07
0000506   1.0701E+08 -3.1808E+07  4.7359E+07
0000507   1.3214E+08  5.1173E+07 -3.6377E+07
0000508   2.1810E+08 -6.6346E+07 -2.0455E+06
0000509   1.8044E+08 -2.3296E+07 -4.6834E+07
0000510   1.8497E+08 -7.4860E+06  2.4650E+07
0000511   1.8753E+08 -3.5377E+06 -1.1212E+07
0000512   9.3733E+07  1.7637E+07 -1.4243E+08
0000513   2.0627E+08  1.8094E+07  1.9696E+07
0000514   1.1920E+08  1.6642E+07 -1.2043E+08
0000515   1.3168E+08 -4.3892E+07 -2.2993E+07
0000516   1.8678E+08 -5.8304E+07 -3.4982E+06
0000517   1.2622E+08  1.9835E+07  3.6178E+07
0000518   1.9699E+08 -1.8648E+07 -6.0712E+07
0000519   1.4687E+08 -8.0995E+07  4.3769E+07
0000520   2.1840E+08  6.0712E+06 -3.7774E+07
0000521   1.6824E+08 -3.6706E+07 -1.9795E+07
0000522   1.9854E+08  7.4900E+07  1.9412E+07
0000523   1.8756E+08 -4.3141E+06 -1.2703E+07
0000524   1.7317E+08  1.2673E+07  1.1720E+06
0000525   9.0946E+07  1.5061E+07 -1.3788E+07
0000526   1.1981E+08  2.9782E+07  1.0483E+08
0000527   9.6535E+07  3.7088E+07  1.4414E+07
0000528   1.3813E+08 -5.8362E+07  5.9307E+07
0000529   1.9412E+08  8.4722E+06  7.3350E+07
0000530   1.4789E+08 -4.6245E+07  2.1741E+07
0000531   1.0755E+08 -1.2404E+08 -1.0355E+07
0000532   1.8583E+08  3.8238E+07  3.2586E+06
0000533   1.5653E+08  5.8075E+07 -3.7474E+07
0000534   1.7488E+08 -2.2087E+07 -5.6745E+07
0000535   1.3543E+08 -7.0886E+05 -6.9958E+06
0000536   1.7844E+08 -1.8036E+07  1.3040E+07
0000537   1.7867E+08 -1.9976E+07 -2.5661E+06
0000538   1.8056E+08 -1.2237E+07  2.5299E+06
0000539   2.2499E+08  5.9659E+07 -2.0454E+06
0000540   1.8687E+08  1.3634E+07  3.9271E+07
0000541   1.3423E+08 -2.4688E+07  3.1402E+07
0000542   1.4271E+08  8.1090E+07 -1.5470E+07
0000543   3.9676E+07 -2.0495E+07 -3.1349E+06
0000544   2.0775E+08 -3.6282E+07  4.0675E+06
0000545   1.8931E+08  2.9223E+07 -5.5677E+06
0000546   2.0914E+08 -2.4139E+07 -3.5946E+06
0000547   2.0726E+08 -2.1451E+07  9.2103E+07
0000548   1.7457E+08  3.3400E+07  1.7256E+07
0000549   1.5785E+08  5.4480E+07  9.0188E+06
0000550   1.6974E+08  4.9711E+06 -1.0282E+07
0000551   1.9371E+08  2.3101E+07  6.1971E+07
0000552   1.3717E+08  7.2070E+07 -2.3207E+07
0000553   2.1306E+08  7.0341E+06  3.1583E+06
0000554   1.5679E+08 -1.7153E+07  1.8362E+07
0000555   2.0615E+08 -2.6220E+07  4.0006E+07
0000556   1.3413E+08 -1.9330E+07  2.1595E+07
0000557   1.8015E+08  6.3151E+07 -2.9387E+07
0000558   2.1283E+08 -1.9538E+06 -1.3858E+07
0000559   1.8743E+08  2.1078E+06  7.6719E+07
0000560   1.6406E+08  1.2732E+06  8.8025E+06
0000561   1.9280E+08  2.7553E+07  2.9138E+07
0000562   1.9945E+08  3.4200E+07  3.7636E+07
0000563   1.0933E+08  1.9049E+07 -1.5031E+07
0000564   1.5382E+08 -3.0972E+07 -5.6712E+07
0000565   1.7103E+08  6.4617E+06 -4.5569E+07
0000566   1.8546E+08  8.2080E+07  6.0672E+07
0000567   1.2546E+08 -7.3916E+06 -3.6174E+06
0000568   1.8544E+08  1.7014E+07 -2.4365E+07
0000569   1.6739E+08  5.6457E+07 -1.2969E+07
0000570   1.9199E+08 -8.7876E+06  9.5583E+06
0000571   1.9606E+08  1.8737E+07  3.0847E+07
0000572   1.9324E+08  5.3925E+07  7.3185E+07
0000573   1.4696E+08 -2.6115E+05  6.1334E+07
0000574   1.1801E+08  6.8415E+07  6.2913E+07
0000575   1.4657E+08 -4.6635E+07 -7.4990E+07
0000576   4.6514E+07  7.0299E+06  2.8512E+07
0000577   2.0819E+08  2.1109E+07 -5.2585E+07
0000578   1.1524E+08 -2.3348E+07 -6.7705E+06
0000579   2.0362E+08 -2.0780E+07 -2.6277E+07
0000580   1.4506E+08  8.9727E+06 -2.3215E+07
0000581   2.3481E+08 -4.7855E+07 -1.3645E+07
0000582   8.3383E+07  5.4465E+07 -2.0034E+07
0000583   1.9864E+08  6.7369E+07 -1.2648E+07
0000584   1.9663E+08 -1.7527E+07  6.1341E+06
0000585   1.6944E+08 -2.8219E+07  8.1980E+07
0000586   1.1319E+08  1.2459E+08  1.3654E+07
0000587   1.8592E+08 -2.5863E+06 -5.4041E+06
0000588   1.8871E+08  7.0306E+07  7.4106E+07
0000589   1.6972E+08  6.6683E+07  3.8226E+07
0000590   1.1573E+08  3.0590E+07  2.3264E+07
0000591   1.1785E+08  5.7604E+07 -1.1929E+07
0000592   2.0808E+08  7.8438E+06 -3.9045E+07
0000593   1.8403E+08  1.2879E+07 -1.0549E+08
0000594   1.8425E+08 -5.7509E+07  1.4984E+04
0000595   1.3583E+08  6.8790E+07  1.5180E+07
0000596   1.3650E+08 -1.0645E+07  1.4761E+07
0000597   1.6632E+08 -7.1451E+06 -3.7565E+07
0000598   1.9244E+08 -5.4063E+07  1.3063E+07
0000599   1.0726E+08 -5.5313E+05 -5.9874E+07
0000600   2.1943E+08  8.5905E+06 -1.0201E+07
0000601   1.7346E+08  2.9558E+07  1.2042E+07
0000602   1.7146E+08 -6.9611E+06  8.0114E+07
0000603   1.2527E+08  9.8859E+07 -2.3508E+06
0000604   2.1909E+08 -2.8530E+07 -2.2687E+07
0000605   1.2269E+08 -7.9787E+07 -1.9573E+07
0000606   1.2466E+08  4.0609E+07  1.0301E+06
0000607   1.5816E+08 -1.1948E+07  6.7959E+06
0000608   2.0416E+08 -2.4705E+07 -4.5304E+07
0000609   9.5335E+07 -2.6299E+07 -4.4273E+07
0000610   1.5899E+08 -2.6112E+07 -5.3918E+07
0000611   1.5692E+08  6.9737E+07 -1.6590E+07
0000612   1.7840E+08 -3.0527E+07  9.9250E+06
0000613   1.9632E+08  4.5616E+06  2.6181E+07
0000614   1.5845E+08  8.3211E+06 -2.1091E+07
0000615   2.2480E+08 -3.8335E+07  9.5817E+06
0000616   1.7099E+08 -1.8785E+07 -2.4316E+07
0000617   1.5238E+08 -9.4178E+07 -2.0563E+07
0000618   1.9392E+08 -4.7286E+07  2.4315E+07
0000619   1.0698E+08  7.2120E+07  2.3105E+07
0000620   1.2039E+08 -7.3162E+06 -4.0088E+07
0000621   1.7184E+08  7.0010E+06 -3.8879E+07
0000622   1.2578E+08 -3.8693E+07 -2.9171E+07
0000623   1.6340E+08  3.6921E+07 -1.0987E+08
0000624   1.8530E+08 -4.0274E+07 -1.3230E+07
0000625   1.8054E+08  7.3869E+06  5.3875E+07
0000626   1.9069E+08 -2.3383E+07  3.8507E+07
0000627   1.7911E+08  3.3350E+07  3.0440E+06
0000628   2.3052E+08 -4.8733E+07  2.2279E+07
0000629   1.9069E+08  3.3991E+07  3.3989E+07
0000630   6.5373E+07 -1.8291E+07 -9.2389E+07
0000631   7.0475E+07 -5.3913E+07  3.1493E+07
0000632   1.7951E+08  2.1058E+07  1.1856E+07
0000633   1.4226E+08 -8.9953E+06  3.7646E+07
0000634   2.2331E+08  1.1180E+07  2.0128E+07
0000635   8.2926E+07  5.5537E+06 -3.5726E+07
0000636   1.0993E+08  2.0028E+07  3.0848E+07
0000637   1.7892E+08 -4.2013E+07  1.7132E+07
0000638   1.2351E+08  2.2593E+07  1.2235E+07
0000639   1.5172E+08  1.4122E+07  1.2208E+08
0000640   1.7392E+08  1.3376E+07  6.6534E+07
0000641   1.6490E+08 -3.1543E+07 -1.2761E+07
0000642   2.2493E+08 -9.9880E+06 -1.8749E+07
0000643   1.3423E+08  9.9345E+07  7.3150E+07
0000644   1.8208E+08  2.0068E+07  5.2719E+07
0000645   1.8764E+08  7.4001E+07 -4.7834E+07
0000646   1.8305E+08  4.1426E+07 -1.3661E+07
0000647   1.9830E+08 -2.8098E+06 -2.4830E+07
0000648   2.1687E+08  7.9143E+06 -3.5899E+07
0000649   1.9360E+08 -1.7158E+07 -4.0285E+07
0000650   1.2872E+08 -2.1509E+07  1.8253E+07
0000651   2.0668E+08  4.8052E+07 -2.2238E+06
0000652   1.7243E+08 -2.8994E+05  1.1471E+07
0000653   5.2291E+07  3.3153E+07  6.7466E+07
0000654   1.6505E+08  1.9824E+07 -5.7044E+07
0000655   1.9286E+08  2.6399E+07  1.8476E+07
0000656   1.3336E+08 -7.7428E+07  3.4702E+06
0000657   1.6546E+08 -2.8458E+07  1.3609E+06
0000658   2.3690E+08 -3.9965E+06  2.0620E+07
0000659   1.8478E+08 -6.8746E+07  2.5252E+07
0000660   2.1101E+08 -2.5227E+06  2.1981E+07
0000661   1.6985E+08  2.6839E+07 -4.9050E+07
0000662   1.7368E+08 -4.1726E+07 -9.4958E+07
0000663   1.7000E+08 -9.9826E+06 -6.6189E+07
0000664   1.0012E+08 -2.3639E+07 -4.6579E+07
0000665   1.8536E+08 -6.6225E+07 -1.3026E+07
0000666   1.7585E+08  1.2512E+06  2.4667E+06
0000667   1.2902E+08  7.1376E+07  2.9014E+07
0000668   1.5506E+08  8.0008E+07  4.6894E+07
0000669   1.8599E+08  1.5880E+07  3.6779E+07
0000670   1.2396E+08 -4.1244E+07  9.2368E+07
0000671   1.6048E+08 -2.5395E+07 -3.0134E+07
0000672   2.0379E+08  1.9660E+07 -7.0044E+06
0000673   1.1494E+08  3.6492E+07  8.2200E+07
0000674   1.9045E+08 -6.7708E+06  1.3889E+07
0000675   1.7052E+08  1.5992E+07 -3.0836E+07
0000676   1.6284E+08  4.1249E+07  3.8216E+07
0000677   2.0715E+08 -4.8909E+07 -4.4982E+07
0000678   1.9558E+08 -4.5704E+07  2.9932E+07
0000679   1.9721E+08  2.0841E+07  8.4458E+06
0000680   2.2690E+08 -4.8031E+07 -5.4459E+06
0000681   1.9907E+08  1.7096E+07  4.3007E+07
0000682   1.1610E+08 -7.0245E+07  1.1746E+07
0000683   1.7989E+08 -2.0737E+06 -1.0182E+07
0000684   1.2635E+08 -8.6599E+07 -7.1552E+06
0000685   1.9672E+08  2.2325E+07  6.7165E+07
0000686   1.6525E+08  6.1936E+07 -3.4685E+07
0000687   2.2067E+08  8.5025E+06 -2.4722E+07
0000688   1.8900E+08 -2.3746E+07 -9.5558E+06
0000689   1.8600E+08  2.4984E+07 -8.7081E+07
0000690   2.1547E+08 -1.7548E+07  4.9529E+07
0000691   1.8642E+08  4.0178E+07  8.6695E+07
0000692   2.3184E+08  3.7177E+07 -3.4394E+07
0000693   1.4698E+08  6.5547E+07 -1.2020E+07
0000694   1.4548E+08  5.8105E+07 -6.4967E+07
0000695   1.2971E+08  6.4971E+05 -5.2576E+07
0000696   1.3967E+08  7.1526E+07 -5.9062E+07
0000697   1.6751E+08 -4.5585E+07  1.6708E+07
0000698   2.0807E+08 -2.4314E+07 -7.6556E+06
0000699   2.1073E+08  8.7842E+07  2.5646E+07
0000700   1.9770E+08  4.4441E+07 -9.8100E+06
0000701   2.0427E+08  1.4953E+07  2.5388E+07
0000702   1.6046E+08 -2.7918E+06 -1.7245E+07
0000703   1.3558E+08  4.1518E+07  8.3773E+06
0000704   1.5302E+08 -3.8040E+07  7.8990E+07
0000705   1.1329E+08 -1.0321E+07 -7.7367E+06
0000706   1.9564E+08 -7.2585E+06  4.3533E+06
0000707   2.0139E+08  5.9447E+06  4.0667E+07
0000708   2.0398E+08  3.3943E+07 -8.5426E+07
0000709   1.4408E+08  2.3219E+07 -3.7383E+07
0000710   1.9344E+08  1.1799E+07 -4.8091E+07
0000711   1.9066E+08 -7.9204E+07  9.2318E+07
0000712   1.4402E+08 -2.3040E+06  2.9939E+07
0000713   1.8667E+08  4.8297E+07 -8.5705E+07
0000714   1.7150E+08  2.5987E+07 -2.9362E+07
0000715   2.4297E+08 -2.5662E+07  4.2983E+06
0000716   2.1650E+08 -3.0304E+06 -5.3916E+07
0000717   1.8338E+08  5.6166E+07 -4.7640E+07
0000718   2.0828E+08 -2.2095E+07  1.9013E+07
0000719   1.2978E+08  1.7334E+07  2.7379E+07
0000720   2.2288E+08  6.8840E+07 -2.7442E+07
0000721   6.7660E+07  1.0526E+08  2.3465E+07
0000722   1.9537E+08 -4.0270E+07 -3.8960E+06
0000723   3.0752E+07 -7.6271E+06  9.3583E+06
0000724   2.1100E+08 -8.8040E+07 -2.8076E+07
0000725   1.3932E+08 -3.9072E+06 -5.6504E+07
0000726   1.4517E+08 -4.3700E+07 -1.0559E+07
0000727   1.5518E+08 -2.4605E+07  2.1331E+07
0000728   1.4540E+08  8.0800E+07 -1.6646E+07
0000729   2.0215E+08  8.3618E+06 -2.8590E+07
0000730   1.4866E+08 -5.7950E+07  5.5530E+07
0000731   1.9125E+08 -9.4124E+06  3.5012E+07
0000732   1.8449E+08  1.1116E+08 -1.2693E+07
0000733   2.2099E+08 -2.6158E+07  2.1873E+07
0000734   2.3639E+08 -7.9890E+06 -1.2764E+07
0000735   1.7906E+08  5.3492E+07  7.0279E+07
0000736   1.2052E+08 -9.9547E+06 -7.9276E+06
0000737   1.4533E+08 -2.3245E+06 -2.1727E+07
0000738   2.1108E+08  1.1821E+07  3.0924E+07
0000739   1.6163E+08 -1.8981E+07 -6.6049E+07
0000740   1.6591E+08 -1.4053E+07 -6.9860E+07
0000741   1.5967E+08 -1.3250E+07  3.6000E+07
0000742   1.0912E+08 -3.1042E+07 -3.8704E+07
0000743   2.0341E+08  2.5150E+07 -7.1936E+06
0000744   1.6848E+08  1.7615E+07 -2.9546E+06
0000745   1.2311E+08  1.8845E+07 -5.0890E+07
0000746   2.0734E+08  5.7857E+07  2.9304E+07
0000747   2.1096E+08  2.0039E+07 -2.8130E+07
0000748   1.4416E+08  4.2873E+06 -1.9122E+07
0000749   1.5488E+08  1.9599E+07  1.0406E+08
0000750   1.7105E+08 -3.7697E+07 -8.8583E+06
0000751   2.0644E+08 -2.7853E+07  1.0593E+07
0000752   1.0565E+08 -6.8712E+07 -2.3353E+07
0000753   1.8741E+08 -4.5255E+07  1.7414E+07
0000754   1.4449E+08  9.7291E+06  3.2690E+07
0000755   1.6745E+08  6.0829E+07 -2.5265E+07
0000756   1.2475E+08  3.6510E+06 -4.0910E+07
0000757   1.2136E+08  2.3067E+07  4.6448E+07
0000758   1.1717E+08  1.7952E+07 -5.9407E+07
0000759   2.0874E+08  5.2678E+07  2.0818E+07
0000760   1.1378E+08  1.6110E+07 -5.8050E+07
0000761   2.1344E+08  1.0209E+07 -9.3932E+06
0000762   1.9450E+08  4.2733E+06  2.0393E+07
0000763   1.6992E+08 -3.7150E+07  1.7991E+07
0000764   1.6497E+08 -1.8287E+07 -1.0098E+06
0000765   1.8613E+08 -3.8799E+07  3.3982E+07
0000766   1.8616E+08 -7.8810E+06 -7.7164E+06
0000767   1.5669E+08 -4.2336E+07  4.0062E+07
0000768   1.5870E+08  2.7551E+07  2.8905E+07
0000769   1.7884E+08 -4.5065E+07 -7.8274E+06
0000770   1.5682E+08  5.0851E+07 -9.5544E+06
0000771   1.3468E+08 -1.4173E+07 -3.8478E+07
0000772   1.4461E+08  1.6096E+07 -4.6373E+06
0000773   1.3902E+08  8.7948E+06  6.1225E+07
0000774   1.5674E+08  4.8451E+07  6.0855E+07
0000775   1.7644E+08  1.3105E+07  1.4409E+07
0000776   2.1560E+08 -1.6825E+07 -4.4319E+07
0000777   1.8258E+08  4.7584E+07 -9.0959E+07
0000778   1.5461E+08 -4.2872E+07  1.4375E+07
0000779   2.0635E+08  6.9314E+07  1.4003E+07
0000780   3.3655E+07  9.5907E+06  4.9647E+07
0000781   1.8556E+08  4.0318E+07 -6.6369E+07
0000782   2.0008E+08 -6.5009E+07  1.1571E+07
0000783   8.6081E+07 -4.3431E+06  1.6578E+07
0000784   1.3980E+08 -4.2713E+06  6.9959E+07
0000785   2.0443E+08 -6.3192E+07 -2.1918E+07
0000786   2.0496E+08  7.8735E+06  8.6404E+06
0000787   1.9908E+08  1.7370E+07  2.9417E+06
0000788   1.3927E+08 -6.3308E+07  2.4683E+07
0000789   1.8015E+08  1.0150E+07 -3.7719E+07
0000790   1.7918E+08  3.5129E+07  1.8979E+07
0000791   1.5988E+08 -8.7153E+07 -6.7730E+06
0000792   1.8391E+08 -8.6494E+06  1.7628E+07
0000793   1.4644E+08  7.8993E+07 -2.3203E+07
0000794   1.5762E+08 -1.4949E+07  3.0196E+07
0000795   2.0123E+08  2.5754E+07  3.5909E+07
0000796   1.7151E+08 -5.2391E+07 -9.5606E+07
0000797   1.7789E+08  8.3911E+06  3.6838E+07
0000798   1.9658E+08  5.4006E+07 -4.8688E+07
0000799   1.7321E+08 -7.9607E+07 -1.5420E+07
0000800   1.9342E+08  1.4679E+07  1.6188E+06
0000801   1.8896E+08  9.5707E+06 -6.4240E+07
0000802   1.7151E+08  3.3777E+07  1.4316E+07
0000803   1.8443E+08 -9.4708E+07  8.6548E+06
0000804   1.7145E+08 -1.8175E+07  8.4753E+06
0000805   2.2773E+08 -9.6616E+06  5.3199E+07
0000806   1.8732E+08  3.9850E+06 -8.3725E+07
0000807   2.1691E+08 -6.3649E+06 -1.4104E+06
0000808   2.2074E+08  4.4101E+07 -3.9898E+07
0000809   1.7967E+08 -4.1512E+07 -6.0902E+06
0000810   1.9166E+08 -1.0848E+08  4.9253E+07
0000811   1.0036E+08 -5.8653E+06  2.2907E+07
0000812   1.1728E+08  1.8487E+07 -9.3689E+07
0000813   1.7736E+08 -1.1665E+07 -1.2781E+07
0000814   1.9197E+08 -4.4070E+07 -3.9933E+07
0000815   1.2080E+08  4.2813E+07 -1.6746E+07
0000816   1.7400E+08 -2.0951E+07  1.8846E+07
0000817   1.4830E+08  2.1651E+07  7.5723E+07
0000818   1.6495E+08  5.0714E+07 -7.6626E+06
0000819   1.5136E+08 -1.3653E+07  3.9238E+07
0000820   1.5219E+08  6.8903E+07 -3.7951E+07
0000821   1.0852E+08  2.6444E+07  3.8342E+07
0000822   1.5021E+08  1.0531E+08  2.6237E+06
0000823   2.0783E+08 -1.0166E+07 -5.1517E+07
0000824   1.7601E+08 -4.7272E+07 -2.0024E+07
0000825   1.8183E+08 -3.9845E+06 -1.9374E+07
0000826   1.6916E+08 -1.9420E+07  2.6677E+07
0000827   1.2709E+08  1.4508E+07  1.5116E+07
0000828   1.8682E+08  1.5704E+07 -9.0149E+07
0000829   2.2148E+08 -2.6945E+07  2.5910E+07
0000830   1.8234E+08 -4.5585E+07  2.7348E+07
0000831   1.8600E+08  1.0485E+06 -8.5461E+06
0000832   1.6012E+08 -1.1317E+07  8.6976E+05
0000833   1.6892E+08  7.6447E+07  4.5246E+07
0000834   2.0591E+08 -4.1544E+07 -1.6653E+07
0000835   1.3538E+08 -4.3575E+07 -5.6514E+07
0000836   1.9025E+08 -3.1619E+07 -3.5913E+06
0000837   1.2404E+08 -8.5831E+07 -9.7090E+07
0000838   1.8405E+08 -5.1387E+07 -3.1750E+07
0000839   1.7740E+08  1.7437E+07 -3.0797E+07
0000840   1.7912E+08 -5.8202E+07 -4.5705E+07
0000841   1.9560E+08  2.3733E+07  7.8378E+06
0000842   1.6135E+08 -5.7147E+05 -4.8105E+07
0000843   9.2258E+07  4.4819E+07  1.1147E+07
0000844   2.2823E+08 -4.8490E+07 -2.8105E+07
0000845   8.1636E+07  9.0781E+07  1.4910E+07
0000846   1.2901E+08  1.6557E+07  3.4116E+07
0000847   1.8208E+08  3.9021E+07 -2.6794E+07
0000848   2.0657E+08  2.6632E+07  3.4144E+07
0000849   2.1312E+08 -4.3291E+07 -2.1314E+06
0000850   1.2526E+08  1.0383E+07  5.0130E+07
0000851   1.7278E+08 -1.5881E+07 -7.7819E+06
0000852   1.8237E+08  4.9254E+07 -3.2241E+07
0000853   1.7095E+08  4.7487E+07  1.2738E+07
0000854   1.0092E+08 -6.6948E+07  4.9477E+07
0000855   1.1434E+08  1.1952E+08  2.6399E+06
0000856   1.7376E+08 -1.8883E+07  2.5107E+07
0000857   1.4024E+08 -3.3611E+07 -5.8517E+07
0000858   1.9105E+08 -5.9457E+06 -4.3701E+07
0000859   1.1552E+08  4.4378E+07  2.4783E+07
0000860   1.3183E+08  2.4638E+07 -1.4411E+07
0000861   1.8549E+08  4.0338E+07  5.1815E+07
0000862   1.2922E+08  2.1478E+07  2.7146E+06
0000863   1.7426E+08  1.0415E+07  2.4547E+07
0000864   1.6490E+08  4.7313E+07  1.0471E+07
0000865   1.9959E+08  6.0959E+07 -1.9480E+07
0000866   1.5311E+08  1.2092E+08  4.4775E+07
0000867   1.9521E+08 -5.2876E+07  4.6329E+07
0000868   2.1606E+08 -2.4703E+07  1.0631E+07
0000869   1.2175E+08 -4.0669E+06  1.1671E+07
0000870   1.9241E+08 -2.7100E+05  1.2129E+07
0000871   1.6524E+08 -3.9635E+07 -6.2133E+07
0000872   1.7377E+08  7.8189E+07  2.2623E+07
0000873   1.6781E+08  4.0567E+07  5.1415E+07
0000874   1.7739E+08  2.4029E+07 -2.7024E+07
0000875   1.5640E+08 -6.0015E+06 -7.4795E+07
0000876   1.5505E+08  4.1413E+07  7.1594E+06
0000877   1.5830E+08 -3.7251E+07  1.0345E+08
0000878   2.0176E+08  2.9308E+07 -3.2838E+06
0000879   9.9903E+07 -1.0857E+07 -3.6558E+06
0000880   9.8179E+07 -4.1825E+07  7.6138E+06
0000881   2.0623E+08 -7.5867E+07 -3.4809E+07
0000882   1.1905E+08 -1.4125E+08  1.4191E+06
0000883   1.7770E+08 -4.7298E+07  2.3276E+07
0000884   1.5536E+08  1.4165E+07 -4.2531E+07
0000885   1.0912E+08  1.8179E+07 -1.3412E+07
0000886   1.5609E+08  1.6121E+07  7.5695E+07
0000887   2.0266E+08 -1.2820E+07  1.0102E+05
0000888   1.5164E+08 -5.9338E+07 -4.6828E+07
0000889   9.9259E+07 -1.6700E+07  1.0274E+07
0000890   1.9092E+08  1.8663E+07 -3.9686E+07
0000891   1.1805E+08 -2.6771E+07 -3.0546E+07
0000892   1.7567E+08 -4.4195E+07  1.0976E+07
0000893   1.7625E+08 -5.6251E+07  1.3292E+07
0000894   1.6013E+08  2.0121E+06  1.4737E+07
0000895   1.6152E+08 -2.4939E+07 -4.4502E+07
0000896   1.2220E+08 -2.9037E+07  9.8943E+07
0000897   1.7450E+08  4.0024E+07 -7.0437E+07
0000898   1.7772E+08  3.4604E+07  3.5820E+07
0000899   2.3079E+08  4.7013E+05  3.9593E+07
0000900   1.8645E+08 -4.9402E+07 -6.1073E+06
0000901   1.7351E+08  7.3364E+07  8.5257E+06
0000902   1.8254E+08 -1.2767E+07  3.8822E+07
0000903   2.0361E+08  6.5236E+06  3.3090E+07
0000904   1.9033E+08  9.1101E+06  2.4988E+07
0000905   1.6585E+08 -2.3015E+07 -4.0858E+07
0000906   2.0603E+08 -1.9464E+07 -1.0232E+07
0000907   1.8516E+08  4.4649E+06 -6.0269E+07
0000908   2.2459E+08 -1.1347E+07 -4.1193E+06
0000909   1.1675E+08  5.1485E+06  2.1905E+07
0000910   2.1030E+08 -2.2544E+07 -4.4751E+07
0000911   1.7743E+08 -5.2166E+07  9.2307E+06
0000912   1.5733E+08 -1.2036E+07 -2.8167E+07
0000913   1.2932E+08 -4.7367E+06 -7.0064E+07
0000914   1.6367E+08 -5.3005E+07  1.2129E+07
0000915   1.7465E+08  4.1078E+07  3.9151E+07
0000916   1.4549E+08  8.8490E+06 -1.9547E+07
0000917   1.0125E+08  3.3036E+07 -8.5109E+07
0000918   1.0040E+08 -9.2887E+07  4.4084E+05
0000919   2.1940E+08 -1.9097E+07 -2.8992E+06
0000920   1.5254E+08  2.7242E+07  1.8725E+06
0000921   2.1516E+08  3.1953E+07  1.2232E+07
0000922   1.7596E+08 -4.9096E+07  5.8922E+07
0000923   1.8136E+08 -7.9079E+07 -1.6096E+07
0000924   1.9828E+08 -2.0774E+07 -5.1247E+07
0000925   1.2706E+08 -1.4732E+07  2.2315E+07
0000926   1.7893E+08 -2.4523E+07 -3.1739E+06
0000927   1.5414E+08  1.1526E+07  4.6864E+07
0000928   1.7312E+08  1.4624E+07 -4.6277E+07
0000929   1.3451E+08  8.0199E+07  2.9839E+07
0000930   2.3637E+08  3.1828E+07 -1.2138E+07
0000931   2.1022E+08 -9.2841E+07  2.1128E+07
0000932   1.9935E+08 -8.6738E+07 -4.9737E+06
0000933   1.2745E+08  1.9309E+07  6.8906E+07
0000934   1.6128E+08  7.0350E+06  4.0789E+06
0000935   1.2426E+08 -3.1210E+07  6.5306E+07
0000936   1.5405E+08  7.4995E+07 -4.6941E+07
0000937   1.4572E+08 -1.2563E+07  2.7206E+07
0000938   1.7990E+08 -7.5498E+06  4.5915E+06
0000939   1.0994E+08 -2.3271E+07  5.5297E+06
0000940   2.3095E+08 -4.6390E+07 -1.1561E+07
0000941   1.8308E+08  2.2803E+07  5.9310E+07
0000942   1.4810E+08 -3.5257E+07  4.8009E+07
0000943   1.5481E+08 -3.8679E+07  5.3000E+07
0000944   2.3321E+08 -2.2702E+07  8.2514E+06
0000945   1.8466E+08 -4.7706E+07 -6.5601E+07
0000946   1.4899E+08  7.6280E+07 -4.0448E+07
0000947   1.8620E+08  2.6983E+07  9.9681E+06
0000948   1.6034E+08  1.1227E+07  8.8016E+06
0000949   1.9985E+08  2.6569E+07 -6.8242E+07
0000950   1.2735E+08 -9.5822E+07 -1.1105E+06
0000951   1.6810E+08  4.0503E+07  2.6775E+07
0000952   1.8402E+08 -3.3015E+07 -4.5461E+07
0000953   1.7916E+08 -1.6626E+07  2.2732E+07
0000954   1.9393E+08 -4.2825E+06  5.0383E+06
0000955   1.5854E+08  2.8189E+07 -4.2657E+06
0000956   6.0215E+07  2.4880E+07 -1.0042E+08
0000957   2.2868E+08  5.5467E+07 -1.7362E+07
0000958   1.3331E+08 -3.0419E+07 -2.1686E+07
0000959   1.4870E+08 -6.8720E+07  6.3413E+07
0000960   1.0413E+08  1.4169E+07 -1.0129E+08
0000961   1.1651E+08  4.5780E+07 -3.4857E+07
0000962   1.1385E+08 -4.8472E+07  1.6514E+07
0000963   1.6163E+08 -3.3974E+07  1.7908E+07
0000964   1.8184E+08 -3.3167E+06 -1.7398E+07
0000965   1.7760E+08  1.6766E+07 -1.5205E+07
0000966   2.0379E+08  2.7605E+07 -6.7459E+07
0000967   1.4655E+08  6.5352E+06 -1.2957E+07
0000968   1.9979E+08 -1.2774E+06  3.3008E+07
0000969   1.6235E+08  1.7980E+07  6.1496E+07
0000970   1.1558E+08  2.5388E+07  4.9075E+07
0000971   1.6120E+08  3.0803E+07 -5.5563E+07
0000972   1.2878E+08 -6.6191E+07 -2.3173E+07
0000973   9.6547E+07 -6.9743E+06  6.3880E+07
0000974   1.4813E+08 -6.2958E+07 -4.1689E+07
0000975   1.5633E+08 -9.3055E+06 -7.9370E+06
0000976   2.5730E+07  4.3843E+06  1.1142E+06
0000977   1.9258E+08 -2.6922E+07 -1.9653E+07
0000978   1.5589E+08 -2.9335E+07 -1.4701E+07
0000979   1.4524E+08 -4.3031E+07  4.4680E+07
0000980   1.9883E+08 -3.4025E+07  3.0579E+07
0000981   1.9699E+08 -8.2768E+07 -6.5707E+07
0000982   1.9235E+08 -3.0310E+07 -1.6833E+07
0000983   1.1198E+08 -1.9966E+07  1.5468E+06
0000984   1.6858E+08 -2.5951E+07  1.0412E+06
0000985   1.8077E+08 -3.3823E+07  4.1984E+07
0000986   2.0470E+08 -4.4542E+07 -4.5885E+07
0000987   1.0893E+08 -3.4133E+07 -6.7878E+06
0000988   1.9230E+08 -1.8604E+07  6.1087E+07
0000989   1.5744E+08  3.3324E+07  2.5630E+07
0000990   2.1632E+08 -2.5905E+07  2.1378E+05
0000991   1.5988E+08 -6.9115E+07  2.0247E+06
0000992   1.7022E+08 -2.1450E+07 -4.0238E+07
0000993   1.2846E+08 -7.6497E+06 -6.0584E+07
0000994   1.7138E+08  3.8909E+07  3.1063E+07
0000995   1.8232E+08  2.3737E+07 -4.4119E+06
0000996   1.8476E+08  2.5294E+07 -2.1576E+07
0000997   1.6197E+08  3.5226E+06 -3.4519E+07
0000998   1.8138E+08  3.5477E+07  2.8001E+07
0000999   1.4590E+08  4.5640E+06  3.3922E+06
0001000   2.1160E+08  3.2265E+07  1.0396E+06
