============================== SRIM-2013.00 ==============================
==============================================================================
====== SRIM Outputs\RANGE_3D.txt : File of Final Ion Positions =====

Ion = Ar (18)   Ion Mass= 039.9620
Energy  = 2120950.E-05 keV
Ion Angle to Surface = 00.0 degrees
==================== TARGET =======================
  Layer # 1 - Layer 1
  Layer # 1 - Bottom Depth=500000.E+03 A
  Layer # 1 - Density =0000.0002 g/cm3
  Layer # 1 -  100 % of Ar
様様様様様様様様様様様様様様様様様様様様様様様様様様
                                            
Ion       Depth  X   Lateral Y   Lateral Z  
Number    (Angstrom) (Angstrom)  (Angstrom) 
-------  ----------- ----------- -----------
0000001   2.6866E+06 -5.8684E+06 -3.5963E+05
0000002   5.4942E+06 -1.2849E+06  2.2508E+06
0000003   6.8376E+06  2.1207E+05 -3.6776E+06
0000004   3.8960E+06  1.9584E+06 -1.7983E+06
0000005   1.1851E+06  6.5377E+04  1.2314E+06
0000006   2.6936E+06 -2.7483E+05 -1.4519E+06
0000007   6.1379E+06 -2.7301E+06 -1.2724E+06
0000008   5.2659E+06 -1.4118E+06  2.2997E+06
0000009   3.3562E+06 -1.9496E+06 -2.0304E+06
0000010   3.7143E+06  3.0668E+06 -3.7603E+05
0000011   8.8894E+06 -1.0145E+05  1.2837E+05
0000012   8.2975E+06 -1.0581E+05 -1.3739E+06
0000013   1.6525E+06  4.0548E+05  1.4756E+06
0000014   7.4313E+06  3.2249E+06  2.5814E+06
0000015   6.1604E+06  9.6195E+05 -2.6054E+06
0000016   5.8095E+06 -1.9210E+06 -3.7399E+06
0000017   5.0003E+06  2.8911E+06 -1.8718E+05
0000018   5.5603E+05 -4.8262E+05  2.3830E+06
0000019   6.2420E+06 -3.5963E+06 -1.9191E+06
0000020   5.9612E+06 -1.5045E+06  4.5270E+05
0000021   5.3924E+06 -2.5233E+06 -6.0108E+05
0000022   4.0189E+06  7.5164E+05  2.6588E+06
0000023   2.1541E+06 -9.5000E+05  2.4960E+06
0000024   9.4504E+06  9.5397E+05  2.2494E+06
0000025   6.5456E+06 -1.1186E+06 -6.0892E+05
0000026   8.4584E+06  3.0321E+06 -1.7211E+06
0000027   4.4239E+06  9.4842E+05 -2.0347E+06
0000028   2.9470E+06  1.6696E+06 -2.5604E+06
0000029   5.8056E+06 -1.9093E+06 -1.2237E+06
0000030   5.2203E+05  8.9322E+04 -1.1913E+06
0000031   5.1409E+06  1.4058E+05  3.7667E+06
0000032   1.0011E+07 -3.9649E+06  1.8870E+06
0000033   7.7259E+06  4.6596E+05  5.7773E+05
0000034   1.2289E+06  1.1064E+06 -2.4339E+06
0000035   9.6168E+05  7.3470E+04 -1.5456E+06
0000036   6.2468E+06  4.5547E+05 -3.8869E+05
0000037   2.5161E+06  6.3943E+05 -1.9285E+06
0000038   7.6285E+06  2.5453E+06 -4.2294E+05
0000039   4.1395E+06  7.1107E+05 -1.8788E+06
0000040   4.4332E+06  2.0028E+06 -8.7456E+05
0000041   6.9150E+06 -4.2027E+06  3.2264E+06
0000042   3.1361E+06 -3.3662E+06 -4.8237E+05
0000043   9.4690E+05  3.1789E+06 -1.6735E+04
0000044   1.8020E+06 -1.4871E+06  3.5371E+05
0000045   5.9858E+06  1.2415E+06 -1.8064E+06
0000046   6.5687E+06  1.3007E+06  3.2064E+06
0000047   7.9389E+05  4.3817E+03  1.6466E+05
0000048   3.4343E+06  2.6160E+05  1.6119E+06
0000049   3.0728E+06 -1.4827E+06  3.7401E+06
0000050   2.5476E+06  2.2208E+06  1.6402E+06
0000051   8.2868E+06 -3.7164E+06  1.6459E+06
0000052   4.8587E+06 -4.1647E+05 -3.6060E+05
0000053   4.4280E+06 -7.9092E+05 -8.7684E+05
0000054   6.5357E+06 -2.4533E+06  2.7423E+05
0000055   6.7763E+06 -5.0255E+05  8.1763E+04
0000056   6.4757E+06 -5.8187E+06 -1.5246E+06
0000057   5.2227E+06 -5.2323E+04 -1.5231E+05
0000058   3.3837E+06 -1.4916E+06  1.8132E+06
0000059   1.4928E+06  1.3927E+06  1.2594E+06
0000060   1.0818E+06  1.2038E+05 -2.8551E+06
0000061   9.2973E+05 -1.0335E+06 -3.3145E+06
0000062   7.2511E+06 -5.3557E+05  2.7675E+06
0000063   1.0464E+06  2.2456E+06 -1.9807E+05
0000064   7.0602E+06  4.3138E+06 -1.8594E+05
0000065   4.8919E+06 -1.9583E+06 -4.5766E+05
0000066   5.9217E+06 -2.3921E+06  4.3972E+06
0000067   3.5958E+06 -2.1304E+06  1.5179E+06
0000068   7.3662E+04 -3.8503E+06  5.4153E+06
0000069   2.2582E+06 -5.7471E+05  2.2346E+01
0000070   4.2785E+06  5.9946E+05 -1.1690E+06
0000071   3.2269E+06  1.3120E+06  1.7674E+06
0000072   2.5337E+06 -1.9724E+06 -1.6320E+06
0000073   3.6459E+06  2.2030E+06  2.6045E+06
0000074   7.9186E+06 -3.8929E+06 -6.0753E+06
0000075   6.7895E+06 -6.7938E+04  2.4607E+06
0000076   2.5248E+06 -2.1369E+06  1.2477E+05
0000077   2.0560E+06 -4.0387E+05 -4.0668E+06
0000078   3.4797E+06  3.4509E+06 -2.3845E+06
0000079   4.1320E+06 -9.4844E+04  1.2384E+06
0000080   4.2221E+06  3.5001E+06  8.0532E+05
0000081   5.5395E+06  9.9417E+05 -9.0090E+05
0000082   9.8821E+05  5.8810E+05  1.5676E+06
0000083   6.3001E+06 -2.9905E+05  1.3744E+06
0000084   3.9139E+06 -1.0226E+06 -4.0068E+06
0000085   4.1588E+06  7.0829E+05 -3.8276E+05
0000086   5.5533E+06  2.8383E+05 -7.9914E+05
0000087   5.0734E+06 -4.5163E+06  5.3075E+05
0000088   6.1393E+06  1.6788E+05 -1.2102E+06
0000089   4.9412E+06  5.9258E+06 -7.5677E+05
0000090   4.7044E+06  8.8741E+05  2.0370E+06
0000091   9.3704E+06 -2.2542E+05 -2.9511E+06
0000092   1.1173E+07  1.1590E+06 -2.7144E+06
0000093   3.7575E+06  1.0294E+06  1.5816E+06
0000094   2.0346E+06 -5.5501E+05  1.3213E+05
0000095   3.8243E+06  1.8910E+06  2.3178E+06
0000096   7.7983E+06 -1.1518E+06  4.0312E+06
0000097   4.4422E+06  6.2253E+06  1.8103E+05
0000098   3.9343E+06 -1.7289E+06  3.7141E+06
0000099   6.2467E+06 -1.0242E+06  5.9886E+05
0000100   4.0382E+06 -5.2006E+05 -1.0612E+06
0000101   3.8753E+06 -1.9418E+06 -3.9492E+05
0000102   1.9093E+06 -4.2556E+06  1.8900E+06
0000103   6.4489E+06 -2.7325E+06 -5.2945E+06
0000104   1.8886E+06  6.7778E+05 -2.0592E+06
0000105   4.3636E+06  2.3683E+06  9.3229E+04
0000106   1.9402E+06  3.9537E+06  9.1173E+05
0000107   1.9347E+06  6.8779E+05 -1.1020E+05
0000108   4.3090E+06  4.0984E+06  3.4068E+06
0000109   2.6931E+06  2.6466E+05 -9.5441E+05
0000110   2.7946E+06  6.2965E+05 -3.0789E+06
0000111   1.2870E+06  3.8001E+05  4.3492E+05
0000112   4.1876E+06  7.5179E+05  9.3326E+05
0000113   3.2253E+06  2.4465E+06 -3.0574E+06
0000114   3.1115E+06  1.8885E+06  2.8714E+06
0000115   4.7927E+06 -4.0957E+06 -1.0779E+06
0000116   4.1087E+06 -4.6892E+06 -1.8023E+06
0000117   3.4880E+06 -1.8448E+06  1.0087E+06
0000118   2.0839E+06 -2.3852E+06 -1.1001E+06
0000119   4.7345E+06 -1.2723E+06 -3.8806E+06
0000120   2.5339E+06  1.5556E+04 -7.5638E+05
0000121   4.2398E+06 -4.5651E+05 -3.2059E+05
0000122   3.7257E+06  1.6303E+05 -6.5086E+05
0000123   1.5620E+06  1.4876E+06  4.3640E+05
0000124   8.6667E+06 -3.5534E+06 -5.2585E+06
0000125   7.1263E+06  7.9030E+05 -1.0482E+06
0000126   1.6975E+06  3.7121E+05 -2.1066E+06
0000127   4.0498E+06  1.4790E+06  1.4877E+06
0000128   7.3456E+06  2.8130E+06  9.6835E+05
0000129   3.4725E+06 -1.6945E+06 -5.9751E+05
0000130   6.7773E+06 -8.3135E+05 -1.2207E+06
0000131   4.7509E+06 -2.3996E+05  1.6640E+06
0000132   2.6592E+06 -1.3513E+05 -1.1555E+06
0000133   5.5180E+06 -5.7588E+06 -2.2859E+06
0000134   7.7593E+06 -1.3929E+06  1.1605E+06
0000135   6.1353E+06 -1.7922E+05  1.9759E+06
0000136   5.6467E+06  1.4739E+05  1.9245E+05
0000137   8.2068E+06 -2.1132E+06 -4.9764E+06
0000138   3.7890E+06  1.0788E+05 -2.1010E+04
0000139   2.9897E+06  1.3846E+06 -3.5110E+06
0000140   3.5809E+06  3.8067E+06 -2.2547E+06
0000141   2.5907E+06 -5.7883E+05  2.0202E+05
0000142   2.6900E+06  1.6142E+06 -2.3884E+05
0000143   9.1371E+06  1.0491E+06  5.1519E+06
0000144   5.1103E+06 -2.4027E+05  9.4893E+05
0000145   3.4850E+06 -5.3479E+05 -9.1327E+04
0000146   1.0825E+07  1.9800E+06  1.5850E+06
0000147   2.0123E+06 -3.6748E+05 -3.2055E+06
0000148   1.9816E+06  6.5653E+05 -9.1676E+04
0000149   8.7248E+06  1.2292E+06  2.6839E+06
0000150   9.1308E+06  1.7115E+06  6.0329E+05
0000151   4.1187E+06 -2.3684E+06 -1.0585E+06
0000152   4.7563E+06  3.7336E+05 -8.8128E+05
0000153   4.4877E+06 -2.7744E+06  3.1148E+06
0000154   1.5943E+06  1.4281E+04  8.2529E+05
0000155   9.2799E+06  6.9133E+05  3.7842E+05
0000156   2.3992E+06  9.8411E+05 -9.3893E+05
0000157   5.0135E+06  1.6178E+06  2.9538E+06
0000158   1.2146E+06 -3.0116E+01 -2.0684E+05
0000159   5.1831E+06  3.7011E+06  3.3457E+06
0000160   3.7967E+06 -1.0278E+06 -5.6733E+05
0000161   3.0202E+06  2.6621E+06  2.2273E+06
0000163   6.2915E+06  2.6530E+05 -7.1268E+05
0000164   6.0498E+06  2.2372E+05  2.3658E+06
0000165   7.4586E+06  2.1086E+05  2.1410E+06
0000166   8.7697E+06 -1.6842E+06 -1.9951E+06
0000167   5.2873E+06  6.0532E+06 -2.4788E+06
0000168   5.8941E+06  1.5964E+06 -1.5064E+06
0000169   2.2503E+06 -3.8134E+06  7.1984E+04
0000170   9.2806E+06 -6.2516E+05  7.2889E+05
0000171   6.0969E+06 -6.6872E+05 -4.7669E+06
0000172   4.8820E+06  4.6054E+05  7.1580E+05
0000173   5.1339E+06 -5.0267E+05  2.0696E+05
0000174   2.0057E+06 -1.0271E+06 -1.9434E+06
0000175   2.4974E+06 -2.9396E+06 -3.4695E+06
0000176   5.0525E+06  5.0512E+05 -1.7453E+06
0000177   4.5862E+06 -2.2274E+06 -6.5455E+05
0000178   1.9949E+06  3.0379E+06 -6.0063E+05
0000179   1.0689E+06 -1.9043E+05 -2.0121E+06
0000180   7.9873E+06 -2.6189E+06 -2.4657E+06
0000181   1.0108E+07 -2.9317E+06 -1.3562E+06
0000182   6.8343E+06 -4.9711E+05 -3.2483E+05
0000183   8.8032E+06  1.4523E+06 -2.2858E+06
0000184   2.3146E+06  1.7029E+06  1.0845E+06
0000185   5.0875E+06  3.9898E+06 -1.8281E+06
0000186   5.8164E+06 -2.0507E+06 -4.1442E+05
0000187   2.8199E+06  2.4121E+06 -7.5284E+05
0000188   2.1653E+06 -1.2400E+06  5.3870E+05
0000189   1.5898E+06  1.1308E+05 -6.0257E+05
0000190   4.2130E+06  2.2002E+06 -2.8514E+06
0000191   3.7682E+06  3.8273E+06 -1.1853E+04
0000192   3.7498E+06  8.7018E+05 -5.1289E+05
0000193   9.3133E+06  2.0188E+06 -3.6767E+05
0000194   4.1082E+06 -7.0546E+05  4.0204E+05
0000195   3.8334E+06  1.0721E+06  1.5875E+05
0000196   3.3758E+06 -2.3010E+05  1.9104E+05
0000197   5.8509E+06 -4.7416E+05 -3.4332E+06
0000198   1.5030E+06 -1.1026E+06 -3.8380E+05
0000199   3.7635E+05 -9.1460E+05  7.1029E+04
0000200   3.3969E+06 -1.2655E+06  1.3379E+06
0000201   4.8497E+06 -1.0812E+06  2.7677E+06
0000202   7.1666E+06  1.1004E+06  6.3560E+05
0000203   2.7015E+06  2.7193E+06 -2.5252E+06
0000204   3.9619E+06 -1.2670E+06  2.8074E+05
0000205   2.2404E+06 -1.0340E+06 -3.5239E+05
0000206   8.4031E+06  7.0419E+04 -1.0664E+06
0000207   2.3419E+06  3.8825E+06 -8.4385E+05
0000208   1.4034E+06 -1.5666E+06 -2.6809E+06
0000209   4.6175E+06  2.2677E+06 -1.9207E+06
0000210   5.8222E+06 -1.6009E+06  5.6410E+06
0000211   2.9372E+06  1.5364E+06  3.3143E+05
0000212   3.8149E+06  1.6367E+06  1.6521E+06
0000213   6.5715E+06 -4.2071E+06 -3.0460E+05
0000214   4.3052E+06 -5.6293E+05 -1.5047E+04
0000215   4.4619E+06  1.1409E+06 -6.6153E+05
0000216   3.7606E+06  1.4837E+06  4.4155E+05
0000217   6.7271E+06  1.4655E+06 -1.3523E+06
0000218   5.2827E+06  1.5662E+06  2.0761E+06
0000219   5.7974E+06  6.8626E+05 -8.3469E+05
0000220   1.7255E+06 -1.0342E+06  7.1107E+05
0000221   3.8203E+06 -2.1320E+06  1.8026E+06
0000222   8.1363E+05 -5.2209E+05 -2.9569E+05
0000223   7.4401E+06  2.1212E+06  2.7631E+06
0000224   7.0857E+06  1.3955E+06  8.7475E+05
0000225   5.5825E+06 -4.7105E+06 -4.6729E+06
0000226   7.9132E+06 -1.8103E+06  7.1072E+05
0000227   5.2307E+06 -2.5272E+06  3.1757E+06
0000229   4.9310E+06  4.6696E+06 -8.4146E+05
0000230   4.3861E+06 -3.3974E+06 -1.1431E+06
0000231   2.0962E+06 -1.2553E+06  1.2368E+05
0000232   7.5106E+06 -5.9524E+06 -3.5666E+05
0000233   3.7569E+06 -1.3489E+06  7.8049E+05
0000234   2.9326E+06 -1.4424E+06  9.1335E+05
0000235   4.3038E+06 -2.0139E+06 -9.3665E+05
0000236   1.3731E+07 -1.6828E+06  3.1419E+05
0000237   5.4740E+06  3.5959E+06  1.3940E+06
0000238   4.3687E+06 -1.6131E+05 -2.7391E+06
0000239   6.3959E+06 -7.7144E+05  6.7727E+05
0000240   2.4000E+06 -1.9819E+06  1.4107E+06
0000241   2.8113E+06 -5.1409E+05  6.7803E+05
0000242   7.3996E+06  6.2058E+05 -3.2232E+04
0000243   5.9824E+06  3.2109E+05  6.3485E+06
0000244   4.5795E+06 -3.0310E+05 -9.7687E+05
0000245   6.3177E+06 -2.9944E+05  1.3005E+06
0000246   3.5582E+06  1.5631E+06 -3.0148E+05
0000247   6.6619E+06  1.4266E+04  4.8166E+05
0000248   7.6394E+06 -3.1819E+06  9.3215E+05
0000249   6.2576E+06  1.4781E+06  2.2864E+06
0000250   1.5772E+06  4.0499E+06  2.6767E+06
0000251   2.8476E+06  4.9729E+06 -3.1749E+06
0000252   8.4617E+06  1.8334E+06 -2.1127E+06
0000253   2.2988E+06 -1.0030E+06 -1.5500E+06
0000254   3.2548E+06  3.5490E+05  4.2065E+05
0000255   4.9282E+06 -3.9165E+06 -4.0114E+05
0000256   3.4824E+06 -5.7820E+05  3.6053E+05
0000257   5.4215E+06 -2.6898E+06  3.0681E+06
0000258   4.7018E+06 -1.7787E+06 -2.6293E+06
0000259   1.0867E+06  3.2141E+06 -2.6953E+06
0000260   3.0988E+06  1.4932E+06 -8.4501E+04
0000261   4.4049E+06 -1.7431E+06  4.3868E+05
0000262   7.2940E+06  3.5577E+05 -3.0622E+06
0000263   7.0752E+06  9.7080E+04 -2.3855E+06
0000264   7.3182E+06  1.7532E+06 -1.5811E+06
0000265   4.2649E+06  2.7487E+06 -1.4257E+06
0000266   5.7804E+06 -1.1348E+06 -1.7666E+06
0000267   1.6270E+06  7.0224E+05 -3.7631E+05
0000268   4.5105E+06  1.4369E+06  4.5999E+06
0000269   4.8303E+06  1.4164E+06  5.0077E+05
0000270   2.7251E+06  6.3941E+05 -1.4219E+06
0000271   3.8147E+06 -5.9602E+05 -6.1429E+04
0000272   3.8056E+06  2.6495E+06 -2.8385E+06
0000273   7.8920E+04  1.2312E+06  8.5440E+05
0000274   1.7642E+06 -1.3606E+06 -2.5447E+06
0000275   8.2744E+06  2.9196E+06  4.5604E+06
0000276   2.9588E+06 -1.5671E+06  3.1233E+06
0000277   5.6954E+06 -4.1090E+06 -9.1540E+04
0000278   9.1779E+06 -9.4887E+05  3.8288E+06
0000279   7.7036E+06  4.7664E+06 -5.9865E+06
0000280   7.6425E+06 -1.4013E+06  6.5217E+06
0000281   5.2704E+06 -9.5073E+05 -5.7584E+05
0000282   2.1608E+06 -2.4409E+06  1.3254E+06
0000283   1.9210E+06  8.6497E+05  7.2378E+05
0000284   6.7246E+06  1.8809E+05  2.6937E+06
0000285   8.6583E+06 -2.5992E+06 -3.8913E+06
0000286   5.8489E+06 -3.6067E+04 -7.7259E+05
0000287   9.3878E+05 -7.1107E+05  1.3852E+06
0000288   6.2438E+06 -5.7423E+05  4.1115E+06
0000289   7.3532E+06  9.4865E+05  4.7354E+05
0000290   5.6272E+06 -2.0084E+06 -1.4923E+06
0000291   3.8033E+06  3.1486E+06 -6.2255E+05
0000292   9.7001E+05 -8.7492E+05 -3.8070E+05
0000293   5.1773E+06  5.1955E+05 -1.8259E+06
0000294   9.5183E+06  1.7703E+06  3.0682E+05
0000295   4.0681E+06  2.3374E+06  6.5536E+05
0000296   9.2578E+06  5.3272E+06 -2.0338E+06
0000297   3.5497E+06 -4.9663E+05 -7.3725E+04
0000298   5.8200E+05 -5.8528E+05 -3.3761E+05
0000299   6.3591E+06  1.0700E+06 -4.0993E+05
0000300   6.9324E+06 -2.5621E+06  1.2341E+06
0000301   4.6161E+06 -1.6197E+06  2.2402E+06
0000302   8.8046E+06  2.3594E+04 -1.8710E+06
0000303   6.4974E+06 -2.2869E+06  9.5225E+05
0000304   6.4893E+06 -1.9766E+06  1.5080E+05
0000305   4.2627E+06  3.2021E+05 -1.2399E+06
0000306   6.8075E+06 -9.1547E+05  2.3607E+06
0000307   2.8838E+06 -2.2914E+06  1.8848E+06
0000308   5.2163E+06  3.4641E+06  3.0703E+04
0000309   6.0808E+06 -6.2755E+06 -2.1363E+06
0000310   2.0550E+06  7.6245E+05  5.5149E+05
0000311   1.6620E+06 -9.3358E+05 -1.0565E+06
0000312   6.9612E+06  2.3495E+06  3.7672E+06
0000313   5.3428E+06  1.0909E+05  9.4901E+05
0000314   3.1702E+06 -2.7384E+06 -2.1835E+06
0000315   4.3714E+06 -1.2719E+06 -6.9935E+05
0000316   5.7234E+06 -2.6829E+06  8.8167E+05
0000317   2.3139E+06  3.2506E+05  2.4234E+05
0000318   8.9864E+05 -6.4471E+05  1.1415E+06
0000319   2.2770E+06  3.6088E+06  2.4468E+06
0000320   6.7074E+06  5.3025E+06 -2.7227E+06
0000321   4.1222E+06  3.5600E+06  9.9240E+05
0000322   4.3363E+06 -6.2341E+05  2.4204E+05
0000323   4.3710E+06  1.5961E+06 -1.2247E+06
0000324   5.0547E+06 -3.1736E+06  1.6774E+05
0000325   3.6074E+06  2.2515E+06  2.2185E+06
0000326   1.3437E+06  9.2660E+05  1.1914E+06
0000327   8.4862E+06  3.2946E+05  1.3936E+06
0000328   1.7886E+06 -2.8561E+05  5.5359E+05
0000329   4.0014E+06  3.9727E+06 -2.0724E+06
0000330   1.6238E+06  8.4779E+05 -3.4152E+05
0000331   5.2955E+06  3.1710E+06  9.8925E+05
0000332   2.9516E+06  2.5762E+05 -9.1660E+05
0000333   3.7560E+06 -8.7949E+05 -2.6919E+06
0000334   5.8887E+06  2.9532E+06  5.5730E+05
0000335   7.0356E+05  1.0919E+06 -1.4250E+06
0000336   4.9873E+06  3.7014E+05  9.1924E+05
0000337   7.9101E+06  8.3745E+05  1.7660E+05
0000338   2.0733E+06 -7.3914E+05  1.3052E+06
0000339   4.7990E+06  8.8037E+05  2.4482E+06
0000340   2.2004E+06 -3.7942E+05 -1.2427E+04
0000341   2.7134E+06 -2.0374E+06 -3.4682E+05
0000342   2.0502E+06 -6.0825E+05  1.2333E+05
0000343   5.6654E+06  2.6786E+06  4.1985E+06
0000344   9.6659E+05  9.9684E+05 -1.8326E+06
0000345   3.3287E+06  1.8020E+06  5.5692E+04
0000346   4.5996E+06 -1.9249E+05 -4.7300E+05
0000347   5.8264E+06 -2.0567E+06 -1.3530E+06
0000348   4.4422E+06 -6.8510E+05 -4.7830E+05
0000349   4.2875E+06  1.9326E+06 -4.1375E+05
0000350   4.0322E+06  4.3402E+05 -4.3536E+03
0000351   6.9133E+05 -8.6104E+05 -1.3146E+06
0000352   6.7101E+06  4.4661E+05  4.5016E+06
0000353   4.3687E+06 -1.5789E+05 -1.8542E+06
0000354   4.6996E+06  1.4212E+06 -1.0444E+06
0000355   5.4746E+06 -1.1508E+06  3.0957E+06
0000356   8.0452E+06  4.4099E+06  2.1832E+06
0000357   5.0383E+06 -2.0283E+06 -2.0646E+06
0000358   8.7006E+06  5.6792E+05  2.3623E+06
0000359   3.4833E+06  1.9285E+06 -4.0789E+06
0000360   3.5204E+06  1.9805E+06  1.0583E+06
0000361   1.7129E+06  3.7438E+05  3.9605E+05
0000362   2.4591E+06 -2.9273E+05 -8.0295E+05
0000363   5.5672E+06  1.0425E+06 -2.1541E+05
0000364   5.9240E+06  5.4234E+05 -1.2863E+05
0000365   3.0679E+06  1.9257E+05  2.2672E+06
0000366   6.1667E+06 -2.7459E+06  6.1322E+05
0000367   2.8229E+06 -5.6153E+05  4.0164E+05
0000368   4.1994E+06  2.1441E+06 -3.6882E+06
0000369   4.2068E+06 -5.8117E+04  1.5781E+06
0000370   2.8557E+06  2.5923E+06 -9.9794E+05
0000371   3.7690E+06  1.0484E+06  1.1981E+05
0000372   2.4956E+06  1.6516E+06 -3.9828E+05
0000373   3.7869E+06 -6.9902E+03  4.5935E+06
0000374   6.7762E+06 -3.1952E+06  1.7053E+06
0000375   3.5268E+06  2.8454E+06 -1.6744E+05
0000376   2.7805E+06  1.6841E+06  2.4299E+06
0000377   3.3326E+06  4.2182E+05  1.3736E+06
0000378   8.3790E+06  1.0525E+05  1.1181E+06
0000379   5.9812E+06 -4.7678E+06 -2.9907E+06
0000380   5.9287E+06 -2.3144E+06 -1.8183E+06
0000381   8.6674E+06 -4.7642E+05 -3.1146E+05
0000382   3.0732E+06 -1.7355E+06  1.8204E+06
0000383   1.6250E+06 -1.6743E+06 -8.4477E+05
0000384   1.4764E+06  2.0720E+05  4.2954E+05
0000385   1.1623E+06 -1.6320E+06 -1.0539E+06
0000386   8.2102E+06 -8.0681E+05  1.4924E+05
0000387   4.4738E+06 -4.1541E+04 -9.2286E+05
0000388   6.0222E+06 -2.5877E+05  3.2588E+06
0000389   7.3416E+06  1.9693E+06 -2.6458E+06
0000390   7.0321E+06 -2.3724E+05  2.3071E+06
0000391   8.6560E+06 -2.6703E+06 -4.0288E+06
0000392   3.0183E+06  1.2827E+06  2.7236E+06
0000393   4.2620E+06  8.9781E+05 -3.3074E+05
0000394   2.1701E+06 -1.7942E+05 -9.4132E+05
0000395   3.1195E+06  2.1058E+06  1.4260E+06
0000396   3.6858E+06 -1.8869E+06  3.4633E+05
0000397   4.2077E+06  2.1805E+06 -3.3721E+06
0000398   1.2284E+06  1.4403E+06  1.2825E+05
0000399   6.7468E+06  1.0894E+06  2.3086E+06
0000400   3.1860E+06 -1.0770E+06 -4.0255E+06
0000401   6.1401E+06  1.2146E+06  3.7054E+05
0000402   2.5865E+06  6.8717E+05  1.6651E+05
0000403   5.5059E+06  1.1754E+06  2.1636E+06
0000404   2.8210E+06 -1.3934E+06 -1.0380E+05
0000405   6.5741E+06  1.5870E+06 -7.7140E+05
0000406   5.5043E+06  2.0169E+06  4.6461E+05
0000407   1.9503E+06  3.2403E+05  2.6125E+06
0000408   7.0961E+06 -3.0911E+06 -1.5029E+06
0000409   3.5663E+06 -2.9796E+05  3.2703E+05
0000410   1.8996E+06 -1.7089E+05 -6.5705E+04
0000411   4.4582E+06 -6.1411E+05 -7.3801E+05
0000412   1.1436E+06 -1.4423E+05  1.1137E+06
0000413   6.5531E+06  2.6775E+06  1.4856E+06
0000414   3.2850E+06  2.4088E+06  1.0222E+06
0000415   1.9222E+06  1.6551E+04  9.9492E+05
0000416   5.0849E+06 -2.4556E+06  3.1444E+05
0000417   4.0240E+06  3.2550E+05 -2.4050E+05
0000418   8.6651E+06  1.0340E+05  1.1531E+06
0000419   5.2812E+06  1.7550E+05  9.1170E+05
0000421   8.5753E+06  1.0505E+06  1.8741E+06
0000422   1.7213E+06  7.5233E+04 -8.2307E+06
0000423   7.9552E+06  4.9525E+05 -3.1110E+06
0000424   4.7150E+06 -1.7215E+05 -1.8280E+06
0000425   2.9911E+06  2.3674E+06  2.1473E+06
0000426   3.1764E+06  3.0088E+04 -2.1169E+06
0000427   3.0503E+06 -8.7131E+05  2.8071E+06
0000428   6.6297E+06  1.7131E+06  1.7692E+05
0000429   4.3878E+06  2.0390E+04  7.3692E+05
0000430   3.0857E+06 -2.5921E+06 -3.2602E+06
0000431   5.1254E+06 -4.6292E+05  1.2312E+06
0000432   1.6872E+06 -1.7766E+06 -5.7478E+04
0000433   5.6917E+06  2.4007E+06  5.2676E+04
0000434   9.9020E+06  2.9799E+06  4.9066E+06
0000435   2.2520E+06 -8.6400E+05 -3.5258E+04
0000436   4.4988E+06  2.8915E+06 -3.8785E+06
0000437   7.7524E+06  1.9338E+06  8.7632E+05
0000438   1.9410E+06  1.9850E+05  4.3568E+05
0000439   2.5907E+06 -9.7208E+05  2.7743E+06
0000440   4.8693E+06  9.4614E+05 -4.8619E+05
0000441   2.0294E+06 -1.4088E+06 -3.5817E+06
0000442   4.5172E+06  1.8179E+06  2.8341E+06
0000443   3.0611E+06 -1.2580E+05  8.6335E+05
0000444   2.8203E+06  2.2536E+06 -1.0809E+06
0000445   2.0293E+06  2.8015E+06 -2.8778E+06
0000446   2.7031E+06  1.9709E+06 -1.4634E+05
0000447   6.6946E+06 -5.2278E+06 -2.7851E+06
0000448   1.0110E+06 -1.4511E+05  1.7906E+04
0000449   6.7936E+06  3.7183E+04 -1.5765E+05
0000450   6.4750E+06  1.9334E+05  7.9484E+05
0000451   1.0424E+06  4.5874E+05  6.5587E+05
0000452   5.2109E+06 -1.0512E+06  4.8514E+06
0000453   8.4042E+06 -4.2257E+05 -1.5627E+06
0000454   4.0334E+06 -3.9105E+06 -1.3420E+05
0000455   7.8070E+05  3.3297E+05 -1.3517E+06
0000456   4.4012E+06 -4.1740E+05 -1.7744E+06
0000457   4.7038E+06  1.5021E+05  3.2325E+06
0000458   6.2056E+06  4.8562E+05 -6.9244E+05
0000459   6.5569E+06 -3.4474E+06 -1.8992E+05
0000460   6.1231E+06  6.3436E+05  1.3564E+06
0000461   3.0744E+06  3.0442E+06 -2.0964E+06
0000462   3.5190E+06  4.5594E+05  1.8166E+06
0000463   3.5935E+06 -3.6523E+06  3.0313E+05
0000464   4.2868E+06 -6.1937E+03  7.8322E+05
0000465   4.0950E+06  2.2224E+06 -1.2210E+06
0000466   3.4019E+06  1.2155E+05  3.8924E+05
0000467   3.7870E+06 -9.5435E+05  1.5536E+06
0000468   6.8633E+06  4.2609E+06 -1.5023E+06
0000469   5.4918E+06 -8.6143E+04 -1.6202E+05
0000470   2.5089E+06  3.9967E+05  1.3820E+06
0000471   6.5484E+06 -3.2889E+06  2.6674E+06
0000472   3.1994E+06  2.4768E+06  2.6339E+06
0000473   3.4141E+06  6.2009E+05 -2.3851E+06
0000474   2.8909E+06  1.9236E+06 -1.3161E+06
0000475   3.2966E+06 -5.8236E+05 -8.7186E+05
0000476   5.1487E+06  1.5700E+06 -1.1193E+06
0000477   2.8811E+06 -7.4263E+05 -2.2171E+05
0000478   1.0843E+07  7.2994E+05 -8.4852E+05
0000479   4.7256E+06  5.2834E+05 -8.7179E+05
0000480   8.6930E+05 -9.6429E+05  1.6191E+06
0000481   1.6878E+06 -8.9105E+05 -5.0477E+05
0000482   5.5707E+06 -8.4414E+05  1.1980E+05
0000483   9.7184E+06 -1.1396E+06  8.8984E+05
0000484   4.2617E+06 -1.5256E+06 -4.0631E+05
0000485   8.3636E+05 -2.1946E+06 -2.2564E+06
0000486   3.2401E+06  2.1859E+06 -3.0295E+06
0000487   1.8973E+06  2.0507E+06 -9.5582E+05
0000488   2.2939E+06 -1.1795E+06  1.6122E+06
0000489   9.7975E+06  4.1790E+06 -1.4433E+04
0000490   3.6580E+06 -3.3806E+05  7.7115E+05
0000491   4.0122E+06 -6.9837E+03 -8.1318E+04
0000492   5.4060E+06  1.6062E+05 -8.4584E+05
0000493   7.7907E+06 -8.3704E+05 -1.0489E+06
0000494   3.2101E+06  1.5392E+06  2.3094E+06
0000495   5.4903E+06  3.1111E+06  1.7268E+06
0000496   8.6571E+06 -8.5972E+04 -2.0106E+06
0000497   1.1852E+06 -3.4164E+05 -2.0457E+05
0000498   5.6165E+06  9.3236E+05 -6.2336E+04
0000499   3.6488E+06  5.2514E+05  7.0940E+05
0000500   3.1210E+06 -1.5617E+06  6.1506E+03
0000501   4.0407E+06 -2.7956E+06 -1.5945E+06
0000502   3.7610E+06 -3.3169E+05 -9.7718E+05
0000503   8.3528E+06 -3.4282E+06 -8.1513E+05
0000504   1.7410E+06  1.5256E+06 -1.9004E+05
0000505   1.5140E+06 -4.1470E+06  1.2303E+06
0000506   6.2364E+06  1.6692E+05 -3.7314E+05
0000507   3.1183E+06  1.7027E+06  1.5019E+06
0000508   8.3140E+06  4.4826E+05  4.4339E+05
0000509   2.3323E+06  1.8974E+06 -5.4219E+05
0000510   3.8632E+06  1.0540E+05 -3.9580E+06
0000511   5.0835E+06 -2.0153E+06  3.1136E+06
0000512   6.1608E+06  9.5316E+05 -1.3933E+06
0000513   3.3853E+06 -1.0370E+06 -2.2020E+06
0000514   4.7948E+06 -4.2404E+05  2.7264E+06
0000515   2.5465E+06  5.0464E+05  3.0454E+06
0000516   1.0265E+07 -4.9065E+06  4.1019E+05
0000517   9.6094E+06  3.0489E+06  7.4949E+05
0000518   2.7142E+06 -3.4874E+05  2.4862E+05
0000519   9.3004E+06 -2.2536E+06 -1.2697E+06
0000520   4.1330E+06 -6.0006E+06  9.5134E+05
0000521   2.7446E+06 -2.3428E+06  1.6576E+06
0000522   3.8271E+06 -3.1334E+06  1.9671E+06
0000523   5.5677E+06 -6.4018E+05  1.0133E+06
0000524   5.0834E+06 -2.3442E+06  1.2268E+06
0000525   8.9329E+06 -1.1411E+05 -2.7399E+06
0000526   2.8496E+06  2.1303E+06  9.4926E+05
0000527   7.1658E+06  3.9694E+06  1.4531E+06
0000528   7.0543E+06 -3.2873E+06  3.3525E+05
0000529   3.5664E+06 -3.9056E+06 -2.1284E+06
0000530   3.1962E+06 -2.3127E+06  4.3070E+06
0000531   3.2624E+06 -5.6503E+04 -1.8239E+05
0000532   4.6467E+06  1.2861E+06 -2.8040E+06
0000533   7.0544E+06 -3.3495E+06 -2.3093E+06
0000534   7.5225E+06 -1.9288E+06  5.1064E+06
0000535   3.7718E+06 -1.9026E+05  4.4240E+05
0000536   5.2808E+06  3.0444E+06  1.0953E+06
0000537   6.3307E+06  6.5059E+05  3.4387E+06
0000538   2.1991E+06 -1.4408E+06 -4.3110E+05
0000539   6.7986E+05  2.5464E+06 -5.5131E+06
0000540   2.6415E+06 -6.3121E+05 -2.5994E+06
0000541   4.9976E+06  1.4202E+06 -1.4897E+06
0000542   3.4930E+06  3.3445E+06  2.4316E+06
0000543   6.4540E+06  8.1794E+05 -6.6694E+04
0000544   2.6043E+06 -3.9276E+05  8.2151E+05
0000545   8.0215E+06 -1.5128E+06  2.2105E+06
0000546   5.4690E+06  2.2652E+06 -2.4400E+06
0000547   5.2860E+06  3.7958E+06  6.4045E+06
0000548   1.0220E+07 -4.6109E+06  4.7609E+05
0000549   5.5783E+06  1.0340E+06 -5.2410E+05
0000550   5.9191E+06  1.6397E+06  4.0705E+06
0000551   3.4330E+06 -1.4475E+06  1.5088E+06
0000552   7.1084E+06  2.4924E+06 -3.3623E+06
0000553   6.2714E+06  2.5585E+06 -2.8080E+05
0000555   6.4204E+06  1.7467E+06 -4.3325E+05
0000556   5.5247E+06 -7.9065E+05 -2.2904E+06
0000557   9.6890E+05  3.4453E+06 -5.0374E+05
0000558   1.3942E+06 -8.3677E+05 -3.2492E+05
0000559   7.0388E+06  1.2298E+06 -1.3627E+05
0000560   3.4186E+06  4.7372E+06 -2.3119E+06
0000561   4.9940E+06  9.5579E+05 -2.8671E+06
0000562   1.6804E+06  3.9220E+06 -8.6298E+05
0000563   7.0534E+06  1.4714E+06 -1.5248E+06
0000564   6.1232E+06  1.2456E+06 -9.5759E+05
0000565   6.2056E+06  6.8539E+05  2.2797E+06
0000566   4.7783E+06 -5.8332E+05 -1.5297E+06
0000567   5.2573E+06  1.6363E+06  1.8438E+06
0000568   7.4052E+06 -8.4210E+05 -1.1653E+06
0000569   3.7470E+06 -2.3197E+06 -9.8291E+05
0000570   6.0181E+06  5.8841E+05  4.4992E+05
0000571   4.5290E+06  4.7517E+06  4.4488E+06
0000572   6.3493E+06 -9.7899E+05 -2.4108E+05
0000573   3.4652E+06 -2.0248E+06 -1.1235E+06
0000574   8.9213E+06 -8.9050E+05 -8.0365E+05
0000575   9.1955E+06  2.2712E+05  1.6919E+06
0000576   4.2025E+06 -3.2528E+05 -4.4125E+05
0000577   8.7271E+05 -9.9165E+05  1.7752E+04
0000578   9.4771E+06 -3.2246E+06 -1.3407E+06
0000579   4.7043E+06 -3.9738E+06  4.7946E+06
0000580   3.1441E+06 -9.3849E+05  9.9911E+04
0000581   4.6037E+06  3.2085E+06  1.8129E+06
0000582   7.9646E+06  2.1665E+06  5.6025E+05
0000583   1.0326E+07  2.6854E+06  4.0658E+05
0000584   7.2221E+06  7.0319E+05  1.7577E+05
0000585   2.2381E+06  1.6666E+06 -1.2058E+06
0000586   7.5369E+06 -1.1628E+06  1.8620E+06
0000587   7.5801E+06 -3.4873E+05  1.2851E+06
0000588   6.9445E+06  1.8837E+06 -8.6933E+05
0000589   4.5700E+06 -3.9328E+05 -4.8977E+06
0000590   3.2997E+06 -2.4500E+05  8.6615E+05
0000591   9.3776E+06 -3.0015E+05  3.4225E+06
0000592   4.5637E+06 -2.3273E+05 -1.9853E+06
0000593   3.5111E+06  1.5078E+06  4.1973E+05
0000594   6.4307E+06 -1.4016E+06  1.0029E+05
0000595   8.2262E+05 -9.2683E+05  1.6350E+06
0000596   5.7470E+06 -1.4709E+05 -1.1780E+06
0000597   1.8729E+06  3.8167E+05 -1.0215E+06
0000598   4.0670E+06  1.3305E+06  1.4897E+04
0000599   3.6511E+06 -2.8370E+06 -9.7649E+05
0000600   1.6271E+06  2.7600E+06  1.0146E+06
0000601   8.1635E+06  2.4460E+06  8.6708E+05
0000602   5.4800E+05  3.6812E+05 -1.7697E+06
0000603   6.5726E+06  1.7531E+05 -2.8338E+04
0000604   1.3343E+06 -2.6345E+06 -3.6705E+05
0000605   6.1074E+06 -1.4495E+06 -1.8293E+06
0000606   5.4918E+06 -3.4922E+06  2.5955E+06
0000607   2.7149E+06 -1.5329E+04 -9.5060E+05
0000608   3.3054E+06  1.8723E+06 -1.6329E+04
0000609   2.0225E+06  4.6220E+05  1.3753E+05
0000610   5.3788E+06  3.0925E+06  1.3481E+06
0000611   6.1851E+06 -1.5799E+06 -8.9014E+05
0000612   5.1610E+06 -2.4086E+06  1.5352E+06
0000613   3.5217E+06  1.2969E+06  3.4456E+06
0000614   5.9192E+06  1.4868E+05 -2.7601E+05
0000615   5.3686E+05  7.8264E+05 -2.0196E+06
0000616   4.1575E+06  2.8640E+06  3.0746E+05
0000617   7.3324E+06  9.3301E+04 -2.5681E+04
0000618   6.7049E+06  1.7912E+06  1.1700E+06
0000619   9.5693E+06  6.9531E+04 -1.3313E+06
0000620   6.0292E+06  5.1032E+05  2.3509E+02
0000621   8.9562E+06  3.5424E+06 -1.4868E+06
0000622   5.8612E+06 -3.2571E+06  1.2881E+06
0000623   4.6187E+06 -2.5524E+06 -4.4933E+05
0000624   9.0412E+06  1.1522E+06  1.1029E+06
0000625   7.8381E+05  2.7234E+05  6.2957E+05
0000626   4.3314E+06 -3.0361E+05  1.6099E+06
0000627   3.8528E+06 -4.1695E+05  4.3050E+05
0000628   5.6621E+06  1.2827E+06  1.2976E+06
0000629   7.9006E+06  9.6436E+05 -3.9233E+05
0000630   3.9052E+06 -3.2121E+06  2.9866E+06
0000631   9.3304E+06  1.4359E+06  4.4863E+06
0000632   3.9798E+06 -2.6522E+06 -1.1646E+06
0000633   4.9166E+06  1.7548E+06  2.8000E+05
0000634   1.0186E+06 -8.8141E+04  1.5165E+06
0000635   5.1928E+06 -2.1619E+06 -3.1262E+06
0000636   8.9251E+06  3.5015E+05 -2.6167E+06
0000637   5.5398E+06 -2.2292E+06 -1.2063E+06
0000638   5.9666E+06 -1.4397E+05 -1.7043E+06
0000639   5.0435E+06  1.9495E+06  3.6377E+06
0000640   5.0581E+06 -8.2826E+05  3.0082E+06
0000641   2.9042E+06 -1.8289E+06 -5.3547E+05
0000642   1.2800E+06 -1.1544E+06 -1.7651E+06
0000643   5.0984E+06  1.4526E+06  1.1410E+06
0000644   4.3946E+06 -2.1655E+06  3.9298E+06
0000645   3.5853E+06 -2.9458E+06  1.8124E+06
0000646   7.7382E+06 -4.2032E+06  7.1759E+05
0000647   2.9679E+06 -1.6507E+06  1.5336E+05
0000648   6.2628E+06  2.7228E+05  7.7179E+05
0000649   6.3646E+06 -1.3752E+06 -8.8616E+03
0000650   9.6956E+05 -2.3136E+06  3.2206E+05
0000651   2.1574E+06  4.8673E+04 -1.3132E+06
0000652   8.1894E+06  1.7401E+05 -3.5415E+05
0000653   5.6936E+06 -6.1382E+05 -3.5021E+05
0000654   2.7106E+06 -1.7460E+05 -1.6538E+06
0000655   4.2621E+06 -1.4821E+06 -5.8514E+05
0000656   4.2047E+06 -6.4918E+05  1.0214E+06
0000657   8.0457E+06 -5.7026E+06 -3.4968E+06
0000658   3.6662E+06  1.6922E+06 -4.0127E+06
0000659   4.5597E+06 -4.6027E+06 -1.6357E+06
0000660   6.7449E+06 -2.0489E+06 -2.5164E+06
0000661   1.6119E+06  1.5475E+06 -8.4872E+05
0000662   5.7910E+06  3.1818E+05  4.8176E+05
0000663   9.3959E+06 -3.0879E+06  3.1816E+06
0000664   6.7098E+06  2.4082E+05  1.2695E+06
0000665   6.5069E+06 -1.5492E+06  3.7004E+06
0000666   2.3854E+06 -3.2960E+06  4.3327E+06
0000667   1.7491E+06 -1.5148E+06  1.7242E+06
0000668   3.7269E+06 -1.3639E+05  3.0862E+06
0000669   1.3482E+06 -2.4456E+05 -2.0241E+06
0000670   5.7034E+06  1.2207E+06  1.3906E+06
0000671   9.6407E+06 -3.5766E+06 -1.7716E+06
0000672   1.4764E+06  4.7396E+05  3.0795E+05
0000673   6.3867E+06  1.2211E+06  2.6510E+06
0000674   3.3042E+06 -1.1802E+06  1.4890E+06
0000675   3.5416E+06  1.2888E+06  2.7789E+04
0000676   2.0411E+06 -2.5187E+06  1.3027E+06
0000677   3.1880E+06 -1.2568E+06 -3.6431E+04
0000678   4.9913E+06  1.4287E+06 -2.2489E+06
0000679   1.5376E+06 -1.3603E+06 -1.5005E+06
0000681   8.2160E+06 -3.2144E+06  1.9776E+06
0000682   1.5020E+06 -3.1849E+05  8.0721E+05
0000683   3.8695E+06  2.6477E+04 -1.6836E+06
0000684   4.2340E+06 -1.8056E+06 -1.2085E+06
0000685   7.5071E+05 -4.7739E+06  3.7521E+05
0000686   3.4113E+06  1.8552E+06  2.2976E+06
0000687   3.8169E+06 -6.6593E+05  6.5310E+05
0000688   3.2884E+06 -1.1940E+05  2.6367E+05
0000689   7.0478E+06  1.0650E+06 -2.7782E+06
0000690   3.1903E+06 -1.7201E+06  1.0374E+06
0000691   8.8133E+06  6.6465E+05 -4.3131E+06
0000692   8.1679E+06  5.1724E+05 -5.0071E+06
0000693   4.4302E+06  1.3894E+06  5.7650E+05
0000694   4.0957E+06 -2.2323E+06  2.1169E+06
0000695   7.9606E+06 -1.1019E+06  3.7085E+06
0000696   2.9131E+06 -4.8996E+05 -4.1152E+06
0000697   4.1584E+06 -3.7992E+06 -4.2791E+06
0000698   3.9909E+06 -1.3226E+05 -1.4578E+04
0000699   4.7178E+06 -2.1167E+05  9.5344E+05
0000700   5.3036E+06 -1.0159E+06  3.9913E+06
0000701   4.4800E+06  6.3441E+05  1.1433E+06
0000702   4.2892E+06 -6.6018E+05  2.8970E+06
0000703   9.1776E+06 -1.5200E+06  7.3469E+02
0000704   3.6792E+06  1.6040E+05  1.1179E+06
0000705   2.2208E+05  1.0470E+06  5.9711E+05
0000706   9.5043E+06 -2.7634E+06  2.1127E+06
0000707   5.5135E+06 -6.0926E+06  1.2185E+06
0000708   4.3459E+06 -3.3445E+06  7.1492E+05
0000709   1.3557E+06 -9.1602E+05 -1.7647E+06
0000710   6.4348E+06  1.1476E+06  1.8779E+06
0000711   6.2353E+05 -1.0196E+06 -4.1132E+05
0000712   9.4200E+06  8.7556E+05 -3.3620E+06
0000713   7.8314E+06  4.4827E+05  2.5171E+06
0000714   8.4109E+06 -3.0721E+06 -5.1098E+06
0000715   5.3286E+06  1.4321E+05 -5.8873E+05
0000716   2.9092E+06 -1.4723E+06  1.7944E+06
0000717   3.4987E+06  2.3774E+06 -1.9288E+06
0000718   7.3152E+06  1.0129E+06 -3.5119E+06
0000719   2.3344E+06  2.8833E+06 -2.1106E+06
0000720   3.3385E+06 -4.8850E+06  1.4762E+06
0000721   6.7327E+06 -5.6150E+05  9.8511E+05
0000722   4.8794E+06 -2.1938E+06  9.5343E+05
0000723   7.6847E+06 -2.7090E+06 -4.9804E+05
0000724   4.3139E+06 -1.2601E+06  1.3777E+06
0000725   4.0296E+06  5.4705E+05 -1.6993E+06
0000726   1.7080E+06 -2.8541E+04  1.1364E+06
0000727   4.2527E+06  2.4579E+06  4.5399E+05
0000728   5.1965E+06  4.6552E+06  9.0463E+05
0000729   7.2852E+06 -6.5370E+05  1.9543E+06
0000730   1.9766E+06  8.8116E+05 -1.1278E+06
0000731   7.3971E+06 -9.5865E+05  2.3253E+06
0000732   5.9413E+06 -3.6491E+06  2.6916E+05
0000733   5.6244E+06  3.9108E+06  5.5409E+05
0000734   5.2117E+06  6.2559E+06 -2.6654E+06
0000735   4.6853E+06 -1.8859E+06 -2.5726E+06
0000736   5.1748E+06  3.0870E+06 -1.1900E+06
0000737   1.0442E+07  1.7878E+06 -1.8942E+06
0000738   5.7074E+06 -9.5391E+05  4.0126E+06
0000739   4.3870E+06  8.9006E+05 -4.1607E+05
0000740   2.8451E+06 -2.7109E+05  5.4327E+05
0000741   5.8936E+06 -4.5409E+06 -2.5607E+06
0000742   8.2625E+06  1.6442E+06  1.8881E+06
0000743   4.2422E+06  6.7085E+05  3.4973E+05
0000744   8.0098E+06 -1.2389E+06 -3.5870E+06
0000745   9.6147E+06 -1.0977E+06  3.0945E+06
0000746   7.5033E+06  9.1957E+05 -1.2176E+06
0000747   9.9375E+06 -2.7666E+06  2.7239E+06
0000748   4.9202E+06  6.7296E+05 -7.6791E+05
0000749   7.6313E+06  9.9424E+05 -1.4688E+06
0000750   2.2828E+05  1.0329E+05  8.3010E+05
0000751   4.2238E+06 -6.3302E+05 -2.3932E+06
0000752   3.8683E+06  1.4651E+06  2.0253E+05
0000753   5.3714E+06 -3.4019E+05 -2.8477E+06
0000754   8.9112E+06  2.0545E+06  2.4603E+06
0000755   5.3127E+06  5.9220E+04  1.8235E+06
0000756   2.0067E+06  1.1410E+06  1.1785E+06
0000757   5.4138E+06  1.0964E+05 -2.3723E+06
0000758   2.0668E+06  1.5368E+06  4.8959E+05
0000759   4.3290E+06  6.5505E+05  2.7219E+04
0000760   4.2685E+06 -6.9270E+05 -2.5100E+06
0000761   8.5245E+06  3.1546E+05 -3.0078E+04
0000762   6.4200E+06 -2.9666E+06 -1.5533E+06
0000763   1.4809E+06  1.8422E+06 -1.0588E+06
0000764   4.6990E+06 -7.6915E+05 -1.4683E+06
0000765   3.2104E+06 -4.2687E+06  2.3691E+06
0000766   3.7058E+06 -3.3849E+06  2.8377E+06
0000767   1.0442E+07 -5.4639E+06  5.9787E+06
0000768   6.7941E+06  1.5884E+06  3.1759E+05
0000769   3.7385E+06 -9.0713E+05 -6.6421E+05
0000770   4.1830E+06  2.6930E+06 -9.3018E+05
0000771   6.9527E+06 -2.6895E+05 -2.7785E+06
0000772   3.0211E+06 -6.6756E+05  1.0092E+05
0000773   5.2368E+06 -1.9412E+06  3.3851E+05
0000774   1.0684E+06 -9.7265E+04  4.0201E+04
0000775   5.7901E+06 -2.7853E+06 -2.4478E+05
0000776   3.7474E+06 -7.4989E+05 -8.3702E+05
0000777   8.3456E+06 -1.5788E+06 -1.6290E+06
0000778   3.3391E+06 -1.3921E+06  1.0891E+06
0000779   3.2511E+06  8.4203E+06 -9.7756E+05
0000780   5.1835E+06 -3.7712E+06  3.4330E+06
0000781   5.2880E+06 -4.5942E+05 -6.4184E+03
0000782   5.9529E+06  7.9110E+05 -1.1480E+06
0000783   9.4281E+06  1.6415E+06 -1.8868E+06
0000784   3.6305E+06 -6.9436E+05  1.2728E+06
0000785   4.6865E+06  7.3718E+05  8.6940E+05
0000786   6.8074E+06  1.9631E+06  8.6224E+05
0000787   6.2801E+06 -1.0652E+06  4.8635E+06
0000788   1.0199E+06 -4.7063E+05 -8.7252E+05
0000789   4.4152E+06 -1.6745E+06  3.1457E+06
0000790   3.6118E+06 -1.3390E+06  4.0727E+06
0000791   1.9212E+06 -1.0593E+06 -1.4622E+06
0000792   4.5426E+06  5.1669E+05  6.0022E+05
0000793   7.3591E+06  2.3015E+06 -1.0948E+05
0000794   3.4840E+06 -1.3847E+05 -1.7009E+06
0000795   7.0615E+06  4.0429E+06  1.4869E+06
0000796   5.8224E+06  3.2884E+06 -2.2121E+06
0000797   7.6608E+06  4.0021E+04  5.6300E+04
0000798   1.1992E+06  1.1794E+06  1.2389E+05
0000799   6.6639E+06  1.3472E+06 -1.7761E+06
0000800   4.0104E+06 -5.9045E+05 -8.9746E+05
0000801   1.9332E+06  3.7400E+05 -2.5836E+06
0000802   9.9104E+06  8.8358E+05 -2.3649E+06
0000803   1.9661E+06 -1.1895E+05  8.3028E+05
0000804   8.7607E+06 -4.7147E+06  2.0594E+06
0000805   6.0836E+06 -5.4079E+05  6.8177E+05
0000806   3.2051E+06 -1.5723E+06 -2.0366E+06
0000807   1.6129E+06 -2.3820E+06 -1.7505E+06
0000808   6.1269E+06 -5.1586E+05  3.5448E+05
0000809   4.3644E+06 -2.6025E+05  2.9569E+06
0000810   5.0069E+06 -1.3852E+06  1.4624E+06
0000811   5.5197E+06 -2.3524E+06 -1.2091E+06
0000812   7.8413E+06 -8.3330E+05 -3.4243E+06
0000813   6.1753E+06  2.4308E+06 -2.8110E+06
0000814   2.3184E+06 -4.5502E+05  1.3009E+05
0000815   5.5616E+06  1.0503E+06  3.5369E+05
0000816   8.4453E+06 -5.0117E+06  2.2578E+06
0000817   7.0353E+06 -8.4969E+05  3.1655E+05
0000818   9.3854E+06 -2.0985E+06 -2.9227E+04
0000819   1.9880E+06 -4.8100E+05 -3.2516E+05
0000820   3.5528E+06  1.0515E+06  1.8886E+06
0000821   1.4450E+06 -1.7721E+06  1.8996E+06
0000822   2.8423E+06  1.1354E+06  1.0310E+06
0000823   3.8349E+06  4.5025E+05  7.3992E+04
0000824   3.3546E+06  6.5969E+05 -6.1748E+05
0000825   4.5272E+06  1.7088E+06 -1.3094E+06
0000826   3.6384E+06 -8.1606E+05 -1.3898E+06
0000827   2.8372E+06  3.4206E+06 -9.2270E+05
0000828   2.7004E+06  4.7562E+05  5.5393E+06
0000829   3.3406E+06 -8.0988E+05  1.4819E+06
0000830   3.1304E+06  2.1922E+06 -2.8389E+06
0000831   4.0721E+06  3.9919E+05  5.0615E+05
0000832   3.8682E+06  3.5534E+06 -9.0613E+05
0000833   5.4242E+06  2.5518E+05  4.1747E+05
0000834   6.4497E+06 -1.4546E+06  2.5487E+06
0000835   3.0362E+06  1.9040E+06 -1.3215E+06
0000836   6.3587E+06  1.2920E+06 -5.8277E+06
0000837   4.1621E+06 -2.6471E+05 -6.8245E+05
0000838   3.5672E+06  7.9047E+05 -1.3766E+06
0000839   4.5375E+06 -2.8285E+06  2.3885E+05
0000840   4.9273E+06  1.4115E+05  7.8690E+05
0000841   4.7666E+06 -4.0600E+06 -6.2981E+05
0000842   3.8780E+06 -2.0055E+06 -9.4526E+05
0000843   3.6770E+06  2.5939E+06 -6.5046E+05
0000844   6.1000E+06  4.7895E+06 -9.3196E+05
0000845   4.3172E+06 -1.2541E+06  1.4908E+06
0000846   7.2709E+06 -7.5412E+05 -6.4319E+05
0000847   2.9440E+06  2.4288E+05  9.9608E+05
0000848   4.2311E+06 -1.6063E+06 -6.9663E+05
0000849   4.0541E+06  1.9659E+06  2.5643E+06
0000850   3.9573E+06  1.4984E+06  1.8486E+05
0000851   2.7839E+06 -1.4102E+06  6.6492E+05
0000852   4.7161E+06 -4.5209E+06 -4.2785E+06
0000853   1.4429E+06 -3.1643E+06  6.2816E+05
0000854   2.5456E+06  1.4347E+06  4.2037E+05
0000855   6.5006E+06 -3.1172E+05  1.9853E+06
0000856   6.4381E+06 -1.8268E+05  2.3158E+06
0000857   3.1243E+06 -2.1808E+06  1.8809E+06
0000858   3.5148E+06 -2.3726E+06  1.5658E+06
0000859   7.5943E+06  1.8686E+06 -2.4679E+06
0000860   1.3203E+06 -7.6581E+05  6.9265E+05
0000861   2.8966E+06  2.0671E+05 -1.7748E+06
0000862   2.3112E+06  2.2586E+06 -4.9008E+06
0000863   3.4049E+06  2.3910E+06 -9.2487E+05
0000864   8.7982E+06 -2.9224E+06 -1.4741E+06
0000865   4.4297E+06 -1.9096E+06  9.6697E+05
0000866   9.9541E+06 -2.3643E+06  3.4409E+06
0000867   3.7502E+06 -9.6844E+05  2.7860E+05
0000868   3.1419E+06 -9.2068E+05  1.8013E+06
0000869   7.8354E+06  1.2305E+06  1.9262E+06
0000870   3.1166E+06 -2.4825E+06 -2.2833E+06
0000871   2.9420E+06  1.7590E+04  1.5683E+06
0000872   2.5217E+06 -8.1104E+05 -1.2557E+06
0000873   3.3804E+06 -1.8897E+06  2.2799E+05
0000874   4.6789E+06 -1.7122E+06  5.5260E+06
0000875   2.2414E+06  8.4293E+05  1.2609E+06
0000876   2.3725E+06  6.3496E+05 -2.0540E+06
0000877   5.6338E+06  8.7745E+05  1.0121E+06
0000878   4.5360E+06  1.3021E+05 -3.7747E+06
0000879   4.1505E+06 -1.2535E+06 -1.1244E+06
0000880   5.8703E+06 -3.6165E+06  7.2383E+05
0000881   2.4531E+06 -9.9474E+05  2.3566E+06
0000882   3.4289E+06  4.8612E+05 -2.2039E+06
0000883   2.0760E+06  9.5600E+05 -2.3153E+05
0000884   2.5979E+06  5.6647E+05 -2.3220E+06
0000885   2.7110E+06 -1.2563E+04  8.4793E+05
0000886   4.9732E+06 -1.0182E+06 -1.0810E+05
0000887   2.5041E+06 -2.8625E+06 -9.4069E+05
0000888   3.7475E+06  1.7826E+06 -2.8741E+06
0000889   5.0232E+06 -1.0828E+06  4.5671E+06
0000890   9.7496E+05 -7.9400E+05 -4.1227E+05
0000891   3.4897E+06 -3.0215E+05 -1.1804E+06
0000892   6.9715E+06  1.3268E+06 -6.9672E+05
0000893   6.1881E+06 -3.6631E+06 -3.3913E+06
0000894   6.5998E+06  8.5498E+05 -1.0665E+06
0000895   3.1260E+06  1.3122E+06 -4.4938E+06
0000896   7.0865E+06  2.6127E+06  1.9541E+05
0000897   5.6575E+06  5.3881E+06 -7.5344E+05
0000898   5.9271E+06  1.1359E+06 -7.2578E+05
0000899   2.0148E+06  1.8080E+06  6.8034E+05
0000900   2.2168E+06  7.5554E+05 -2.1219E+05
0000901   7.5245E+06  1.7431E+06 -2.0149E+06
0000902   6.7881E+06  3.3300E+06 -1.8140E+06
0000903   7.7320E+05 -1.7045E+05  1.8457E+06
0000904   4.9287E+06 -1.1410E+06 -3.5504E+05
0000905   6.2751E+06  1.0091E+06 -1.6903E+05
0000906   4.4964E+06 -1.2815E+06 -2.7822E+05
0000907   3.3244E+06 -3.4711E+06 -4.3696E+06
0000908   4.3586E+06  8.2752E+05  2.0409E+06
0000909   6.8606E+06 -2.1073E+06  1.0293E+06
0000910   2.6355E+06  5.5012E+05 -5.2224E+05
0000911   5.4757E+06 -3.2428E+05  1.2532E+06
0000912   5.0387E+06 -1.0273E+05  4.4545E+05
0000913   2.7185E+06  8.6644E+05 -9.8588E+04
0000914   2.1460E+06  9.6350E+04 -2.5589E+06
0000915   4.5200E+05  1.3098E+06 -3.7967E+05
0000916   3.6829E+06 -9.7839E+04 -2.6923E+06
0000917   7.2915E+06  2.8398E+06 -1.1594E+06
0000918   2.2139E+06  4.5300E+05  8.0224E+04
0000919   9.4929E+06  2.1261E+06 -6.4824E+05
0000920   2.0852E+06  1.3817E+06  1.1355E+05
0000921   4.5179E+06 -1.1049E+06  2.1485E+06
0000922   2.1538E+06  8.2494E+05 -1.3226E+05
0000923   3.5631E+06  1.9690E+06 -1.6745E+06
0000924   3.7708E+06 -2.3392E+06 -6.3528E+05
0000925   3.2377E+06  2.0218E+06  4.4304E+06
0000926   2.4328E+06  1.0390E+06  1.0131E+05
0000927   5.5175E+06  1.8964E+06 -6.4983E+05
0000928   9.1387E+06  2.8967E+06 -1.1789E+06
0000929   5.2267E+06  1.7566E+05  1.6481E+05
0000930   2.2421E+06  6.7368E+05 -1.1211E+06
0000931   2.7162E+06 -1.4920E+06  6.8999E+05
0000932   8.0053E+06  2.6035E+06 -2.7196E+06
0000933   5.6048E+06  6.0155E+05  1.1195E+06
0000934   4.5890E+06  3.9247E+06 -4.8032E+05
0000935   2.0622E+06 -3.3355E+06 -1.4734E+06
0000936   8.7663E+06 -3.2340E+05  1.5757E+06
0000937   3.4336E+06 -2.2075E+06  6.9478E+05
0000938   1.9525E+06  3.7951E+06  4.5790E+06
0000939   7.3083E+06 -3.0953E+06  1.6934E+05
0000940   6.8886E+06 -5.2908E+05  2.4746E+06
0000941   4.5735E+06 -2.5248E+06 -1.3934E+06
0000942   3.8226E+06 -9.7221E+05  5.6103E+05
0000943   3.9669E+06  9.2886E+05  2.5466E+04
0000944   4.5924E+06  6.0394E+05  1.2629E+06
0000945   6.0073E+06  2.0283E+06 -8.5347E+05
0000946   4.5997E+06 -1.6212E+06  1.5149E+06
0000947   6.1228E+06 -5.4772E+06  1.9724E+06
0000948   5.0317E+06  4.2508E+06 -6.4310E+05
0000949   4.0241E+06 -1.2423E+06 -1.2853E+06
0000950   4.4155E+06 -1.6687E+06  2.9526E+05
0000951   1.1749E+07 -3.4661E+05  1.9132E+06
0000952   5.8842E+06  2.2157E+06  5.3623E+05
0000953   6.2248E+06 -6.5714E+05  8.4666E+05
0000954   8.8555E+06  2.2329E+06  9.1850E+05
0000955   5.3094E+06  4.6234E+06  6.4117E+05
0000956   5.0146E+06 -1.2348E+06  4.0986E+05
0000957   6.4626E+06  8.1086E+06  3.9525E+06
0000958   7.5363E+06 -5.2567E+05 -8.4146E+04
0000959   4.4710E+06 -1.3050E+06 -7.6328E+03
0000960   3.3958E+06  2.4507E+05  5.1175E+05
0000961   4.0488E+06 -9.5745E+05 -3.0023E+06
0000962   3.9027E+06  1.5325E+06 -3.1582E+06
0000963   4.2419E+06  3.2088E+06 -2.6232E+06
0000964   9.6442E+06  5.6089E+05  8.9398E+05
0000965   4.7046E+06  1.4221E+06 -4.9176E+06
0000966   6.1233E+06  1.1329E+06 -2.5775E+05
0000967   4.9204E+06 -2.9343E+06  2.6791E+06
0000968   4.9675E+06 -1.9556E+06  1.2956E+06
0000969   4.0449E+06  1.3001E+06 -1.7574E+06
0000970   6.7083E+06 -1.6128E+06  2.6081E+06
0000971   4.5100E+06 -1.1938E+06 -3.5708E+06
0000972   3.8454E+06 -4.1377E+05 -2.3862E+06
0000973   5.6371E+06 -3.1919E+06  7.6605E+05
0000974   9.0328E+06  2.9179E+06  8.2885E+05
0000975   5.1471E+06  6.5649E+05  1.9613E+06
0000976   4.0548E+06 -3.9248E+06  1.0195E+06
0000977   9.2447E+06 -2.5696E+06 -2.3082E+06
0000978   5.9333E+06  1.3362E+06  3.7868E+06
0000979   1.3651E+06  1.2687E+06 -1.1698E+06
0000980   5.4936E+06  1.7927E+06 -2.4843E+06
0000981   4.1497E+06 -8.0281E+05  1.8118E+06
0000982   8.2862E+06 -2.7291E+06 -1.4356E+06
0000983   6.5327E+06 -2.6795E+06 -5.8609E+06
0000984   7.6771E+06  2.6657E+06 -3.5990E+05
0000985   4.9150E+06  1.4400E+06 -2.0208E+06
0000986   2.7082E+06 -1.0358E+06 -6.5562E+05
0000987   1.7105E+06  1.0157E+06  1.9707E+06
0000988   5.5053E+06 -1.8769E+06 -1.0130E+06
0000989   5.8486E+06  2.6533E+06  4.3164E+06
0000990   1.0678E+07  4.1336E+05 -4.5574E+05
0000991   8.4479E+06 -1.1768E+05 -1.6769E+06
0000992   7.8063E+06  5.0969E+06 -3.4715E+06
0000993   2.7092E+06  2.7797E+06 -8.3936E+04
0000994   5.6151E+06 -1.7297E+05 -3.7358E+06
0000995   2.0893E+06 -1.4985E+06 -9.9444E+05
0000996   5.6857E+06  7.1594E+05 -5.3998E+05
0000997   6.7369E+06  6.4660E+05 -1.4528E+06
0000998   7.7766E+06 -5.0673E+05  9.1167E+05
0000999   1.6319E+06  1.2145E+06  1.5563E+05
0001000   3.8269E+06  2.3913E+06 -1.4187E+06
