============================== SRIM-2013.00 ==============================
==============================================================================
====== SRIM Outputs\RANGE_3D.txt : File of Final Ion Positions =====

Ion = Ar (18)   Ion Mass= 039.9620
Energy  = 3727594.E-05 keV
Ion Angle to Surface = 00.0 degrees
==================== TARGET =======================
  Layer # 1 - Layer 1
  Layer # 1 - Bottom Depth=500000.E+02 A
  Layer # 1 - Density =0000.0054 g/cm3
  Layer # 1 -  100 % of Ar
様様様様様様様様様様様様様様様様様様様様様様様様様様
                                            
Ion       Depth  X   Lateral Y   Lateral Z  
Number    (Angstrom) (Angstrom)  (Angstrom) 
-------  ----------- ----------- -----------
0000001   1.6644E+05 -2.7506E+05  7.9409E+04
0000002   4.8993E+05  1.2628E+05  1.6786E+04
0000003   2.1218E+05 -2.2865E+05  4.8122E+04
0000004   2.0583E+05  1.9300E+05 -1.9226E+04
0000005   3.2366E+05  1.3466E+05  1.5823E+03
0000006   4.9198E+04  3.0417E+03  2.3033E+03
0000007   2.1243E+05 -3.0704E+04 -8.8867E+04
0000008   3.1028E+05 -1.9363E+05  3.0969E+04
0000009   3.8724E+05 -9.0535E+04  7.9123E+03
0000010   1.9794E+05 -7.0883E+04  2.3277E+04
0000011   2.8920E+05  1.4618E+05  7.8773E+04
0000012   3.0591E+05  1.4820E+04  3.5088E+04
0000013   2.8938E+05 -1.2270E+05 -6.5250E+04
0000014   2.7480E+05 -7.3448E+04  1.0884E+05
0000015   3.7336E+05 -1.2612E+05 -3.6436E+04
0000016   3.1187E+05 -2.3852E+04  1.0919E+04
0000017   1.0126E+05 -3.1564E+03 -3.3938E+04
0000018   3.6535E+05 -7.0358E+04  1.0324E+05
0000019   1.4987E+05 -1.5634E+05  1.5383E+05
0000020   2.4490E+05 -7.1935E+04 -1.2259E+05
0000021   2.2491E+05  1.5915E+05 -9.4662E+04
0000022   2.7610E+05 -3.2878E+04 -2.3219E+04
0000023   2.1369E+03 -3.9906E+04 -2.6398E+04
0000024   1.8375E+05 -7.9821E+04 -8.4742E+04
0000025   4.0605E+05 -3.0432E+05  3.4250E+04
0000026   1.3139E+05 -1.2336E+05  3.2026E+04
0000027   5.0592E+04 -3.0598E+04  3.3647E+04
0000028   2.0853E+05  3.8322E+04 -1.1550E+04
0000029   1.0646E+05  5.4120E+04  2.4921E+03
0000030   3.2388E+05 -1.2947E+05  2.7925E+04
0000031   1.7338E+05 -8.6326E+04  4.4334E+04
0000032   2.4336E+05 -8.8033E+04 -9.9758E+03
0000033   2.8271E+05  4.1403E+04  9.5951E+04
0000034   3.0780E+05  3.9422E+04  1.7785E+05
0000035   2.0685E+05  7.3463E+04 -9.5677E+04
0000036   1.6099E+05  6.7704E+04  2.3379E+04
0000037   4.8054E+05 -1.1507E+05  5.3636E+04
0000038   2.0391E+05  5.2890E+04 -1.6255E+05
0000039   1.1032E+05 -1.6200E+04 -9.7590E+04
0000040   2.8292E+05 -1.2390E+05  2.1657E+05
0000041   2.6672E+05 -5.4224E+04  5.9608E+03
0000042   3.4533E+05 -1.1866E+05 -2.7961E+05
0000043   9.8451E+04 -4.5357E+04  4.1854E+04
0000044   4.3257E+05 -1.4983E+04 -6.5594E+04
0000045   1.9902E+05  6.3654E+04 -1.0858E+05
0000046   4.3488E+04 -9.5128E+04 -1.0631E+05
0000047   2.3700E+05  6.9970E+04 -1.2288E+03
0000048   4.5513E+05  5.7932E+04  5.5799E+04
0000049   2.7357E+05  2.3933E+05 -2.4947E+05
0000050   4.4118E+05 -1.5421E+05  8.5006E+03
0000051   3.3821E+05  7.0714E+03  1.6807E+04
0000052   5.0564E+05 -1.6343E+04 -1.2710E+05
0000053   1.7500E+05 -7.0398E+04 -1.1823E+05
0000054   1.1744E+05  5.2037E+04  5.6888E+03
0000055   2.1793E+05  4.1256E+04  9.5378E+04
0000056   1.3712E+05  1.3920E+05  1.5744E+05
0000057   4.2529E+05  1.6023E+05 -1.6526E+05
0000058   2.1768E+05 -2.2962E+03 -2.1678E+04
0000059   2.7314E+05 -1.9002E+05 -8.1837E+04
0000060   6.7146E+05 -3.0427E+04 -1.0040E+05
0000061   1.9942E+05 -1.1025E+05 -2.7446E+04
0000062   9.7125E+04  1.3555E+04 -1.9226E+05
0000063   2.8023E+05 -2.6809E+03  6.8949E+04
0000064   4.6625E+05 -2.4442E+05 -1.4451E+04
0000065   1.8503E+05 -2.1602E+04  7.2225E+04
0000066   3.9830E+05  1.8585E+04  9.9094E+04
0000067   2.5396E+05  4.0209E+04  3.0310E+04
0000068   2.3336E+05  3.8549E+04 -1.3155E+05
0000069   2.5967E+05  2.5798E+05  1.5756E+04
0000070   9.7831E+04 -1.2266E+04  8.4171E+03
0000071   1.2336E+05  7.9859E+04 -8.4169E+04
0000072   3.4632E+05  2.1564E+05  4.8809E+04
0000073   2.4255E+05 -3.3405E+05 -2.8972E+04
0000074   2.0277E+05 -1.9617E+05  6.5723E+04
0000075   1.7892E+05 -7.7871E+04 -1.4546E+05
0000076   2.8186E+05 -5.6233E+04 -1.0958E+04
0000077   1.7423E+05  2.0160E+03  1.0541E+05
0000078   1.9662E+05 -3.5530E+04  5.1919E+04
0000079   2.0874E+05 -1.5954E+05 -5.6894E+04
0000080   1.5694E+05  1.9611E+04  5.2759E+04
0000081   1.2267E+05 -3.7744E+03  1.6949E+04
0000082   3.5135E+04 -7.2819E+04  1.9101E+05
0000083   1.7832E+05 -4.9619E+04  1.4019E+05
0000084   1.0098E+05  2.3716E+03 -3.1272E+04
0000085   2.5425E+05 -2.4210E+04  2.6178E+04
0000086   1.2699E+05  6.8610E+04 -7.3920E+04
0000087   3.3248E+05 -3.3902E+04  3.1209E+05
0000088   2.4159E+05  4.2755E+04  8.1590E+04
0000089   1.8124E+05  5.4136E+02  5.2599E+04
0000090   3.5242E+05 -2.3599E+04 -8.4014E+04
0000091   2.0933E+05  6.8079E+04 -8.8701E+04
0000092   2.4639E+05  6.5933E+04  2.4069E+04
0000093   3.2005E+05 -7.2535E+04  5.3675E+04
0000094   3.6321E+05 -8.0666E+04 -3.3335E+04
0000095   1.0467E+05  2.2765E+04 -5.4177E+04
0000096   1.3645E+05 -6.8315E+04 -8.9589E+04
0000097   3.8340E+05 -5.3689E+04 -1.0620E+05
0000098   3.3256E+05  1.0876E+05 -1.2987E+04
0000099   2.5093E+05  9.7211E+04 -1.2871E+05
0000100   3.1929E+05 -1.3031E+05  2.0335E+05
0000101   2.0786E+05 -5.1882E+04  2.2117E+04
0000102   1.6921E+05  1.7153E+04 -4.6008E+04
0000103   4.9896E+05 -2.9319E+05 -2.9991E+04
0000104   5.9647E+05  1.2422E+05 -2.2602E+04
0000105   1.7813E+05  1.1258E+03 -8.1910E+04
0000106   1.7560E+05  8.5832E+04  1.5233E+05
0000107   2.7291E+05 -4.3981E+03 -4.2761E+04
0000108   1.3580E+05 -1.8195E+04  5.5850E+04
0000109   4.2208E+05  9.0592E+04 -9.7068E+04
0000110   2.3051E+05 -9.6114E+04  1.0375E+05
0000111   3.2692E+05 -5.9582E+04  1.2465E+05
0000112   1.6028E+05  7.3398E+04 -1.7657E+04
0000113   4.9352E+05  9.1690E+04  1.7310E+05
0000114   5.3076E+05  2.4657E+03 -1.6686E+04
0000115   4.0353E+05  6.3598E+04 -1.1205E+05
0000116   6.5397E+04 -8.4706E+03 -4.4064E+04
0000117   3.8660E+05  3.2682E+04 -8.8767E+04
0000118   5.7155E+04  1.3327E+05 -6.3453E+04
0000119   8.7372E+04 -3.4991E+04 -9.4727E+03
0000120   4.3036E+04 -9.1274E+03  3.3578E+03
0000121   4.4217E+05 -1.0289E+05 -2.4716E+05
0000122   3.2456E+05 -3.2523E+04 -3.6416E+04
0000123   3.2516E+05  1.9274E+05  3.0959E+04
0000124   1.4039E+05  5.0058E+03  3.3574E+04
0000125   1.7060E+05 -8.2536E+04 -1.9912E+04
0000126   4.4301E+05  2.9968E+04 -4.9359E+02
0000127   3.7707E+05  2.5929E+05  1.2983E+05
0000128   1.2102E+05 -1.6589E+04  1.0676E+05
0000129   3.2643E+05  1.6550E+05 -8.7471E+04
0000130   4.1880E+05  1.1460E+05 -5.9554E+04
0000131   2.3323E+05  4.3047E+04  1.5016E+05
0000132   2.8482E+05  8.2098E+04  2.2888E+05
0000133   3.2634E+05 -1.4760E+05  4.1463E+04
0000134   2.3533E+05 -9.6656E+04  1.0645E+05
0000135   1.9991E+05  7.1367E+03 -9.7001E+04
0000136   1.2386E+05  6.7175E+04 -1.0917E+05
0000137   2.9981E+05 -1.9770E+04 -1.8108E+05
0000138   3.0443E+05  6.7348E+04  4.5175E+04
0000139   4.8485E+04  1.6948E+05 -4.1645E+04
0000140   1.4956E+05  1.5215E+05 -6.4483E+04
0000141   3.8960E+05 -3.3373E+04  1.2551E+04
0000142   1.9743E+05 -7.2767E+04 -4.9867E+04
0000143   1.4417E+05  1.5057E+04  1.1899E+05
0000144   1.9361E+05 -1.1528E+04 -1.9480E+04
0000145   2.2691E+05 -2.4224E+04  3.1828E+04
0000146   1.6698E+05 -1.4366E+05 -7.3267E+04
0000147   3.3652E+05 -5.1358E+04 -1.7273E+05
0000148   3.2837E+05 -1.1896E+04  8.5588E+04
0000149   2.3802E+05 -2.0173E+05  4.5466E+04
0000150   1.3804E+05 -3.9029E+04 -8.7329E+04
0000151   1.6322E+05  3.6177E+04 -1.2418E+05
0000152   3.1744E+05 -2.3860E+05 -4.0061E+04
0000153   2.9039E+05 -1.7112E+03 -5.5723E+04
0000154   4.2221E+05  1.5548E+05  1.7640E+05
0000155   3.6068E+05  7.1984E+04 -7.2579E+04
0000156   1.1283E+05 -8.1944E+04 -4.6232E+04
0000157   1.4078E+05 -2.2910E+05 -1.5067E+05
0000158   2.6997E+05  2.0428E+04 -2.8527E+05
0000159   4.3708E+05 -6.9626E+03  2.6939E+04
0000160   4.4635E+05 -1.8883E+05 -4.5092E+04
0000161   3.2180E+05  1.0450E+04  2.4479E+04
0000162   3.0716E+05  2.0737E+04  2.0191E+05
0000163   5.6760E+05  1.1288E+04  1.0192E+05
0000164   4.0220E+05  5.4458E+04 -7.7387E+04
0000165   3.8843E+04 -2.0947E+05  1.6929E+05
0000166   3.5135E+05  3.5169E+04 -9.6579E+03
0000167   3.0436E+05 -2.1745E+04  8.6358E+04
0000168   4.4401E+05  5.1595E+04  9.2814E+04
0000169   2.5421E+05 -8.6165E+04  1.4029E+05
0000170   2.9510E+05  1.7309E+05  1.0855E+04
0000171   3.0331E+05 -7.5576E+04  4.1719E+04
0000172   1.2899E+05  4.4534E+04 -3.8725E+04
0000173   2.4236E+05  2.9522E+05 -1.2708E+05
0000174   2.1940E+05 -9.9587E+04  8.5879E+04
0000175   5.3706E+05  1.9885E+05 -5.3542E+04
0000176   5.2008E+05 -4.3388E+04 -4.7447E+04
0000177   3.1996E+05  1.6022E+05 -6.7310E+04
0000178   2.6679E+05 -5.1536E+04 -8.6308E+03
0000179   6.1553E+05 -1.6564E+05 -3.4755E+05
0000180   1.2590E+05 -2.7571E+04 -2.4649E+04
0000181   4.0056E+05  5.0421E+04  6.1630E+04
0000182   3.4054E+05 -9.7965E+03 -2.2969E+04
0000183   2.7989E+05 -5.0885E+04 -1.3661E+05
0000184   1.7910E+05 -1.3170E+05 -6.3593E+04
0000185   2.7940E+05 -1.3063E+05 -1.3099E+05
0000186   3.4477E+05 -7.6325E+04 -8.2162E+04
0000187   4.1247E+05 -8.0767E+04  1.6154E+05
0000188   2.2394E+05 -1.4934E+05 -1.1106E+04
0000189   3.4328E+05  5.1040E+04 -1.1749E+04
0000190   3.4352E+05  7.1317E+03 -7.8669E+04
0000191   3.4983E+05  7.6697E+04  1.2395E+05
0000192   1.8500E+05  5.9217E+04  2.9149E+04
0000193   3.7763E+05  1.6979E+05  2.1066E+04
0000194   8.1922E+04 -1.7107E+05  7.1499E+04
0000195   2.7755E+05  7.0077E+04  2.1952E+05
0000196   3.5350E+05 -3.9150E+04  2.2761E+04
0000197   2.5581E+05  1.9999E+04 -2.0069E+05
0000198   1.2079E+05 -9.7260E+03 -4.6173E+04
0000199   1.3654E+05 -6.9526E+04 -1.0479E+05
0000200   3.0938E+05 -1.9121E+05 -1.3623E+05
0000201   2.1876E+05  1.0985E+05  1.1824E+04
0000202   3.1993E+05 -5.1311E+04  7.2282E+04
0000203   9.4164E+04 -9.1951E+04 -1.6832E+04
0000204   3.6288E+05 -3.4376E+04  1.1691E+05
0000205   7.8158E+04  7.2304E+04  1.0636E+05
0000206   1.4716E+05  5.0983E+04 -2.0598E+05
0000207   2.7517E+05  8.6249E+04 -1.2514E+05
0000208   4.2945E+05  3.9152E+04 -6.1740E+04
0000209   1.3364E+05  1.3555E+05 -5.9957E+04
0000210   1.6025E+05  3.2318E+04 -2.9301E+05
0000211   2.8671E+05  1.6096E+05 -9.6122E+04
0000212   2.5093E+05 -1.1475E+04 -5.7963E+04
0000213   2.5707E+05 -3.0454E+05  5.5540E+04
0000214   2.5604E+05  2.5569E+03  5.5724E+04
0000215   2.9231E+05  1.2095E+05  6.9758E+04
0000216   2.4251E+05  3.2837E+04  9.6122E+03
0000217   2.1599E+05  2.2143E+04 -1.6610E+05
0000218   2.7727E+05 -2.1566E+04  9.2411E+04
0000219   2.4793E+05  2.7429E+04  2.2250E+05
0000220   2.4354E+05  9.0314E+04  1.3831E+05
0000221   4.8991E+04 -1.4137E+04 -3.4489E+04
0000222   2.8320E+04  7.7315E+03 -2.0498E+04
0000223   1.7010E+05  1.0160E+04 -2.0679E+04
0000224   3.4903E+05  1.6954E+05 -5.8649E+04
0000225   4.2441E+05  4.3488E+04 -1.1212E+04
0000226   1.4887E+05 -5.9241E+04  1.6565E+04
0000227   3.0458E+05  9.7658E+04  9.4907E+04
0000228   1.4096E+05 -3.3905E+04 -1.2432E+04
0000229   4.6370E+05  1.5241E+05 -1.3044E+05
0000231   2.3109E+05 -6.2167E+04  3.3899E+04
0000232   4.1593E+05 -1.6679E+04 -1.5564E+05
0000233   1.4463E+05 -8.1508E+04  9.6972E+04
0000234   3.6656E+05 -8.7977E+04 -1.7724E+05
0000235   1.6267E+05  1.7653E+05  1.4008E+05
0000236   3.2607E+05 -2.4278E+04  3.3958E+04
0000237   1.3920E+05 -3.5045E+04  9.3051E+04
0000238   5.0903E+05  6.1632E+04 -3.6919E+04
0000239   1.7360E+05  1.5235E+05 -1.7233E+04
0000240   2.7288E+05 -2.1300E+04  3.4134E+04
0000241   3.9691E+05  3.3538E+05 -6.7689E+04
0000242   3.5509E+05 -6.1584E+04 -2.4985E+05
0000243   2.3386E+05 -2.5603E+05 -3.8251E+04
0000244   3.1691E+05  2.1978E+03  4.1935E+04
0000245   1.9937E+05  7.5462E+04 -5.1082E+04
0000246   3.3406E+05 -6.7627E+04 -1.2185E+05
0000247   8.7399E+04  9.8191E+03 -9.5947E+04
0000248   2.4591E+05  3.4506E+04  2.9766E+04
0000249   5.8771E+04  7.3208E+03 -1.8623E+03
0000250   7.2230E+04  6.0196E+04 -2.5667E+03
0000251   3.3894E+05  2.6054E+04 -7.6004E+04
0000252   5.3707E+04  3.5566E+04  1.9543E+04
0000253   3.5795E+05 -6.5331E+04  6.8618E+04
0000254   1.8507E+05  1.1962E+04  6.8935E+04
0000255   1.9759E+05 -6.6138E+04 -1.0407E+05
0000256   3.0064E+05  1.1723E+05  1.1982E+04
0000257   1.5795E+05 -2.3330E+04 -5.2353E+04
0000258   1.9240E+05  1.8052E+03  2.1992E+04
0000259   8.2594E+04  4.2143E+04 -2.9818E+04
0000260   9.2311E+04  3.7650E+03  1.1180E+04
0000261   1.9152E+05 -1.1460E+05  3.1169E+04
0000262   3.0218E+05 -5.8923E+04  2.8523E+04
0000263   2.7549E+05  8.9424E+04 -3.0488E+05
0000264   2.4738E+05 -5.1684E+03  7.7769E+04
0000265   2.8237E+04 -2.5112E+04 -7.5909E+04
0000266   2.8950E+05 -3.8192E+04  1.7962E+05
0000267   2.0511E+05  7.9230E+04  1.1954E+05
0000268   4.3519E+05  5.2447E+04 -1.2076E+04
0000269   2.1971E+05  2.7999E+04 -3.5270E+04
0000270   1.7107E+05  6.9059E+03  1.1274E+05
0000271   8.8708E+04  6.2066E+03 -6.9315E+03
0000272   1.5725E+05  1.2465E+05  5.2214E+04
0000273   8.8395E+04 -1.3461E+04 -5.7165E+04
0000274   3.3525E+05  8.5704E+04 -3.5683E+04
0000275   1.3044E+05 -4.5919E+03  5.9354E+04
0000276   1.6602E+05 -1.1592E+04  9.3050E+03
0000277   3.6717E+05  4.5869E+04  8.3813E+04
0000278   2.1517E+05  6.2614E+04  6.9569E+04
0000279   1.3624E+05 -1.1151E+04 -1.9633E+04
0000280   2.3124E+05  3.7576E+04  1.1253E+05
0000281   2.5853E+05  3.0674E+04  1.0306E+05
0000282   2.0372E+05  8.1574E+04 -8.8257E+04
0000283   4.1814E+05 -5.4164E+04 -3.9101E+03
0000284   2.4515E+05  9.1282E+04  9.0540E+04
0000285   4.0934E+05  4.0502E+04 -1.0849E+04
0000286   2.3841E+05 -8.2439E+04 -7.3538E+04
0000287   7.2940E+04 -7.3009E+04 -9.7853E+03
0000288   3.1035E+05 -8.1318E+03  5.0281E+04
0000289   2.1683E+05  1.1206E+05  2.1057E+05
0000290   9.2527E+04 -1.4369E+05  3.7405E+04
0000291   1.8893E+05  6.0929E+04  1.7059E+05
0000292   2.2012E+05  2.6918E+04 -2.0883E+05
0000293   1.0723E+05 -1.3837E+04 -1.1220E+05
0000294   3.5325E+05 -6.2129E+04 -2.9009E+03
0000295   3.3747E+05  7.9573E+04 -1.2927E+05
0000296   1.4873E+05  7.7385E+03 -7.1144E+03
0000297   2.6011E+05 -8.7665E+04  2.2191E+05
0000298   8.7745E+04  6.6452E+04 -5.9084E+04
0000299   3.7820E+05  4.6418E+04 -6.7003E+03
0000300   3.6084E+05 -2.8967E+04 -1.1088E+05
0000301   3.3548E+05 -2.3652E+04 -2.0387E+04
0000302   3.8382E+05 -1.2830E+05  1.1301E+05
0000303   2.6244E+05 -4.6998E+03  4.3532E+04
0000304   2.5624E+05  1.8501E+04 -3.7419E+04
0000305   2.4056E+05 -2.2717E+04 -5.0985E+04
0000306   3.5267E+05 -3.9299E+04  1.7611E+04
0000307   8.2946E+04 -7.2858E+04  3.6224E+04
0000308   4.1711E+05 -1.0150E+05  4.6525E+04
0000309   1.5267E+05  2.9554E+04 -2.7603E+04
0000310   2.1252E+05  6.3663E+04 -6.8305E+04
0000312   2.3298E+05 -1.0290E+05  1.2657E+05
0000313   2.2800E+05  8.9804E+04  4.0191E+04
0000314   1.1000E+05  1.0435E+03 -5.5987E+04
0000315   2.0528E+05  2.4648E+03 -1.3044E+03
0000316   3.5339E+05  3.3717E+04  5.8461E+04
0000317   1.6585E+05 -3.3300E+03  3.0336E+04
0000318   2.4264E+05 -1.8199E+05 -2.3426E+05
0000319   2.5203E+05 -4.9293E+04  4.4781E+04
0000320   5.7516E+05  9.5196E+04  1.3442E+02
0000321   2.4109E+05 -3.6570E+04  9.6166E+03
0000322   1.6725E+05  3.5240E+03 -5.2109E+04
0000323   1.2682E+05  1.7676E+05 -2.7785E+04
0000324   4.2196E+05  4.8106E+04  8.9314E+04
0000325   3.1745E+05 -9.7286E+04 -1.5554E+05
0000326   5.0804E+05  4.4258E+03 -1.3451E+05
0000327   7.4950E+04 -6.4915E+04  2.1168E+03
0000328   4.7652E+05  1.6790E+05 -1.2161E+05
0000329   2.3425E+05 -2.3492E+05  1.3431E+05
0000330   2.9388E+05  1.2582E+05 -3.5957E+04
0000331   2.4448E+05 -2.6437E+05 -1.2788E+05
0000332   2.9189E+04 -8.2392E+04  2.6964E+02
0000333   1.5466E+05 -7.8972E+04  3.2668E+04
0000334   2.3874E+05 -5.6811E+03 -1.1999E+05
0000335   2.5796E+05  8.0064E+04  1.0035E+05
0000336   5.7641E+04 -8.3154E+04 -1.0757E+05
0000337   3.3324E+05  9.0251E+04  2.0026E+03
0000338   4.0869E+05 -2.5296E+05  6.3750E+04
0000339   3.3648E+05 -1.6038E+04  8.9902E+04
0000340   4.6994E+04 -4.0942E+04  7.1755E+04
0000341   1.7779E+05 -1.1450E+05 -7.4336E+04
0000342   3.8171E+05  7.6988E+04 -4.8956E+04
0000343   1.5856E+05 -7.2238E+04 -9.3653E+04
0000344   2.7100E+05  1.4482E+05  1.1693E+05
0000345   1.2896E+05  1.3855E+05  1.1716E+05
0000346   3.3715E+05 -9.1227E+04  1.0163E+04
0000347   2.1263E+05  6.8499E+04 -1.0436E+05
0000348   1.9403E+05  1.2883E+05  7.0148E+04
0000349   1.7544E+05  6.6178E+03 -4.4916E+03
0000350   1.8082E+05 -4.2343E+04  3.7160E+04
0000351   2.7438E+05  1.7778E+05  6.4563E+04
0000352   1.0090E+05 -2.8818E+04 -2.6676E+03
0000353   3.7029E+04 -3.2894E+04  1.1331E+04
0000354   5.7318E+05 -8.8627E+04 -1.1552E+05
0000355   8.0244E+04  5.9835E+04 -4.4267E+03
0000356   2.2776E+04  2.1127E+02  6.8083E+03
0000357   2.7379E+05  5.4841E+04  5.7311E+04
0000358   3.0952E+05  1.7985E+05  9.1696E+03
0000359   1.2800E+05  4.7177E+04  1.0016E+05
0000360   2.3507E+05  7.4649E+03 -4.5530E+04
0000361   1.8002E+05  1.0409E+05 -1.5376E+04
0000362   1.5832E+05  3.2349E+04 -1.1815E+05
0000363   2.6670E+05 -1.6568E+05  5.4084E+04
0000364   1.4850E+05  1.7451E+04 -1.9253E+04
0000365   1.8853E+05  7.9861E+04  2.1309E+05
0000366   3.3369E+05  1.0688E+04 -1.9875E+05
0000367   3.1217E+05  2.4250E+05 -5.4747E+04
0000368   2.4917E+05  7.8695E+04  1.9823E+05
0000369   2.5391E+05  1.3592E+04  2.8721E+05
0000370   2.1677E+05 -5.2081E+04  4.8225E+04
0000371   2.2144E+05  2.9439E+04  1.2880E+05
0000372   2.7361E+05  7.9153E+04  6.7567E+04
0000373   1.4302E+05 -1.7515E+04  1.1528E+05
0000374   8.0877E+04 -3.0257E+04  2.4704E+02
0000375   4.2343E+05 -8.0727E+04 -8.3589E+04
0000376   1.7328E+05  1.3851E+04 -8.9288E+03
0000377   2.8898E+05  1.0287E+05  1.0415E+04
0000378   4.4525E+05 -1.2236E+05  1.2245E+05
0000379   3.3126E+05  8.2233E+03 -7.7134E+04
0000380   1.4240E+05  3.3782E+04 -1.2022E+05
0000381   9.8932E+04  9.9741E+04 -7.2487E+03
0000382   2.5364E+05  6.5233E+04 -9.6499E+04
0000383   1.3032E+05  7.1007E+03  5.1757E+04
0000384   1.6079E+05  4.6701E+04 -2.4994E+04
0000385   3.0494E+05 -6.5093E+04 -1.2401E+05
0000386   1.1316E+05 -1.0678E+05  2.7083E+04
0000387   3.9870E+05  4.6181E+04  3.3165E+03
0000388   2.0677E+05  1.8522E+04 -5.1960E+04
0000389   2.6012E+05 -4.3996E+04 -3.7790E+04
0000390   3.2529E+05 -2.6708E+04 -7.2383E+04
0000391   2.0053E+05  3.0809E+05  1.2572E+05
0000392   2.7189E+05 -8.4090E+04  1.3071E+05
0000393   2.3990E+05  4.1476E+03 -3.2061E+04
0000394   6.5548E+04  3.1199E+04  2.7420E+04
0000395   2.5475E+05 -3.4678E+04  7.8156E+04
0000396   9.5623E+04  8.4781E+04  2.4985E+05
0000397   2.2993E+05 -6.7455E+04 -1.5520E+05
0000398   2.8997E+05 -8.9121E+04  7.4089E+04
0000399   1.3788E+05  1.9204E+04  1.8022E+05
0000400   2.4189E+05  2.1665E+04 -2.6529E+04
0000401   3.9077E+05 -1.3793E+05 -1.8215E+05
0000402   3.3922E+05 -1.6003E+04  1.1863E+05
0000403   3.8910E+05 -3.5180E+05 -1.0214E+04
0000404   1.6695E+05  7.2617E+04  5.4918E+04
0000405   2.6585E+05 -1.5002E+03 -1.7554E+04
0000406   4.6705E+05 -1.2481E+05 -8.1568E+03
0000407   2.8006E+05 -1.1202E+05 -8.0802E+04
0000408   6.4334E+04  4.5680E+03 -2.8958E+04
0000409   2.2316E+05  1.2007E+05 -4.3707E+04
0000410   1.4742E+05 -1.0217E+05  7.2650E+04
0000411   1.4600E+05  7.4285E+04 -4.0390E+04
0000412   2.7547E+05 -3.0233E+05 -6.7137E+04
0000413   2.3619E+05 -1.4826E+05 -1.1056E+05
0000414   2.9158E+05  6.7498E+04  1.3197E+05
0000415   3.4407E+05  3.5180E+04 -1.5599E+05
0000416   2.0765E+05 -2.6316E+04  1.1969E+05
0000417   6.9502E+04 -7.9999E+04  7.3084E+04
0000418   1.7138E+05  4.5336E+04 -1.1358E+05
0000419   4.5562E+05 -7.7556E+04 -1.8335E+04
0000420   3.1374E+05  1.9419E+04  3.6554E+05
0000421   4.3957E+05  1.3546E+05 -8.6916E+03
0000422   1.0020E+05 -7.8204E+04 -5.9709E+04
0000423   1.4162E+05 -2.2700E+03 -5.6015E+04
0000424   3.3805E+05  5.4854E+04  1.3534E+05
0000425   4.3806E+05  1.1160E+04 -2.0062E+05
0000426   1.5224E+05 -1.2216E+05  2.3088E+04
0000427   3.2913E+05 -4.7511E+04  1.7261E+05
0000428   2.2534E+05  2.4760E+04 -8.3747E+04
0000429   2.0989E+05  4.5797E+04  2.4967E+04
0000430   3.1280E+05  5.7701E+04 -1.7893E+05
0000431   3.0687E+05  1.6979E+04  2.2980E+04
0000432   3.4774E+05 -5.1323E+04  1.1609E+05
0000433   2.6724E+05 -2.0035E+04  1.1896E+05
0000434   4.6511E+05  1.3865E+05 -2.0887E+05
0000435   3.7661E+04 -4.1306E+04 -6.1838E+04
0000436   2.7113E+05  1.0025E+05  7.2594E+04
0000437   3.2640E+05  1.9334E+05 -1.2716E+05
0000438   1.7841E+05  4.2524E+04 -1.2396E+05
0000439   1.7397E+05 -1.4230E+04  1.0220E+03
0000440   3.2226E+05 -1.5845E+05  5.2014E+04
0000441   3.0267E+05 -1.7959E+04  2.4468E+04
0000442   1.4298E+05  5.8941E+04 -1.0072E+04
0000443   1.8070E+05 -1.3001E+05  2.2150E+05
0000444   3.2527E+05  4.1804E+04 -1.1400E+04
0000445   1.6459E+05 -1.0820E+05  9.7123E+04
0000446   3.3917E+05  4.9279E+04  5.4163E+04
0000447   4.6259E+04  2.5839E+04  1.6708E+04
0000448   2.2023E+05 -4.4414E+04  1.5822E+05
0000449   3.7824E+05 -3.3188E+04  1.5914E+05
0000450   6.1916E+05  8.8138E+04 -9.0847E+04
0000451   3.7544E+05 -6.3730E+04  1.3454E+05
0000452   4.2166E+05  1.0237E+05  1.6442E+04
0000453   1.2150E+05 -6.8784E+04 -3.7494E+04
0000454   2.9630E+05 -6.2502E+04 -6.8749E+04
0000455   1.9614E+05 -3.9307E+04  9.8813E+04
0000456   2.7962E+05  4.5928E+04  8.9369E+04
0000457   1.9732E+05  9.6293E+04  3.3646E+04
0000458   3.3823E+05  9.7463E+04 -1.5038E+05
0000459   2.9345E+05 -1.4202E+05  4.4614E+04
0000460   3.9498E+05 -6.5131E+04 -1.6924E+05
0000461   7.6048E+04  2.6823E+03 -5.5552E+04
0000462   3.3788E+05 -1.0503E+05  3.3327E+04
0000463   3.0372E+05 -2.8903E+04  8.3647E+04
0000464   3.9317E+05 -2.4465E+04  1.7982E+05
0000465   2.5246E+05  5.7062E+04 -3.4741E+04
0000466   1.8478E+05 -4.3585E+04  8.6987E+03
0000467   3.7730E+05  1.1876E+05 -9.8315E+04
0000468   2.5810E+05 -1.8404E+05 -2.9384E+05
0000469   1.6932E+05  3.0361E+04 -4.9209E+04
0000470   2.8091E+05 -4.1148E+04  5.6671E+04
0000471   2.7347E+05 -3.8358E+04 -1.5911E+04
0000472   2.1567E+05  9.7256E+04 -8.1160E+04
0000473   2.6470E+05 -6.3154E+04 -1.7117E+05
0000474   3.4196E+05  9.9970E+04 -5.5479E+03
0000475   2.5392E+05 -3.0921E+04  1.4620E+04
0000476   5.3960E+05 -3.1819E+05  1.1594E+05
0000477   2.9269E+05  3.3745E+04 -6.0556E+04
0000478   2.1553E+05  7.1774E+04  9.6507E+04
0000479   2.9097E+05 -3.4919E+04  8.2462E+04
0000480   3.0875E+05 -4.0829E+04 -3.1427E+04
0000481   1.5174E+05  7.9903E+03  2.5472E+04
0000482   4.6363E+05  1.8122E+05  1.1178E+05
0000483   5.1509E+05 -1.9617E+05  2.7603E+03
0000484   3.0841E+05  6.1307E+04  6.3987E+04
0000485   1.4668E+05  1.1271E+05  6.2078E+04
0000486   2.8369E+05  1.0079E+05 -7.3838E+04
0000487   4.2628E+05 -6.2907E+04 -2.5345E+04
0000488   3.2482E+05  8.3384E+04 -1.4455E+05
0000489   4.6155E+05 -2.7260E+04  2.5379E+05
0000490   3.6350E+05 -1.3844E+05 -1.1460E+04
0000491   4.1733E+05 -6.9795E+04  6.7537E+04
0000492   2.7681E+05  4.1888E+04  6.0893E+03
0000493   2.6299E+05  2.0414E+05  5.8593E+04
0000494   2.2224E+05 -7.0678E+04 -1.3708E+05
0000495   1.0169E+05 -1.1898E+05  6.4252E+04
0000496   1.0810E+05  9.5691E+04  1.6249E+04
0000497   2.3311E+05 -3.0350E+04 -5.7541E+04
0000498   4.2038E+05  8.0007E+04 -1.2207E+05
0000499   1.6233E+05  5.3625E+04  2.8922E+04
0000500   2.0008E+05  5.3207E+04 -8.3934E+04
0000501   4.6368E+05  3.9107E+04  2.6475E+05
0000502   1.7428E+05  1.0630E+05  9.4732E+04
0000503   1.7907E+05  1.1486E+05  1.1181E+05
0000504   3.5717E+05  4.9911E+04 -3.5036E+04
0000505   1.3285E+05 -3.6774E+04  1.3651E+04
0000506   9.5898E+04  3.0635E+04 -4.5379E+04
0000507   2.9711E+05 -8.7980E+04  1.8481E+05
0000508   2.2659E+05 -3.2440E+04  1.1053E+04
0000509   1.1282E+05  5.6458E+04 -7.7761E+04
0000510   1.7439E+05 -1.0583E+05  9.8705E+04
0000511   1.5272E+05 -6.6251E+03  1.5211E+04
0000512   2.0963E+05  3.0975E+04  7.6898E+04
0000513   2.1891E+05 -2.2517E+05 -7.0243E+04
0000514   5.5801E+05 -1.4280E+05 -1.5167E+05
0000515   5.0114E+05  8.8446E+04  1.6372E+05
0000516   3.0189E+05 -2.3556E+04 -1.4510E+05
0000517   2.8121E+05 -5.5471E+04  3.1818E+04
0000518   2.3122E+05 -9.8671E+04 -2.0444E+05
0000519   2.3190E+05  7.2505E+04 -1.2574E+05
0000520   2.6135E+05 -2.5261E+04  6.0237E+04
0000521   3.5348E+05 -6.4567E+04 -2.7182E+04
0000522   1.2001E+05 -2.3160E+05  1.0175E+05
0000523   1.9697E+05 -1.5467E+04  8.2542E+04
0000524   3.1169E+05  1.1270E+05  1.9432E+05
0000525   9.2273E+04 -2.8163E+04  4.7745E+04
0000526   2.0314E+05  1.6154E+05  1.8963E+03
0000527   2.4878E+05  7.1723E+04 -6.0001E+04
0000528   3.2154E+05 -1.0023E+05 -7.1038E+04
0000529   1.9063E+05  7.5949E+04  4.8152E+04
0000530   2.1169E+05 -7.1827E+03  2.3206E+05
0000531   2.0420E+05 -7.7630E+04  1.6614E+04
0000532   2.8922E+05  1.4353E+05  1.4858E+05
0000533   1.3320E+05 -9.8924E+04  2.1865E+04
0000534   1.9056E+05  1.0149E+04  4.2550E+04
0000535   3.4591E+05 -4.3503E+04 -1.0979E+05
0000536   6.0599E+04 -7.9940E+03 -4.4594E+04
0000537   1.4442E+05 -2.0351E+03  4.9449E+03
0000538   3.9558E+05 -1.3752E+05  3.8952E+04
0000539   2.9685E+05  2.3139E+04 -1.0378E+05
0000540   5.1136E+05  1.4192E+05  2.3052E+04
0000541   1.2261E+05 -4.7186E+04 -1.7667E+05
0000542   6.5539E+04  1.8717E+04  2.1461E+04
0000543   3.2360E+05  5.4425E+04  3.0443E+04
0000544   2.3930E+05  3.9644E+04 -7.8810E+03
0000545   4.2121E+05 -6.4094E+04  9.8704E+04
0000546   4.8621E+04 -4.0218E+04  1.0374E+05
0000547   2.6658E+05  3.1709E+04  5.4943E+04
0000548   3.0656E+05 -1.4501E+05  1.0609E+05
0000549   4.6670E+05 -2.9557E+04 -9.7318E+04
0000550   3.4755E+05  1.3717E+05 -2.2886E+04
0000551   3.9227E+05 -9.1476E+04 -1.5738E+05
0000552   1.0474E+05  5.3730E+04  1.9640E+05
0000553   2.1206E+04 -2.0703E+04 -4.5346E+04
0000554   5.9930E+05 -1.6379E+05 -1.0292E+05
0000555   2.0438E+05  4.6493E+04 -1.6247E+05
0000556   1.1217E+05  1.4430E+05  8.0752E+02
0000557   2.2516E+05 -8.8563E+04  1.7422E+05
0000558   3.1290E+05 -1.3909E+05 -9.4856E+04
0000559   4.7794E+04  6.0066E+04 -9.4186E+04
0000560   1.2007E+05 -7.8614E+04 -6.9359E+04
0000561   1.1966E+05  1.7315E+05 -1.7948E+04
0000562   2.1112E+05 -6.0383E+04 -1.8645E+05
0000563   3.3566E+05 -1.2385E+05 -1.5526E+05
0000564   3.6408E+05  2.3852E+05 -4.1613E+04
0000565   4.6363E+05 -1.1497E+05  3.7329E+05
0000566   4.2314E+05 -1.0042E+05  1.1683E+05
0000567   4.5913E+05  2.6045E+04  7.3493E+04
0000568   1.4798E+05 -1.3448E+05  2.3470E+05
0000569   1.4170E+05 -1.1456E+05  7.3634E+04
0000570   6.1435E+05  1.2334E+05  1.0049E+05
0000571   1.1085E+05 -4.1664E+04 -3.8764E+04
0000572   2.1438E+05  6.2772E+04 -2.1773E+04
0000573   2.8625E+05  2.0912E+03 -7.8541E+04
0000574   2.5467E+05 -1.0287E+04 -6.5703E+04
0000575   7.3493E+04 -2.9597E+04  5.7204E+04
0000576   1.9927E+05 -1.0552E+05 -6.5425E+04
0000577   1.2793E+05  2.5950E+04 -7.5574E+04
0000578   3.8676E+05  1.4281E+05 -1.9754E+05
0000579   2.2799E+05  7.2888E+04  1.4836E+04
0000580   1.6982E+05 -5.7547E+04  1.2179E+05
0000581   2.1318E+05  2.7139E+04  1.5384E+05
0000582   8.5631E+04  1.2769E+05 -1.7207E+05
0000583   2.7491E+05  1.3991E+05 -4.4366E+04
0000584   3.6492E+05 -4.4371E+04 -1.3364E+05
0000585   3.2348E+05  7.3283E+04  9.3278E+03
0000586   1.6317E+05 -2.3639E+05 -2.6297E+04
0000587   6.4263E+05 -7.4911E+04 -4.7282E+04
0000588   5.0020E+04  1.6338E+04  6.7824E+04
0000589   3.3275E+05  1.0877E+05  8.5804E+04
0000590   2.8414E+05  1.7031E+05  1.1486E+05
0000591   2.6266E+05  7.4796E+04  3.2253E+04
0000592   4.9661E+05 -7.3336E+04 -7.9457E+04
0000593   4.2408E+04  1.3901E+04 -9.6245E+02
0000594   3.7325E+05 -1.3796E+05  5.5822E+04
0000595   2.9349E+05 -2.8028E+04  1.3782E+05
0000596   2.7474E+05  2.5756E+05 -1.0904E+05
0000597   3.4978E+05 -2.1920E+05  7.6359E+04
0000598   3.4804E+05  2.3675E+04 -3.5287E+04
0000599   2.6272E+05 -1.1943E+05 -7.4673E+04
0000600   1.4950E+05  1.4982E+02  2.8545E+04
0000601   4.8067E+05  2.3594E+05 -6.0970E+03
0000602   1.9729E+05 -4.1070E+03 -3.0706E+04
0000603   3.5212E+05 -2.1946E+05  8.4773E+04
0000604   4.2623E+04 -5.7876E+04 -5.9295E+03
0000605   3.0060E+05 -2.3677E+04 -3.5828E+04
0000606   3.1177E+05 -4.2195E+04 -1.1274E+05
0000607   4.2849E+05 -1.2852E+05  1.0689E+05
0000608   2.1329E+05 -5.0045E+04 -2.7080E+05
0000609   1.8084E+05 -9.5281E+03 -6.0092E+04
0000610   3.4804E+05 -9.1908E+04 -2.2782E+03
0000611   5.0740E+05  1.5140E+05 -1.5886E+05
0000612   2.7809E+05  5.8821E+04 -1.7164E+05
0000613   1.2960E+05  1.0062E+05  9.0402E+04
0000614   1.9422E+05  4.1078E+04 -1.0469E+04
0000615   1.0235E+05  1.2186E+05 -4.3374E+04
0000616   3.0376E+05  6.1138E+04 -8.8714E+04
0000617   2.0869E+05 -9.2564E+04 -5.1143E+04
0000618   2.1356E+05 -7.3569E+04  2.4812E+05
0000619   3.7891E+05  1.8521E+04 -8.6033E+04
0000620   3.1629E+05  8.5008E+04  7.0431E+04
0000621   1.9069E+05  2.7499E+04 -6.5988E+03
0000622   4.7199E+05  2.0171E+05  8.9892E+04
0000623   3.2446E+05  8.9465E+04  1.0283E+05
0000624   4.8254E+05 -2.0194E+04 -1.0253E+05
0000625   3.1479E+05  6.7304E+03 -6.6830E+04
0000626   1.7775E+04  4.0205E+03 -3.4680E+04
0000627   2.6790E+05 -8.9133E+04 -3.1966E+03
0000628   2.3983E+05  7.5065E+04 -9.3505E+04
0000629   6.6174E+04 -6.8897E+04 -4.1422E+04
0000630   3.2168E+05  1.7825E+05 -3.1986E+04
0000631   2.7059E+05  2.1318E+05 -6.7137E+04
0000632   1.7597E+05 -1.3854E+03 -5.2371E+04
0000633   1.9100E+05 -6.1141E+04 -1.2743E+05
0000634   3.2841E+05 -1.3234E+05 -5.1608E+04
0000635   2.5188E+05  7.2581E+03  2.5829E+04
0000636   3.1991E+05 -5.4076E+04  1.6675E+04
0000637   2.1998E+05  1.8627E+04 -3.2093E+04
0000638   3.8953E+05 -7.2557E+03 -8.8091E+04
0000639   3.3565E+05 -3.4670E+04 -1.5364E+05
0000640   4.8865E+05 -4.3188E+04 -9.3780E+04
0000641   1.9732E+05 -6.3118E+04 -5.8254E+04
0000642   2.7555E+05  8.9476E+04  5.7430E+04
0000643   3.4676E+05  6.1596E+04 -2.2532E+04
0000644   2.9792E+05 -5.2163E+04 -6.2395E+04
0000645   3.2380E+05 -8.7657E+04 -1.5462E+05
0000646   2.5372E+05  8.5110E+04  2.2331E+04
0000647   1.6115E+05  3.2841E+04 -2.3989E+04
0000648   1.3411E+05  1.9598E+04 -5.9309E+04
0000649   1.3611E+05  1.2063E+05 -2.0021E+05
0000650   2.7641E+05 -6.3936E+04  3.5598E+04
0000651   1.2115E+05 -1.2164E+05  5.9521E+04
0000652   2.8042E+05  1.4502E+05  5.8400E+04
0000653   2.0815E+05 -1.4452E+05  5.6571E+04
0000654   3.0005E+05 -8.8449E+04  1.9528E+05
0000655   4.3777E+05 -9.1125E+04 -1.1788E+05
0000656   4.2755E+05 -4.8831E+04 -3.4382E+03
0000657   5.1215E+05 -8.6473E+03  6.5889E+04
0000658   3.3371E+05 -1.3181E+05  6.7912E+04
0000659   1.6967E+05 -1.3536E+05  6.3630E+04
0000660   2.7974E+05  4.0314E+04  1.2829E+05
0000661   1.8801E+05  5.3223E+04 -6.9310E+04
0000662   1.2023E+04 -6.4535E+04  1.3296E+05
0000663   3.1526E+05  1.3782E+05 -4.2120E+04
0000664   3.6817E+05  1.8640E+05  1.6684E+04
0000665   2.2081E+05  1.0411E+05 -9.5824E+04
0000666   3.0043E+05  1.0197E+05  1.5219E+05
0000667   2.6383E+05  2.1617E+04  2.1041E+05
0000668   5.2304E+04  2.5469E+05  8.3381E+04
0000669   2.8496E+05 -4.5250E+04  1.0961E+05
0000670   2.5069E+05 -7.3352E+04 -6.2800E+04
0000671   7.0574E+04  2.3268E+04 -9.1619E+04
0000672   1.5448E+05 -1.6647E+05 -2.8907E+04
0000674   2.6871E+05  6.2093E+04 -5.1144E+04
0000675   3.5887E+05 -1.5106E+05  6.4934E+04
0000676   3.7428E+05  9.3793E+04 -1.7165E+05
0000677   2.8764E+05 -1.9198E+05 -1.1098E+05
0000678   1.8028E+05 -3.1335E+03 -7.7108E+04
0000679   1.7970E+05 -7.5856E+04  2.1095E+05
0000680   3.2146E+05  2.6099E+03  6.2529E+04
0000681   2.1701E+05 -2.3909E+05 -1.1177E+05
0000682   1.1174E+05 -1.1085E+05 -4.5048E+04
0000683   4.9969E+04 -1.4781E+05  2.0595E+05
0000684   3.0316E+05 -2.0768E+03 -1.8270E+05
0000685   8.9038E+04  4.1029E+04  3.4862E+03
0000686   2.3559E+05 -1.0121E+05 -9.6383E+04
0000687   2.8453E+05  1.2509E+05  2.2071E+05
0000688   4.0107E+05  3.4616E+04  1.4724E+05
0000689   1.9355E+05 -3.4164E+04 -3.9437E+03
0000691   1.1174E+05  4.7317E+04  1.1343E+05
0000692   2.6750E+05 -2.2715E+05 -3.8433E+04
0000693   5.4299E+04  2.5888E+04 -9.8806E+02
0000694   2.0196E+05  6.2394E+04 -1.7738E+05
0000695   1.9617E+05  2.3854E+04  6.8666E+03
0000696   2.7518E+05  9.6837E+04  2.0092E+04
0000697   2.5569E+05  1.1023E+04 -3.9681E+04
0000698   3.4793E+05 -1.2182E+05  4.1877E+04
0000699   2.7977E+05 -1.2248E+05  2.7761E+05
0000700   2.4297E+05 -6.1908E+04  3.6803E+03
0000701   1.3468E+04  2.3972E+05 -1.7436E+04
0000702   2.4332E+05 -2.9855E+03  3.1297E+04
0000703   1.8073E+05  9.9171E+03 -8.7929E+04
0000704   6.7718E+04  9.4777E+04  4.7521E+04
0000705   4.9718E+05 -3.3568E+04  1.2302E+05
0000706   2.6846E+05 -2.3540E+04  1.5288E+05
0000707   1.8094E+05  1.0923E+05 -1.4400E+05
0000708   2.5043E+05 -4.2207E+04 -9.6741E+03
0000709   1.8527E+05  1.0919E+05 -3.7017E+04
0000710   1.9217E+05  7.3333E+04 -2.0704E+05
0000711   4.2047E+05 -5.2193E+04 -2.7329E+04
0000712   2.3951E+05 -1.2307E+05  8.8747E+04
0000713   5.0288E+05 -1.8460E+05 -3.4508E+04
0000714   7.6818E+04 -5.1561E+04 -1.3919E+04
0000715   2.9665E+05 -6.3993E+04 -4.5483E+04
0000716   1.7729E+05  8.3047E+04 -9.8536E+04
0000717   1.5476E+05 -1.6558E+05  1.2128E+05
0000718   1.9394E+05  3.8176E+04 -4.6404E+04
0000719   3.2360E+05 -4.6849E+04 -3.1827E+05
0000720   2.5150E+05 -1.0331E+05 -1.2057E+05
0000721   2.6519E+05 -7.9878E+04 -3.5631E+04
0000722   4.0060E+04 -3.6614E+04  4.5563E+04
0000723   1.9430E+05 -2.3115E+04  4.4057E+04
0000725   1.8560E+05 -4.7194E+04  8.8156E+03
0000726   3.1267E+05 -1.0166E+05 -6.8547E+04
0000727   2.9351E+05  8.0362E+04  1.4702E+05
0000728   1.2842E+05 -4.8845E+04 -3.3826E+04
0000729   3.4418E+05  4.3406E+03 -1.5853E+05
0000730   4.4145E+05  2.2388E+03  6.8112E+04
0000731   3.2104E+05 -9.0289E+04  6.1831E+04
0000732   3.1211E+05 -9.9319E+04  9.6730E+03
0000733   8.2163E+04  5.4252E+04  1.7100E+04
0000734   1.1655E+05  1.4233E+04 -2.1903E+04
0000735   1.8501E+05 -1.3903E+04 -4.3069E+04
0000736   3.3099E+05 -8.8498E+04 -1.5756E+05
0000737   4.1854E+05 -2.0122E+05 -4.1721E+04
0000738   1.9895E+05 -3.4114E+05 -1.1358E+05
0000739   2.0264E+05  6.9828E+04  8.2902E+03
0000740   6.6480E+04  6.1595E+04 -1.7495E+05
0000741   1.2442E+05 -3.4998E+04  2.9662E+04
0000742   3.0744E+05  3.5165E+04  1.5149E+05
0000743   1.1974E+05  7.7583E+04 -5.4845E+04
0000744   1.7915E+05 -1.5993E+05 -6.0566E+01
0000745   5.1414E+05 -1.9564E+04  4.0043E+03
0000746   3.7435E+05 -6.0850E+04 -2.6260E+05
0000747   2.2335E+05 -1.2971E+05  2.0551E+05
0000748   4.3430E+05  1.3302E+05 -1.2222E+05
0000749   3.5775E+05 -1.1598E+05  2.6214E+05
0000750   2.8470E+05  4.0047E+04  1.3904E+04
0000751   2.3350E+05  1.3848E+05 -7.9088E+04
0000752   2.4586E+05 -1.4486E+05 -3.2911E+04
0000753   3.1941E+05 -4.3261E+04 -4.0852E+04
0000754   2.5525E+05  5.2466E+03 -5.0205E+04
0000755   2.6972E+05 -9.7165E+04  1.5665E+05
0000756   3.3228E+05 -9.1227E+03 -2.7502E+04
0000757   3.4003E+05  1.1165E+05  1.8225E+05
0000758   1.7317E+05 -8.5001E+04  2.3839E+05
0000759   2.7504E+05  2.5663E+05 -1.1684E+05
0000760   4.8759E+05  8.3131E+04 -8.6887E+04
0000761   4.8130E+05  1.5674E+05 -2.1750E+04
0000762   3.1543E+05  1.6922E+05  3.6656E+04
0000763   4.1121E+05  7.9184E+04  3.8581E+03
0000764   1.2212E+05  1.9515E+03 -1.1737E+05
0000765   3.0587E+05 -8.5130E+04  1.0274E+04
0000766   1.6436E+05 -1.8935E+04  1.7927E+04
0000767   1.5742E+05 -1.0431E+04  8.0430E+03
0000768   2.3731E+05 -2.2595E+04 -1.6056E+05
0000769   2.3947E+05 -4.0994E+04  2.9832E+04
0000770   3.9628E+05  1.6614E+05 -4.1709E+04
0000771   5.3269E+04 -2.8065E+04  2.2627E+04
0000772   9.9215E+03  1.5375E+05  6.3050E+04
0000773   4.3121E+05  5.2719E+04  1.3618E+05
0000774   1.4556E+05  1.0067E+05 -1.0715E+05
0000775   2.9912E+05  4.9969E+04  4.2297E+04
0000776   2.2139E+05  1.1505E+05  1.8377E+05
0000777   2.1630E+05 -5.7398E+04 -2.4858E+05
0000778   1.1340E+05  1.1530E+05  1.9013E+05
0000779   3.0635E+05  1.9002E+05  1.6647E+05
0000780   3.2146E+05 -1.4171E+05  1.2306E+05
0000781   2.6285E+05 -2.1431E+04  7.5932E+04
0000782   1.3240E+05 -2.4375E+04 -1.9180E+05
0000783   4.3600E+05  3.1510E+04 -2.8647E+04
0000784   1.8018E+05 -3.0671E+04 -3.8251E+04
0000785   2.1121E+05  1.2300E+05  8.1510E+04
0000786   2.4158E+05 -2.2942E+04  1.6004E+05
0000787   4.3550E+05 -9.3722E+04 -2.5235E+04
0000788   3.5858E+05  1.2864E+04 -9.3478E+04
0000789   3.0915E+05  4.2491E+04 -7.0552E+04
0000790   2.2590E+05 -7.4806E+04  2.9969E+05
0000791   1.1028E+05  1.5936E+04  1.4667E+04
0000792   1.1316E+05  8.7779E+04 -8.0731E+04
0000793   1.7706E+05 -1.0136E+05 -5.5238E+04
0000794   1.0379E+05  2.6137E+04 -1.3367E+05
0000795   2.6587E+05  2.3437E+05 -3.3060E+04
0000796   2.4842E+05 -1.4125E+05 -2.9724E+04
0000797   2.8240E+05 -3.8013E+04  1.7462E+04
0000798   2.1389E+05 -1.6368E+04  4.2483E+03
0000799   4.3395E+05 -3.7259E+04 -4.6190E+04
0000800   2.2399E+05  9.9257E+03  8.0441E+04
0000801   3.2313E+05 -8.1011E+04 -6.8325E+04
0000802   1.6646E+05  4.9099E+04 -1.0444E+05
0000803   3.9189E+05 -4.8152E+04  1.9140E+04
0000804   2.3666E+05  1.6085E+05 -6.3416E+04
0000805   2.4523E+05  1.0794E+05 -2.9637E+04
0000806   2.2079E+05 -6.0436E+04  8.8273E+03
0000807   2.2229E+05 -2.7315E+04  1.7829E+05
0000808   9.7284E+04 -1.2707E+05 -5.8931E+04
0000809   3.4146E+05  9.1744E+04 -1.4283E+05
0000810   3.7872E+05  2.0581E+04 -6.9142E+04
0000811   1.5451E+05  9.6079E+04 -8.6423E+03
0000812   2.0536E+05  4.0125E+04 -1.5692E+04
0000813   4.2797E+05  4.3046E+03 -4.0806E+04
0000814   1.9559E+05 -3.3084E+04  6.9232E+04
0000815   2.3357E+05 -7.8129E+04  2.0603E+05
0000816   2.3794E+05 -9.1875E+04  1.1909E+04
0000817   1.8899E+05  1.0930E+05  9.2037E+04
0000818   2.7918E+05  1.0772E+05 -8.9705E+03
0000819   1.6378E+05  5.4277E+04 -4.5942E+04
0000820   1.8963E+05  2.9265E+04  1.4988E+04
0000821   4.4425E+05  2.0557E+05  1.5702E+05
0000822   2.8978E+05 -1.5024E+04  5.8907E+03
0000823   2.0883E+05 -1.2675E+04 -6.3909E+04
0000824   3.0234E+05  2.1531E+04 -1.4929E+05
0000825   1.7634E+05 -4.3851E+04 -1.0686E+05
0000826   7.4114E+04 -4.7548E+04  7.7709E+04
0000827   9.5752E+04  6.6180E+04 -6.2513E+04
0000828   2.5487E+05  9.6114E+04 -2.8028E+04
0000829   1.7232E+05 -2.3127E+04 -8.0787E+04
0000830   3.4458E+05  3.3723E+04  7.2389E+04
0000831   3.0990E+05 -7.4353E+04 -1.8117E+04
0000832   2.5177E+05 -8.6014E+03 -2.2780E+04
0000833   4.4317E+05  1.2653E+05 -1.6431E+05
0000834   2.2693E+05  1.0413E+05  4.7981E+04
0000835   1.8570E+05 -7.6290E+04 -5.2694E+04
0000836   1.3308E+05 -1.2469E+05 -1.0942E+05
0000837   2.1108E+05 -6.4975E+04  3.7226E+04
0000838   2.5599E+05  2.6641E+04  5.0208E+04
0000839   9.5543E+04  7.2013E+04  7.1507E+04
0000840   2.5798E+05 -6.9052E+04 -2.3563E+04
0000841   2.3727E+05  1.2083E+05 -2.3749E+05
0000842   3.1279E+05 -1.0588E+05  1.2433E+05
0000843   6.0776E+05  2.9487E+04  4.3524E+04
0000844   1.3979E+05 -5.5630E+02 -1.3579E+05
0000845   1.8799E+05 -1.3827E+05  9.1663E+04
0000846   3.4247E+05 -6.8793E+04 -2.3282E+04
0000847   2.1422E+05  2.2060E+04  1.4822E+05
0000848   1.6421E+05 -2.5739E+04  1.2419E+05
0000849   4.2930E+05  4.7820E+04  3.1896E+04
0000850   2.8806E+05 -1.6141E+05 -1.5106E+05
0000851   2.9784E+05 -1.5273E+05 -1.0024E+05
0000852   6.3019E+04  2.1954E+04 -1.4579E+05
0000853   2.1301E+05  3.3842E+04 -3.4360E+05
0000854   1.6020E+05  8.9669E+04 -3.5777E+04
0000855   2.3087E+05 -3.2623E+04  7.5464E+04
0000856   3.1542E+05 -1.3688E+05  3.9626E+04
0000857   1.7709E+05 -6.2230E+04 -9.0719E+03
0000858   2.0986E+05  7.3985E+04  1.3332E+05
0000859   1.1308E+05  1.4258E+04 -1.1387E+05
0000860   9.5257E+04 -2.8271E+04 -8.8811E+04
0000861   4.7933E+05 -2.7581E+05 -5.8928E+04
0000862   1.7572E+05  9.5943E+04 -1.2554E+05
0000863   2.5096E+04 -6.5290E+04 -1.7118E+04
0000864   3.9969E+05 -1.1693E+05 -4.0945E+05
0000865   2.5131E+05 -9.4230E+04 -6.9085E+04
0000866   1.0719E+05 -3.4498E+04  4.3684E+04
0000867   3.1379E+05 -7.4591E+03 -3.7256E+04
0000868   2.1833E+05  1.1641E+05 -1.5989E+05
0000869   3.6517E+05  6.2114E+04 -7.5802E+04
0000870   1.6862E+05  1.1550E+05 -1.4308E+04
0000871   3.4344E+05  5.4376E+04  6.8560E+04
0000872   2.2621E+05 -1.3966E+05  1.1165E+04
0000873   3.8872E+05  1.7366E+05  9.0954E+04
0000874   1.0834E+05 -4.9851E+03 -8.3018E+04
0000875   2.7939E+05 -1.9421E+05  1.1585E+05
0000876   4.1352E+05 -1.3744E+05 -6.5159E+04
0000877   3.2223E+05  1.2906E+05  4.7607E+04
0000878   2.7077E+05 -9.0123E+04 -6.6016E+04
0000879   2.5884E+05  1.4745E+05 -1.3727E+05
0000880   2.6382E+05  7.1294E+04 -1.9853E+05
0000881   2.3171E+05  1.1100E+05 -8.9925E+04
0000882   3.9719E+05 -2.1190E+05 -2.2567E+03
0000883   3.0870E+05  1.8129E+05 -9.7424E+04
0000884   2.6617E+05 -2.2128E+05 -1.0714E+02
0000885   7.0142E+04 -5.3016E+03 -2.8337E+04
0000886   2.1162E+05 -1.3577E+05  1.6254E+05
0000887   3.1878E+05  3.8777E+04 -2.5836E+05
0000888   2.7809E+05 -2.3511E+04 -3.1669E+04
0000889   4.4439E+05 -7.4834E+04  2.8290E+05
0000890   2.3003E+05  2.4520E+05 -2.1139E+04
0000891   1.8134E+05  2.2207E+04  6.3342E+02
0000892   6.6990E+04 -5.0267E+04 -4.6590E+03
0000893   2.8373E+05  7.4297E+04  1.5078E+05
0000894   3.0634E+05 -1.7762E+05 -7.4606E+04
0000895   2.8276E+05 -1.7319E+05 -2.8675E+04
0000896   3.7150E+05 -9.0616E+04 -9.9134E+04
0000897   2.8303E+05 -2.3620E+05 -5.0796E+03
0000898   2.6838E+05  1.8130E+04 -4.5387E+04
0000899   4.1841E+05  8.5552E+04  1.2478E+05
0000900   2.0937E+05 -6.4897E+04  5.7102E+04
0000901   3.4834E+05 -1.6693E+05  5.4273E+04
0000902   5.0968E+04  3.9175E+04  6.3820E+04
0000903   3.7289E+05 -1.9175E+05 -1.2739E+05
0000904   8.0726E+04  8.6266E+04  4.5853E+04
0000905   3.5227E+05 -1.5862E+05  1.1725E+05
0000906   2.3378E+05 -2.6386E+04 -2.2264E+05
0000907   4.3101E+05  1.3721E+05 -1.1157E+05
0000908   3.9962E+05 -4.4907E+04  1.3469E+05
0000909   3.3700E+05 -4.5484E+04  3.9789E+04
0000910   1.1199E+05 -1.9500E+05 -2.8292E+05
0000911   3.3467E+05  2.7083E+04 -7.4756E+04
0000912   2.0779E+05 -1.2864E+05  1.2642E+05
0000913   2.5449E+05 -7.3243E+04  3.5217E+04
0000914   3.1557E+05  2.2626E+05 -4.2367E+04
0000915   4.2564E+05 -2.2189E+04  4.2456E+04
0000916   1.8878E+05 -1.7272E+05  1.3524E+05
0000917   4.1686E+05 -8.8184E+04  1.4984E+05
0000918   6.2504E+05  1.1898E+05 -6.2834E+04
0000919   3.9697E+05  3.2802E+04  1.2291E+05
0000920   1.9615E+05  2.0708E+05 -5.0393E+04
0000921   2.2953E+05  1.2722E+05  1.3793E+05
0000922   2.4248E+05  1.8231E+05 -1.4891E+05
0000923   3.5141E+05 -2.4444E+04 -1.2617E+04
0000924   2.6280E+05 -4.6036E+04 -7.2471E+04
0000925   3.8171E+05 -1.1543E+05  7.4465E+04
0000926   8.8250E+04 -3.2442E+04 -1.9136E+05
0000927   2.6075E+05  6.3612E+04  4.7232E+04
0000928   3.0909E+05 -7.0286E+04 -1.2029E+05
0000929   2.5590E+05  1.9035E+05  9.2933E+04
0000930   2.3868E+05  1.1488E+03  1.5229E+05
0000931   2.8465E+05  1.6536E+05  2.4879E+04
0000932   3.9702E+05  3.4607E+04  2.5154E+05
0000933   1.9554E+05 -1.9618E+05  7.4617E+03
0000934   2.5388E+05 -3.3884E+04 -1.6040E+05
0000935   2.9966E+05 -2.5115E+05  1.9629E+05
0000936   9.9602E+04 -6.7026E+04  4.5495E+04
0000937   2.9997E+05 -1.0346E+05  1.2323E+05
0000938   3.7864E+05 -2.1232E+05  2.0400E+05
0000939   4.0233E+05 -1.2582E+05 -1.7924E+05
0000940   2.7787E+05 -9.3080E+04  8.8888E+04
0000941   2.8197E+05  1.8769E+05  2.0967E+04
0000942   1.9820E+05  3.8253E+04  1.4450E+05
0000943   4.3619E+05  5.5336E+04 -1.1372E+05
0000944   1.9685E+05  4.2911E+04  9.5121E+04
0000945   5.7978E+04  2.7123E+05 -6.8448E+04
0000946   4.5565E+04 -1.1793E+05  5.4212E+04
0000947   3.8109E+05 -1.0063E+05 -2.6010E+04
0000948   2.0240E+05  1.8469E+04  1.3390E+05
0000949   4.0538E+05 -6.8204E+04 -2.0979E+05
0000950   2.2251E+05 -7.8074E+03  7.8473E+04
0000951   4.3837E+05 -2.0414E+05  1.8107E+05
0000952   3.5596E+05 -8.1233E+04 -1.1857E+05
0000953   1.5402E+05  4.9498E+04  2.3508E+05
0000954   3.0321E+05  4.1386E+04  3.3379E+04
0000955   1.7507E+05  1.4143E+04 -5.8732E+04
0000956   2.0226E+05 -2.0854E+04  4.0195E+04
0000957   1.4139E+05 -3.4807E+04 -2.7041E+04
0000958   2.5308E+05 -4.0323E+04  7.7098E+04
0000959   1.4256E+05 -1.1414E+03 -6.9948E+04
0000960   1.0106E+05  4.9887E+02 -6.3852E+03
0000961   6.5457E+05  2.0963E+02 -8.1633E+04
0000962   1.8489E+05 -4.6454E+04  7.5422E+04
0000963   2.7371E+05  4.7577E+04  6.5080E+04
0000964   1.9608E+05 -8.5133E+04  2.3406E+04
0000965   1.9488E+05 -1.0538E+05  7.7070E+04
0000966   1.1077E+05  6.6937E+03  3.7027E+04
0000967   3.4639E+05  7.7748E+03  2.5059E+04
0000968   3.0845E+05 -1.1285E+05  2.2444E+05
0000969   3.0550E+05 -2.8931E+04  1.3179E+04
0000970   9.7390E+04 -1.6551E+04 -6.7721E+04
0000971   2.3822E+05 -2.3929E+05  2.1694E+04
0000972   1.2170E+05  2.4036E+04  4.1706E+03
0000973   2.8322E+05 -1.0436E+05 -1.3869E+05
0000974   5.3085E+04 -9.8417E+03 -2.0899E+04
0000975   2.6439E+05 -7.9775E+04 -1.9937E+05
0000976   4.6610E+05 -1.3236E+05 -9.0288E+04
0000977   3.5244E+05  3.4846E+04  1.6534E+05
0000978   2.2211E+05 -2.6091E+04 -3.1613E+04
0000979   2.5168E+05  6.3269E+04 -1.9499E+04
0000980   2.0895E+05  8.5288E+03  5.9561E+04
0000981   9.3160E+04 -2.4181E+04 -5.4775E+04
0000982   2.5063E+05 -9.0776E+04 -4.3752E+04
0000983   1.2540E+05 -9.9205E+04  5.1564E+04
0000984   1.2152E+05 -9.9635E+04 -2.9514E+04
0000985   2.7201E+05 -9.3983E+04 -3.6695E+03
0000986   3.7316E+05 -1.3138E+05  9.1744E+04
0000987   1.5733E+05 -9.2108E+04 -3.1948E+04
0000988   2.9887E+05  4.4374E+04 -8.2891E+04
0000989   4.2208E+05  3.4236E+05  1.1762E+05
0000990   2.3807E+05 -2.5550E+04 -7.6527E+04
0000991   2.9886E+05  1.1079E+05  1.0087E+05
0000992   7.2088E+04 -1.1338E+05  1.2361E+05
0000993   4.1552E+05  8.4565E+04  1.0896E+05
0000994   3.5659E+05 -1.0417E+04 -1.9225E+05
0000995   3.3904E+05 -1.3492E+04 -6.2738E+04
0000996   2.3019E+05 -1.4523E+05  8.6102E+04
0000997   2.0166E+05 -5.9382E+04  6.3735E+04
0000998   2.8747E+05 -5.0165E+04  1.5510E+05
0000999   1.6168E+05 -2.0095E+03  1.0325E+05
0001000   5.6804E+05  4.3717E+05  2.3350E+05
