============================== SRIM-2013.00 ==============================
==============================================================================
====== SRIM Outputs\RANGE_3D.txt : File of Final Ion Positions =====

Ion = Ar (18)   Ion Mass= 039.9620
Energy  = 1526418.E-04 keV
Ion Angle to Surface = 00.0 degrees
==================== TARGET =======================
  Layer # 1 - Layer 1
  Layer # 1 - Bottom Depth=500000.E+02 A
  Layer # 1 - Density =0000.0054 g/cm3
  Layer # 1 -  100 % of Ar
様様様様様様様様様様様様様様様様様様様様様様様様様様
                                            
Ion       Depth  X   Lateral Y   Lateral Z  
Number    (Angstrom) (Angstrom)  (Angstrom) 
-------  ----------- ----------- -----------
0000001   1.1407E+06  6.7048E+05 -1.1461E+05
0000002   7.3595E+05  1.4472E+05 -1.3021E+05
0000003   9.1293E+05  4.2603E+04 -1.1318E+05
0000004   1.7999E+06  1.0689E+05  2.4848E+05
0000005   8.5029E+05  2.6124E+05 -8.6504E+05
0000006   7.0091E+05 -1.1880E+06  4.8929E+04
0000007   3.7744E+05  3.2910E+05  5.1093E+03
0000008   5.3537E+05  7.0358E+04  4.4790E+05
0000009   7.2841E+05 -2.7386E+05 -3.3433E+05
0000010   6.1225E+05 -1.4167E+05 -5.6324E+04
0000011   8.6081E+05  2.4184E+05 -2.0398E+05
0000012   1.2576E+06  8.8220E+05 -6.9454E+05
0000013   9.0941E+05  8.3175E+04 -1.1314E+05
0000014   9.8679E+05 -4.1623E+05 -1.7416E+05
0000015   1.2445E+06  9.7948E+04  3.9013E+05
0000016   1.0102E+06  7.5386E+05  6.1853E+05
0000017   6.8017E+05  1.8571E+05  6.4189E+05
0000018   1.2004E+06  4.5665E+05  5.2571E+05
0000019   1.4006E+06  5.2453E+05  5.7106E+05
0000020   3.2169E+04 -6.7569E+04  1.7014E+05
0000021   1.1115E+06 -2.7183E+05  7.8347E+04
0000022   1.3638E+06 -1.5648E+05  1.5891E+05
0000023   1.4372E+06 -1.9843E+05 -5.0512E+05
0000024   5.1199E+05  3.9100E+05 -2.6157E+04
0000025   1.2145E+06 -4.2115E+05 -2.2167E+05
0000026   1.2020E+06 -2.1054E+05  1.2473E+05
0000027   1.2503E+06 -6.6448E+05  7.2859E+05
0000028   6.7110E+05 -4.1497E+05  5.6268E+05
0000029   1.6082E+06 -2.4217E+05 -7.5263E+05
0000030   1.1377E+06 -2.1341E+05  7.1810E+05
0000031   1.8657E+06  3.6349E+05 -3.7702E+05
0000032   1.5603E+06 -2.8790E+05 -5.2494E+05
0000033   1.1863E+06 -2.0507E+05 -3.6097E+05
0000034   1.1330E+06  9.7792E+04  3.5506E+05
0000035   7.7014E+05 -3.8363E+05  3.6139E+04
0000036   1.3068E+06  4.5935E+05 -1.0588E+05
0000037   1.1290E+06  2.8876E+05 -2.2331E+05
0000038   1.2204E+06  2.2697E+05  2.8815E+05
0000039   5.0344E+05 -2.1113E+05  3.3107E+05
0000040   7.3981E+05  3.3638E+05 -4.5400E+03
0000041   8.7252E+05  8.9336E+04 -5.1698E+05
0000042   1.3718E+06 -3.5126E+05  2.6294E+05
0000043   1.1145E+06  6.9667E+05 -4.3108E+05
0000044   6.8139E+05 -9.2208E+05  2.0467E+05
0000045   1.2956E+06  4.4359E+05  3.2520E+05
0000046   1.2050E+06 -4.7123E+05 -8.2565E+05
0000047   1.0424E+06  2.5610E+05 -2.6209E+05
0000048   1.3737E+06 -3.6467E+05 -1.3091E+05
0000049   1.8107E+05 -1.6734E+05 -1.4374E+05
0000050   4.2262E+05 -1.3202E+05 -1.3421E+05
0000051   5.1488E+05  4.5034E+05  5.5035E+04
0000052   7.6692E+05  7.5834E+04 -6.5836E+04
0000053   9.0268E+05 -1.6780E+05 -1.5178E+05
0000054   8.1177E+05  1.4755E+05 -1.3022E+05
0000055   1.0849E+06 -2.8555E+04 -1.9471E+05
0000056   1.6479E+06  5.9844E+04 -6.0144E+05
0000057   1.2116E+06  4.1343E+04  1.9822E+05
0000058   1.1537E+06 -1.4998E+05 -5.7589E+04
0000059   7.6391E+05  1.7766E+05 -4.6746E+05
0000060   9.0846E+05  2.5189E+05  5.2447E+04
0000061   9.1961E+05  8.4103E+04 -4.9969E+05
0000062   1.2330E+06 -3.1455E+05  1.6415E+05
0000063   2.5342E+05 -1.6727E+05 -5.5638E+04
0000064   1.7785E+06 -3.7931E+05  5.4574E+03
0000065   1.4857E+06  3.8985E+04 -1.9793E+05
0000067   1.9241E+06  1.4015E+05 -2.1943E+05
0000068   6.7857E+05 -2.3275E+05  6.5362E+05
0000069   1.3267E+06  3.4362E+05  1.1515E+04
0000070   9.9734E+05 -4.3347E+05  7.6300E+05
0000071   1.5593E+06 -2.2972E+05  3.0029E+05
0000072   8.4525E+05  7.8755E+05 -4.5308E+05
0000073   8.7651E+05 -4.0575E+05 -3.2621E+05
0000074   1.1037E+06 -1.6883E+05 -6.6359E+05
0000075   5.3944E+05 -3.7514E+05  1.0412E+05
0000076   1.4981E+06  1.5018E+04  5.8353E+05
0000077   9.7795E+05 -5.1057E+05  3.6093E+05
0000078   9.4521E+05 -1.9080E+05  2.3203E+05
0000079   1.6822E+06  1.2671E+04  7.6384E+04
0000080   6.9413E+05 -4.4204E+05  2.9059E+04
0000081   9.3331E+05  8.1889E+05  6.6815E+04
0000082   5.2099E+05  1.3976E+05  1.1584E+05
0000083   1.0161E+06  4.7786E+05  1.0436E+05
0000084   1.6468E+06 -1.8691E+05  7.3927E+05
0000085   1.4474E+06 -7.9092E+04 -7.0022E+05
0000086   1.2787E+06 -7.2415E+05 -2.4336E+05
0000087   4.4338E+05 -2.3626E+04  2.2355E+05
0000088   1.2379E+06 -4.1861E+05  5.6904E+05
0000089   4.8040E+05 -5.8550E+05  1.7421E+05
0000090   9.6920E+05 -4.9872E+05  4.6550E+04
0000091   7.0421E+05 -2.4996E+05  1.5040E+05
0000092   6.1460E+05  4.2868E+05  5.4493E+04
0000093   1.2335E+06  7.2982E+05  9.8270E+04
0000094   2.0952E+05 -5.4609E+05 -9.8653E+04
0000095   5.5411E+05  2.2341E+05 -1.0825E+05
0000096   9.4984E+05 -3.7495E+04  2.4454E+05
0000097   8.9136E+05  4.5010E+05  2.8860E+05
0000098   1.0985E+06 -2.9800E+04 -3.8940E+04
0000099   1.3611E+06 -1.3289E+05  2.4197E+05
0000100   1.0989E+06  6.2721E+05 -8.6400E+04
0000101   5.7027E+05 -6.8065E+05  3.1271E+05
0000102   6.7282E+05  7.7165E+05 -3.9600E+04
0000103   1.5632E+06  2.4611E+05  6.6200E+05
0000104   8.7246E+05 -1.1382E+05  3.4378E+04
0000105   4.7710E+05 -1.2109E+04  7.8170E+04
0000106   1.1868E+06  7.3390E+05 -1.5989E+04
0000107   8.1832E+05 -1.6545E+05 -2.9385E+05
0000108   1.6312E+06  7.5787E+04 -1.0478E+05
0000109   8.7092E+05 -4.6962E+05 -4.6482E+05
0000110   6.1923E+05  2.7567E+04  1.5976E+04
0000111   8.9167E+05 -7.0045E+04 -5.8540E+05
0000112   1.1154E+06  2.3511E+05 -2.3633E+05
0000113   1.3180E+06  3.0614E+05  2.2581E+05
0000114   5.6759E+05 -4.4617E+04 -1.0932E+05
0000115   8.7500E+05 -1.2466E+05 -1.3948E+05
0000116   1.9086E+06  1.1548E+06  4.1538E+05
0000117   1.2833E+06  8.3339E+05  2.3755E+05
0000118   1.0860E+06  1.4742E+05  1.0927E+04
0000119   7.3143E+05  1.9675E+05  1.5860E+04
0000120   1.3584E+06  1.3538E+05  2.7827E+05
0000121   7.6468E+05  8.7231E+04  8.8546E+04
0000122   9.4547E+05 -1.2593E+05 -4.4292E+05
0000123   1.2244E+06 -7.3420E+04  6.0077E+05
0000124   2.2288E+05 -2.1719E+04 -1.1287E+05
0000125   1.1664E+06 -1.7086E+05 -5.1413E+04
0000126   1.1776E+06 -6.0400E+04  1.4251E+05
0000127   1.5233E+05 -8.4239E+04 -2.2916E+04
0000128   1.2075E+06  5.1148E+05  1.8026E+04
0000129   8.3491E+05 -1.4667E+05  5.5161E+04
0000130   9.6037E+05  1.6086E+05 -2.5149E+05
0000131   9.0932E+05  7.3329E+04  5.5279E+05
0000132   1.0135E+06 -2.8877E+05 -1.8875E+05
0000133   9.9568E+05 -5.9488E+05 -1.7540E+05
0000134   1.3603E+06  6.1212E+04 -4.8445E+05
0000135   9.2520E+05 -1.8621E+05  3.0150E+05
0000136   1.1336E+06 -1.2101E+05 -2.7959E+04
0000137   1.0834E+06  1.8898E+05 -6.3257E+05
0000138   8.5167E+05  2.0020E+05  4.7895E+05
0000139   9.0018E+05  1.4687E+04 -1.0668E+05
0000140   6.0101E+05  1.2513E+05 -6.8626E+05
0000141   1.2081E+06  2.9935E+04 -2.1413E+05
0000142   4.9382E+05  1.5044E+05  5.4227E+04
0000143   1.2994E+06 -1.8507E+04  2.3571E+05
0000144   8.9018E+05  1.3243E+04 -4.5067E+04
0000145   4.8288E+05  4.4560E+05 -1.3594E+05
0000146   1.0904E+06  1.1729E+05 -6.9339E+05
0000148   5.7917E+05 -7.0154E+05 -1.0181E+05
0000149   9.7947E+05  2.0815E+05  4.4381E+05
0000150   1.2247E+06 -1.6979E+05  5.9726E+05
0000151   1.2958E+06 -1.1435E+03 -2.7947E+05
0000152   1.4959E+06  2.0897E+05 -6.1574E+05
0000153   1.1725E+06  6.7518E+05 -6.4818E+05
0000154   1.2778E+06 -6.6056E+04 -4.2139E+05
0000155   3.5660E+05  1.6452E+05  1.1143E+05
0000156   9.6625E+05 -4.2489E+05 -4.4017E+04
0000157   7.6653E+05 -3.0081E+05 -1.0284E+05
0000158   1.4933E+06 -2.3481E+05  1.0445E+05
0000159   1.3254E+06  1.6694E+05 -2.3478E+05
0000160   8.1801E+05 -4.0820E+05 -8.6630E+04
0000161   1.0095E+06 -1.5334E+05  2.7021E+05
0000162   1.0522E+06 -1.7777E+05 -3.4583E+05
0000163   6.0512E+05 -1.0958E+05  2.5850E+05
0000164   6.1715E+05  5.9551E+04 -1.3699E+05
0000165   1.3655E+06  3.1819E+05  1.8481E+05
0000166   1.1316E+06  1.2302E+05 -9.7414E+04
0000167   1.1137E+06  3.9650E+05  4.3860E+05
0000168   9.8900E+05 -1.8514E+05  4.0045E+05
0000169   9.5438E+05  3.8275E+05 -1.5690E+05
0000170   6.8971E+05  1.2081E+05 -2.7839E+05
0000171   1.3316E+06  1.0072E+05  1.8351E+05
0000172   9.7870E+05  4.3265E+05  1.4337E+05
0000173   1.8609E+06  4.1169E+05 -2.5056E+05
0000174   6.7124E+05 -1.3894E+05  1.7310E+05
0000175   1.0192E+06 -5.9968E+05 -1.5694E+05
0000176   2.8640E+05  2.2751E+05  6.4966E+05
0000177   1.5439E+06 -2.8360E+05 -3.6827E+05
0000178   1.1259E+06  3.6184E+05 -1.0618E+05
0000179   1.5213E+06  1.8882E+05 -5.7963E+05
0000180   5.9113E+05  2.0819E+05 -7.4371E+01
0000181   8.4948E+05 -3.1535E+05 -4.1540E+05
0000182   9.8643E+05  6.2017E+05  7.8606E+04
0000183   1.6277E+06 -3.1931E+05 -2.7861E+05
0000184   7.9956E+05  3.5532E+05  2.8858E+05
0000185   1.3004E+06  4.7058E+05 -6.9883E+05
0000186   1.1399E+05  3.9109E+03  7.6497E+04
0000187   1.3057E+06  4.9718E+05 -9.6982E+04
0000188   9.2126E+05  1.6413E+05 -3.5709E+05
0000189   1.5147E+06  1.0200E+05  1.6351E+04
0000190   1.1249E+06 -4.8593E+04  1.2305E+05
0000191   5.4883E+05 -9.2023E+04  2.2067E+05
0000192   1.1265E+06  4.8361E+05  5.5090E+05
0000193   1.5040E+06 -8.0573E+04  2.4260E+05
0000194   5.2679E+05  6.4793E+05  1.8908E+05
0000195   8.7493E+05  5.3783E+05 -9.7667E+05
0000196   1.1123E+06  1.9814E+05  5.1269E+05
0000197   9.3664E+05  9.7527E+04 -4.2078E+05
0000198   1.8713E+06 -1.9289E+05  1.8850E+05
0000199   5.5668E+05  2.3411E+05 -7.3676E+04
0000200   1.2371E+06  2.8902E+05  3.1763E+05
0000201   9.6421E+05  2.5950E+05  1.4571E+05
0000202   1.2441E+06 -1.2859E+05 -1.5252E+05
0000203   3.2997E+05 -1.0623E+05  1.5293E+05
0000204   9.8267E+05  2.7182E+05 -2.5006E+05
0000205   4.9458E+05 -1.4684E+05  2.9954E+05
0000206   1.4693E+06 -4.9028E+05 -1.5398E+05
0000207   1.3302E+06 -2.1463E+05  9.2396E+04
0000208   2.0720E+05  1.1686E+05 -8.2890E+04
0000209   1.1413E+06 -2.8733E+05 -3.1987E+05
0000210   9.0307E+05  2.0661E+05 -3.3354E+05
0000211   1.3976E+06 -3.1221E+04  1.2330E+05
0000212   8.3861E+05  8.0342E+04  4.6264E+04
0000213   9.6541E+05  2.1353E+04  7.3169E+05
0000214   1.0366E+06  3.1753E+05 -9.6597E+04
0000215   5.3206E+05  3.2397E+05 -2.4391E+05
0000216   1.2597E+06  8.9202E+04  3.2461E+05
0000217   1.0261E+06 -4.4522E+05  2.6653E+05
0000218   1.6692E+06 -3.3588E+05  2.1236E+05
0000219   5.6155E+05 -4.3494E+05 -1.0366E+05
0000220   9.9477E+05  3.1296E+05  2.7169E+05
0000221   1.5996E+06  2.1921E+05  1.4434E+05
0000222   9.8725E+05  2.3838E+05 -1.1470E+05
0000223   6.3344E+05 -1.5109E+04 -3.2112E+05
0000224   1.2056E+06  2.6981E+05 -6.3526E+05
0000225   7.7702E+05  2.6535E+05  2.9857E+04
0000226   2.0969E+05  3.3783E+05 -2.0420E+05
0000227   9.0420E+05  3.1406E+05 -1.1828E+05
0000228   4.6063E+05 -3.0605E+04 -6.4220E+04
0000229   1.0235E+06  5.7795E+05 -1.8737E+05
0000230   5.0920E+05 -8.6319E+04  6.6713E+04
0000231   5.0838E+05  4.4914E+03  2.7698E+05
0000232   5.5086E+05 -1.7309E+05  2.8000E+04
0000233   5.1797E+05 -2.7076E+05 -5.5373E+05
0000234   1.0487E+06  5.6434E+05 -1.3794E+05
0000235   1.7548E+05 -2.2894E+05  3.6649E+05
0000236   1.0275E+06 -4.9665E+05 -1.2506E+05
0000237   1.2036E+06 -2.2609E+05 -5.5293E+04
0000238   1.2959E+06  1.1102E+05 -5.1272E+04
0000239   6.4999E+05 -2.7301E+05 -1.0664E+05
0000240   1.4136E+06  1.4010E+05 -3.4955E+05
0000241   8.4254E+05  2.8789E+05  3.0913E+05
0000242   1.4217E+06  4.2030E+05 -1.2916E+05
0000243   1.4929E+06  1.3223E+05 -2.6961E+04
0000244   4.9276E+05 -1.3182E+05 -2.2616E+04
0000245   8.5479E+05  3.5868E+05 -4.9690E+05
0000246   1.4981E+06  2.1195E+05 -2.6340E+05
0000247   9.1034E+05  3.1063E+03  4.2187E+05
0000248   9.3423E+05  1.9605E+04  6.1098E+05
0000249   1.2535E+06 -6.2147E+04 -4.2225E+05
0000250   6.4570E+05  1.5174E+05 -2.3838E+05
0000251   1.0469E+06 -6.1003E+05 -3.5678E+05
0000252   1.4516E+06 -5.8689E+04 -4.9075E+05
0000253   7.2267E+05 -9.4551E+05  8.7347E+05
0000254   4.7112E+05  3.5187E+04  1.1517E+05
0000255   9.2181E+05  2.7356E+05 -6.6842E+04
0000256   4.5983E+05 -3.1126E+05  2.0700E+04
0000257   1.1257E+06  3.9998E+04  4.2805E+05
0000258   4.0963E+05 -1.8609E+05 -9.0537E+04
0000259   1.2367E+06 -9.2329E+04  6.0983E+05
0000260   1.3975E+06  1.5473E+05  9.7602E+04
0000261   1.2079E+06  7.6251E+05  3.1040E+05
0000262   9.6827E+05 -2.0482E+05  7.1733E+05
0000263   1.3502E+06  1.7550E+05  8.7416E+04
0000264   8.9465E+05  4.6768E+04 -2.7075E+05
0000265   1.2450E+06 -1.3585E+05 -1.8225E+05
0000266   1.3555E+06 -4.3564E+05 -4.7148E+05
0000267   5.3359E+05  7.3546E+04 -1.4250E+05
0000268   6.8752E+05 -1.1646E+05 -3.3497E+05
0000269   8.3885E+05  6.6118E+05  1.4490E+05
0000270   5.9716E+05 -4.4117E+05 -1.6896E+05
0000271   1.3867E+06  2.8741E+05  8.3871E+04
0000272   1.1311E+06 -2.5782E+05 -1.3070E+05
0000273   3.1787E+05  4.6863E+05  2.1837E+05
0000274   7.3518E+05 -2.1713E+05  6.0392E+05
0000275   5.2254E+05  2.3013E+05 -7.9747E+05
0000276   9.8030E+05  7.4148E+04  3.8851E+05
0000277   1.2917E+06 -1.9993E+05 -2.6697E+05
0000278   1.0027E+06  2.5328E+05 -8.6501E+04
0000279   9.0484E+05 -1.2582E+05  1.8428E+05
0000280   1.0078E+06 -3.7706E+05  4.5611E+05
0000281   8.7615E+05  4.0540E+05  1.3590E+05
0000282   1.2686E+06 -2.1265E+04  2.1514E+05
0000283   1.1386E+06  6.2891E+04 -2.0933E+05
0000284   1.7319E+06 -2.8924E+05 -1.4555E+05
0000285   1.0145E+06 -3.0676E+05  4.9900E+03
0000286   9.6072E+05  1.8000E+05 -2.0735E+05
0000287   6.2452E+05 -2.2293E+05 -4.1781E+05
0000288   6.7013E+05 -3.0818E+05  7.8322E+04
0000289   5.5803E+05  1.2397E+05 -3.3220E+05
0000290   1.1000E+06  2.3762E+05 -1.9096E+05
0000291   7.0390E+05  5.7063E+05  5.4849E+05
0000292   4.8560E+05 -6.7276E+05 -1.8828E+05
0000293   1.5574E+06  6.5804E+04  5.0360E+05
0000294   1.4242E+06 -9.4553E+04 -3.9900E+05
0000295   8.8838E+05  4.7994E+05  5.8959E+05
0000296   5.8784E+05 -4.0322E+05  2.0552E+05
0000297   1.1327E+06 -3.5825E+05  6.5618E+05
0000298   1.1821E+06  2.3218E+05  6.9833E+04
0000299   6.0719E+05  5.2133E+05  3.8129E+05
0000300   9.5322E+05 -4.7989E+05 -2.3878E+05
0000301   1.4873E+06 -3.5384E+04  2.9584E+05
0000302   1.1882E+06  7.7289E+04  2.2457E+04
0000303   1.0129E+06 -4.1655E+05 -4.7706E+05
0000304   9.3208E+05 -6.3324E+05 -3.5845E+05
0000305   9.6110E+05  1.9598E+05  2.2936E+05
0000306   1.0482E+06 -1.0782E+04 -5.9701E+05
0000307   1.1050E+06  4.5245E+05 -1.8613E+05
0000308   5.6441E+05 -2.5604E+05  2.2192E+05
0000309   1.6122E+06 -1.7554E+05 -3.1388E+05
0000310   7.6213E+05  5.5953E+05 -7.9662E+04
0000311   4.8747E+05 -3.0994E+05 -2.6046E+04
0000312   9.1994E+05 -2.5120E+05  7.0131E+04
0000313   8.6527E+05  4.3269E+05  3.7010E+05
0000314   1.5323E+06  3.1970E+05  1.3804E+05
0000315   1.3318E+06  3.7404E+05 -2.3602E+05
0000316   1.3633E+06  7.2498E+04 -7.0962E+05
0000317   6.1850E+05  7.7804E+05  5.5567E+05
0000318   1.4780E+06 -3.5601E+05 -4.1342E+04
0000319   9.1133E+05 -1.0562E+04 -1.9111E+05
0000320   5.7370E+05  1.3958E+05  6.3620E+04
0000321   8.3770E+05  6.7293E+05 -2.5148E+04
0000322   1.7101E+06  5.1446E+05  2.8402E+05
0000323   7.9406E+05 -5.0769E+04 -4.3680E+05
0000324   1.0217E+06  7.8792E+05  1.9631E+05
0000325   5.2949E+05 -3.9334E+05  2.2205E+05
0000326   3.9233E+05 -2.4379E+05  1.9768E+05
0000327   9.9980E+05  5.1077E+05 -3.7305E+05
0000328   1.3135E+06  2.5559E+05  4.3423E+05
0000329   9.4355E+05 -1.2789E+05  5.0679E+05
0000330   8.0691E+05  4.1263E+05  1.1402E+04
0000331   5.6410E+05 -1.2568E+05 -1.5406E+05
0000332   1.0819E+06 -6.1476E+03  3.7897E+05
0000333   1.1069E+06 -3.2183E+05 -1.0957E+05
0000334   6.9708E+05  6.6833E+04 -2.7635E+05
0000335   8.7967E+04  9.4220E+03 -4.8259E+04
0000336   1.2595E+06 -5.9543E+05 -2.0126E+05
0000337   3.0883E+05 -9.9348E+04  1.3203E+05
0000338   1.1107E+06  5.7429E+04  2.5766E+05
0000339   6.6669E+05 -3.8508E+05 -5.9980E+05
0000340   6.4907E+05  2.6844E+05  1.6349E+04
0000341   7.1260E+05  2.8163E+05 -2.6643E+05
0000342   1.1463E+06 -4.0426E+05 -1.8181E+05
0000343   7.7724E+05  1.3583E+05  6.0371E+05
0000344   8.3877E+05  4.1491E+05  2.4438E+05
0000345   9.3784E+05  8.3307E+04 -4.5033E+05
0000346   4.6824E+05 -3.4476E+05  2.9350E+05
0000347   1.2353E+06 -2.2903E+05 -4.4347E+05
0000348   4.9410E+05 -6.0816E+05  7.0522E+05
0000349   9.6374E+05  1.5320E+05  3.9353E+05
0000350   3.7451E+05  1.1581E+05 -1.5326E+05
0000351   1.0159E+06  2.1698E+05  6.5074E+04
0000352   7.2125E+05 -1.9674E+05 -7.5886E+04
0000353   6.2679E+05 -4.6345E+05 -2.8613E+05
0000354   8.7266E+05  1.9855E+05 -5.6522E+05
0000355   3.6281E+05 -1.4664E+05  1.7994E+05
0000356   9.8853E+05 -6.0490E+05  8.1961E+05
0000357   1.3519E+06 -2.5056E+05  2.3577E+05
0000358   1.0981E+06 -1.7300E+05  2.8001E+05
0000359   1.2013E+06 -3.8258E+05 -6.8785E+05
0000360   1.2320E+06 -5.4708E+05  5.8916E+03
0000361   9.8684E+05 -1.3811E+05  9.0517E+04
0000362   4.3882E+05 -5.9482E+04 -9.7521E+04
0000363   6.3110E+05  1.7139E+04 -1.9599E+05
0000364   1.1670E+06  5.5621E+04 -1.0030E+05
0000365   9.8844E+05  5.5916E+05  3.5830E+05
0000366   1.5691E+06 -9.0288E+03  5.8597E+04
0000367   7.0592E+05 -5.7318E+05  1.9552E+05
0000368   6.2467E+05  4.5510E+05 -1.8379E+05
0000369   9.6734E+05 -1.1941E+05  2.9273E+05
0000370   1.8343E+06 -1.1930E+05  4.9402E+05
0000371   4.7255E+05 -1.9407E+05  1.8787E+05
0000372   7.9183E+05  5.8028E+05  1.3280E+05
0000373   1.3210E+06 -7.5017E+05  8.3328E+05
0000374   1.3071E+06 -5.2916E+05  6.0534E+05
0000375   7.6087E+05  2.6238E+05  1.1411E+05
0000376   2.4460E+05 -4.6973E+04  4.6274E+05
0000377   1.1759E+06  3.2627E+05  2.2098E+05
0000378   9.0622E+05 -1.1798E+05  4.8578E+05
0000379   1.6593E+06 -5.0893E+05 -1.0800E+05
0000380   1.4886E+06  5.7556E+04  4.7027E+04
0000381   7.9100E+05 -9.5472E+04  6.5305E+04
0000382   4.4050E+05  7.9575E+04 -1.8520E+05
0000383   8.3176E+05  9.4338E+05  5.2371E+05
0000384   1.3390E+06 -9.8543E+04  5.5863E+05
0000385   5.8966E+05  6.6331E+03  1.3624E+04
0000386   9.1264E+05  3.7052E+04  1.2421E+05
0000387   9.4227E+05  5.4924E+04 -4.8154E+05
0000388   6.4102E+05  2.6067E+05  7.8635E+05
0000389   1.2804E+06 -1.0216E+06 -3.0144E+05
0000390   1.4325E+06 -2.8695E+05  2.5810E+05
0000391   6.7892E+05  5.3043E+05 -2.0084E+05
0000392   9.6892E+05 -2.7818E+05  2.4705E+05
0000393   7.0378E+05  2.9410E+05 -1.6023E+05
0000394   6.3805E+05  1.5748E+05  1.4696E+05
0000395   1.1519E+06  7.4072E+04  9.3127E+04
0000396   9.9616E+05  1.9336E+04  5.1818E+05
0000397   6.6086E+05  1.3873E+05  6.1383E+05
0000398   6.3494E+05 -1.3009E+05  1.3381E+05
0000399   1.5113E+06  3.4716E+05 -1.2591E+05
0000400   8.6965E+05 -4.3354E+05  9.2315E+05
0000401   5.2682E+05  1.4982E+05  4.9224E+05
0000402   1.3521E+06 -5.7791E+05 -6.0574E+05
0000403   6.3379E+05  2.0546E+05  1.0976E+05
0000404   7.0074E+05  3.0689E+04 -4.6080E+05
0000405   1.4570E+06  1.1329E+05  4.1040E+05
0000406   1.1112E+06 -1.0171E+05 -2.1886E+04
0000407   5.0697E+05  2.4606E+05  1.8470E+05
0000408   6.3133E+05  1.3012E+05  1.1240E+05
0000409   1.6291E+06  5.4586E+05  3.3125E+04
0000410   1.3395E+06 -3.3476E+05  2.6384E+04
0000411   4.3611E+05 -4.1913E+04 -3.7358E+04
0000412   1.6038E+06 -6.3509E+05 -2.3865E+05
0000413   1.2113E+06  2.6069E+05  2.3851E+05
0000414   1.0680E+06 -1.7419E+05 -1.7661E+05
0000415   3.5303E+05  1.4301E+05 -9.8742E+04
0000416   1.1917E+06 -1.6912E+05 -5.1986E+04
0000417   1.2144E+06  7.9673E+04 -2.6423E+04
0000418   9.9432E+05  3.0423E+05  7.3259E+05
0000419   1.2111E+06  4.7092E+05  1.3928E+05
0000420   2.8822E+05 -2.6750E+05  1.9910E+04
0000421   9.1560E+05  4.7964E+04 -2.9794E+05
0000422   1.5128E+06 -2.2311E+05  5.0517E+05
0000423   5.9516E+05  2.9906E+05 -9.5071E+04
0000424   1.0276E+06  1.0470E+05  1.8348E+05
0000425   1.0440E+06  3.4179E+05  1.5066E+05
0000426   1.3116E+06  5.4788E+05  1.2117E+05
0000427   1.1767E+06  9.0233E+04 -5.2210E+05
0000428   9.9720E+05 -3.2590E+04  2.7618E+05
0000429   6.6679E+05  2.2456E+05 -3.0977E+04
0000430   7.8135E+05  6.1277E+05 -3.0157E+05
0000431   7.2777E+05 -2.2030E+05 -2.5189E+05
0000432   1.1186E+06 -1.5505E+04 -2.0792E+04
0000433   4.6022E+05 -2.1811E+05 -3.5162E+05
0000434   8.3486E+05  4.1325E+05  4.4128E+04
0000435   1.1036E+06 -4.2914E+05  5.9640E+05
0000436   2.7963E+05  1.5398E+05  6.4696E+05
0000437   8.8691E+05  2.2548E+05 -1.9429E+05
0000438   4.1071E+05  2.1932E+05  2.6945E+05
0000439   1.2978E+06 -1.8540E+05  6.3137E+04
0000440   8.0234E+05  1.4792E+05  2.1197E+05
0000441   1.0944E+06 -3.3134E+05 -1.7743E+05
0000442   7.8858E+05 -1.8303E+05 -2.9798E+05
0000443   8.1574E+05  1.5027E+05 -1.5849E+05
0000444   3.9711E+05  3.8289E+05 -6.0878E+05
0000445   1.7831E+06 -4.7118E+05  1.3807E+05
0000446   1.5341E+06  4.3319E+03  6.5663E+05
0000447   1.0537E+06  6.2488E+05  9.4479E+04
0000448   5.2044E+05 -3.5345E+05  6.0487E+05
0000449   1.7990E+06 -1.1773E+04  4.3595E+05
0000450   1.2517E+06 -5.3912E+04  6.0839E+05
0000451   7.7472E+05 -9.3272E+04 -2.0120E+05
0000452   1.1368E+06  1.4927E+05 -1.8576E+05
0000453   1.0865E+06 -2.1889E+05  2.3775E+05
0000454   7.7569E+05  1.9709E+05 -3.5628E+05
0000455   7.0022E+05 -1.3113E+05  1.9755E+05
0000456   1.0907E+06 -4.9827E+05  1.5417E+05
0000457   4.1001E+05 -7.3401E+05  3.5968E+04
0000458   6.7535E+05 -6.3418E+05  5.6394E+05
0000459   9.9206E+05 -1.4518E+05  4.0074E+05
0000460   2.8898E+05  4.2677E+05 -1.1911E+04
0000461   1.2814E+06 -2.4963E+05 -3.4252E+05
0000462   6.7604E+05  4.6771E+05  4.1964E+05
0000463   4.9839E+05 -3.3389E+04 -1.0899E+05
0000464   5.0719E+05 -1.7820E+05 -6.1034E+05
0000465   1.5053E+06 -6.4560E+04  5.2118E+05
0000466   2.0564E+06 -6.3177E+04  3.4291E+05
0000467   1.2981E+06 -3.5236E+04  7.1444E+05
0000468   1.5049E+06 -5.0866E+05  4.9112E+05
0000469   5.4322E+05  5.2773E+05 -4.9736E+03
0000470   8.5003E+05 -6.4269E+04 -1.8281E+05
0000471   3.0049E+05 -4.9724E+05 -1.4430E+05
0000472   1.5346E+06 -2.6837E+04  2.4903E+05
0000473   7.5710E+05  1.8912E+05 -2.5108E+04
0000474   2.1543E+06  2.9527E+05  5.5015E+05
0000475   9.4207E+05  4.5474E+05  2.8093E+04
0000476   2.7925E+05  5.8459E+05  6.2948E+04
0000477   9.2402E+05  5.1475E+04  2.1996E+05
0000478   1.4211E+06  4.2670E+05 -7.0151E+05
0000479   3.2275E+05  5.7835E+04 -4.2548E+04
0000480   1.0701E+06  2.8406E+04 -2.6157E+05
0000481   1.0541E+06  2.3624E+05 -1.5787E+05
0000482   1.2383E+06  4.1994E+04  7.7273E+04
0000483   1.2461E+06 -4.3746E+05 -1.8199E+04
0000484   1.4409E+06  2.4295E+05  4.1033E+05
0000485   1.3254E+06  1.5344E+05 -5.9683E+05
0000486   8.4746E+05 -3.1477E+05  3.5614E+05
0000487   7.0554E+05 -4.1075E+04 -5.9378E+05
0000488   9.9728E+05  4.0025E+05  3.9508E+04
0000489   1.6308E+05 -2.1452E+05 -8.1797E+04
0000490   4.6999E+05  7.9572E+05  2.2142E+05
0000491   5.4627E+05 -2.8353E+05  2.7301E+05
0000492   1.5836E+06  7.3840E+05  3.4455E+05
0000493   1.0359E+06 -5.0977E+05  2.8486E+05
0000494   6.6221E+05 -1.1442E+05  1.6402E+05
0000495   6.8450E+05 -1.4207E+05  8.6721E+04
0000496   4.6517E+05 -4.5742E+05 -5.8407E+05
0000497   1.4438E+06  1.9806E+05  1.5076E+05
0000498   1.6771E+06  6.6346E+05 -2.4336E+05
0000499   1.2328E+06 -6.9715E+04 -3.2059E+05
0000500   6.0303E+05  1.4880E+04  2.7026E+05
0000501   1.7304E+06  4.9677E+04 -4.5855E+05
0000502   6.4278E+05  2.1886E+05 -1.4526E+05
0000503   4.5758E+05  4.9982E+04  3.8994E+05
0000504   5.4654E+05  2.4963E+05 -2.7477E+05
0000505   1.0298E+06 -7.5822E+05 -5.9806E+05
0000506   8.5376E+05 -3.3691E+05 -3.2612E+05
0000507   4.6623E+05 -6.1558E+05 -1.8571E+05
0000508   1.1627E+06 -4.3305E+05  1.4926E+05
0000509   1.5920E+06 -2.9551E+05  7.7037E+05
0000510   7.3515E+05  5.9580E+05  1.0087E+05
0000511   7.2615E+05  8.1892E+04 -1.2470E+04
0000512   8.6282E+05  4.2248E+05  3.1808E+05
0000513   1.1784E+06 -8.4064E+05 -1.7726E+04
0000514   3.0995E+05  8.5534E+04 -1.9200E+05
0000515   1.1930E+06 -5.4770E+05  3.6988E+05
0000516   1.0141E+06 -4.0677E+05 -4.5299E+05
0000517   1.1910E+06  3.8802E+05  3.2533E+05
0000518   1.1445E+06 -1.7394E+05  3.5640E+04
0000519   5.8111E+05  9.4738E+05 -2.9353E+05
0000520   1.2252E+06  2.8755E+05 -7.5756E+05
0000521   5.6233E+05  2.9412E+04 -8.5303E+04
0000522   1.1536E+06 -7.7449E+05  1.4097E+04
0000523   1.0448E+06  1.3248E+05 -1.7820E+05
0000524   1.3380E+06  1.4600E+04 -2.0646E+05
0000525   4.9497E+05 -3.9951E+05  4.5537E+05
0000526   6.2230E+05  1.5450E+05  1.8402E+05
0000527   8.8810E+05 -2.5471E+05 -3.3479E+05
0000528   6.0609E+05  2.3063E+05  6.4086E+04
0000529   8.0968E+05 -5.0327E+04  3.1892E+05
0000530   1.0668E+06  4.5664E+05 -3.8061E+05
0000531   9.5358E+05 -3.8214E+04 -3.7290E+05
0000532   5.5324E+05 -2.8759E+05 -6.4863E+04
0000533   9.2955E+05  5.0788E+05 -7.6080E+05
0000534   6.6869E+05 -5.7418E+05 -2.9692E+05
0000535   1.1136E+06  2.5501E+05 -2.2705E+05
0000536   1.4501E+06 -3.0525E+05 -2.7038E+05
0000537   1.4105E+06 -2.9844E+05  2.0553E+05
0000538   6.9208E+05 -4.0832E+04  3.9121E+05
0000539   1.1933E+06  1.8580E+05 -7.2995E+03
0000540   1.5398E+06 -8.0342E+04 -2.0597E+05
0000541   8.6489E+05  5.8867E+04  2.1473E+05
0000542   9.6520E+05  1.2102E+05  3.5863E+05
0000543   1.3873E+06  2.4005E+05 -8.1024E+04
0000544   1.1905E+06  6.2329E+05  1.2565E+05
0000545   1.6448E+06 -7.0939E+05  2.1405E+05
0000546   1.0418E+06  1.6814E+05 -9.6141E+04
0000547   5.2649E+05  2.1218E+05  1.8987E+05
0000548   1.2566E+06  2.5012E+05 -1.9295E+05
0000549   9.7446E+05 -4.1579E+05  2.2928E+05
0000550   1.6684E+06 -5.1541E+04 -2.0171E+05
0000551   7.5750E+05  3.8021E+05  3.1401E+04
0000552   1.0787E+06 -1.3176E+05 -3.2494E+05
0000553   9.6906E+05 -5.7765E+05 -8.2808E+05
0000554   3.2177E+05  2.9674E+05 -7.2189E+04
0000555   8.5882E+05  1.1109E+05 -1.4316E+05
0000556   1.5439E+06 -1.8965E+05  7.1894E+04
0000557   1.1089E+06 -2.4459E+05 -4.7454E+05
0000558   1.6571E+06  1.1581E+04  2.0645E+05
0000559   1.4404E+06  1.6421E+05  3.6658E+04
0000560   8.1183E+05 -5.0826E+05  1.5973E+05
0000561   1.4289E+06  3.5779E+05 -4.0469E+05
0000562   1.5575E+06 -1.6592E+05 -2.9998E+05
0000563   1.2779E+06 -3.2790E+05 -3.2165E+05
0000564   1.2991E+06 -4.4995E+05 -4.5769E+05
0000565   1.4406E+06 -1.9957E+05 -9.5281E+05
0000566   7.8651E+05 -2.3368E+04 -1.9128E+05
0000567   9.5911E+05 -8.1073E+03  1.4360E+05
0000568   1.0186E+06 -6.7757E+04  3.1372E+05
0000569   1.1192E+06 -2.1853E+05  1.2496E+05
0000570   8.7873E+05 -2.2364E+05  3.0696E+04
0000571   1.0748E+06  3.4977E+05  2.0449E+05
0000572   7.1544E+05 -1.4574E+05  1.4252E+05
0000573   1.4669E+06  8.3742E+04 -2.5886E+05
0000574   2.8397E+05  5.6267E+04 -2.4235E+05
0000575   9.4235E+05 -6.8434E+05  4.7951E+05
0000576   2.7160E+04 -1.4893E+05 -1.2285E+04
0000577   6.0443E+05  6.4564E+05 -1.1658E+05
0000578   1.5031E+06  1.5544E+05 -4.6724E+05
0000579   1.5882E+06 -1.4729E+05  9.8485E+04
0000580   7.8374E+05  2.6003E+05 -8.4507E+04
0000581   1.4985E+06  6.2969E+05  3.5131E+05
0000582   1.3875E+06  4.7721E+04  9.4768E+04
0000583   1.6900E+06 -1.8762E+05  2.7029E+05
0000584   1.1801E+06 -1.4178E+05  7.9196E+04
0000585   1.6871E+06  1.7620E+05 -2.8174E+05
0000586   1.2032E+06 -1.2985E+05  6.1060E+05
0000587   4.0246E+05 -1.0636E+05 -1.3501E+05
0000588   1.2923E+06  1.7805E+05  4.1633E+04
0000589   1.3871E+06 -3.3853E+05 -3.6815E+05
0000590   9.2134E+05 -1.6989E+05  9.0400E+04
0000591   1.0596E+06 -1.6195E+04  3.1455E+05
0000592   1.2693E+06 -1.0989E+05  4.5364E+04
0000593   6.3022E+05  1.3150E+05  2.7473E+05
0000594   1.3735E+06 -2.7829E+05  5.7707E+05
0000595   1.3210E+06 -1.4488E+05  6.1520E+04
0000596   7.3554E+05  4.0672E+05  7.3332E+03
0000597   1.2047E+06 -4.0641E+05 -1.7832E+05
0000598   1.2398E+06  5.7894E+02 -7.5668E+05
0000599   6.6623E+05  3.8247E+05  2.0538E+05
0000600   5.0343E+05  8.8610E+04 -2.9777E+05
0000601   1.1905E+06  5.4551E+05 -3.1860E+05
0000602   1.3289E+06 -1.3636E+05  8.8703E+03
0000603   1.0352E+06 -8.0799E+04 -8.1127E+04
0000604   8.1022E+05 -4.6541E+05  1.1368E+05
0000605   1.2652E+06  7.8456E+05  2.1705E+05
0000606   8.3038E+05  3.4211E+05 -2.8739E+05
0000607   1.3494E+06  6.7341E+05 -7.0468E+04
0000608   1.1892E+06 -5.3498E+04 -4.2632E+05
0000609   1.4779E+06 -1.9280E+05  2.8022E+05
0000610   1.0627E+06  6.5297E+05 -1.9272E+05
0000611   1.5773E+06  3.6577E+05  1.3227E+05
0000612   1.0896E+06 -2.6331E+05  2.3387E+04
0000613   5.2864E+05 -8.3291E+04  1.5165E+05
0000614   4.2289E+05  4.1742E+05  4.8026E+05
0000615   1.6543E+06 -4.9988E+05  6.7125E+05
0000616   9.6447E+05  2.0552E+05  5.4422E+04
0000617   5.2843E+05  1.5977E+05 -2.4912E+05
0000618   8.4562E+05  1.8216E+05 -3.6331E+05
0000619   1.2943E+06  2.9384E+04 -7.3870E+04
0000620   9.6428E+05 -6.7463E+05 -4.3851E+05
0000621   9.5973E+05 -1.0564E+05 -4.7734E+05
0000622   1.6581E+06 -3.6079E+03  2.7982E+05
0000623   7.6358E+05  2.5595E+05 -1.4280E+05
0000624   1.5896E+06 -1.5919E+05 -4.3736E+04
0000625   6.5378E+05  6.7882E+04  1.5184E+05
0000626   1.1736E+06 -3.2046E+05 -3.3828E+05
0000627   1.7782E+06 -1.0432E+05  3.0336E+05
0000628   1.0256E+06 -3.1047E+05 -7.1678E+05
0000629   3.8862E+05  3.1250E+05 -1.5540E+05
0000630   3.9408E+05  4.7782E+05 -2.6341E+05
0000631   4.3291E+05  3.5672E+04 -6.8416E+05
0000632   7.4809E+05  1.9843E+05  3.1982E+05
0000633   1.2053E+06 -3.6723E+05  2.3636E+05
0000634   1.4493E+06 -3.1295E+05  2.1973E+05
0000635   4.0861E+05  3.6708E+05 -4.2642E+04
0000636   1.6366E+06  2.7978E+05  3.7474E+05
0000637   1.4765E+06  1.2381E+05 -1.8869E+05
0000638   7.8341E+05  2.7493E+05  2.5767E+05
0000639   1.2966E+06 -2.7243E+05  9.3570E+04
0000640   1.3520E+06  3.1649E+05  2.2706E+05
0000641   1.0548E+06 -3.3633E+05  9.7318E+04
0000642   8.4312E+05  1.6328E+05  5.3477E+05
0000643   1.2273E+06 -2.0681E+04  3.7880E+05
0000644   6.7417E+05 -3.6991E+05  2.5898E+05
0000645   9.9220E+05  5.3790E+04  5.8160E+04
0000646   1.4979E+06 -1.3517E+05  1.0053E+05
0000647   1.0216E+06  2.1988E+04 -3.2220E+04
0000648   8.9208E+05 -2.0036E+05 -1.2532E+05
0000649   1.3430E+06 -1.7556E+05 -1.0031E+05
0000650   1.0995E+06 -8.3242E+05  1.2686E+05
0000651   2.0912E+06 -6.0229E+05 -2.8321E+05
0000652   1.3544E+06  9.1599E+04 -4.0053E+05
0000653   1.1849E+06 -1.9948E+05 -7.3029E+04
0000654   8.5111E+05  3.8113E+05 -3.5499E+05
0000655   1.1559E+06 -1.8196E+05  3.6888E+05
0000656   1.1171E+06 -4.3192E+05 -5.6694E+04
0000657   9.8161E+05 -6.2428E+05  1.1710E+05
0000658   1.2479E+06 -2.0933E+05  4.7054E+05
0000659   1.2882E+06 -9.8320E+04  2.1036E+05
0000660   1.1726E+06 -4.9353E+05  3.0112E+05
0000661   9.5719E+05 -6.7249E+05  5.8167E+05
0000662   1.2175E+06  1.6567E+05 -1.3948E+05
0000663   9.2191E+05  6.2737E+05 -2.0106E+05
0000664   3.4669E+05  2.1955E+05 -6.6450E+04
0000665   1.2491E+06 -1.0559E+06  2.0392E+05
0000666   1.0257E+06 -7.7127E+05  3.6520E+05
0000667   1.4012E+06  1.5823E+04 -1.7506E+05
0000668   1.2687E+06  3.2731E+05  2.7073E+05
0000669   4.8128E+05  9.2402E+04 -1.2659E+05
0000670   9.1452E+05  2.1971E+05  3.5232E+05
0000671   8.3561E+05  4.0349E+05 -2.2272E+05
0000672   1.3220E+06 -4.2392E+05 -2.9884E+05
0000673   8.1637E+05 -3.3668E+05 -1.2939E+05
0000674   1.5660E+06  1.6707E+05 -2.0096E+05
0000675   1.1152E+06  3.2558E+05 -4.8207E+05
0000676   7.2762E+05  2.2127E+05  7.1274E+05
0000677   1.0513E+06 -3.1069E+05  2.8850E+05
0000678   1.1844E+06  5.4449E+05 -3.2386E+04
0000679   3.7738E+05 -2.4340E+05 -7.0359E+05
0000680   7.1906E+05 -1.3351E+05 -2.7002E+05
0000681   6.5040E+05  1.3479E+05  8.0921E+05
0000682   1.1782E+06  2.3683E+04 -2.5666E+05
0000683   8.5747E+05 -5.0434E+05 -7.2557E+04
0000684   9.1429E+05  1.0336E+05  4.2803E+05
0000685   1.1897E+06  4.7986E+04  1.0159E+05
0000686   5.7684E+05 -2.7292E+03  1.7964E+05
0000687   7.9841E+05  1.3848E+05  3.2509E+05
0000688   7.0158E+05 -3.2921E+05 -2.5321E+05
0000689   3.0067E+05 -1.5763E+05 -1.1485E+05
0000690   3.8935E+04  3.8713E+04 -3.5795E+04
0000691   2.5480E+05 -1.3548E+04 -8.0787E+04
0000692   1.0250E+06  2.1933E+03 -6.0457E+05
0000693   5.6724E+05 -1.0943E+05 -1.7056E+05
0000694   6.2334E+05 -2.5657E+05  1.6171E+05
0000695   1.3796E+06 -5.4630E+05 -1.4631E+05
0000696   1.0434E+06  5.0733E+05 -1.6650E+05
0000697   2.0591E+05 -3.0688E+04  1.0334E+05
0000698   8.2745E+05 -1.2534E+03  1.2083E+05
0000699   3.2639E+05  1.3397E+05 -1.5586E+05
0000700   1.0385E+05  1.1744E+05 -6.3066E+04
0000701   1.9720E+06 -6.6213E+05 -1.1133E+05
0000702   4.0276E+05 -2.9756E+05 -1.4507E+05
0000703   8.2852E+05 -6.1752E+05  3.1978E+05
0000704   5.1487E+05  3.2596E+05  2.4414E+05
0000705   1.5123E+06 -1.9954E+05  3.1267E+05
0000706   5.4812E+05 -4.2086E+05 -5.8642E+05
0000707   7.6098E+05 -1.4417E+05 -1.8270E+05
0000708   8.1988E+05 -1.4632E+04  3.6056E+05
0000709   1.5510E+06  2.2610E+05  2.8365E+05
0000710   1.5292E+06  3.3065E+05  4.7506E+05
0000711   7.8056E+05 -7.1234E+05 -3.2599E+04
0000712   7.9555E+05  4.0370E+04  4.3361E+05
0000713   1.1223E+06  2.3140E+05  2.4355E+05
0000714   6.0245E+05 -6.5210E+04 -3.8019E+05
0000715   1.0584E+06 -2.9511E+05 -4.5883E+05
0000716   8.9420E+05  7.9052E+04  1.6966E+05
0000717   4.8587E+05 -1.1588E+05 -4.6212E+05
0000718   2.1875E+05  1.0607E+05 -2.0028E+05
0000719   1.5304E+06  1.5236E+05 -6.8530E+04
0000720   7.7111E+05  3.6230E+05  1.3913E+05
0000721   5.6936E+05  2.2104E+05 -3.5804E+05
0000722   2.0107E+06 -2.3739E+05 -1.2653E+04
0000723   1.3193E+06  2.7914E+05 -6.4962E+04
0000724   5.8202E+05 -3.4896E+05 -6.4520E+05
0000725   5.8417E+05  4.2237E+04  1.7561E+05
0000726   1.5946E+06 -3.7920E+05 -5.8941E+05
0000727   1.3809E+06 -1.8835E+05 -3.4416E+05
0000728   2.7840E+05  4.3177E+05 -3.8594E+05
0000729   1.5893E+06  3.4441E+05 -2.1521E+05
0000730   2.2456E+05 -9.4101E+04  4.8831E+05
0000731   3.3294E+05  3.1198E+04  6.0299E+05
0000732   1.2416E+06  7.0597E+04 -2.8607E+05
0000733   5.3720E+05  9.5645E+04  2.6287E+05
0000734   1.3112E+06 -3.5292E+05 -8.2816E+05
0000735   6.7854E+05  7.8566E+05  9.4374E+04
0000736   8.1736E+05  1.0113E+05  6.2642E+05
0000737   7.0765E+05 -3.4603E+05 -7.8161E+04
0000738   8.0284E+05 -5.1089E+05  6.0231E+05
0000739   2.3874E+05  3.1962E+05 -4.4589E+05
0000740   1.4941E+06  2.7003E+05  2.7519E+05
0000741   9.7178E+05 -7.4748E+04  6.0733E+05
0000742   1.1886E+06 -1.8813E+05 -2.2660E+04
0000743   4.3565E+05 -4.9634E+05  6.0268E+05
0000744   1.4781E+06 -2.5886E+05  4.0183E+05
0000745   8.2036E+05 -8.9625E+04  2.9897E+05
0000746   8.7639E+05  5.3022E+04 -3.7369E+05
0000747   7.3855E+05  4.3983E+04 -3.8462E+05
0000748   1.1654E+06  2.5590E+03  5.1426E+04
0000749   1.4601E+06  4.8587E+05 -2.9059E+05
0000750   6.3748E+05 -3.2236E+04 -4.2173E+05
0000751   1.1391E+06  3.5510E+05 -5.7491E+05
0000752   9.5318E+05 -1.1208E+05 -2.3107E+05
0000753   9.4244E+05 -3.5978E+05  1.5641E+05
0000754   9.5503E+05  4.5854E+04  6.7738E+03
0000755   1.4742E+06 -2.3832E+05  1.7826E+05
0000756   3.7123E+05  1.2378E+05  5.4648E+04
0000757   5.0388E+05  1.4631E+05  1.0031E+04
0000758   1.3237E+06  1.0252E+05 -2.9645E+05
0000759   1.6682E+06  5.1372E+05  4.3788E+05
0000760   9.9928E+05 -5.8449E+05  4.3947E+05
0000761   1.1129E+06 -5.2103E+05  3.1516E+04
0000762   7.4135E+05 -4.3341E+05  7.9384E+04
0000763   1.2296E+06 -1.7503E+05 -5.7925E+05
0000764   1.3875E+06 -4.1856E+05 -3.4675E+05
0000765   2.8890E+05 -4.3706E+05  1.7107E+05
0000766   1.1070E+06 -6.7831E+04  3.5934E+04
0000767   8.4876E+05  1.5661E+05  4.3159E+05
0000768   1.0755E+06 -1.2217E+05  2.2936E+05
0000769   8.4193E+05  5.5931E+04  4.8174E+05
0000770   9.0817E+05 -1.9434E+05 -1.0436E+05
0000771   1.1626E+06  9.9519E+04  3.5364E+05
0000772   8.1116E+05  1.7659E+05 -2.1224E+05
0000773   1.1804E+06 -1.3383E+05 -1.9872E+04
0000774   5.6929E+05 -4.8423E+04  8.2884E+04
0000775   8.4623E+05  4.6175E+04 -3.5200E+05
0000776   8.7310E+05 -2.8641E+05 -6.3544E+04
0000777   8.6174E+05  2.0396E+04 -2.6381E+05
0000778   1.2463E+06 -2.9579E+05 -4.1621E+05
0000779   8.4579E+05  5.4507E+05  3.8609E+05
0000780   7.7066E+05 -7.1033E+05  4.3594E+05
0000781   1.4198E+06  9.0666E+05  2.0177E+05
0000782   8.2789E+05  3.0396E+05  4.7042E+04
0000783   1.6029E+06  2.2543E+05  4.1733E+05
0000784   1.2494E+06  5.2060E+05  2.0030E+05
0000785   1.1485E+06  3.3721E+05  1.6764E+05
0000786   8.7446E+05  1.6884E+05  2.4960E+05
0000787   8.2647E+05 -2.9355E+05 -4.7245E+05
0000788   1.6094E+06 -3.8865E+05  1.1978E+05
0000789   8.9172E+05 -4.1370E+05 -4.5567E+05
0000790   5.1652E+05  4.8578E+04  6.4558E+05
0000791   1.1630E+06  3.4900E+05  4.1346E+05
0000792   1.4269E+06  5.5718E+05  3.6674E+05
0000793   5.7234E+05 -6.0038E+03  2.0810E+05
0000794   5.4408E+05  1.8661E+05  7.1050E+04
0000795   1.7681E+06  5.1132E+05 -3.5390E+04
0000796   9.4066E+05 -6.7882E+04  1.3960E+05
0000797   4.0990E+05  1.3766E+04  5.7124E+05
0000798   8.0640E+05  3.9092E+05 -2.3796E+05
0000799   8.2965E+05  1.5181E+05 -4.5468E+05
0000800   1.1252E+06  2.7007E+04 -9.2510E+04
0000801   1.2315E+06 -2.6011E+05 -3.3099E+05
0000802   1.7151E+06 -1.2429E+04 -1.3986E+05
0000803   1.3286E+06  1.0421E+05 -5.7028E+04
0000804   1.3090E+06 -1.3836E+05 -5.9377E+04
0000805   1.3730E+06  2.3834E+05  2.6904E+05
0000806   1.0029E+06 -2.2291E+05  3.6533E+05
0000807   1.5592E+06 -3.2032E+05 -6.6503E+04
0000808   7.3954E+05  1.7304E+05  5.3236E+05
0000809   9.8171E+05 -2.5467E+05  4.0444E+05
0000810   1.0445E+06 -3.7184E+05  3.9388E+05
0000811   4.6666E+05 -8.7074E+04 -1.5420E+04
0000812   1.1603E+06  6.2141E+05 -7.6754E+04
0000813   7.9851E+05  5.3097E+04  1.5809E+05
0000814   5.9552E+05  1.4587E+05 -1.3614E+05
0000815   9.2610E+05 -4.2883E+05  3.0046E+05
0000816   1.0499E+06  4.8714E+05  2.2545E+05
0000817   1.1920E+06 -5.5786E+04  8.0241E+05
0000818   9.6564E+05 -5.4065E+04 -2.6235E+05
0000819   1.2228E+06  3.6223E+05  6.0429E+05
0000820   5.3231E+05 -4.7338E+04 -1.6705E+05
0000821   5.3853E+05 -1.9841E+05  4.6144E+05
0000822   7.6193E+05 -2.5317E+05 -2.4398E+05
0000823   1.5417E+06  3.2184E+05  2.7544E+05
0000824   7.7803E+05  2.6881E+05 -3.6824E+05
0000825   8.8222E+05  4.6036E+04  3.8754E+05
0000826   1.0113E+06 -5.3876E+05 -5.9893E+05
0000827   4.4343E+05  7.2290E+05  5.7839E+05
0000828   9.8135E+05 -1.3828E+05 -1.1553E+05
0000829   1.4769E+06  4.3645E+05 -5.0819E+05
0000830   1.5642E+06 -5.5204E+05  3.2784E+05
0000831   6.9303E+05 -6.3721E+05 -1.0067E+05
0000832   7.7139E+05  7.6484E+04 -3.2749E+05
0000833   9.1487E+05  2.3616E+05 -1.6539E+05
0000834   1.1614E+06  1.0775E+05  3.6266E+05
0000835   9.9451E+05 -8.3863E+04  4.2318E+05
0000836   1.3768E+06  6.0854E+04 -2.5968E+05
0000837   7.0528E+05 -7.2818E+05 -1.2931E+05
0000838   1.4750E+06  3.4942E+05 -2.7870E+05
0000839   8.8755E+05 -4.8517E+05 -4.2387E+05
0000840   1.0038E+06 -1.5392E+05 -2.8102E+05
0000841   4.4444E+05  2.3024E+05 -2.5975E+05
0000842   7.4500E+05  4.3651E+05  1.1576E+05
0000843   9.7893E+05 -9.4558E+04 -1.3490E+05
0000844   6.9403E+05 -5.2739E+05 -3.3940E+05
0000845   1.0676E+06 -2.2886E+04 -6.2813E+05
0000846   1.1453E+06 -4.1360E+05 -2.0227E+05
0000847   1.2510E+06  5.5431E+05 -3.3392E+05
0000848   7.6514E+05  8.2743E+04 -3.1567E+05
0000849   1.7502E+06  3.2468E+05  3.7356E+05
0000850   1.1381E+06  4.6355E+05 -1.2134E+05
0000851   1.4096E+06  8.6080E+04 -5.3234E+05
0000852   8.9439E+05  7.5239E+04 -1.7143E+05
0000853   9.1729E+05 -1.6327E+05  8.8720E+04
0000854   4.0852E+05 -9.3270E+04  5.7139E+04
0000855   1.0596E+06 -6.5411E+04 -3.8991E+05
0000856   1.0581E+06 -3.6787E+05  2.2442E+05
0000857   9.0322E+05  1.3240E+05 -5.9111E+05
0000858   6.0647E+05  1.4275E+05 -2.2577E+05
0000859   1.6066E+06  1.7104E+05 -5.4154E+05
0000860   3.0587E+05 -2.5721E+05  4.0298E+04
0000861   1.1911E+06 -2.4030E+05  5.3156E+05
0000862   5.6577E+05  6.5902E+05 -2.0322E+05
0000863   1.1415E+06  1.7682E+04  8.0722E+05
0000864   1.5324E+06 -3.5369E+05  2.6179E+05
0000865   1.3897E+06 -3.5396E+05 -2.6214E+05
0000866   1.1399E+06  2.6940E+05 -1.4290E+05
0000867   9.8461E+05 -2.0429E+05 -3.9994E+05
0000868   9.3162E+05  4.3744E+05 -2.0791E+05
0000869   1.0031E+06  2.5679E+04 -5.8559E+05
0000870   6.2621E+05  6.0168E+05 -9.7159E+05
0000871   1.0834E+06  4.7745E+05 -5.0647E+05
0000872   1.0294E+06  5.3184E+05  4.5941E+05
0000873   9.0001E+05  1.2426E+05  4.1812E+05
0000874   7.9578E+05  1.7810E+05 -1.4761E+05
0000875   1.3184E+06 -2.1770E+05 -2.1497E+04
0000876   9.8833E+05 -4.3930E+05 -3.1573E+05
0000877   1.4956E+06  9.0836E+04  1.2081E+05
0000878   1.6064E+06 -8.3881E+04 -3.1360E+05
0000879   4.9987E+05 -2.9503E+05  2.1457E+04
0000880   9.2786E+05 -5.7033E+04 -1.9322E+05
0000881   1.1405E+06 -5.1693E+04 -2.7691E+05
0000882   1.0909E+06 -1.0271E+06 -2.2894E+05
0000883   6.7429E+05 -1.9268E+05  1.2002E+06
0000884   8.9407E+05 -4.2407E+05  1.8733E+05
0000885   1.5108E+06  6.3818E+05  5.3759E+05
0000886   8.2724E+05 -1.0587E+04 -1.7219E+04
0000887   1.1490E+06 -2.9224E+05 -7.0498E+04
0000888   6.5469E+05  3.9979E+05 -3.6674E+05
0000889   1.3192E+06 -7.9228E+05  5.8157E+03
0000890   1.5955E+06 -1.1144E+05  2.9867E+05
0000891   6.3602E+05  4.8090E+04  4.0135E+05
0000892   1.9271E+06 -4.6366E+05  1.4104E+05
0000893   1.2047E+06  7.6680E+05 -9.6599E+04
0000894   6.4508E+05 -1.0594E+05  4.8421E+04
0000895   5.3535E+05 -9.3181E+05 -9.5993E+04
0000896   4.6885E+05  1.6073E+05  2.8326E+05
0000897   9.2999E+05  3.4478E+05 -6.6986E+05
0000898   7.5310E+05  2.0663E+04  9.5570E+05
0000899   2.0028E+06 -6.8430E+05 -4.9481E+05
0000900   9.9377E+05 -2.8837E+05  7.2104E+05
0000901   4.4748E+05 -9.4803E+04  1.4232E+05
0000902   2.5837E+05  2.0050E+05 -2.0756E+04
0000903   2.5707E+05  1.4351E+05 -1.9838E+05
0000904   9.3861E+05  3.7798E+04 -1.7890E+05
0000905   8.4136E+05  4.3869E+05 -5.1426E+05
0000906   1.2867E+06 -5.4261E+05  1.3068E+05
0000907   3.0194E+05 -9.4596E+04 -1.7184E+05
0000908   9.5984E+05 -2.3429E+05  2.5213E+05
0000909   7.2805E+05 -7.5122E+04 -2.7157E+05
0000910   9.5753E+05  1.8956E+05 -8.0744E+04
0000911   1.3261E+06  4.7438E+05  7.6042E+04
0000912   1.3561E+06  1.7027E+05 -1.8944E+05
0000913   8.9450E+05 -4.5474E+05  3.1331E+05
0000914   1.0136E+06 -2.1005E+05  2.4970E+05
0000915   9.2197E+05  3.9212E+04  3.1483E+05
0000916   1.4008E+06 -2.7975E+05  3.2207E+05
0000917   6.0664E+05  8.4560E+04 -3.8386E+05
0000918   1.1054E+06 -5.0424E+04  5.1379E+05
0000919   3.3173E+05 -4.8679E+05  9.6895E+04
0000920   8.2018E+05  5.9979E+05  3.1453E+05
0000921   1.3570E+06 -4.9531E+05  4.4506E+05
0000922   3.2719E+05  3.3055E+05  8.3627E+04
0000923   1.0894E+06 -3.7287E+05  3.3320E+05
0000924   8.6171E+05  3.5798E+05  1.9289E+05
0000925   2.3287E+05 -8.2859E+04 -2.9884E+05
0000926   1.4202E+06  6.4519E+05  2.2295E+05
0000927   8.8644E+05 -3.6949E+05 -5.0158E+05
0000928   7.7101E+05  1.6974E+05  2.4625E+05
0000929   3.3417E+05 -3.6228E+05 -3.3987E+05
0000930   1.2333E+05 -1.7048E+05  6.1675E+04
0000931   1.0543E+06 -5.3432E+05 -4.1244E+03
0000932   1.0377E+06  3.0849E+05  2.8541E+05
0000933   5.6496E+05  6.1808E+05  2.0315E+04
0000934   1.2731E+06 -4.5063E+05 -7.4808E+04
0000935   3.4819E+05 -1.5550E+04  9.4850E+04
0000936   1.2650E+06 -3.0268E+05  2.4076E+05
0000937   9.5000E+05  1.2577E+05 -2.0701E+05
0000938   1.5169E+06  1.5466E+05  1.8354E+05
0000939   8.6322E+05 -1.3698E+05 -1.2933E+05
0000940   8.3538E+05 -7.3461E+04 -6.5501E+05
0000941   2.6848E+05  3.0298E+04 -7.7327E+03
0000942   2.9467E+05 -6.3982E+04  4.1230E+05
0000943   9.9496E+05  4.8743E+04  5.2451E+05
0000944   5.1713E+05 -9.5049E+04  3.2292E+05
0000945   1.2806E+06 -1.0216E+05 -4.2098E+05
0000946   1.0757E+06 -3.9230E+05 -2.6788E+05
0000947   1.1980E+06  1.3470E+05 -1.4925E+04
0000948   1.2073E+06 -1.5823E+05  3.0183E+05
0000949   9.5447E+05  3.0983E+03 -3.6639E+05
0000950   1.5141E+06  3.8073E+05  7.6750E+05
0000951   4.1035E+05  4.2297E+04 -6.7180E+04
0000952   1.3930E+06 -3.0147E+04 -3.3296E+05
0000953   9.8289E+05  3.3218E+05 -2.2261E+05
0000954   1.0952E+06  4.2789E+05 -5.3628E+04
0000955   9.9861E+05  4.6197E+05  8.6479E+04
0000956   7.0590E+05 -1.2188E+05 -1.2128E+05
0000957   1.0457E+06  3.0177E+05  4.2603E+04
0000958   7.2360E+05  2.5986E+05  1.6158E+05
0000959   1.1606E+06  6.6950E+05 -6.8845E+04
0000960   4.8844E+05  6.8804E+04  1.7125E+02
0000961   5.2180E+05 -9.1778E+04  3.1058E+05
0000962   1.1211E+06 -2.5706E+05  2.8047E+05
0000963   1.1371E+06  2.6914E+04  5.8522E+05
0000964   1.5776E+06  3.0525E+04  4.2354E+05
0000965   1.1446E+06  1.7705E+05  4.2607E+05
0000966   6.9972E+05 -1.4905E+05  3.5213E+05
0000967   4.6039E+05 -2.3171E+04  4.1917E+04
0000968   1.1000E+06  3.8146E+05  1.0309E+05
0000969   1.2882E+06  2.2360E+04  3.6128E+05
0000970   1.0081E+06 -2.9338E+05 -2.3845E+05
0000971   8.2900E+05  1.0177E+05 -2.3070E+05
0000972   8.7096E+05 -7.1815E+05  1.6057E+05
0000973   2.3355E+05 -1.0152E+05  2.0543E+05
0000974   9.8707E+05  1.2223E+05  4.1386E+05
0000975   1.2690E+06 -4.3388E+05  4.4834E+05
0000976   3.3918E+05  8.9930E+04  3.0178E+04
0000977   1.3491E+06  6.6587E+04  3.6857E+05
0000978   1.5682E+06 -3.4328E+04  1.8950E+04
0000979   6.7796E+05  3.5212E+05  4.5857E+05
0000980   9.4164E+05 -1.0457E+05 -7.4368E+04
0000981   1.2889E+06  3.5456E+05  4.7551E+05
0000982   7.8425E+05 -1.4221E+04  2.0971E+05
0000983   9.5457E+05 -7.8972E+05  1.1323E+05
0000984   5.8721E+05  2.1204E+05  5.9539E+05
0000985   1.0941E+06  5.0437E+05 -3.3195E+05
0000986   8.3903E+05  4.1594E+05  2.6459E+05
0000987   5.4840E+05  2.9001E+05 -1.4693E+05
0000988   1.3133E+06 -8.8244E+05  6.4327E+05
0000989   9.1271E+05  3.9515E+05 -4.9456E+05
0000990   8.2775E+05 -1.9985E+05  4.6960E+05
0000991   6.8008E+05 -4.1395E+05 -1.2790E+05
0000992   1.5424E+06  3.6055E+05  3.8624E+05
0000993   4.8226E+05 -8.0438E+04  4.5714E+04
0000994   6.2661E+05  1.8227E+05  1.2843E+05
0000995   1.6079E+06  4.1127E+05  4.1096E+05
0000996   8.8514E+05  2.2114E+05  7.5782E+04
0000997   1.7320E+06 -1.1600E+05  1.1623E+05
0000998   1.1155E+06 -1.1774E+04  4.2368E+05
0000999   5.5727E+05 -6.3360E+04 -2.0597E+05
0001000   8.1789E+05 -8.8038E+04  3.8571E+04
