============================== SRIM-2013.00 ==============================
==============================================================================
====== SRIM Outputs\RANGE_3D.txt : File of Final Ion Positions =====

Ion = Ar (18)   Ion Mass= 039.9620
Energy  = 2442053.E-04 keV
Ion Angle to Surface = 00.0 degrees
==================== TARGET =======================
  Layer # 1 - Layer 1
  Layer # 1 - Bottom Depth=500000.E+02 A
  Layer # 1 - Density =0000.0054 g/cm3
  Layer # 1 -  100 % of Ar
様様様様様様様様様様様様様様様様様様様様様様様様様様
                                            
Ion       Depth  X   Lateral Y   Lateral Z  
Number    (Angstrom) (Angstrom)  (Angstrom) 
-------  ----------- ----------- -----------
0000001   1.9665E+06  7.3339E+05  5.8326E+05
0000002   1.9061E+06  2.9504E+05  1.1826E+05
0000003   1.9501E+06 -1.3686E+06  3.0802E+04
0000004   2.1219E+06  7.6971E+05  1.1279E+06
0000005   1.3105E+06  7.2250E+04  5.3348E+05
0000006   1.1620E+06 -5.3874E+05 -7.8833E+05
0000007   2.0227E+06 -1.7387E+05 -1.5086E+06
0000008   1.7420E+06  1.0088E+05 -1.8303E+05
0000009   1.1087E+06  2.2181E+05 -4.6200E+05
0000010   8.4116E+05  2.3747E+05  2.9379E+05
0000011   2.8002E+05 -7.3103E+05 -1.7716E+05
0000012   6.3388E+05  5.3014E+05 -3.5878E+05
0000013   1.9709E+06  7.0556E+05 -4.2130E+05
0000014   1.7889E+06 -7.9569E+05 -9.4154E+05
0000015   1.4549E+06 -1.6281E+05  8.2834E+05
0000016   2.1295E+06 -8.5978E+05 -5.4405E+05
0000017   1.7564E+06  2.3900E+05 -2.6018E+05
0000018   1.7226E+06  9.2710E+05 -2.8742E+04
0000019   2.0015E+06 -8.3193E+04 -5.1793E+05
0000020   1.8917E+06 -4.7168E+05 -3.9507E+05
0000021   2.5374E+06 -3.2585E+04 -7.5720E+04
0000022   1.4421E+06  3.7083E+05 -5.9442E+05
0000023   1.4502E+06 -2.9623E+05  4.4454E+05
0000024   2.3478E+06  8.8295E+05  7.6669E+05
0000025   2.4191E+06  2.5402E+05 -1.7735E+05
0000026   1.8176E+06 -5.0532E+05  1.4312E+05
0000027   1.3975E+06 -8.0998E+05  5.1534E+05
0000028   2.3305E+06  1.1601E+05 -3.0614E+05
0000029   1.3887E+06  2.2976E+05 -8.0060E+05
0000030   1.8267E+06  8.6468E+05 -5.7681E+05
0000031   1.7157E+06  1.0198E+06  4.6089E+04
0000032   1.6894E+06 -7.2135E+05 -1.6711E+05
0000033   1.7786E+06  6.5895E+05 -4.2793E+05
0000034   2.2339E+06 -4.6076E+05 -2.6454E+05
0000035   1.6431E+06  7.9879E+05  1.8837E+05
0000036   2.2649E+06  2.6604E+05 -1.1135E+05
0000037   1.1220E+06  3.3550E+05  2.1293E+05
0000038   2.5924E+06  1.3136E+06 -1.4326E+05
0000039   1.0415E+06 -3.4293E+05 -1.1943E+05
0000040   2.0000E+06  2.7150E+03  2.7338E+05
0000041   2.2067E+06 -2.1480E+04 -2.1973E+05
0000042   1.8888E+06 -3.2892E+05  2.5779E+04
0000043   2.0658E+06 -2.5869E+04  4.6639E+05
0000044   1.9332E+06  4.3449E+05 -3.4077E+05
0000045   2.1859E+06 -3.8074E+05  3.0801E+05
0000046   7.5586E+05  1.1264E+05  2.7234E+05
0000047   1.8890E+06  3.5488E+05  1.7012E+05
0000048   1.5628E+06  6.9498E+03 -1.2587E+06
0000049   1.2558E+06 -1.1758E+06  2.2373E+05
0000050   1.3570E+06 -4.4362E+05 -6.4881E+05
0000051   2.5197E+06  2.0195E+04  4.2450E+05
0000052   1.2910E+06 -4.6602E+03  3.4543E+05
0000053   1.7845E+06  8.5764E+03  5.7312E+04
0000054   1.8149E+06  7.7681E+05  1.3680E+06
0000055   2.1915E+06 -6.6165E+05  7.6156E+05
0000057   1.8889E+06 -8.4034E+03 -3.2576E+05
0000058   1.6132E+06 -1.6766E+05 -5.1733E+05
0000059   2.2869E+06 -1.5968E+05 -8.5678E+05
0000060   1.2913E+06  4.7677E+05  6.0499E+05
0000061   1.6345E+06 -3.4154E+05  1.3387E+05
0000062   4.4499E+05  2.3272E+04  5.0474E+04
0000063   2.5702E+06 -5.6913E+05 -7.2212E+05
0000064   6.5813E+05  3.0144E+04 -7.6101E+04
0000065   2.0954E+06  2.8875E+05 -8.2051E+05
0000066   1.5342E+06 -6.7290E+05 -1.8133E+05
0000067   2.0713E+06 -3.0573E+05 -2.0079E+05
0000068   1.3976E+06 -6.4805E+05 -8.1520E+05
0000069   1.3486E+06 -5.8291E+05  4.1578E+05
0000070   1.7516E+06  5.0930E+05  7.6240E+05
0000071   8.9076E+05  9.1891E+05 -2.8294E+04
0000072   1.4470E+06 -3.1053E+05 -2.6107E+05
0000073   8.7231E+05  5.6013E+05  1.2678E+05
0000074   1.2139E+06  2.5866E+05  3.4311E+05
0000075   2.1650E+06 -9.8572E+04  7.1789E+04
0000076   1.7108E+06  3.6003E+05  2.8789E+05
0000077   1.0508E+06 -6.7628E+05 -3.5149E+05
0000078   1.5575E+06  3.5908E+03  8.9627E+05
0000079   8.9021E+05 -1.8387E+05  2.6893E+05
0000080   2.1614E+06 -5.5097E+05  3.3507E+05
0000081   1.8528E+06  8.5038E+05  2.3548E+05
0000082   1.5467E+06  3.7837E+05 -4.8838E+05
0000083   1.7655E+06  2.6337E+05 -2.4625E+05
0000084   1.4918E+06  5.9327E+04  6.5935E+05
0000085   2.0793E+06  3.7460E+05 -3.7170E+04
0000086   1.2682E+06  2.6670E+05  4.8682E+05
0000087   1.2113E+06 -9.5567E+05  3.4807E+04
0000088   2.5384E+06 -3.1420E+05 -1.0101E+06
0000089   1.0040E+06  3.3253E+05 -1.2502E+05
0000090   1.1071E+06 -1.3466E+05 -3.9228E+05
0000091   1.6721E+06 -5.9428E+05  5.2183E+04
0000092   5.1293E+05 -1.7745E+05  5.9381E+05
0000093   2.1362E+06 -1.9281E+05  8.5915E+05
0000094   2.2218E+06 -2.9658E+05  7.7266E+04
0000095   1.6576E+06 -9.3814E+04 -1.3081E+04
0000096   2.2520E+06 -5.3974E+05 -4.3080E+05
0000097   1.2545E+06  4.1064E+05  3.8396E+05
0000098   1.2118E+06  1.1311E+06  3.1144E+05
0000099   1.9805E+06  2.2381E+05  2.6906E+05
0000100   1.8412E+06  2.8511E+05  2.6891E+05
0000101   5.1749E+05 -6.2041E+05  6.0624E+05
0000102   9.8460E+05 -4.8514E+05 -8.4969E+05
0000103   1.8033E+06  3.2464E+05 -9.6185E+05
0000104   1.5459E+06  2.3104E+05 -1.9657E+05
0000105   1.5559E+06  4.8003E+05  3.2140E+05
0000106   1.3180E+06 -5.1739E+05 -4.9075E+05
0000107   2.3616E+06 -3.3358E+05  6.3193E+05
0000108   1.2699E+06 -4.8600E+05 -8.2804E+05
0000109   1.0866E+06  5.4875E+05  5.9640E+05
0000110   1.8198E+06  3.3698E+05 -1.6078E+04
0000111   6.2982E+05 -3.6768E+05  2.9999E+05
0000112   3.0343E+06  5.2759E+05 -3.4472E+05
0000113   1.5151E+06 -7.9621E+05  4.0032E+05
0000114   9.6178E+05 -2.1185E+05  6.9391E+05
0000115   1.7078E+06  2.0853E+05 -1.0717E+06
0000116   1.3699E+06  1.4614E+05  4.0579E+05
0000117   1.2546E+06  1.6901E+04  7.2665E+05
0000118   1.5470E+06 -4.0429E+05  5.2687E+05
0000119   2.0964E+06  2.1578E+05 -5.9598E+05
0000120   1.3852E+06 -2.4803E+05 -6.7362E+04
0000121   7.1483E+05  1.9513E+05 -8.6525E+05
0000122   1.5700E+06  4.9593E+05  9.7289E+04
0000123   1.6527E+06  1.1298E+06 -1.5637E+05
0000124   2.2162E+06  4.3126E+05 -1.8984E+05
0000125   2.5316E+06 -5.8861E+05 -1.6350E+05
0000126   1.1292E+06 -2.1180E+05 -6.4998E+05
0000127   1.1124E+06 -6.2920E+05 -3.3644E+05
0000128   2.0258E+06  7.0613E+05  1.9228E+04
0000129   1.0856E+06 -7.4561E+05  8.5378E+04
0000130   2.1759E+06  1.0570E+06  1.9605E+05
0000131   2.4529E+06 -7.1541E+04  9.8899E+05
0000132   1.1299E+06 -7.1091E+05  3.9021E+05
0000133   1.4276E+06  1.1301E+06  8.9666E+05
0000134   6.4152E+05  3.4509E+05  3.1566E+05
0000135   1.4675E+06 -1.2171E+06 -1.3884E+06
0000136   1.9222E+06  8.4382E+03  2.9626E+05
0000137   1.1048E+06 -8.9385E+05 -4.1715E+05
0000138   1.3239E+06 -6.5293E+05  6.4983E+05
0000139   2.3566E+06 -1.8591E+05 -9.1776E+03
0000140   8.9861E+05  1.7089E+05  5.6279E+05
0000141   1.4617E+06  5.8929E+05  6.1830E+05
0000142   2.0384E+06 -5.5923E+05 -6.0061E+05
0000143   2.2054E+06 -7.3680E+05 -2.6963E+05
0000144   1.9919E+06 -8.1756E+04  2.2348E+05
0000145   1.8639E+06 -7.7851E+05 -4.5682E+05
0000146   2.5334E+06 -3.7988E+04  3.3546E+05
0000147   2.0643E+06  3.5273E+05  4.5053E+05
0000148   1.1755E+06  3.3706E+05 -7.0691E+05
0000149   1.2125E+06  3.8402E+05 -2.4940E+04
0000150   1.9536E+06 -4.8464E+04  5.1807E+05
0000151   1.6255E+06  5.5427E+05  1.5458E+05
0000152   2.0433E+06  6.0465E+05 -3.2369E+05
0000153   2.0465E+06  6.5247E+04  4.3141E+05
0000154   1.1526E+06 -1.4319E+05  3.3971E+04
0000155   7.5805E+05 -9.6970E+05  2.2057E+05
0000156   1.5443E+06  1.2321E+05 -3.0562E+05
0000157   2.1004E+06 -8.6299E+05 -4.2434E+05
0000158   1.9668E+06 -1.7812E+06 -1.4859E+04
0000159   2.0307E+06  3.6342E+05 -1.5186E+05
0000160   2.2577E+06  6.7417E+05  7.3423E+04
0000161   1.8159E+06  2.1174E+05 -5.1558E+05
0000162   1.1011E+06 -2.9974E+05 -1.7107E+05
0000163   1.6650E+06 -5.2548E+05 -1.2093E+05
0000164   2.4594E+06  6.0757E+05  4.8963E+05
0000165   1.6660E+06 -1.4401E+05 -2.7993E+05
0000166   2.1155E+06 -6.7111E+05 -2.6446E+05
0000167   3.1648E+06 -6.2234E+05 -4.0424E+05
0000168   2.0200E+06  6.5950E+05 -1.7007E+05
0000169   1.7860E+06  3.8666E+04  4.1564E+05
0000170   1.2235E+06  2.9892E+05 -1.6064E+05
0000171   1.7315E+06  1.2657E+06 -8.2502E+05
0000172   2.5067E+06 -1.8139E+05 -4.1314E+05
0000173   2.0415E+06 -1.2570E+05 -7.1972E+05
0000174   7.7480E+05  5.0093E+05  1.8108E+05
0000175   7.2731E+05 -1.2261E+05  3.4605E+05
0000176   2.7757E+06  2.2546E+05  7.3415E+05
0000177   1.8038E+06 -6.9458E+05 -8.3548E+04
0000178   7.3309E+05  2.7559E+05  2.8598E+04
0000179   2.0413E+06 -4.6778E+05 -4.4944E+05
0000180   2.1898E+06 -8.6320E+05  6.0506E+05
0000181   1.6886E+06 -6.8554E+05  5.4595E+05
0000182   1.0994E+06 -6.6695E+05 -1.0795E+05
0000183   1.8588E+06 -4.7983E+05  5.5361E+05
0000184   1.6334E+06  9.8328E+05 -6.5060E+05
0000185   1.3577E+06 -9.2000E+04  2.3717E+05
0000186   1.4160E+06  1.1160E+05 -5.7241E+05
0000187   6.7141E+05 -6.3225E+05 -4.3898E+05
0000188   1.4483E+06  5.5892E+05  1.2880E+06
0000189   1.7437E+06  4.3228E+05  8.8382E+04
0000190   1.9887E+06  5.6181E+05 -4.4207E+05
0000191   1.8846E+06  8.3652E+05  9.2748E+05
0000192   4.8644E+05 -1.9949E+05  8.5426E+04
0000193   1.5844E+06 -4.8841E+05  9.0201E+05
0000194   1.9559E+06  1.1689E+06 -1.0681E+06
0000195   7.1147E+05  2.3194E+05 -6.0935E+05
0000196   3.3053E+05 -1.3557E+06  4.3502E+05
0000197   2.6228E+06 -1.5985E+05 -3.2846E+04
0000198   1.9014E+06 -2.4621E+05  6.9918E+05
0000199   1.2460E+06 -8.4959E+05  7.4554E+04
0000200   7.6940E+05 -5.9383E+05 -5.3254E+04
0000201   2.0091E+06  3.0219E+05  6.6706E+05
0000202   1.9551E+06  2.4480E+05 -1.7203E+05
0000203   1.9056E+06  1.5509E+05 -2.4809E+04
0000204   7.7289E+05  1.9064E+05 -4.8080E+05
0000205   2.1149E+06  2.7553E+05  8.5107E+05
0000206   5.5341E+05  1.1069E+06  6.0092E+05
0000207   1.9080E+06 -2.7939E+05 -9.4240E+05
0000208   1.0025E+06 -9.3652E+05  4.7900E+04
0000209   1.4716E+06 -2.0233E+05 -4.0427E+05
0000210   1.4664E+06  2.0758E+05 -7.2169E+05
0000211   1.1338E+06 -3.9908E+05 -1.8891E+05
0000212   2.3322E+05 -2.6617E+05  4.7992E+05
0000213   1.0517E+06  4.5675E+05 -4.4384E+05
0000214   1.9621E+06 -1.1875E+05  1.1117E+06
0000215   1.9558E+06  6.6987E+05 -5.7079E+05
0000216   1.9620E+06 -4.8763E+05 -4.8878E+05
0000217   7.2904E+05  7.2650E+05 -3.7683E+05
0000218   1.5980E+06  1.4844E+06  2.3865E+05
0000219   1.1068E+06  3.3577E+05  6.0088E+05
0000220   1.5308E+06  1.2518E+06 -7.1550E+05
0000221   7.6416E+05  1.5729E+05  1.4343E+05
0000222   2.4336E+06 -8.3159E+05 -4.1295E+05
0000223   2.2441E+06  1.2467E+05 -2.9684E+05
0000224   1.7014E+06  9.7813E+04  1.8697E+05
0000225   2.0729E+06  3.2534E+05 -4.6080E+04
0000226   1.8037E+06 -1.6769E+05  1.0498E+06
0000227   2.0133E+06 -5.2333E+05 -6.6267E+05
0000228   2.4340E+06  2.6085E+05 -2.7784E+05
0000229   1.3999E+06 -6.3661E+05  1.9233E+05
0000230   2.4161E+06 -8.3418E+05  2.0680E+05
0000231   1.7969E+06  4.3772E+04  9.0588E+05
0000232   1.0027E+06  3.3860E+05  8.4502E+05
0000233   2.6011E+04 -1.1302E+03 -2.8895E+05
0000234   1.4383E+06  8.6689E+05  2.8287E+05
0000235   5.8097E+05  6.6655E+05  5.1251E+05
0000236   1.5208E+06  7.5010E+04  7.3560E+05
0000237   1.5860E+06 -1.7234E+05 -1.2344E+05
0000238   2.0188E+06 -5.4908E+05 -5.9003E+05
0000239   1.7591E+06  3.0368E+05  9.4940E+05
0000240   2.1301E+06 -7.1834E+05 -9.8691E+05
0000241   1.1031E+06  1.3723E+06  3.1613E+05
0000242   5.5751E+05 -1.0012E+06  7.1021E+05
0000243   1.5537E+06  7.5126E+05 -7.0356E+05
0000244   1.5057E+06 -3.6060E+05 -5.6778E+05
0000245   1.8658E+06  3.0792E+05 -1.2489E+06
0000246   1.6526E+06 -7.5787E+05  3.7923E+05
0000247   2.5015E+06 -3.6415E+05 -5.2109E+05
0000248   1.0077E+06 -5.1159E+04 -1.9091E+05
0000249   2.1399E+06  1.3776E+05 -1.2303E+06
0000250   2.1422E+06 -5.8748E+05 -5.2286E+05
0000251   8.1295E+05  2.6946E+05 -6.6929E+05
0000252   1.5356E+06  7.1148E+05  8.8226E+05
0000253   1.5819E+06 -1.1609E+05  4.7803E+05
0000254   2.2782E+06  4.3136E+05  6.4514E+05
0000255   1.9083E+06  5.3494E+05 -2.1971E+05
0000256   1.0625E+06 -1.3813E+04  4.4364E+05
0000257   1.1535E+06 -5.5116E+05  9.1910E+05
0000258   1.8747E+06  6.2638E+04 -3.2175E+05
0000259   1.7521E+06  2.1756E+05 -1.4037E+05
0000260   2.0224E+06 -1.5768E+05  2.5368E+05
0000261   1.8467E+06  1.7689E+05 -1.0711E+05
0000262   1.6381E+06 -2.1296E+05  3.1819E+05
0000263   1.3399E+06 -8.2411E+04 -2.2605E+05
0000264   1.1624E+06 -5.3806E+04 -4.5922E+04
0000265   1.4291E+06  2.5119E+05 -1.3895E+05
0000266   2.3172E+06  5.0104E+04 -5.2664E+05
0000267   1.7693E+06 -6.7116E+04 -8.0154E+05
0000268   2.0582E+06 -1.9108E+05  9.1493E+05
0000269   2.2405E+06  1.1873E+05 -8.1633E+05
0000270   1.2500E+06 -1.6090E+05 -1.0722E+06
0000271   2.2670E+06  1.3897E+06  4.1959E+04
0000272   2.3192E+06  2.6966E+05  8.9311E+05
0000273   1.2601E+06  3.1429E+05  2.4569E+05
0000274   1.4555E+06  3.4848E+05 -3.3240E+05
0000275   1.5841E+06 -1.0469E+06  3.0604E+04
0000276   2.1641E+06 -4.3955E+05  4.5336E+05
0000278   1.2864E+06 -2.3733E+04 -5.5219E+05
0000279   1.1378E+06 -5.9180E+05  6.6939E+04
0000280   8.8597E+05 -1.4411E+05 -8.7542E+04
0000281   6.2723E+05  4.4754E+05 -4.3665E+05
0000282   1.2312E+06 -4.3436E+05  6.0118E+05
0000283   1.2175E+06  7.1579E+05  1.1969E+06
0000284   2.3998E+06  1.9516E+05  9.3805E+04
0000285   2.7049E+06  2.7755E+05  7.8883E+05
0000286   1.5078E+06 -3.5744E+05 -4.0225E+05
0000287   2.3780E+06 -1.8069E+05  7.0708E+04
0000288   1.4537E+06  4.6504E+05  1.2879E+05
0000289   1.0346E+06 -5.7868E+04 -7.9638E+05
0000290   1.4533E+06 -1.1858E+06  2.4024E+05
0000291   1.7945E+06  2.5446E+05  5.6244E+05
0000292   2.1100E+06  2.5614E+05 -5.1348E+05
0000293   1.3040E+06 -8.1010E+05 -6.2696E+05
0000294   1.9115E+06  2.1181E+05  5.8641E+05
0000295   2.7580E+06  3.4427E+05 -7.0026E+05
0000296   2.3067E+06  8.9530E+04 -2.0674E+05
0000297   2.6582E+06  1.1157E+06  6.5119E+05
0000298   1.1650E+06 -5.0449E+05 -2.6310E+05
0000299   2.3720E+06 -3.0823E+05  1.1669E+05
0000300   2.0966E+06 -1.0250E+06  5.0629E+05
0000301   4.9683E+05  2.3515E+05 -2.7042E+05
0000302   5.5244E+05  3.0151E+05  2.3742E+05
0000303   2.3522E+06 -2.7350E+05  6.2124E+05
0000304   1.6603E+06 -3.1511E+05 -4.7356E+05
0000305   2.2565E+06 -2.6466E+05  6.6938E+05
0000306   9.2192E+05  1.9817E+05 -6.2211E+04
0000307   7.4650E+05  3.1121E+05  9.3873E+04
0000308   1.3640E+06 -7.7477E+05  2.4574E+05
0000309   2.4671E+06 -4.6113E+05 -2.1991E+05
0000310   1.8978E+06  5.3177E+05  5.9276E+05
0000311   1.7856E+06 -6.3897E+05  7.3351E+05
0000312   9.5403E+05  1.6778E+05  6.8668E+04
0000313   7.0235E+05 -9.9203E+04 -1.5292E+05
0000314   8.7863E+05 -5.2814E+05  2.2453E+05
0000315   1.1755E+06 -4.8829E+05  2.3226E+05
0000316   1.8116E+06  1.1688E+05 -7.3237E+05
0000317   1.1694E+06 -6.0885E+05  1.5320E+06
0000318   1.0913E+06  1.9023E+05  2.5263E+05
0000319   2.4407E+06  3.5732E+05 -8.3465E+04
0000320   1.6772E+06 -2.8270E+04 -4.4326E+05
0000321   1.1741E+06 -4.9761E+05  1.2225E+05
0000322   1.1267E+06 -6.3770E+04  3.8138E+03
0000323   1.6575E+06  7.6049E+05 -5.7972E+05
0000324   2.6092E+06  6.1028E+05  7.7009E+04
0000325   2.0178E+06 -2.0095E+05 -2.1418E+03
0000326   1.6736E+06 -7.5593E+04  1.6447E+05
0000327   2.0975E+06  7.7302E+05  6.5201E+05
0000328   2.1029E+06  9.0600E+04  6.8121E+04
0000329   6.6529E+05  8.0968E+05  2.3742E+05
0000330   1.2671E+06  1.1627E+05 -2.8987E+05
0000331   4.1090E+05  1.6552E+05 -3.1865E+04
0000332   1.9016E+06  6.6372E+05 -5.6352E+05
0000333   1.5796E+06 -4.1826E+05  5.3528E+05
0000334   1.6559E+06 -4.1901E+05  9.4048E+05
0000335   2.5517E+06 -3.6165E+05  1.0900E+05
0000336   1.1280E+06  3.8675E+05 -3.5522E+05
0000337   1.8376E+06  5.6099E+05  4.1157E+05
0000338   4.4296E+05  1.3421E+05  2.4904E+05
0000339   3.0412E+06 -5.7829E+05  5.1880E+05
0000340   1.0875E+06  3.1397E+05  7.1373E+05
0000341   5.9760E+05  8.1673E+04 -4.1666E+05
0000342   1.6523E+06 -6.2397E+05  6.3780E+05
0000343   1.6258E+06 -1.5121E+05 -5.8255E+05
0000344   1.8924E+06  3.2339E+05  2.0848E+05
0000345   8.8550E+05 -7.9244E+04  7.5746E+04
0000346   1.8216E+06 -5.3244E+05  1.1097E+06
0000347   9.7523E+05  3.0413E+05  4.0256E+05
0000348   1.8670E+06  5.7328E+05  1.1616E+05
0000349   1.0604E+06  7.5002E+05 -3.1187E+05
0000350   1.5880E+06 -5.7450E+05 -2.4726E+05
0000351   1.6737E+06  2.6995E+05  2.4194E+03
0000352   1.2685E+06 -4.1369E+05 -4.4373E+05
0000353   2.7056E+06 -4.7233E+05 -2.9136E+05
0000354   1.3725E+06  2.6462E+05 -3.4940E+05
0000355   1.3366E+06 -5.9844E+04  4.8285E+05
0000356   1.1544E+06 -1.9758E+05 -1.0771E+06
0000357   2.2415E+06  2.8857E+05 -1.1344E+05
0000358   7.9865E+05  4.6901E+03 -9.3667E+05
0000359   1.4063E+06 -9.9532E+05 -1.5205E+05
0000360   1.6786E+06  4.9813E+05  8.1536E+05
0000361   1.7031E+06 -2.9991E+05 -5.0359E+05
0000362   1.3400E+06 -1.0959E+06  6.0750E+05
0000363   1.8281E+06 -3.4339E+04  3.6346E+05
0000364   1.8603E+06  1.0098E+06  5.1537E+05
0000365   9.3448E+05 -1.0676E+05  7.0825E+05
0000366   1.5384E+06  5.5017E+05 -1.1739E+06
0000367   1.3452E+06  9.0947E+05  3.9693E+05
0000368   2.4369E+06  2.5769E+05  1.6625E+05
0000369   1.4666E+06 -7.0260E+05  1.1131E+06
0000370   1.5442E+06  8.2987E+05  7.4946E+05
0000371   2.2369E+06 -6.9831E+05  3.0277E+04
0000372   2.3274E+06 -1.4549E+05  1.1978E+06
0000373   6.5925E+05 -7.6215E+04  6.2702E+05
0000374   2.0684E+06 -1.4287E+06 -9.0484E+04
0000375   2.3982E+06 -3.3532E+05 -2.2971E+05
0000376   2.2364E+06 -3.6231E+05  2.3044E+05
0000377   1.2772E+06  8.0774E+05  1.6951E+05
0000378   2.3082E+06 -7.8883E+04 -1.0776E+06
0000379   2.3890E+06  1.0835E+06  2.2917E+05
0000380   1.5477E+06 -8.7015E+05  8.6215E+05
0000381   2.2431E+06 -4.6083E+05 -8.8033E+05
0000382   1.8069E+06  2.5057E+05 -5.0191E+05
0000383   2.3218E+06 -7.7133E+05 -4.3597E+05
0000384   5.3906E+05 -3.5403E+05 -6.9350E+04
0000385   1.0238E+06  1.1768E+06  2.7543E+05
0000386   1.6932E+06 -1.7209E+05  1.8323E+05
0000387   1.6289E+06  6.4585E+04  6.4681E+05
0000388   1.2153E+06  2.9542E+05 -9.2666E+05
0000389   1.8392E+06 -7.7214E+05  5.3091E+05
0000390   1.9702E+06  1.0514E+06 -2.1765E+05
0000391   1.6832E+06 -2.9066E+05 -8.6529E+04
0000392   2.0761E+06 -5.0233E+04 -3.5360E+05
0000393   1.8729E+06  3.3937E+05 -2.1808E+05
0000394   8.8065E+05  3.4600E+05  2.4654E+05
0000395   1.6066E+06  3.3560E+05 -4.4187E+05
0000396   1.4703E+06 -4.7437E+05  5.5684E+05
0000397   1.7124E+06 -4.8128E+05  8.9188E+05
0000398   1.3481E+06  2.3173E+05 -4.7291E+05
0000399   1.3773E+06 -8.3445E+05 -3.6835E+05
0000400   1.8529E+06 -1.3090E+06  1.6900E+03
0000401   1.5646E+06 -1.1792E+05  1.2155E+06
0000402   1.6902E+06 -1.6108E+05  7.8269E+04
0000403   2.1929E+06 -1.7456E+04 -2.3414E+05
0000404   1.2880E+06 -3.2331E+04  2.8876E+04
0000405   2.8029E+05 -6.8237E+04 -6.1036E+05
0000406   1.4057E+06  3.1133E+05 -4.3676E+05
0000407   2.6921E+06 -4.9980E+05  8.4395E+05
0000408   1.7871E+06  1.2299E+05 -9.8425E+05
0000409   2.0425E+06  8.3813E+04 -1.5127E+05
0000410   2.6824E+06 -2.2890E+05 -4.7333E+05
0000411   8.7515E+05 -6.4658E+05  6.6314E+05
0000412   1.6613E+06 -4.7969E+05  2.8455E+05
0000413   1.5993E+06  7.6038E+05 -1.8885E+05
0000414   1.1553E+06 -6.4370E+04  3.1002E+04
0000415   2.3612E+06  1.9402E+05 -6.1880E+04
0000416   2.1400E+06  3.0950E+05 -2.8882E+05
0000417   1.4795E+06  1.0588E+05 -2.2001E+05
0000418   2.0442E+06  7.8040E+05  2.4876E+05
0000419   4.9895E+05  1.9757E+05 -8.8126E+04
0000420   2.4013E+06  5.5984E+05  2.1047E+05
0000421   2.1401E+05 -5.3222E+04  4.7220E+04
0000422   1.9742E+06 -8.0475E+05 -3.5390E+05
0000423   1.5966E+06  5.6602E+05  4.5281E+05
0000424   2.6294E+06  7.8690E+05 -1.0027E+06
0000425   1.6006E+06 -9.8208E+05  6.7617E+05
0000426   1.2583E+06  1.8189E+05 -8.2126E+04
0000427   2.2226E+06 -2.3764E+05  1.8785E+05
0000428   8.8460E+05  8.3837E+05  1.2688E+05
0000429   3.8397E+05  1.2211E+05 -2.9253E+04
0000430   1.8861E+06 -8.7852E+04  5.7072E+05
0000431   1.6334E+06 -1.1532E+05 -2.4576E+05
0000432   3.0319E+06 -4.9133E+05  2.5057E+05
0000433   1.4077E+06 -2.5501E+04 -2.5033E+05
0000434   1.1284E+06  2.4856E+05  5.7623E+05
0000435   1.2457E+06  3.9843E+04  4.7349E+04
0000436   2.1669E+06 -2.4422E+05 -1.8808E+05
0000437   1.8005E+06 -1.0480E+06  9.8780E+05
0000438   1.2948E+06  3.8607E+05 -9.2509E+05
0000439   3.4725E+05  4.8941E+05  4.1848E+05
0000440   1.4296E+06 -1.6595E+05 -1.0359E+05
0000441   2.2356E+06 -2.9435E+05  6.2085E+05
0000442   1.5325E+06 -1.4795E+04  4.6582E+05
0000443   1.4026E+06 -3.0060E+05  9.1668E+05
0000444   1.0907E+06  1.2998E+05 -5.5526E+05
0000445   2.0223E+06 -2.2215E+05  8.3422E+05
0000446   1.8990E+06 -9.5425E+05 -1.0455E+06
0000447   1.5696E+06  1.3512E+05  1.0093E+06
0000448   4.8823E+05  1.1940E+05 -3.8246E+05
0000449   2.5480E+06  5.9197E+05  6.6807E+05
0000450   5.2381E+05 -4.2065E+05 -7.9019E+04
0000451   1.4431E+06 -8.5813E+05  2.3112E+05
0000452   1.4328E+06  7.3731E+05 -5.0229E+05
0000453   1.0854E+06 -4.5509E+05  2.5148E+05
0000454   9.0873E+05 -4.4069E+05  1.4367E+04
0000455   1.6553E+06 -4.2861E+05 -4.5616E+05
0000456   1.2324E+06  5.7297E+05 -5.8600E+05
0000457   1.7232E+06  1.1176E+05  1.3058E+05
0000458   2.3203E+06  6.3988E+05 -1.5044E+05
0000459   2.2622E+06  4.7019E+05 -1.0369E+05
0000460   1.8318E+06 -2.5535E+05 -1.0681E+06
0000461   1.8887E+06 -2.3228E+05 -9.0144E+05
0000462   9.0807E+05 -4.4523E+04  2.9725E+05
0000463   2.9267E+05  1.0708E+05  1.7891E+05
0000464   1.6381E+06  2.2057E+05  4.4524E+05
0000465   1.9741E+06 -8.2762E+05 -6.2054E+05
0000466   2.5154E+06 -5.0464E+05 -7.0844E+05
0000467   7.5041E+05  8.1466E+05  1.8154E+05
0000468   2.1370E+06  1.2407E+05  5.1149E+05
0000469   2.0451E+06  1.9660E+05  4.4264E+05
0000470   1.5170E+06 -4.5280E+05 -1.4339E+05
0000471   1.9372E+06 -2.8013E+05 -8.7689E+05
0000472   1.7207E+06 -3.5802E+05 -1.3339E+05
0000473   7.4714E+05  5.9037E+04 -1.6066E+05
0000474   2.2845E+06  2.4582E+05 -2.2117E+05
0000475   2.4429E+06  3.6089E+04 -4.5458E+04
0000476   2.3207E+06  3.3756E+05  2.1302E+05
0000477   2.2379E+06 -2.6654E+05 -1.4174E+04
0000478   2.1537E+06  6.2710E+05 -1.9652E+05
0000479   1.3912E+06  1.1303E+05 -5.0855E+05
0000480   1.6988E+06 -1.0306E+06 -1.0144E+06
0000481   1.4963E+06  2.6235E+05  5.9714E+05
0000482   2.1527E+06  4.4392E+05 -8.5405E+05
0000483   1.4360E+06 -7.8829E+05 -3.9202E+05
0000484   1.8142E+06  7.2615E+05  5.3990E+04
0000485   2.0284E+06 -1.8359E+05 -1.8515E+04
0000486   1.1002E+06 -1.7952E+05 -2.8433E+05
0000487   2.6542E+06  2.1846E+05 -7.0679E+05
0000488   1.0006E+06  1.2217E+05 -4.9434E+05
0000489   2.1745E+06 -5.4490E+05 -1.1134E+06
0000490   2.4688E+06 -1.1968E+05 -5.2644E+05
0000491   1.2337E+06 -1.7616E+05  3.0788E+05
0000492   1.3778E+06  2.9107E+05 -2.8361E+05
0000493   8.5307E+05  1.5227E+05  6.4901E+05
0000494   3.8701E+05 -5.9482E+05 -4.1450E+05
0000495   1.9449E+06  3.7045E+05 -1.4823E+06
0000496   1.0565E+06 -1.9648E+05 -2.4292E+05
0000497   1.0143E+06 -4.8210E+05 -1.6953E+05
0000498   7.7040E+05 -9.3389E+05 -1.0493E+06
0000499   9.3082E+05  6.5444E+05 -1.0084E+05
0000500   1.3729E+06  5.2831E+05 -8.4251E+04
0000501   6.9381E+05 -4.0656E+05 -2.6132E+05
0000502   1.7716E+06 -2.9518E+05  1.0857E+06
0000503   1.4209E+06 -5.5167E+05 -4.7599E+05
0000504   1.0508E+06  6.0510E+05  5.2729E+05
0000505   2.2466E+06  4.4000E+04  5.4295E+05
0000506   1.5823E+06 -7.6181E+04 -6.3121E+05
0000507   1.2117E+06 -1.1485E+06 -1.0383E+04
0000508   1.8145E+06  4.9420E+05  5.5000E+05
0000510   5.6963E+05 -2.4539E+04  5.4907E+04
0000511   1.1926E+06  4.4565E+05  5.1424E+05
0000512   6.1551E+05 -5.4975E+05  5.1928E+04
0000513   1.0666E+06  1.1747E+05  5.2124E+05
0000514   2.0445E+06 -1.2815E+05 -4.3414E+05
0000515   1.3472E+06 -7.8504E+04 -8.9702E+04
0000516   1.4114E+06  4.6913E+05  6.6963E+05
0000517   2.0763E+06 -9.0918E+05  2.8250E+05
0000518   9.4967E+05  1.6503E+05  4.8855E+05
0000519   1.6306E+06  8.8744E+05 -1.1026E+06
0000520   2.1560E+06 -1.6119E+05  5.6108E+03
0000521   1.5075E+06 -2.9997E+05  1.4673E+05
0000522   1.8092E+06 -1.0307E+05  2.6481E+05
0000523   1.4350E+06  2.9751E+05  2.8953E+04
0000524   1.1221E+06 -1.2099E+05 -1.6686E+04
0000525   2.4547E+06  9.2468E+04 -5.6845E+05
0000526   1.8610E+06  5.0469E+05 -4.8414E+05
0000527   1.4271E+06  9.2336E+05  7.7570E+05
0000528   2.2689E+06  5.3521E+05  4.1782E+05
0000529   1.0468E+06 -7.7080E+04 -5.3723E+05
0000530   3.2373E+05  2.1491E+05  3.2077E+05
0000531   1.2219E+06 -1.3183E+05  4.5768E+05
0000532   1.6502E+06 -9.1920E+05  4.4989E+04
0000533   4.3871E+05  4.9428E+05  2.1272E+04
0000534   2.8083E+06 -6.9054E+05  2.7424E+04
0000535   2.4647E+06  5.5148E+05  7.9667E+05
0000536   2.0417E+06  1.0820E+06  2.7252E+05
0000537   2.0341E+06 -2.7427E+05 -3.5573E+05
0000538   1.1877E+06 -7.7693E+05 -1.5577E+06
0000539   1.3604E+06 -1.0440E+06 -1.0221E+06
0000540   2.2097E+06 -2.2939E+05  7.5549E+05
0000541   1.9332E+06  1.1224E+06  1.1945E+05
0000542   1.5844E+06 -8.4854E+05  7.1568E+04
0000543   1.8352E+06  6.6022E+05 -7.4042E+05
0000544   1.6148E+06  2.9117E+05  6.1500E+05
0000545   1.3377E+06  1.1927E+06  6.5002E+05
0000546   2.4869E+06  2.2874E+05  3.8514E+05
0000547   5.2982E+04  3.6294E+05 -3.3138E+05
0000548   1.0369E+06 -2.6861E+05 -8.3062E+05
0000549   4.2023E+05 -2.7728E+05  4.8693E+05
0000550   1.4342E+06 -7.0541E+05 -6.7950E+05
0000551   1.9536E+06 -3.1270E+04 -3.7536E+05
0000552   8.4390E+05  2.7718E+04  5.3658E+05
0000553   2.3932E+06 -4.8272E+05 -1.2458E+06
0000554   1.4271E+06 -1.2193E+05 -1.5690E+05
0000555   2.6075E+06  1.1868E+06 -1.4756E+05
0000556   1.5078E+06  1.0711E+05  3.5073E+05
0000557   2.0785E+06 -5.2407E+05 -3.3210E+05
0000558   1.1193E+06  1.2825E+06  5.0740E+05
0000559   1.1136E+06 -2.3441E+05  3.4824E+05
0000560   2.3661E+06 -2.0528E+05  4.5640E+05
0000561   1.9624E+06  1.0899E+06 -5.3776E+05
0000562   2.5058E+06 -8.0824E+05  4.6041E+05
0000563   2.4053E+06  2.8557E+05 -3.3038E+05
0000564   2.5011E+06 -3.1855E+04 -1.2186E+05
0000565   2.4774E+06 -1.9575E+05 -1.0298E+06
0000566   1.3956E+06  2.7616E+05 -7.8996E+04
0000567   1.4049E+06 -3.2424E+05 -2.0242E+05
0000568   1.7311E+06  1.1672E+06 -5.5219E+04
0000569   1.6938E+06  6.8170E+05 -4.0667E+05
0000570   2.5118E+06  2.2384E+05 -4.4226E+05
0000571   2.1405E+06  1.1250E+06  3.3593E+05
0000572   5.6820E+05  3.6227E+05  4.2786E+05
0000573   2.0791E+06 -1.1606E+05  2.6489E+05
0000574   2.2165E+06 -3.6153E+05 -1.4288E+05
0000575   1.4431E+06 -1.6853E+05  8.8421E+05
0000576   2.4234E+06 -1.2911E+06 -1.9481E+05
0000577   1.6817E+06 -7.8199E+05 -4.3332E+05
0000578   1.2407E+06  1.5990E+05  7.6314E+05
0000579   1.6264E+06  5.1360E+05 -1.3470E+05
0000580   1.0585E+06  4.4485E+05  3.3988E+05
0000581   8.9224E+05 -7.5115E+05 -2.4493E+05
0000582   3.9133E+05  8.0372E+05 -8.1383E+05
0000583   2.3281E+06 -3.2877E+05 -3.0597E+05
0000584   4.4588E+05 -1.7342E+05  4.0790E+05
0000585   2.6440E+06  3.7399E+05  5.4208E+05
0000586   5.7560E+05 -6.4070E+05  6.9062E+05
0000587   2.2006E+06 -4.9550E+05 -8.7063E+04
0000588   1.7799E+06  1.0615E+05 -4.6109E+05
0000589   6.2935E+05 -1.5430E+05  5.2548E+04
0000590   2.6577E+06  7.8779E+05  3.7877E+05
0000591   1.9030E+06 -1.1837E+05  9.5538E+03
0000592   1.7609E+06 -4.8718E+05 -2.5448E+05
0000593   1.9321E+06 -4.5435E+05  5.3854E+05
0000594   2.1326E+06 -2.4461E+05  4.7002E+05
0000595   2.3111E+06  7.3866E+05 -1.5634E+05
0000596   2.0503E+06  5.5483E+05 -1.2713E+06
0000597   1.9145E+06 -6.7659E+05  8.0482E+05
0000598   1.2014E+06 -5.1622E+05  4.1020E+04
0000599   1.6384E+06 -3.4892E+05  1.1737E+05
0000600   1.3747E+06 -5.0300E+04 -6.6649E+05
0000601   1.5356E+06 -6.1970E+04 -3.4026E+05
0000602   2.2016E+06  2.2031E+05 -1.0621E+05
0000603   1.7593E+06 -7.3557E+05 -3.0188E+05
0000604   1.7880E+06  6.3960E+04 -8.3015E+04
0000605   1.5882E+06  2.6207E+05  9.6617E+05
0000606   1.3174E+06 -3.7615E+05  1.2804E+06
0000607   1.6048E+06 -5.3607E+05  7.8996E+05
0000608   1.3513E+06  6.1271E+05  6.9467E+05
0000609   1.4686E+06 -2.0153E+05  1.3252E+05
0000610   1.2976E+06 -8.7247E+05  6.2936E+05
0000611   1.5370E+06 -2.5282E+05 -5.2112E+05
0000612   1.6415E+06 -5.4439E+05 -4.9208E+05
0000613   2.2990E+06  4.6932E+05 -1.5448E+05
0000614   1.5273E+06 -3.0892E+05 -5.9062E+05
0000615   1.2975E+06 -2.1890E+05 -1.0890E+05
0000616   3.6398E+05 -2.3651E+05 -3.6576E+05
0000617   1.5023E+06 -7.9016E+05 -1.5786E+04
0000618   1.4427E+06  1.1418E+06 -5.6584E+05
0000619   1.5194E+06 -2.1465E+05  1.7832E+05
0000620   6.2416E+05 -2.2094E+05  3.4957E+05
0000621   1.9797E+06  7.5001E+05  1.4947E+06
0000622   1.2039E+06 -7.8022E+05 -9.3163E+05
0000623   2.3036E+06  1.6051E+05  1.1049E+06
0000624   1.8839E+06  2.8687E+05 -1.5376E+05
0000625   1.7803E+06 -7.7575E+04  9.5130E+04
0000626   1.1007E+06 -1.0813E+05  3.3775E+05
0000627   1.4843E+06  1.8766E+05  3.4684E+05
0000628   2.0313E+06 -3.5550E+05  7.5821E+05
0000629   1.1397E+06  1.5108E+05  6.0093E+05
0000630   9.3870E+05  1.9607E+03 -1.8412E+04
0000631   1.6473E+06  7.8388E+04 -9.4004E+05
0000632   8.7394E+05 -5.8489E+05 -1.8319E+05
0000633   1.3072E+06  8.0350E+05 -5.1087E+05
0000634   9.8652E+05  6.8011E+05  3.5666E+05
0000635   2.1161E+06 -4.0696E+05  2.5459E+05
0000636   2.2164E+06 -7.0616E+05 -2.1521E+05
0000637   4.1254E+05  2.6106E+03 -3.3769E+04
0000638   1.4049E+06 -6.2794E+05  1.1477E+06
0000639   7.3141E+05 -5.9180E+05 -4.7930E+05
0000640   2.3320E+06  1.2806E+05 -1.4011E+06
0000641   1.1664E+06 -3.3115E+05 -2.2107E+05
0000642   1.1028E+06  2.3922E+05  6.4484E+05
0000643   1.3270E+06  1.9239E+05  8.9221E+05
0000644   1.5106E+06  3.3085E+05 -1.0572E+05
0000645   5.2000E+05 -4.6407E+05 -2.5640E+05
0000646   2.1503E+06  3.4407E+04 -1.8551E+05
0000647   1.4652E+06 -5.8545E+04 -3.2001E+05
0000648   1.2080E+06 -2.8151E+05 -6.7448E+05
0000649   1.8819E+06 -6.0607E+05 -1.7966E+05
0000650   1.8227E+06  9.4844E+05  7.7508E+05
0000651   1.5639E+06  6.9163E+05 -4.1832E+05
0000652   4.7600E+05  1.5371E+05 -6.4208E+05
0000653   2.3022E+06 -2.1883E+05  2.8770E+05
0000654   2.0366E+06  5.6878E+05  2.9492E+05
0000655   2.3575E+06 -6.6751E+04 -3.9561E+05
0000656   2.4772E+06  6.7494E+05  5.6411E+05
0000657   1.9086E+06 -4.3561E+04  8.3968E+05
0000658   2.0716E+06  3.8160E+05  7.9204E+05
0000659   1.7417E+05 -1.2848E+05 -7.5517E+04
0000660   1.2990E+06  5.2859E+05 -1.2436E+05
0000661   1.3117E+06 -1.3789E+05  4.2350E+05
0000662   1.3271E+06  4.6816E+05  1.0937E+04
0000663   1.2969E+06  3.3733E+05  7.1118E+04
0000664   1.6898E+06 -4.4819E+05 -2.8197E+04
0000665   2.3023E+06  6.3809E+05 -3.0452E+05
0000666   4.0211E+05 -7.1234E+04 -2.5563E+05
0000667   1.5869E+06  1.0801E+05 -5.2809E+04
0000668   8.5660E+05 -3.3866E+05  2.3961E+05
0000669   1.8314E+06  7.2479E+05  4.7919E+04
0000670   3.0504E+05  3.5637E+05 -1.1749E+06
0000671   2.1649E+06 -7.7571E+04  1.0624E+05
0000672   9.6172E+05 -7.4279E+05 -6.8957E+04
0000673   2.0841E+06  9.3467E+03 -2.3799E+05
0000674   1.1065E+06  1.4473E+06 -1.3605E+05
0000675   6.4018E+05  5.4415E+04  9.3774E+05
0000676   1.9048E+06 -1.0703E+05  4.0937E+05
0000677   1.6515E+06 -3.8524E+05  3.1220E+05
0000678   1.3310E+06  6.9702E+04  1.2869E+06
0000679   1.5971E+06 -7.3952E+05 -3.5521E+05
0000680   1.3336E+06  7.7930E+05  7.2138E+05
0000681   1.6288E+06 -4.3140E+05  1.5659E+05
0000682   1.6885E+06  5.3423E+05  3.4546E+05
0000683   7.2188E+05  4.2884E+05 -1.7861E+05
0000684   2.1731E+06 -5.7024E+05  2.1850E+05
0000685   1.9550E+06  6.0378E+04 -9.6692E+04
0000686   1.4341E+06 -1.7382E+05 -6.6035E+03
0000687   1.6544E+06  4.9894E+05  1.6071E+05
0000688   1.7300E+06  1.2391E+04  3.4855E+05
0000689   1.2653E+06 -2.2194E+05 -2.8087E+05
0000690   1.8632E+06 -3.7681E+05  2.7179E+04
0000691   7.7266E+05 -3.5134E+05  5.8104E+05
0000692   1.1790E+06 -2.6460E+05 -7.4610E+04
0000693   2.1644E+06  3.3517E+05 -4.6499E+05
0000694   1.5003E+06  1.4964E+05 -6.1047E+05
0000695   8.0952E+05  2.5156E+03  1.8183E+04
0000696   7.6867E+05  2.8862E+05  4.1530E+05
0000697   2.1513E+06  2.4796E+05 -9.1546E+05
0000698   2.1619E+06 -2.7167E+05 -3.3731E+04
0000699   1.2062E+06 -5.2809E+05 -2.3547E+05
0000700   1.3386E+06 -5.6922E+05 -1.8349E+05
0000701   9.1677E+05 -2.1601E+05 -5.0361E+05
0000702   2.2546E+06 -7.6441E+05  1.0943E+06
0000703   2.0815E+06 -2.7181E+05  1.2783E+05
0000704   9.1039E+05 -5.3071E+05  3.5212E+05
0000705   1.7064E+06 -3.3045E+05 -5.4848E+04
0000706   1.9519E+06 -1.0721E+06  6.3813E+05
0000707   1.6805E+06 -5.1650E+05 -1.2668E+06
0000708   1.5054E+06 -6.1934E+05  2.1460E+05
0000709   1.7226E+06  9.5638E+05 -8.3539E+04
0000710   1.5749E+06  4.7491E+05 -3.5187E+05
0000711   1.8074E+06 -5.1761E+05  3.1888E+04
0000712   1.8496E+06  6.9462E+05  9.9373E+05
0000713   1.5010E+06 -8.3983E+04 -5.9524E+05
0000714   1.6243E+06  4.1548E+05 -1.2578E+06
0000715   1.3544E+06 -5.7506E+05  9.8613E+05
0000716   1.0533E+06 -1.1812E+06  3.0084E+05
0000717   6.7112E+05 -1.5057E+05 -5.1359E+05
0000718   1.5753E+06 -1.4061E+06 -8.2247E+04
0000719   5.6546E+05 -7.1317E+04  7.4524E+02
0000720   2.0474E+06 -7.1455E+05 -1.3048E+05
0000721   1.9141E+06 -2.1106E+05 -9.4898E+05
0000722   2.1313E+06 -1.7109E+05 -1.0385E+05
0000723   2.2979E+06  3.4448E+05 -5.3550E+05
0000724   2.4044E+06  5.6648E+05  1.6731E+04
0000725   2.0823E+06 -1.1758E+06 -5.5029E+04
0000726   2.5902E+06 -1.1779E+06  1.4217E+05
0000727   2.4989E+06  1.0657E+06 -3.8201E+05
0000728   1.6679E+06  2.0258E+04  7.2504E+04
0000729   1.1904E+06  1.4518E+05  7.2417E+05
0000730   2.7923E+06  6.6249E+05  1.2890E+06
0000731   1.7947E+06  6.1617E+05  2.3309E+05
0000732   8.2128E+05  2.0300E+05 -8.9940E+04
0000733   1.5803E+06  9.8133E+04  1.3972E+05
0000734   2.3394E+06 -2.2144E+05  5.6303E+05
0000735   1.7612E+06 -5.2183E+05 -2.2680E+05
0000736   2.4201E+06 -1.3546E+04 -4.9089E+05
0000737   9.4407E+05  5.9105E+04 -9.1266E+04
0000738   2.0167E+06 -5.7925E+05 -4.6789E+05
0000739   1.4846E+06  4.5712E+05 -3.5742E+05
0000740   1.2123E+06  6.7657E+05  2.1424E+05
0000741   6.4247E+05 -1.4067E+06  8.3419E+05
0000742   7.7965E+05  7.7925E+05 -4.6081E+05
0000743   1.2881E+06 -1.9081E+05 -1.3063E+05
0000744   1.6393E+06 -6.0127E+05 -8.9674E+05
0000745   2.5073E+06  5.7288E+05  4.0304E+05
0000746   9.5471E+05 -1.1470E+05  1.3101E+05
0000747   2.6389E+06 -1.0963E+04  3.6265E+05
0000748   1.1562E+06  1.2608E+06 -1.7975E+05
0000749   9.4990E+05 -9.0732E+04 -2.4386E+05
0000750   2.4531E+06  4.8254E+05 -4.2367E+04
0000751   2.3306E+06 -8.5478E+05  2.9564E+05
0000752   2.2588E+06  6.6504E+04 -8.4527E+05
0000753   2.3069E+06 -5.1939E+05  4.7028E+05
0000754   7.6884E+05 -5.3474E+05  1.1593E+05
0000755   1.6850E+06  8.0994E+05 -3.1987E+05
0000756   1.5414E+06 -6.1751E+05 -1.0282E+06
0000757   1.0591E+06 -2.4755E+05  1.2609E+06
0000758   1.7154E+06 -2.7505E+05  2.3370E+05
0000759   1.8118E+06  1.1852E+05  5.2453E+05
0000760   4.3022E+05  7.4287E+05 -7.3497E+05
0000761   1.9640E+06 -3.9082E+05 -5.8688E+05
0000762   2.1813E+06 -5.0490E+05 -8.0377E+05
0000763   1.8046E+06 -3.0293E+05 -9.2845E+05
0000764   2.1579E+06 -3.8076E+05 -5.6646E+05
0000765   8.4403E+05 -2.3296E+05  4.2798E+05
0000766   1.5552E+05 -8.2536E+04  5.6765E+04
0000767   6.4337E+05 -7.7682E+05 -1.4290E+05
0000768   2.0989E+06 -1.4652E+06 -4.3180E+05
0000769   1.6482E+06 -1.4855E+06  1.2435E+05
0000770   1.9448E+06 -6.9601E+05  7.8008E+05
0000771   1.3455E+06 -3.4808E+05  4.2070E+05
0000772   2.3965E+06 -3.3609E+04 -9.8647E+04
0000773   1.3475E+06  1.1656E+06 -2.5084E+05
0000774   1.5886E+05 -2.4741E+05 -3.7071E+05
0000775   1.2594E+06  2.2512E+05  3.1113E+05
0000776   8.8017E+05  1.0314E+06  3.3075E+05
0000777   1.0861E+06 -6.3207E+05 -1.6360E+05
0000778   2.5978E+05 -3.0700E+05 -1.6988E+05
0000779   1.2663E+06 -2.9008E+05 -7.3400E+05
0000780   2.0035E+06 -6.7199E+05  2.5964E+05
0000781   1.5679E+06  1.1151E+04 -2.3986E+05
0000782   1.5480E+06 -1.0319E+05 -5.2072E+04
0000783   1.5369E+06 -2.9755E+05 -7.8608E+05
0000784   1.5444E+06 -1.3294E+05 -8.4113E+05
0000785   1.4427E+06 -5.9644E+04 -1.0637E+05
0000786   1.4265E+06 -8.8041E+04  4.3254E+05
0000787   1.6705E+06 -1.1658E+06  8.2710E+05
0000788   1.5864E+06 -1.3276E+04 -4.3469E+05
0000789   2.6293E+06  8.2907E+04  2.3175E+05
0000790   1.4204E+06  6.0681E+05  5.3814E+05
0000791   1.4288E+06  1.9141E+05  2.8714E+05
0000792   1.8047E+06 -1.2669E+06 -5.5877E+05
0000793   1.8919E+06  4.2337E+05  3.2507E+04
0000794   1.7738E+06 -1.4053E+06 -7.6195E+05
0000795   1.4414E+06 -7.2469E+03  2.2110E+05
0000796   1.9114E+06  3.8528E+05  1.1085E+06
0000797   2.3933E+06 -8.1114E+05 -1.3127E+05
0000798   1.5073E+06 -1.2480E+05  4.7172E+05
0000799   5.7961E+05  6.3481E+05  1.0268E+04
0000800   1.7168E+06  2.7348E+05 -1.1969E+05
0000801   1.2535E+06  3.0572E+05 -4.3207E+05
0000802   1.9922E+06  1.6501E+05 -1.0901E+06
0000803   1.1082E+06  4.5956E+05  4.9658E+04
0000804   1.9217E+06 -6.3196E+05  1.4711E+06
0000805   1.6166E+06  5.4316E+05  3.5860E+05
0000806   2.1916E+06 -1.1293E+06 -1.4549E+04
0000807   2.0803E+06 -1.8234E+05  2.9900E+05
0000808   1.6735E+06 -3.7711E+05 -6.3709E+05
0000809   2.2040E+06 -6.9511E+05  5.9199E+05
0000810   1.5838E+06 -4.3247E+05  2.7102E+05
0000811   2.1822E+06  8.7735E+05 -5.9206E+05
0000812   3.5129E+05  4.5435E+05 -5.2582E+05
0000813   1.7999E+06 -3.0568E+04  1.2686E+05
0000814   4.4396E+05  5.3163E+05 -2.7479E+04
0000815   1.9457E+06 -8.6711E+05  5.7598E+05
0000816   2.0340E+06 -6.7459E+05 -7.9676E+05
0000817   1.8510E+06 -1.4105E+05  3.0245E+05
0000818   2.0772E+06  3.1263E+05  1.4441E+06
0000819   1.0907E+06 -3.7269E+05 -3.0059E+05
0000820   1.2458E+06 -5.6156E+05 -1.2399E+05
0000821   2.6055E+06  6.9908E+05 -3.5596E+04
0000822   2.2991E+06 -8.0788E+05 -6.3502E+04
0000823   1.8390E+06  5.8349E+05  9.3507E+05
0000824   2.4618E+06 -1.9032E+05 -1.7376E+05
0000825   1.4840E+06  4.6117E+04 -6.0104E+04
0000826   9.9250E+05 -4.8325E+05 -2.6760E+05
0000827   2.0631E+06 -1.1573E+06  7.8003E+04
0000828   1.4799E+06  1.2111E+05  1.2544E+05
0000829   1.4654E+06 -7.6120E+05  8.5912E+05
0000830   1.4410E+06 -8.7666E+04  9.3784E+05
0000831   2.4415E+06  4.7927E+04 -4.1547E+05
0000832   2.4693E+06 -1.1632E+05 -1.0092E+06
0000833   9.6570E+05 -5.7614E+04  1.6406E+05
0000834   2.3915E+06 -3.5899E+04  7.2633E+05
0000835   1.8202E+06 -1.9906E+05 -6.0005E+05
0000836   3.9324E+05  4.0317E+05  4.6268E+05
0000837   2.3739E+06  6.5706E+05  5.7988E+05
0000838   1.4862E+06 -3.2399E+05  1.5828E+05
0000839   1.7091E+06  1.1544E+06  3.7405E+05
0000840   2.2760E+06 -2.5370E+05 -1.7052E+04
0000841   1.1719E+06 -4.4647E+03 -1.7169E+05
0000842   1.6310E+06  8.3714E+05 -1.4577E+05
0000843   1.9452E+06 -4.6760E+05 -1.5084E+05
0000844   1.9390E+06 -1.1536E+05  5.6425E+05
0000845   1.3052E+06  1.0185E+06 -1.6690E+05
0000846   1.6649E+06  6.4083E+05 -8.9810E+05
0000847   9.6956E+04  7.5182E+04 -1.2258E+05
0000848   2.4213E+06  3.1619E+05 -1.5548E+05
0000849   9.7856E+05  1.8018E+05 -5.5692E+05
0000850   9.4846E+05  1.7918E+05  8.5608E+05
0000851   1.9381E+06  4.9228E+05 -6.7073E+05
0000852   1.0872E+06  3.2028E+04  3.9183E+05
0000853   1.5620E+06 -1.0759E+06 -1.3182E+06
0000854   2.5633E+06 -8.5823E+05  4.6432E+05
0000855   9.2859E+05  1.7232E+05 -9.2655E+05
0000856   1.9832E+06 -1.1240E+06 -1.6621E+05
0000857   7.8723E+05  2.8927E+05 -2.5728E+05
0000858   1.2182E+06  6.0866E+05  2.1400E+04
0000859   1.7555E+06 -6.3449E+05 -3.6833E+05
0000860   7.5094E+05  7.4513E+05 -6.2263E+04
0000861   1.3838E+06 -3.0051E+05  4.3111E+05
0000862   2.2426E+06 -4.1238E+05  2.5009E+04
0000863   1.1234E+06  6.8604E+05 -4.3577E+05
0000864   1.1599E+06 -5.6554E+05  3.9668E+05
0000865   2.0246E+06  9.6056E+01 -8.9480E+05
0000866   1.5064E+06 -9.2594E+04  1.2222E+06
0000867   1.4419E+06 -3.6587E+05 -2.9455E+05
0000868   1.3505E+06  2.5228E+05 -7.4770E+05
0000869   2.2293E+06  3.4206E+05  5.1149E+05
0000870   2.4338E+06  1.9539E+05 -3.1024E+05
0000871   2.2987E+06  7.0498E+05 -1.5439E+05
0000872   2.3843E+06  3.2159E+05  3.1587E+05
0000873   1.7121E+06  5.1742E+05 -6.8226E+05
0000874   1.0643E+06 -2.2185E+05 -4.6255E+05
0000875   2.0600E+06  2.7570E+05 -1.1098E+06
0000876   2.6495E+06 -3.2431E+05 -4.6017E+05
0000877   8.0892E+05  1.4312E+05  7.7386E+05
0000878   1.7875E+06 -5.1406E+05 -1.3025E+05
0000879   2.0886E+06 -5.7455E+03  5.5184E+05
0000880   1.9250E+06  1.2976E+06  2.5179E+05
0000881   2.2938E+06 -3.1084E+05 -1.0812E+06
0000882   2.1082E+06  1.0925E+06 -1.3083E+06
0000883   1.3088E+06 -2.8746E+05 -2.7461E+05
0000884   1.1259E+06 -9.8202E+05  4.0543E+04
0000885   1.5453E+06  1.3611E+05  8.5675E+04
0000886   2.2304E+06  1.0100E+06 -2.7351E+05
0000887   1.9344E+06  2.8268E+05 -1.0420E+04
0000888   1.8837E+06  3.3065E+05 -3.1613E+05
0000889   1.0438E+06 -3.8203E+05  1.0927E+05
0000890   9.2567E+05 -2.8663E+05 -5.4503E+05
0000891   1.0309E+06  4.9563E+05  3.6167E+05
0000892   9.0793E+05  3.9511E+05  4.7945E+05
0000893   2.0722E+06 -2.5661E+05  1.6842E+05
0000894   1.6902E+06  5.7085E+05 -2.3073E+04
0000895   6.9044E+05  3.8711E+05  2.5481E+05
0000896   7.2188E+05  3.1068E+05 -2.3387E+05
0000897   2.0569E+06 -7.6395E+05 -2.8213E+05
0000898   1.9059E+06 -1.1424E+05  6.8574E+05
0000899   1.8935E+06 -4.2447E+05  5.8718E+05
0000900   2.0861E+06  3.9759E+05 -4.2501E+05
0000901   2.1368E+06  4.7654E+05 -8.6452E+05
0000902   1.7377E+06 -7.4037E+05  1.6954E+05
0000903   1.4620E+06  2.9470E+05 -7.8045E+05
0000904   1.8995E+06  6.4785E+05  9.9423E+04
0000905   1.8115E+06  2.0000E+05  5.1727E+05
0000906   1.7846E+06 -7.2193E+05 -1.0430E+05
0000907   1.8492E+06 -3.0998E+05  1.1820E+06
0000908   2.5048E+06  2.7176E+05  6.5160E+05
0000909   1.5838E+06 -3.5095E+05  3.0562E+05
0000910   9.8898E+05 -8.4658E+05 -4.1207E+05
0000911   1.0968E+06 -1.7156E+06  4.8971E+05
0000912   2.1647E+06 -2.2688E+05 -3.1911E+05
0000913   1.2848E+06  2.1637E+05  6.5712E+05
0000914   4.1946E+05 -4.7638E+04 -4.4622E+04
0000915   1.2446E+06 -7.7583E+05  7.1784E+05
0000916   1.7399E+06  1.3240E+06  7.5835E+05
0000917   2.0770E+06  8.7157E+05  7.0031E+05
0000918   1.4057E+06  3.9315E+05 -1.4900E+05
0000919   2.1272E+06  1.9797E+05  6.5739E+05
0000920   2.1086E+06  7.9676E+05  8.4118E+04
0000921   4.5903E+05  4.3644E+04 -1.2783E+05
0000922   1.8556E+06 -1.1422E+06 -8.4945E+05
0000923   2.2212E+06 -6.9242E+04  4.5978E+04
0000924   1.6659E+06 -1.0242E+05  4.8975E+05
0000925   1.4836E+06 -4.4063E+05  2.3023E+05
0000926   1.6797E+06  1.5150E+06 -3.3217E+05
0000927   1.3417E+06 -6.0797E+05 -8.8938E+04
0000928   1.6164E+06  6.2447E+05 -1.6604E+05
0000929   2.3145E+06 -9.8844E+05  5.9759E+04
0000930   9.6998E+05 -1.3972E+05  6.2548E+05
0000931   2.3750E+06  3.6140E+05 -7.8223E+04
0000932   2.3579E+06  2.2069E+05 -1.5683E+05
0000933   7.5263E+05 -1.6281E+05  7.1438E+05
0000934   1.6806E+06  6.2609E+03  3.6308E+04
0000935   2.6773E+06  3.6168E+05 -1.5618E+05
0000936   2.0232E+06 -2.9502E+05  9.5009E+05
0000937   2.5696E+06 -1.8248E+05 -7.5305E+03
0000938   1.3570E+06 -3.2342E+05 -2.4364E+05
0000939   2.0787E+06  2.1884E+05  1.9831E+03
0000940   1.0540E+06  1.3534E+06 -1.3248E+06
0000941   5.4958E+05  1.6109E+05 -3.4859E+04
0000942   1.6036E+06  2.3174E+05 -2.0224E+05
0000943   1.1500E+06 -4.5080E+05 -1.2380E+06
0000944   1.2986E+06  1.6295E+04 -1.1282E+06
0000945   1.9792E+06  2.2194E+05 -4.7712E+05
0000946   2.4703E+06  1.9456E+05  2.1741E+05
0000947   2.1431E+06 -2.9259E+05 -3.4741E+05
0000948   2.0607E+06  4.6507E+05 -5.2796E+05
0000949   2.2359E+06 -1.6686E+05 -9.0114E+05
0000950   2.0331E+06 -3.9162E+05 -4.5322E+05
0000951   2.0256E+06 -3.5060E+05 -2.6878E+05
0000952   1.5551E+06 -1.3184E+05 -1.6527E+05
0000953   1.8086E+06  7.8842E+05 -7.7565E+05
0000954   1.9888E+06 -1.1281E+06  2.1838E+05
0000955   9.3860E+05 -7.9651E+04  5.4842E+04
0000956   1.9953E+06 -1.8099E+05  6.3210E+05
0000957   2.7016E+06  1.6875E+05 -1.4551E+04
0000958   1.9549E+06 -5.8509E+05 -4.9037E+05
0000959   1.4750E+06 -2.4542E+05  2.7489E+04
0000960   1.6307E+06  6.6785E+05  7.0233E+03
0000961   1.8047E+06 -6.3142E+05  1.2849E+05
0000962   1.8648E+06 -4.5318E+05  4.7366E+05
0000963   1.5266E+06 -5.5889E+05  2.2616E+05
0000964   8.9013E+05  4.9894E+04 -1.6185E+04
0000965   9.7545E+05 -3.9326E+05  5.8687E+04
0000966   2.1649E+06  2.7176E+05  2.6580E+05
0000967   1.2386E+06 -4.0668E+05  8.7756E+05
0000968   2.0289E+06  6.4452E+05 -1.2099E+05
0000969   1.2283E+06 -1.0974E+04 -8.5438E+05
0000970   2.1517E+06 -5.7934E+05 -2.3028E+05
0000971   2.3920E+06 -3.3598E+04  4.3944E+05
0000972   2.5610E+06 -6.7563E+04 -7.2865E+05
0000973   1.7309E+06  7.0672E+04 -1.9548E+05
0000974   1.9565E+06 -1.1636E+05  7.3184E+05
0000975   2.0975E+06  1.7884E+05  2.5025E+05
0000976   2.8741E+06  5.4849E+05 -4.6973E+05
0000977   2.1626E+06 -9.9479E+05  4.8795E+05
0000978   2.8908E+06 -1.5616E+05  2.1063E+05
0000979   1.8244E+06 -6.4319E+05 -4.3055E+05
0000980   1.5634E+06  7.3680E+05  1.8121E+04
0000981   2.6414E+06 -1.2276E+06  5.5715E+05
0000982   1.3956E+06  2.5345E+05 -5.1917E+05
0000983   2.0300E+06  3.9848E+05 -4.0967E+05
0000984   2.1258E+06  2.5829E+05 -3.5937E+05
0000985   1.8176E+06  5.6854E+05  5.9842E+05
0000986   1.4800E+06  1.3244E+06  3.2027E+05
0000987   1.9568E+06  5.6567E+05 -7.8439E+05
0000988   2.2476E+05 -5.9319E+04  2.4497E+05
0000989   2.3712E+06 -1.9350E+05 -4.6492E+05
0000990   1.3246E+06 -4.4290E+05  5.3263E+05
0000991   2.1725E+06 -9.3803E+05 -7.7151E+05
0000992   1.2433E+06  2.4999E+05  3.0891E+05
0000993   2.5765E+06  7.4090E+05  5.1628E+04
0000994   1.8242E+06  5.6466E+05 -2.6796E+05
0000995   1.9356E+06 -1.3812E+06 -8.2844E+05
0000996   2.8371E+06 -1.2918E+05 -2.4004E+04
0000997   1.1731E+06  4.5726E+04 -8.5801E+04
0000998   1.3805E+06 -7.8427E+05  6.7071E+05
0000999   1.4400E+06 -1.7992E+04  1.8239E+05
0001000   1.5541E+06 -3.8402E+04 -3.3179E+05
