============================== SRIM-2013.00 ==============================
==============================================================================
====== SRIM Outputs\RANGE_3D.txt : File of Final Ion Positions =====

Ion = Ar (18)   Ion Mass= 039.9620
Energy  = 3237458.E-04 keV
Ion Angle to Surface = 00.0 degrees
==================== TARGET =======================
  Layer # 1 - Layer 1
  Layer # 1 - Bottom Depth=500000.E+02 A
  Layer # 1 - Density =0000.0054 g/cm3
  Layer # 1 -  100 % of Ar
様様様様様様様様様様様様様様様様様様様様様様様様様様
                                            
Ion       Depth  X   Lateral Y   Lateral Z  
Number    (Angstrom) (Angstrom)  (Angstrom) 
-------  ----------- ----------- -----------
0000001   2.5110E+06  5.6021E+05 -1.1496E+06
0000002   2.4799E+06  5.7543E+05 -4.1878E+05
0000003   2.7260E+06 -9.7189E+05 -9.0386E+05
0000004   1.5280E+06  2.3137E+05 -8.8631E+05
0000005   1.6060E+06  8.0231E+05 -5.4480E+05
0000006   2.2568E+06 -1.5247E+04  4.4709E+05
0000007   1.9131E+06  3.9430E+05  1.2323E+06
0000008   1.4806E+06  7.9490E+05  1.0308E+06
0000009   1.2264E+06  2.3760E+05  1.4101E+05
0000010   2.0451E+06 -3.2939E+05 -6.7228E+05
0000011   1.0455E+06 -1.9070E+05  3.3187E+04
0000012   1.2280E+06  3.2385E+03 -4.1870E+05
0000013   3.8059E+06 -3.1631E+05  2.4214E+05
0000014   1.7265E+06 -1.9499E+05  1.2074E+06
0000015   2.2177E+06 -9.8094E+05  1.4999E+06
0000016   5.7733E+05 -7.3474E+04 -1.0781E+06
0000017   1.4620E+06 -7.6863E+05  6.0537E+05
0000018   3.1134E+06 -3.8213E+05 -6.6028E+05
0000019   1.5491E+06  8.7845E+04  4.1100E+05
0000020   1.3291E+06  3.8055E+05  8.4776E+05
0000021   9.5079E+05  3.2106E+05 -3.6115E+04
0000022   3.4460E+06  6.8749E+05 -3.1755E+05
0000023   1.7556E+06  2.6074E+05 -3.5214E+05
0000024   2.1533E+06  1.9557E+05  6.1059E+05
0000025   3.0126E+06  1.2355E+05 -6.7945E+05
0000026   2.9273E+06  8.1266E+05 -9.5680E+05
0000027   1.8785E+06  2.2970E+05  4.1228E+05
0000028   1.8031E+06 -1.0402E+06  5.7346E+05
0000029   2.3253E+06  2.1299E+05 -1.1829E+06
0000030   3.2627E+06 -1.1781E+06 -3.0025E+05
0000031   1.9370E+06  1.1919E+06  1.2376E+05
0000032   1.3004E+06  7.6027E+05  2.6051E+05
0000033   2.3497E+06  9.6900E+05 -4.7877E+05
0000034   2.6626E+06  7.5347E+02  2.4491E+05
0000035   1.8589E+06 -6.2512E+05  6.9488E+05
0000036   2.0262E+06  1.0498E+05  2.2074E+04
0000037   3.0872E+06  5.6488E+05  3.4209E+05
0000038   2.7806E+06 -4.6184E+05 -1.1310E+06
0000039   3.2298E+06 -1.1006E+06  4.7085E+04
0000040   2.3096E+06  2.9161E+05  2.5336E+05
0000041   1.0373E+06  2.1410E+04  3.1876E+05
0000042   2.9216E+06 -4.1346E+05 -8.8552E+05
0000043   3.2425E+06 -2.6374E+05  8.7766E+05
0000044   1.5604E+06 -1.0028E+06 -1.9217E+06
0000045   3.0391E+06  2.2854E+05 -3.0172E+05
0000046   2.9230E+06  1.0497E+06 -3.0408E+05
0000047   2.5139E+06  6.7709E+05 -1.5904E+05
0000048   2.7961E+06 -7.8716E+05  9.8005E+05
0000049   3.0267E+06  1.1974E+05  9.9842E+05
0000050   2.3969E+06  6.2139E+05  2.4506E+05
0000051   1.7471E+06 -2.7167E+05  1.0689E+06
0000052   2.0809E+06 -1.0196E+05 -2.1315E+05
0000053   8.8557E+05  8.3326E+04  8.3068E+04
0000054   2.4206E+06  7.2658E+05 -4.9865E+05
0000055   1.0614E+06  5.8071E+05  6.2942E+04
0000056   2.2407E+06 -5.2140E+05 -1.0363E+06
0000057   2.2430E+06 -5.0187E+05 -6.6965E+05
0000058   2.2378E+06  5.5916E+05  2.8420E+05
0000059   3.1672E+06  1.2622E+06  8.6737E+05
0000060   2.2663E+06  1.4153E+05 -4.2111E+05
0000061   2.3035E+06  4.8826E+05 -5.8703E+04
0000062   9.5556E+05  8.0902E+05  7.4904E+05
0000063   8.0432E+05  6.4249E+05 -4.5473E+04
0000064   2.5824E+06  1.4102E+04 -9.3538E+05
0000065   2.6794E+06  5.9760E+05  2.8568E+05
0000066   2.6378E+06  4.2233E+05  1.7977E+05
0000067   1.7418E+06  3.0122E+05 -2.5443E+05
0000069   2.6526E+06  8.0805E+05 -6.5223E+05
0000070   2.0519E+06  1.0696E+06 -1.0229E+05
0000071   2.9303E+06  6.2830E+05 -7.4090E+05
0000072   2.0227E+06  3.6988E+04  1.4396E+05
0000073   2.6047E+06  3.9424E+05 -7.7785E+05
0000074   3.1043E+06 -1.1176E+06 -1.0500E+06
0000075   2.0257E+06  1.0244E+06 -2.6319E+05
0000076   3.1753E+06  2.4948E+05  3.5881E+05
0000077   1.8169E+06 -3.9063E+05  4.7337E+05
0000078   2.0704E+06 -2.6978E+04  5.3663E+05
0000079   9.9167E+05  3.1015E+04  1.4880E+05
0000080   2.9433E+06 -1.9879E+05 -7.8126E+04
0000081   1.3618E+06  6.8751E+05  2.0890E+04
0000082   2.4816E+06 -2.9015E+05  7.1311E+05
0000083   2.2566E+06  5.8974E+05 -1.7745E+05
0000084   2.7690E+06 -2.2763E+05  1.3283E+05
0000085   2.1100E+06  1.0802E+05  2.9848E+05
0000086   2.7746E+06  1.3035E+05  1.0395E+06
0000087   1.3602E+06 -5.1668E+05  1.7083E+05
0000088   7.8124E+05 -6.4615E+05  7.8541E+05
0000089   1.2594E+06  5.6336E+05 -6.1714E+05
0000090   2.4714E+06 -2.9068E+05  9.6013E+05
0000091   7.9636E+05  3.4339E+05  3.2196E+04
0000092   1.8750E+06  6.0974E+04  5.5584E+05
0000093   1.5980E+06  1.5611E+05 -7.8183E+05
0000094   5.9295E+05 -4.0873E+05 -7.2896E+05
0000095   2.3698E+06  4.5648E+05  2.6737E+04
0000096   3.6466E+06 -7.1611E+05  1.1359E+06
0000097   1.7671E+06 -1.1097E+06  3.5721E+05
0000098   1.8473E+06 -2.6336E+05  9.2991E+05
0000099   1.9067E+06  5.4648E+05 -1.5321E+05
0000100   1.9852E+06 -6.6926E+03  4.2484E+05
0000101   1.7706E+06 -1.7496E+05 -7.3779E+05
0000102   1.5281E+06  7.4753E+05  1.3648E+06
0000103   1.7172E+06  7.3052E+05 -9.2060E+05
0000104   1.3357E+06  7.1870E+05 -6.0872E+04
0000105   3.0725E+06 -1.8357E+04  5.4133E+05
0000106   3.1502E+06  1.2760E+06  4.6615E+05
0000107   3.0002E+06  3.0515E+05  1.5284E+05
0000108   3.3529E+06  1.1822E+06 -1.3679E+06
0000109   2.7318E+06  5.6126E+04  7.8921E+05
0000110   2.1329E+06  4.7170E+04  1.2664E+06
0000111   1.5056E+06  3.7408E+05  1.3777E+06
0000112   1.9876E+06  6.1644E+05  4.5115E+05
0000113   1.2300E+06 -3.1748E+05  3.7614E+05
0000114   2.5035E+06  1.7031E+05 -1.0461E+06
0000115   1.8617E+06  1.0706E+05  7.2617E+05
0000116   3.3968E+06  7.3957E+05 -3.8141E+05
0000117   1.2648E+06  1.1123E+06  6.9020E+04
0000118   1.3663E+06  3.4570E+05 -7.0120E+05
0000119   2.7335E+06 -2.0220E+05 -8.5692E+05
0000120   3.1838E+06  6.5954E+05 -5.1268E+05
0000121   3.5671E+06 -3.6871E+05 -3.9479E+05
0000122   1.9220E+06  3.1531E+05 -1.4819E+06
0000123   2.0455E+06 -8.3097E+05  5.4740E+05
0000124   2.8402E+06  2.5067E+05  9.9980E+04
0000125   2.2962E+06  8.5925E+04  5.8266E+05
0000126   2.4421E+06  4.1607E+05  1.9700E+04
0000127   2.4290E+06 -5.2429E+05 -5.0410E+05
0000128   8.1148E+05 -5.6037E+04  1.6577E+06
0000129   2.3007E+06 -5.8477E+05 -1.4258E+05
0000130   3.0287E+06 -4.4550E+05  5.2864E+05
0000131   9.3144E+05 -8.3145E+05  1.7681E+06
0000132   1.9785E+06  2.9088E+05  1.6199E+05
0000133   2.5324E+06 -4.0774E+05  5.7224E+05
0000134   3.7299E+06 -8.6430E+05 -7.4056E+04
0000135   2.7873E+06 -4.0265E+05 -4.3565E+05
0000136   1.6782E+06 -7.1489E+05 -1.0727E+06
0000137   1.3037E+06 -8.1779E+05 -4.0391E+05
0000138   2.3796E+06  3.3597E+05 -3.1443E+05
0000139   2.0635E+06 -1.4000E+06  4.9489E+05
0000140   1.0117E+06 -9.5720E+04 -4.4842E+05
0000141   2.7144E+06 -3.5835E+05  2.2321E+05
0000142   3.7955E+06  7.6132E+05  5.8962E+05
0000143   2.6991E+06 -1.1140E+06 -2.9322E+05
0000144   2.4155E+06 -3.1027E+05  4.2231E+05
0000145   1.5528E+06  1.5922E+06 -7.5704E+05
0000146   3.2489E+06  2.2639E+05  3.5085E+04
0000147   2.5607E+06 -3.0611E+05 -3.4828E+05
0000148   3.0615E+06  4.0149E+05  4.9074E+05
0000149   2.7691E+06 -6.7845E+05 -2.6674E+05
0000150   2.1611E+06  1.2559E+05  1.3242E+05
0000151   6.6590E+05 -2.1086E+05 -2.0742E+05
0000152   2.2372E+06 -1.1517E+06 -1.5663E+06
0000153   2.5283E+06  2.2199E+04  7.0364E+05
0000154   6.3402E+05  1.0289E+06  4.4215E+04
0000155   2.5695E+06 -2.3747E+05 -7.5626E+05
0000156   2.3835E+06 -3.9177E+05 -1.9830E+06
0000157   2.1418E+06 -2.6359E+05  3.8560E+05
0000158   2.5181E+06  5.7406E+05 -1.3470E+06
0000159   2.3242E+06  1.0720E+06  1.5961E+05
0000160   2.5028E+06  8.4546E+05  3.8555E+05
0000161   2.9280E+06  5.3544E+05  3.7334E+05
0000162   3.0020E+06 -2.2093E+05 -1.2092E+06
0000163   3.2446E+06 -7.6316E+04 -7.9792E+05
0000164   2.1382E+06  1.3864E+06 -6.3404E+05
0000165   2.3802E+06 -7.1157E+04 -4.5780E+05
0000166   2.9187E+06  7.1252E+05  9.8043E+05
0000167   2.5037E+06 -4.3904E+05  7.8300E+05
0000168   3.5212E+06 -4.7098E+05  4.1545E+05
0000169   1.7214E+06  1.6585E+05 -5.7048E+04
0000170   1.3825E+06  5.1925E+05 -3.3680E+05
0000171   2.0713E+06 -1.2968E+06  1.4863E+05
0000172   2.0357E+06  1.6369E+05  1.7728E+04
0000173   1.5103E+06  1.0223E+06 -2.4075E+05
0000174   1.4752E+06 -1.2406E+05 -2.9962E+05
0000175   1.5683E+06 -2.0761E+05 -4.1458E+05
0000176   1.2663E+06 -3.1169E+05  1.5517E+05
0000177   2.1466E+06  1.2900E+06 -4.9711E+05
0000178   1.9219E+06  1.3039E+06 -4.5669E+05
0000179   1.3468E+06  2.5871E+05 -3.3485E+05
0000180   2.9562E+06  9.9854E+05 -1.7069E+05
0000181   1.8678E+06  3.6202E+05 -1.2230E+06
0000182   2.3737E+06 -1.2062E+06  1.4483E+06
0000183   2.1056E+06  5.4231E+05  3.9905E+05
0000184   3.1442E+06  4.7875E+05  1.1266E+06
0000185   2.3986E+06  1.4654E+05 -1.0763E+06
0000186   1.5625E+06  8.3922E+05  5.9183E+05
0000187   2.1728E+06  3.1378E+05 -4.6873E+05
0000188   1.5509E+06 -4.0929E+05 -8.3669E+05
0000189   2.0252E+06 -8.5404E+05  3.6170E+05
0000190   2.5028E+06  9.2962E+05 -9.8650E+05
0000191   3.4668E+06 -7.8201E+05 -3.0629E+05
0000192   3.4200E+06 -5.1865E+05 -5.0256E+05
0000193   3.1376E+06 -2.0538E+06 -4.1561E+05
0000194   2.1717E+06 -1.0120E+06  6.3491E+04
0000195   2.6733E+06 -6.0709E+05 -6.0968E+05
0000196   1.2363E+06 -4.0781E+05  8.2351E+05
0000197   2.1938E+06  1.9505E+05  5.1334E+04
0000198   1.3926E+06 -3.2531E+05 -4.2249E+05
0000199   1.2089E+06  1.8574E+06  1.0353E+06
0000200   2.0327E+06 -1.0402E+06  1.4284E+06
0000201   2.2880E+06  6.3016E+05 -1.8859E+05
0000202   2.8157E+06  7.0568E+05 -8.4009E+05
0000203   2.4101E+06 -5.8528E+03  4.6838E+05
0000204   2.0430E+06 -4.8432E+05 -8.8764E+05
0000205   1.0665E+06 -8.2945E+05 -1.7985E+06
0000206   3.3358E+06 -3.2951E+05 -9.8555E+05
0000207   1.6258E+06 -1.0254E+05  5.8633E+05
0000208   1.4919E+06  4.3085E+05  9.0541E+04
0000209   1.9668E+06 -9.3216E+05  5.9468E+05
0000210   2.0768E+06  7.0724E+05  9.3360E+05
0000211   2.8174E+06  9.4157E+05  6.6584E+05
0000212   1.9308E+06  4.8279E+05  2.0245E+05
0000213   2.4874E+06 -1.1363E+06  6.0162E+05
0000214   2.0675E+06 -8.3867E+05  4.3303E+05
0000215   1.7359E+06 -4.2547E+05  8.2289E+05
0000216   1.0305E+06 -6.7810E+05  1.5187E+04
0000217   2.4430E+06  8.6110E+04 -1.4790E+06
0000218   2.4527E+06 -2.2789E+05  1.1677E+05
0000219   2.9424E+06 -2.1181E+05  5.1510E+05
0000220   1.7736E+06  6.0335E+05  2.6280E+05
0000221   1.5753E+06  9.5208E+05 -3.0405E+05
0000222   2.3145E+06  6.4829E+05 -2.9500E+05
0000223   1.9062E+06  9.4732E+05  1.3972E+05
0000224   2.0778E+06  9.5789E+05  9.3095E+05
0000225   2.4460E+06 -2.7315E+05  1.6757E+05
0000226   3.2850E+06  3.8319E+05 -6.7629E+05
0000227   1.9225E+06  4.5075E+05 -4.8841E+05
0000228   2.1897E+06 -1.7787E+05  4.1383E+05
0000229   1.8021E+06  9.7996E+05  1.6472E+05
0000230   2.2005E+06 -1.2388E+06  5.4677E+05
0000231   1.3261E+06  6.3610E+05 -5.0503E+05
0000232   3.4341E+06  4.2094E+05  1.2367E+06
0000233   2.1692E+06 -6.5309E+05 -3.2827E+05
0000234   2.3854E+06 -1.7790E+06 -4.0183E+05
0000235   1.6350E+06 -5.2678E+04  2.0004E+05
0000236   3.0963E+06  8.9422E+05  9.7193E+04
0000237   2.6486E+06  1.9443E+06 -5.8069E+05
0000238   1.7967E+06  2.5878E+05  7.8200E+05
0000239   2.3089E+06  1.2457E+06 -6.1726E+04
0000240   1.7873E+06  1.0844E+06 -6.2229E+05
0000241   1.9851E+06 -4.1690E+05  1.0694E+06
0000242   1.4688E+06  1.0544E+05 -7.7349E+04
0000243   2.6728E+06 -6.1346E+04 -1.6043E+05
0000244   3.3017E+06  3.7501E+04  9.0036E+04
0000245   3.0391E+06  9.9818E+05 -4.6077E+05
0000246   1.5918E+06  1.2695E+05  3.6296E+05
0000247   2.6180E+06  3.2826E+05 -6.7110E+05
0000248   3.3485E+06 -4.3181E+05 -1.7071E+04
0000249   3.1039E+06  1.2020E+06  7.7110E+05
0000250   3.5665E+06 -6.2799E+04  4.0594E+05
0000251   2.5436E+06 -3.5761E+05  5.4780E+03
0000252   1.3588E+06 -4.6592E+05 -2.3202E+05
0000253   2.6520E+06  5.2833E+05 -3.8012E+05
0000254   1.6185E+06  6.7689E+05 -7.2760E+05
0000255   1.8439E+06 -5.3129E+05  4.2415E+05
0000256   1.3445E+06 -3.0926E+05 -2.3123E+03
0000257   8.6846E+05 -1.5103E+05  2.0204E+04
0000258   2.7629E+06 -2.7898E+05  4.9736E+05
0000259   1.7461E+06  6.8720E+05  6.9331E+05
0000260   1.4048E+06  5.7086E+05  1.4475E+06
0000261   2.5698E+06 -1.3419E+05  4.0329E+05
0000262   1.8156E+06  4.8029E+05 -1.4389E+06
0000263   2.3460E+06  6.6138E+05  4.6506E+05
0000264   2.0347E+06 -1.5381E+06  8.1011E+05
0000265   2.4847E+06  7.8652E+05  8.5488E+05
0000266   2.5420E+06  3.5178E+05 -1.7230E+05
0000267   1.4309E+06  1.3298E+05 -2.6513E+05
0000268   1.0538E+06 -1.8459E+05  1.7477E+05
0000269   1.7700E+06 -1.6132E+06 -9.0369E+05
0000270   2.7893E+06  9.7969E+05  1.7499E+05
0000271   2.6462E+06  7.1814E+05 -3.0292E+05
0000272   2.3840E+06  9.1156E+04  5.6270E+04
0000273   3.0989E+06 -2.2372E+05 -5.1849E+05
0000274   1.6371E+06 -3.1462E+05 -9.5075E+05
0000275   1.3083E+06  2.5042E+05 -5.5507E+05
0000276   2.8676E+06  8.5370E+05 -6.6071E+05
0000277   2.1450E+06  1.1175E+06  9.3425E+05
0000278   1.7578E+06  4.7015E+02  1.4893E+06
0000279   2.3516E+06  7.3773E+05  4.8537E+04
0000280   1.6099E+06  1.3490E+05 -5.8678E+05
0000281   2.1435E+06  6.5387E+05  3.2194E+05
0000282   2.5922E+06 -3.2151E+05  1.4128E+06
0000283   1.1586E+06  5.2359E+05 -1.7726E+06
0000284   2.0202E+06 -9.1206E+05  7.5544E+05
0000285   1.5656E+06  3.2707E+04  1.3316E+06
0000286   2.3263E+06 -8.2871E+04  5.4280E+05
0000287   1.9854E+06  7.1877E+05 -1.2090E+06
0000288   1.2392E+06 -1.7426E+05 -1.3205E+04
0000289   1.6302E+06 -2.3986E+05 -1.5719E+06
0000290   2.5456E+06  4.3348E+05  4.7058E+05
0000291   1.4209E+06 -1.5833E+05 -1.0271E+06
0000292   1.1244E+06  2.2323E+05  2.6906E+05
0000293   1.9567E+06  5.2393E+05 -1.2100E+06
0000294   3.0226E+06  9.3537E+05  4.4827E+05
0000295   1.8165E+06  4.6561E+05  3.6483E+05
0000296   2.3365E+06 -5.7225E+05  1.2649E+06
0000297   1.4719E+06  5.1543E+05 -1.7278E+04
0000298   2.3119E+06 -1.2332E+06 -2.9935E+05
0000299   2.9208E+06 -7.7419E+05 -1.5222E+05
0000300   1.8550E+06  2.6083E+05  4.1308E+04
0000301   1.7362E+06 -5.7944E+05 -6.2753E+05
0000302   2.4094E+06 -9.2954E+04 -3.8058E+05
0000303   3.1648E+06 -5.1185E+05 -7.3835E+04
0000304   1.5142E+06  1.8952E+05 -5.7093E+05
0000305   1.8738E+06  3.7708E+05  5.2801E+05
0000306   2.3491E+06 -6.9454E+05  8.2974E+05
0000307   3.1176E+06 -1.2449E+06 -3.1952E+05
0000308   1.5862E+06 -2.5823E+05  1.2559E+06
0000309   2.6360E+06  7.7921E+05 -4.1416E+04
0000310   2.7141E+06  1.3483E+05  7.7283E+05
0000311   1.5387E+06  2.4237E+05  9.1809E+05
0000312   1.1169E+06  8.5653E+05  5.0420E+05
0000313   1.4750E+06 -7.2000E+04 -8.4190E+04
0000314   2.5173E+06 -4.1673E+05  3.2564E+05
0000315   1.1050E+06  9.5289E+05 -4.1766E+05
0000316   2.4112E+06 -1.6859E+05 -1.0043E+06
0000317   2.0691E+06 -5.9991E+05 -3.5827E+05
0000318   2.8612E+06 -1.2157E+06 -4.9791E+05
0000319   2.9536E+06 -8.6864E+05  4.1328E+05
0000320   3.1123E+06  5.8600E+04 -1.2375E+05
0000321   7.4537E+05 -2.7376E+05  4.2719E+05
0000322   2.2256E+06  3.8598E+04  8.7430E+05
0000323   1.2219E+06 -1.5189E+05  3.5582E+05
0000324   1.4810E+06 -1.2555E+06  9.3156E+05
0000325   1.8596E+06 -1.8934E+04  4.9607E+04
0000326   2.2247E+06  3.1883E+05 -2.0320E+05
0000327   2.1315E+06 -7.8764E+05 -6.0790E+05
0000328   2.8479E+06 -1.3446E+05  5.1545E+05
0000329   2.1776E+06 -1.9191E+05 -8.1132E+05
0000330   3.3884E+06  8.9673E+04 -1.2361E+05
0000331   1.2300E+06  1.4117E+04  5.0615E+05
0000332   2.5149E+06  1.1112E+06 -5.3901E+04
0000333   1.9695E+06  8.4144E+05 -4.7835E+05
0000334   1.4884E+06 -9.7523E+05 -7.5247E+05
0000335   2.0681E+06  1.1920E+06  7.4196E+05
0000336   2.3193E+06  2.4188E+05 -1.5055E+05
0000337   1.0843E+06  1.7484E+05 -1.5178E+06
0000338   2.8450E+06  1.0530E+06  4.7175E+05
0000339   2.4796E+06  2.8409E+05  9.3081E+05
0000340   3.2179E+06  1.3014E+05 -3.0622E+05
0000341   2.3101E+06  5.9194E+05  4.5621E+05
0000342   2.2772E+06  1.0493E+06 -5.0208E+05
0000343   2.0733E+06 -7.0333E+05 -9.1586E+05
0000344   2.3722E+06 -5.4090E+05 -5.6576E+04
0000345   2.2712E+06  1.0750E+06  2.5125E+05
0000346   2.6629E+06 -1.2717E+05 -5.4650E+05
0000347   1.2578E+06 -1.1550E+05  2.2143E+05
0000348   3.5860E+06  2.0240E+05  1.4572E+05
0000349   1.7152E+06  4.3337E+05 -9.7636E+05
0000350   2.6563E+06 -2.3922E+05 -2.3943E+05
0000351   7.6553E+05  2.8020E+05  9.4946E+04
0000352   1.4658E+06 -1.7073E+05  5.2744E+05
0000353   1.6276E+06  9.3168E+05  1.6239E+05
0000354   2.1542E+06 -5.3447E+05 -6.3091E+05
0000355   2.6740E+06 -1.1462E+06  2.1620E+04
0000356   2.2685E+06 -1.3259E+06 -1.1852E+06
0000357   1.5097E+06  1.3298E+05 -3.1785E+05
0000358   1.6623E+06  2.2772E+05  5.9165E+04
0000359   2.8306E+06 -7.0318E+05 -8.3467E+05
0000360   2.0442E+06 -3.2431E+05  2.2736E+05
0000361   1.6655E+06  4.3905E+04 -1.3233E+06
0000362   2.9638E+06  7.3006E+04 -2.8496E+05
0000363   1.6760E+06 -7.6132E+05 -4.5567E+05
0000364   2.8231E+06 -3.2983E+04  7.9445E+05
0000365   2.3710E+06 -9.5970E+05  9.9303E+05
0000366   2.3653E+06 -1.1612E+05 -6.9836E+05
0000367   2.0502E+06 -1.1436E+05  2.9493E+05
0000368   2.1074E+06  1.2931E+06 -8.1061E+05
0000369   1.6120E+06  1.1268E+06 -1.7857E+05
0000370   3.7687E+06  1.9103E+05  6.4014E+05
0000371   2.0275E+06 -2.2932E+05 -4.1600E+05
0000372   2.6228E+06 -1.0579E+06  3.9382E+05
0000373   2.9768E+06  1.2453E+05 -1.5129E+05
0000374   3.2096E+06 -3.9345E+05  4.7979E+05
0000375   2.6843E+06  2.5807E+03 -1.0137E+06
0000376   3.1752E+06  5.7037E+05 -5.6137E+05
0000377   1.7565E+06 -1.7835E+05 -1.5981E+05
0000378   2.7828E+06  8.5019E+05  1.2664E+06
0000379   1.2353E+06  1.4169E+05  5.9883E+05
0000380   1.6566E+06 -3.0975E+05  5.1038E+05
0000381   2.4049E+06  4.1542E+05 -6.3759E+05
0000382   2.4958E+05  2.4344E+05  5.5143E+05
0000383   3.0285E+06 -9.4016E+03 -6.2247E+05
0000384   2.8582E+06  3.7193E+05 -5.6752E+04
0000385   2.5735E+06 -2.1025E+05 -9.8782E+05
0000386   2.7284E+06  5.9153E+05  5.0510E+05
0000387   1.6150E+06 -1.0666E+05 -2.7289E+05
0000388   2.6705E+06 -5.2434E+05 -8.6647E+05
0000389   2.8357E+06  3.4830E+05  4.5459E+05
0000390   1.3269E+06 -1.4828E+05 -3.6039E+05
0000391   1.1878E+06 -3.9698E+05 -3.3734E+05
0000392   2.5363E+06 -6.9204E+05  1.5270E+05
0000393   2.7072E+06 -2.9135E+05  5.2231E+05
0000394   1.9560E+06 -1.1886E+06 -5.0012E+05
0000395   2.5984E+06  4.0812E+05 -5.8404E+05
0000396   1.5510E+06 -4.2995E+05 -8.5558E+05
0000397   2.7038E+06  2.4514E+04 -2.1123E+05
0000398   2.8402E+06  3.0132E+04 -1.8605E+05
0000399   2.8470E+05 -2.9126E+05  2.6169E+05
0000400   3.1217E+06  4.8681E+05  7.6432E+05
0000401   2.4490E+06 -2.9095E+05 -2.7016E+05
0000402   1.9826E+06  2.4275E+05 -1.8199E+06
0000403   3.0130E+06 -4.7013E+05  2.4816E+05
0000404   1.8680E+06 -3.4722E+04  4.2898E+04
0000405   3.3230E+06  3.1996E+05 -2.7554E+05
0000406   2.1953E+06 -7.4553E+04  8.3422E+05
0000407   1.8691E+06 -7.0209E+05 -7.5766E+05
0000408   3.4138E+06 -1.1723E+05 -8.0922E+05
0000409   1.8597E+06  6.8919E+05  1.3867E+06
0000410   3.3149E+06  7.5260E+05 -4.0478E+05
0000411   1.9063E+06 -5.3429E+05  1.9770E+05
0000412   2.6621E+06 -1.3411E+06  6.5392E+05
0000413   7.0119E+05  2.5615E+05 -5.2480E+05
0000414   2.8583E+06  4.1576E+05 -5.6517E+05
0000415   2.0148E+06  1.1240E+05 -2.1415E+05
0000416   1.6987E+06  1.3891E+06  1.3656E+05
0000417   1.4941E+06 -9.5700E+04  1.1760E+06
0000418   1.5742E+06  1.0868E+06 -6.4518E+05
0000419   2.2139E+06 -1.6619E+06 -5.8891E+05
0000420   1.8265E+06 -6.5027E+05 -1.0108E+06
0000421   1.5010E+06 -6.7393E+05 -1.5186E+05
0000422   2.4605E+06  9.3374E+05 -5.5283E+05
0000423   1.7440E+06 -1.0325E+06  1.3338E+06
0000424   1.1421E+06  1.0203E+04 -4.4204E+05
0000425   2.8855E+06  4.2422E+05 -9.0081E+05
0000426   1.9313E+06 -7.6710E+05 -5.9479E+05
0000427   2.9181E+06  1.1146E+06  3.4390E+05
0000428   2.7288E+06  4.3911E+04 -1.0277E+06
0000429   2.3681E+06 -4.6743E+05 -4.6890E+05
0000430   2.2606E+06 -7.1964E+05  2.4037E+05
0000431   2.1999E+06 -3.9941E+05 -1.1479E+06
0000432   3.0981E+06 -1.1270E+05 -5.4902E+05
0000433   1.8553E+06 -2.4133E+05  5.1351E+05
0000434   1.7614E+06 -6.3615E+05  2.3982E+05
0000435   1.5174E+06  9.4699E+05  2.1723E+05
0000436   1.4600E+06  2.5316E+05  3.1844E+05
0000437   1.9890E+06 -3.7095E+05 -8.9050E+05
0000438   2.6512E+06  7.0310E+05  1.1169E+06
0000439   5.2750E+05  9.0579E+05 -9.2889E+05
0000440   2.4464E+06 -1.0588E+05 -5.4968E+03
0000441   7.6447E+05 -4.6169E+05  3.5572E+05
0000442   2.5429E+06  6.9617E+05 -2.3851E+05
0000443   3.9881E+06 -8.6165E+05  6.3617E+05
0000444   2.5293E+06  3.3936E+04 -1.2525E+06
0000445   1.7736E+06  1.5319E+05  5.7629E+05
0000446   3.0423E+06  1.2139E+06 -3.5893E+05
0000447   2.9892E+06  1.5139E+06 -1.6972E+05
0000448   2.0206E+06  2.0890E+05 -1.1709E+06
0000449   2.3026E+06 -2.9241E+05  7.1302E+05
0000450   1.6089E+06  4.7241E+05 -1.3867E+06
0000451   2.8477E+06  3.8963E+05  7.0165E+05
0000452   5.9850E+05 -4.2355E+05  7.2410E+05
0000453   2.2313E+06  8.5445E+05 -6.6493E+05
0000454   3.0966E+06  1.6643E+05 -5.3853E+05
0000455   2.0291E+06  5.1905E+05  2.7319E+05
0000456   1.8977E+06  3.1084E+05  1.0049E+06
0000457   2.4702E+06 -7.2372E+05  2.8593E+05
0000458   2.7046E+06 -7.4021E+05  6.6538E+05
0000459   2.7221E+06 -6.4805E+05 -1.8057E+06
0000460   2.2117E+06  5.0988E+05  8.2560E+03
0000461   2.9195E+06 -1.8118E+05  9.8582E+04
0000462   2.4978E+06 -8.1670E+05  6.9347E+05
0000463   1.9675E+06 -8.1207E+05  7.5813E+05
0000464   3.0424E+06 -1.7336E+05  1.1941E+05
0000465   2.5501E+06  1.4829E+06  4.7162E+05
0000466   2.7535E+06  1.2781E+05 -1.9126E+05
0000467   3.4943E+06 -5.1587E+05 -3.4724E+05
0000468   1.8044E+06  3.8609E+05  8.0966E+04
0000469   2.3357E+06  1.6210E+05  3.4992E+05
0000470   2.6840E+06 -4.5985E+05 -5.8962E+05
0000471   2.2947E+06 -4.2400E+05 -1.4779E+05
0000472   2.0486E+06  1.5530E+06  1.9617E+05
0000473   1.4524E+06  4.7776E+05  7.2399E+05
0000474   1.6423E+06 -3.5075E+05  3.9485E+04
0000475   1.7454E+06  4.9435E+05 -4.1790E+05
0000476   2.0622E+06 -1.0500E+06 -7.0656E+05
0000477   2.6960E+06  5.5258E+05  4.2233E+05
0000478   2.6740E+06 -3.6415E+05 -5.2396E+05
0000479   2.3055E+06  2.9142E+05  5.5456E+05
0000480   2.9884E+06  6.7923E+05  1.6455E+05
0000481   2.1938E+06  8.0124E+05 -2.9081E+05
0000482   1.9904E+06  2.3094E+05 -2.6700E+05
0000483   3.1205E+06 -4.8631E+05  1.0904E+05
0000484   2.1795E+06  2.1951E+05  6.7357E+05
0000485   2.9475E+06  5.9885E+05  5.1425E+05
0000486   9.7939E+05  3.7169E+05 -3.0435E+05
0000487   2.4428E+06 -6.3354E+05  3.6640E+05
0000488   1.3422E+06  1.0041E+06  7.3687E+05
0000489   2.5770E+06 -5.4037E+05 -1.7592E+05
0000490   2.0289E+06 -5.0349E+04  4.9494E+05
0000491   3.5488E+06 -1.0221E+06  1.0360E+06
0000492   2.0941E+06  3.6566E+04 -1.5204E+06
0000493   2.5382E+06 -2.3687E+05  2.9826E+05
0000494   2.6122E+06 -4.2758E+04 -9.3599E+05
0000495   2.9158E+06  9.2421E+04 -8.2505E+05
0000496   2.6527E+06 -1.0443E+06 -1.2534E+05
0000497   2.0632E+06  7.0123E+05 -1.1194E+06
0000498   1.7212E+06 -1.0465E+06 -6.0691E+05
0000499   2.5391E+06 -4.3508E+05  6.8778E+05
0000500   2.5937E+06  2.7434E+05  6.0944E+05
0000501   2.3112E+06 -1.9787E+05 -7.9491E+05
0000502   2.0116E+06 -7.9161E+05 -4.6007E+04
0000503   3.1533E+06 -3.1184E+05  7.3011E+05
0000504   3.1138E+06  1.1029E+06  6.1550E+05
0000505   2.0151E+06 -1.0242E+06  9.1433E+05
0000506   1.0584E+06 -1.9519E+05  1.6965E+05
0000507   1.8991E+06 -6.4202E+05 -1.9792E+05
0000508   2.5021E+06  7.9402E+05 -6.3656E+04
0000509   1.5915E+06  5.6127E+05  3.4044E+05
0000510   2.0824E+06  3.5415E+05  7.1521E+05
0000511   2.6147E+06 -6.2989E+05  1.8783E+04
0000512   1.1517E+06 -5.4492E+05  1.0484E+06
0000513   1.6306E+06  1.6574E+05 -4.5980E+05
0000514   3.0479E+06 -5.1967E+05  2.0676E+05
0000515   1.9479E+06  1.1423E+05 -3.9230E+04
0000516   2.1284E+06  1.4270E+04 -5.2659E+05
0000517   1.5698E+06 -1.3522E+06  8.9437E+05
0000518   2.6459E+06  2.5442E+05  6.9146E+05
0000519   2.9705E+06 -5.7774E+05 -1.2402E+06
0000520   2.3427E+06  5.9522E+05 -1.0252E+05
0000521   2.7897E+06 -7.0508E+05  3.4075E+05
0000522   2.7810E+06  7.5334E+05 -4.9410E+05
0000523   2.7728E+06  3.3752E+05 -2.8929E+05
0000524   1.4976E+06 -5.2457E+04  3.3877E+05
0000525   1.7110E+06  1.1269E+05  8.9688E+05
0000526   3.0427E+06 -7.9142E+05 -8.6441E+05
0000527   1.8553E+06  2.1674E+06 -1.3186E+05
0000528   1.4394E+06  6.9081E+05  4.0777E+05
0000529   2.2220E+06 -5.5586E+05 -3.0286E+05
0000530   2.4431E+06 -1.2784E+06  7.7355E+05
0000531   1.6142E+06 -4.4510E+05 -7.6141E+05
0000532   2.6649E+06  4.9044E+05 -1.6747E+05
0000533   1.8672E+06  8.2642E+04  3.7589E+05
0000534   2.0453E+06 -8.6330E+05  6.7998E+05
0000535   1.9479E+06 -2.3979E+05  3.9411E+05
0000536   2.5721E+06 -1.0877E+06  1.3145E+06
0000537   1.7047E+06 -4.6194E+05  9.2530E+04
0000538   2.1735E+06 -1.2614E+06 -8.5488E+04
0000539   1.6309E+06  5.6199E+05 -7.4958E+05
0000540   4.7071E+05  9.8833E+05 -4.9291E+05
0000541   2.2898E+06  5.6768E+03 -1.3209E+05
0000542   3.4155E+06  2.3361E+05 -8.6927E+03
0000543   2.5570E+06 -2.6396E+05  7.3082E+05
0000544   1.9977E+06  7.6899E+05  2.2806E+05
0000545   3.3791E+06  1.1166E+06  1.6654E+05
0000546   3.3676E+06 -2.0993E+06 -5.8366E+05
0000547   4.6421E+05  6.3866E+04  3.7669E+05
0000548   2.6207E+06 -4.3849E+05  5.6247E+04
0000549   1.8931E+06 -2.4945E+05 -1.3516E+05
0000550   1.7465E+06  6.7299E+05  5.2716E+05
0000551   1.0751E+06 -4.2938E+04 -1.5343E+06
0000552   1.8919E+06 -6.8796E+05  1.8151E+04
0000553   2.3519E+06 -2.6584E+05  2.9054E+05
0000554   1.3851E+06  6.6296E+05  3.7271E+05
0000555   2.6329E+06 -9.7574E+05 -4.7507E+05
0000556   1.3433E+06  6.9512E+04  2.6539E+05
0000557   3.1907E+06 -4.0053E+05  3.3906E+05
0000558   2.2172E+06  6.6448E+04  8.4466E+05
0000559   1.6267E+06 -4.2038E+05  1.8695E+06
0000560   1.7446E+06  5.9265E+05 -1.6147E+06
0000561   8.2585E+05 -6.8140E+05  7.9581E+05
0000562   1.2187E+06 -9.8242E+05  5.9186E+05
0000563   1.8285E+06 -8.2793E+05  1.3325E+06
0000564   2.7883E+06 -1.3685E+06 -3.8739E+05
0000565   1.3210E+06 -6.3651E+05 -2.0494E+05
0000566   1.7031E+06  8.2039E+04  2.5550E+04
0000567   1.8471E+06  3.2297E+04 -6.4544E+05
0000568   2.7528E+06 -4.4571E+05 -2.1521E+05
0000569   2.6251E+06 -4.5956E+05  2.1474E+05
0000570   1.9254E+06 -1.4923E+06 -7.8992E+05
0000571   1.1825E+06  5.7170E+05 -1.5185E+05
0000572   5.8286E+05  8.0308E+05 -3.0772E+05
0000573   1.3701E+06  2.6363E+05  2.8280E+05
0000574   1.1999E+06 -4.3413E+05 -3.2668E+05
0000575   1.6692E+06  5.6290E+05 -1.9492E+05
0000576   3.1008E+06  5.5096E+05 -4.0765E+05
0000577   1.1509E+06  4.7809E+05 -2.9654E+05
0000578   1.3833E+06 -1.3685E+06 -1.2943E+06
0000579   1.6097E+06  6.0567E+05 -8.1914E+04
0000580   3.0150E+06  3.5298E+05  1.5164E+05
0000581   3.1476E+06  4.7782E+05 -2.6807E+05
0000582   7.0340E+05 -1.4266E+05 -7.1053E+04
0000583   2.8370E+06 -4.1296E+05  1.5625E+05
0000584   2.7058E+06 -4.9085E+05  3.6513E+05
0000585   2.7501E+06  1.0345E+05 -7.6363E+05
0000586   2.1670E+06 -5.2551E+05 -2.0934E+05
0000587   2.2425E+06 -1.7966E+05  2.5975E+05
0000588   8.4600E+05 -4.0414E+05 -1.3886E+05
0000589   2.1726E+06  1.1176E+05 -1.5392E+06
0000590   1.7696E+06 -4.5797E+05 -6.1888E+05
0000591   2.6622E+06 -7.3696E+05 -3.8806E+05
0000592   2.4861E+06  4.5227E+05  3.5783E+05
0000593   2.5772E+06 -9.0061E+05 -3.8156E+05
0000594   1.5622E+06 -1.3184E+05 -8.4607E+04
0000595   1.4925E+06  2.1484E+05 -1.6535E+06
0000596   1.6655E+06  8.4300E+05  1.2507E+06
0000597   1.9454E+06  2.0612E+05  4.7407E+04
0000598   2.8840E+06 -2.9556E+05  1.8755E+06
0000599   2.4282E+06  5.0290E+05  1.3777E+05
0000600   2.3579E+06  8.5645E+05  7.8398E+05
0000601   2.8958E+06 -5.0738E+05 -9.1583E+05
0000602   2.2075E+06 -9.1104E+05  2.9510E+05
0000603   7.9377E+05 -4.3172E+04 -7.8680E+05
0000604   1.4969E+06 -2.5624E+05 -6.7671E+05
0000605   1.0199E+06  3.9235E+04 -3.0783E+05
0000606   1.5484E+06 -7.7270E+04 -3.6517E+05
0000607   1.8432E+06  9.6329E+04 -8.6574E+05
0000608   3.4431E+06  1.7163E+03 -1.2224E+05
0000609   3.2519E+06  1.0888E+06 -2.5682E+05
0000610   2.1333E+06  6.0587E+05 -1.1523E+05
0000611   2.1095E+06  5.6164E+05  3.1533E+04
0000612   1.9170E+06  8.8004E+04 -1.0615E+06
0000613   2.5070E+06 -7.0955E+05 -6.0073E+05
0000614   1.1713E+06 -2.6141E+05 -5.6511E+05
0000615   2.7561E+06 -2.9089E+04 -1.3206E+06
0000616   2.6722E+06  4.4217E+05  5.0731E+04
0000617   1.5287E+06  3.5902E+05  4.3773E+05
0000618   1.9726E+06 -2.0486E+05  5.1461E+05
0000619   1.8116E+06 -7.7240E+04 -2.8334E+05
0000620   1.6037E+06 -2.5635E+05 -5.2393E+05
0000621   2.9565E+06  2.8838E+05  3.2136E+04
0000622   2.8378E+06 -8.9785E+05  2.8002E+05
0000623   2.3920E+06 -4.1188E+05 -9.7598E+05
0000624   1.7001E+06 -7.2507E+05 -1.5222E+05
0000625   3.1216E+06  2.3105E+05 -3.4889E+05
0000626   2.7653E+06  1.1224E+05  8.2032E+05
0000627   2.9816E+06  3.4875E+05 -1.9975E+05
0000628   1.9968E+06 -9.1854E+05  2.8351E+05
0000629   1.6635E+06  8.5650E+05  1.5920E+05
0000630   1.0959E+06 -6.2586E+05  4.0698E+05
0000631   2.5870E+06  3.4109E+05 -1.9081E+05
0000632   1.8683E+06  1.9520E+04  5.7061E+05
0000633   2.5745E+06 -6.7780E+04  1.0285E+06
0000634   2.3887E+06  1.4657E+06 -7.5792E+05
0000635   2.6829E+06  7.8310E+05 -1.5019E+05
0000636   2.7202E+06 -8.2452E+05  1.5915E+06
0000637   2.1647E+06 -9.6850E+04  8.3128E+05
0000638   2.7465E+06 -5.1881E+05  4.1841E+04
0000639   1.2288E+06 -1.0022E+06  1.0440E+06
0000640   2.0853E+06  1.7965E+05  2.7487E+05
0000641   2.6704E+06  4.1465E+05 -2.4274E+05
0000642   2.0762E+06 -6.9191E+05 -2.7880E+05
0000643   2.9533E+06  7.5189E+05 -6.9540E+05
0000644   1.7298E+06  4.5936E+05 -1.3813E+06
0000645   7.5771E+05  3.5669E+05  4.4851E+05
0000646   2.5530E+06  1.7620E+05  9.4985E+05
0000647   1.3366E+06  4.0216E+05 -1.1902E+06
0000648   4.5890E+05 -4.5728E+05  1.5323E+05
0000649   1.1413E+06 -7.4202E+05  1.6685E+06
0000650   1.6189E+06  3.9691E+05  1.2905E+05
0000651   2.1936E+06 -9.6720E+04 -5.5614E+04
0000652   1.0631E+06 -5.3909E+05 -8.9324E+05
0000653   2.4798E+06  8.7638E+05 -4.8870E+05
0000654   2.1519E+06 -1.3759E+05  1.8527E+05
0000655   1.7702E+06  7.4856E+05  1.6265E+05
0000656   2.8025E+06  4.6607E+05 -6.6241E+05
0000657   2.2864E+06  2.4110E+05 -1.1616E+06
0000658   2.3569E+06 -7.4693E+05  7.0864E+05
0000659   1.7764E+06  1.9469E+05 -2.6276E+05
0000660   1.8763E+06  4.5086E+05  3.6363E+05
0000661   1.9144E+06  7.7217E+05 -1.7984E+05
0000662   2.3250E+06 -1.5769E+06 -3.4335E+04
0000663   1.9313E+06  1.9602E+05 -5.8206E+05
0000664   2.7420E+06  1.5610E+06  9.4097E+05
0000665   2.8012E+06 -5.1085E+05  2.7427E+05
0000666   2.1615E+06 -5.9406E+05 -2.3705E+05
0000667   1.7216E+06 -7.0652E+05 -2.4375E+05
0000668   2.9483E+06  3.6179E+05  1.4737E+06
0000669   3.1058E+06  2.2162E+05 -7.1978E+05
0000670   3.0334E+06 -1.2857E+05  9.6424E+05
0000671   1.4678E+06 -8.9393E+05 -2.7545E+05
0000672   2.8240E+06  2.2600E+05  1.0546E+06
0000673   3.4866E+06 -2.9250E+05  1.5970E+05
0000674   6.9679E+05  6.9748E+05  1.7016E+05
0000675   2.7818E+06 -6.1217E+05  8.7800E+05
0000676   1.7280E+06 -7.1058E+05  4.9090E+05
0000677   4.4163E+05  6.9725E+04 -1.7058E+05
0000678   2.3488E+06 -6.4733E+04  2.1518E+05
0000679   9.6308E+05  2.9322E+05 -4.8185E+05
0000680   1.5813E+06 -1.4422E+05  1.0063E+06
0000681   2.1833E+06 -7.9151E+05  1.0616E+06
0000682   1.6433E+06  3.0468E+04  1.6039E+06
0000683   2.3008E+06  7.3497E+05  3.4651E+05
0000684   2.2085E+06  2.7276E+05 -4.1920E+05
0000685   2.2577E+06  3.0782E+05 -2.7354E+04
0000686   2.6667E+06 -3.7555E+05  8.2359E+05
0000687   2.7648E+06  1.0508E+06 -7.9431E+05
0000688   6.0068E+05  2.4581E+05 -1.7961E+06
0000689   2.1489E+06 -4.9534E+05 -1.8979E+05
0000690   2.1395E+06 -6.0137E+05  4.5665E+05
0000691   3.0543E+06 -6.4966E+05 -2.1259E+05
0000692   2.1475E+06  8.1647E+04 -1.4087E+06
0000693   1.2528E+06 -6.4778E+05 -1.0586E+04
0000694   3.3779E+06 -4.5170E+05 -2.8354E+05
0000695   1.2987E+06 -4.6523E+05 -2.8489E+05
0000696   8.5316E+05 -5.9876E+05 -5.3617E+04
0000697   2.4288E+06  1.0722E+06  4.1057E+05
0000698   2.3623E+06 -1.3324E+06  1.5241E+06
0000699   2.8028E+06 -9.3120E+05  5.3924E+05
0000700   1.5760E+06 -6.4880E+05 -2.5308E+05
0000701   2.6148E+06  9.8060E+04 -3.7155E+05
0000702   2.8445E+06 -4.8293E+05  6.7881E+05
0000703   2.1017E+06  2.8085E+05  8.6209E+03
0000704   5.2179E+05  3.8423E+05 -5.8735E+05
0000705   2.4508E+06 -5.2081E+05  1.0497E+06
0000706   1.8767E+06 -9.2872E+04 -4.9928E+05
0000707   3.2271E+06 -7.0741E+05  1.1016E+06
0000708   1.9967E+06 -7.9215E+05 -5.0592E+05
0000709   2.4283E+06  5.1216E+05  5.6258E+05
0000710   1.1484E+06 -5.8818E+05  4.1339E+04
0000711   2.3504E+06 -9.2071E+05 -9.9195E+05
0000712   1.6955E+06 -1.1307E+06 -9.4080E+05
0000713   1.6432E+06  1.2494E+05 -1.2419E+06
0000714   1.9514E+06  5.7095E+05  1.3386E+05
0000715   3.6835E+06  1.8067E+03  1.4893E+06
0000716   9.8213E+05 -2.2192E+05  3.4225E+05
0000717   2.2419E+06  2.7370E+05 -1.1497E+05
0000718   1.1960E+06  8.0787E+05  3.5451E+05
0000719   8.2999E+05 -4.4097E+05 -5.0244E+05
0000720   1.9520E+06  4.0896E+05  1.2777E+05
0000721   3.0029E+06 -1.5342E+05  4.1111E+05
0000722   2.2257E+06 -9.6016E+05 -3.9662E+05
0000723   2.0954E+06 -6.0676E+04  5.5450E+05
0000724   1.4347E+06 -1.7450E+06 -9.9217E+05
0000725   2.5216E+06  5.5561E+04  1.0449E+06
0000726   1.8206E+06  1.8061E+05  1.9004E+05
0000727   3.0803E+06  7.9518E+05  5.1893E+04
0000728   1.6781E+06  7.7158E+05  2.0708E+05
0000729   3.1906E+06  4.2566E+05 -1.4360E+06
0000730   2.0798E+06 -5.5796E+05  1.0962E+06
0000731   1.3574E+06  4.3023E+05  9.8375E+05
0000732   2.7243E+06  5.3046E+05  2.8809E+05
0000733   2.4831E+06 -1.4526E+05 -1.3232E+05
0000734   1.3259E+06  9.4977E+05 -2.6084E+05
0000735   3.5360E+06 -1.7096E+05 -6.4753E+05
0000736   2.4371E+06 -5.7523E+05 -4.3765E+05
0000737   2.7862E+06 -4.4582E+04  8.0363E+05
0000738   1.0976E+06  2.3029E+05 -1.3229E+06
0000739   3.1017E+06 -7.1757E+04  9.6172E+04
0000740   2.3316E+06  1.4228E+06 -1.2497E+06
0000741   1.8364E+06 -1.3686E+06  7.2066E+04
0000742   2.2536E+06 -1.4001E+06 -8.1843E+05
0000743   2.7689E+06 -2.6233E+05 -2.9222E+05
0000744   1.4503E+06  9.4659E+05  7.2686E+05
0000745   1.5361E+06 -2.1823E+06  3.3925E+05
0000746   2.5670E+06 -7.4327E+05  4.6178E+05
0000747   2.0943E+06 -5.0219E+05  2.6808E+05
0000748   9.8157E+05  5.1935E+05  2.2330E+04
0000749   9.4246E+05  3.8410E+05  5.5528E+05
0000750   2.9722E+06 -3.9082E+05  1.0816E+06
0000751   3.2007E+06  7.2107E+05 -2.2797E+05
0000752   3.0239E+06 -4.1434E+04  8.6795E+05
0000753   2.7314E+06 -6.0940E+05 -9.8637E+05
0000754   9.2252E+05 -4.1294E+05  2.4365E+05
0000755   2.5928E+06 -5.7531E+04 -2.0948E+05
0000756   2.3751E+06 -1.0941E+06  9.8989E+05
0000757   1.3429E+06 -3.1813E+05 -7.3742E+04
0000758   2.8398E+06 -4.3089E+05 -1.1279E+06
0000759   2.7078E+06  1.8344E+06  4.9804E+05
0000760   3.0497E+06 -5.8337E+04  4.3811E+05
0000761   1.4264E+06  1.0165E+06 -4.8815E+05
0000762   2.8347E+06  1.7691E+05  2.0513E+06
0000763   2.4043E+06 -8.7627E+05  4.1347E+04
0000764   1.4673E+06  1.4334E+05 -4.3567E+04
0000765   2.8916E+06 -1.0318E+06  5.8946E+04
0000766   1.3566E+06  1.4977E+06 -7.1730E+05
0000767   2.0622E+06  1.9927E+05  6.2475E+04
0000768   2.8201E+06  8.3616E+05  1.4231E+06
0000769   3.1286E+06  4.7238E+05 -3.7949E+05
0000770   3.4582E+05  1.2301E+04  2.3424E+05
0000771   1.8468E+06  4.4654E+05 -1.5921E+06
0000772   2.8374E+06 -5.2435E+05 -7.1189E+05
0000773   2.9756E+06 -1.4360E+05  6.9069E+05
0000774   1.8673E+06  5.8708E+04 -1.8306E+06
0000775   3.1126E+06  6.4187E+05  9.7178E+05
0000776   2.4715E+06  8.8110E+05  1.5416E+06
0000777   2.2558E+06 -6.8844E+04  1.3566E+06
0000778   1.7215E+06  9.4020E+05 -1.4642E+05
0000779   3.1673E+06 -2.0333E+06 -1.0348E+06
0000780   2.9634E+06  1.3213E+06 -3.1693E+05
0000781   3.4266E+06  9.4708E+05  1.0786E+06
0000782   2.9795E+06  3.2917E+05 -1.0457E+05
0000783   1.6325E+06  5.4567E+05  2.1998E+04
0000784   2.4775E+06 -8.5907E+05 -1.0696E+06
0000785   2.3566E+06  2.2768E+05 -1.3561E+04
0000786   2.4125E+06  4.0842E+05 -1.0636E+06
0000787   2.2292E+06 -5.7068E+05 -1.5295E+06
0000788   2.4907E+06  3.1035E+05 -6.1011E+05
0000789   3.3088E+06  5.9806E+05 -5.0071E+05
0000790   2.3952E+06  4.2870E+05 -7.8563E+04
0000791   2.6200E+06  1.6661E+06  2.8650E+05
0000792   2.4200E+06 -4.3548E+05  5.7676E+05
0000793   2.2622E+06  1.7913E+05 -3.0926E+05
0000794   2.0020E+06 -7.5843E+05  3.1226E+05
0000795   3.1420E+06 -1.1724E+06  9.0342E+04
0000796   1.0329E+06  1.2751E+05  1.4464E+05
0000797   2.4973E+06  2.1356E+05  4.2988E+04
0000798   1.9141E+06 -5.0593E+05  9.6794E+05
0000799   2.4345E+06 -2.8021E+05 -4.9736E+05
0000800   3.0016E+06  7.0612E+05  4.7134E+05
0000801   2.5276E+06 -7.6416E+05  4.9462E+05
0000802   2.3027E+06 -7.2617E+05  7.3114E+05
0000803   3.2633E+06 -8.1301E+05  5.6035E+05
0000804   7.0809E+05 -1.0862E+06 -5.0122E+05
0000805   2.1313E+06  7.0200E+05  6.9966E+04
0000806   1.0907E+06  6.8310E+04 -3.1793E+05
0000807   2.3395E+06 -3.3982E+05 -4.3429E+05
0000808   1.7195E+06 -1.5868E+05 -1.4324E+06
0000809   3.2157E+06  3.4294E+05  1.6385E+05
0000810   2.3850E+06 -6.2148E+05  1.1502E+05
0000811   2.3840E+06  7.6206E+05  1.9984E+05
0000812   2.8041E+06  6.0512E+05 -1.2859E+06
0000813   2.1990E+06  4.7855E+04  2.8202E+05
0000814   1.9597E+06 -1.7277E+06 -1.1237E+05
0000815   1.4122E+06 -4.5031E+05 -6.2110E+05
0000816   3.1448E+06  4.3469E+05 -3.7234E+04
0000817   1.7511E+06  6.7619E+05  8.8569E+05
0000818   5.8113E+05  1.6615E+05 -7.1394E+05
0000819   1.3407E+06 -5.0319E+05 -2.0757E+05
0000820   3.1049E+06  5.6685E+05  1.4423E+05
0000821   2.5124E+06  1.9199E+05  4.0505E+04
0000822   3.1712E+06  7.8621E+05 -6.7589E+05
0000823   3.1090E+06 -4.4903E+05  6.0368E+05
0000824   1.9645E+06 -9.4690E+05 -4.4894E+05
0000825   2.4093E+06  1.7269E+06  5.0151E+05
0000826   1.6116E+06  3.2106E+04  6.8427E+05
0000827   3.1083E+05  7.0131E+05  1.7508E+06
0000828   2.0180E+06 -6.9085E+05 -4.6184E+05
0000829   3.0436E+06 -1.8301E+05 -4.7478E+05
0000830   2.6006E+06 -1.3467E+05  9.6609E+04
0000831   1.6306E+06  1.5145E+06  2.9549E+05
0000832   3.0665E+06 -1.1501E+05 -8.0718E+04
0000833   2.4529E+06 -4.1724E+05 -5.6454E+04
0000834   2.8247E+06  1.8121E+05 -1.0241E+06
0000835   1.8766E+06  5.0470E+05  6.1808E+04
0000836   6.0708E+05  7.8837E+05  1.3621E+06
0000837   2.9121E+06  1.9800E+06 -5.0265E+05
0000838   6.6421E+05  2.8310E+04 -3.8249E+04
0000839   2.2496E+06  4.5463E+05 -1.8115E+05
0000840   1.5111E+06 -5.7361E+05  5.6624E+05
0000841   2.5913E+06  3.5905E+04  5.8288E+05
0000842   2.2944E+06 -4.0342E+05  2.4352E+05
0000843   2.2041E+06 -9.8585E+05 -1.8803E+05
0000844   9.8779E+05  4.2120E+05  7.1054E+05
0000845   2.7339E+06  9.0888E+05  3.4257E+05
0000846   9.7681E+05  5.3370E+05 -3.2430E+05
0000847   2.6017E+06 -2.6699E+04  1.1556E+05
0000848   2.3528E+06 -2.5272E+05 -2.6177E+05
0000849   3.2124E+06  8.4880E+05 -1.4191E+05
0000850   2.3885E+06 -6.8208E+03  7.5970E+05
0000851   1.1189E+06 -1.3880E+06  5.3149E+05
0000852   2.3213E+06 -9.6516E+04 -7.3402E+05
0000853   2.2158E+06  3.7917E+05  1.1774E+06
0000854   2.6016E+06  1.9662E+03 -4.7805E+05
0000855   2.1933E+06 -1.8835E+05  3.9738E+05
0000856   2.2365E+06  2.4912E+05 -2.0206E+05
0000857   3.3605E+06  7.0781E+04 -4.6809E+05
0000858   3.0261E+06 -3.8994E+05 -3.7018E+05
0000859   2.3737E+06  1.3143E+05 -1.4803E+06
0000860   3.2855E+06  2.0823E+05 -5.5607E+05
0000861   2.6998E+06 -1.6546E+05 -6.7823E+05
0000862   2.9652E+06  5.9703E+05  3.1078E+05
0000863   1.1895E+06  2.4644E+05 -6.8964E+05
0000864   2.0622E+06 -5.1909E+05  3.7449E+05
0000865   2.7937E+06 -6.6373E+05  1.7655E+05
0000866   2.0988E+06  5.1253E+05 -4.0843E+05
0000867   1.4419E+06 -1.9485E+05 -1.0043E+05
0000868   3.3729E+06 -7.7221E+05  2.5819E+05
0000869   2.0025E+06 -8.6666E+04  2.6365E+04
0000870   2.0632E+06 -4.9117E+05  1.0532E+05
0000871   2.8851E+06 -8.8753E+05  2.8133E+05
0000872   2.5697E+06 -3.6939E+05  5.8226E+05
0000873   2.9522E+06  9.9497E+05  4.6810E+05
0000874   2.5469E+06 -8.2080E+05  3.5701E+05
0000875   2.9871E+06 -7.5643E+05  2.2616E+04
0000876   1.6561E+06 -8.9327E+05  1.0956E+06
0000877   1.1304E+06  9.5521E+04  1.0770E+05
0000878   1.4648E+06 -7.7234E+05  3.1649E+05
0000879   2.7033E+06 -6.1995E+05  6.2564E+05
0000880   1.4532E+06  9.1821E+04 -1.4029E+05
0000881   2.9398E+06 -1.4805E+06  1.2282E+06
0000882   2.9894E+06 -2.7665E+05 -5.1681E+05
0000883   2.6541E+06  5.4674E+04 -5.3588E+04
0000884   3.7780E+06 -8.2837E+05 -3.9642E+04
0000885   1.8506E+06 -2.0203E+05  2.5071E+05
0000886   1.7723E+06  3.8976E+05 -5.8948E+05
0000887   9.9482E+05 -1.2589E+06 -5.0453E+05
0000888   1.6789E+06  8.0624E+05  2.1700E+05
0000889   3.1130E+06 -4.7254E+05 -8.3330E+04
0000890   2.2052E+06  3.4418E+05 -3.8107E+05
0000891   2.7604E+06  1.1317E+06  9.4055E+05
0000892   1.2268E+06 -5.9601E+04 -7.1792E+05
0000893   2.0784E+06 -1.8844E+05 -2.8338E+05
0000894   2.6775E+06  3.0628E+05  5.4847E+05
0000895   2.3245E+06  4.1199E+05 -1.2233E+06
0000896   2.2168E+06  6.1128E+05 -1.8439E+05
0000897   1.5186E+06 -6.3410E+05 -1.0025E+06
0000898   3.2713E+06 -8.0086E+05 -4.0159E+05
0000899   2.5576E+06  1.3947E+06 -4.0032E+05
0000900   1.6931E+06 -4.4698E+05 -2.5511E+05
0000901   3.3005E+05 -2.0963E+05 -5.5865E+05
0000902   2.5491E+06  1.2824E+06 -7.9033E+05
0000903   2.0888E+06  2.5089E+05 -3.9513E+05
0000904   2.0633E+06  8.0146E+05 -3.0885E+05
0000905   1.8234E+06 -3.8952E+05 -8.2539E+05
0000906   1.2783E+06 -2.8583E+04  8.3193E+05
0000907   2.0670E+06  1.9143E+05 -1.2408E+06
0000908   1.8469E+06 -1.7658E+05  3.5749E+04
0000909   2.2958E+06 -1.5452E+05 -2.3338E+04
0000910   2.6733E+06  1.0946E+05 -7.6317E+05
0000911   2.4530E+06 -3.8585E+05  1.4281E+05
0000912   1.4154E+06  4.7155E+04  8.0940E+05
0000913   2.7167E+06 -7.0514E+05  3.2656E+04
0000914   2.4912E+06  1.6998E+05 -2.6105E+05
0000915   6.9810E+05  1.1635E+04 -3.8243E+05
0000916   2.0487E+06 -2.3027E+05  6.9469E+04
0000917   3.0297E+06  2.3617E+05 -1.2548E+05
0000918   1.9836E+06  2.4001E+05 -2.5775E+05
0000919   3.1672E+06 -1.0791E+06  2.4466E+05
0000920   2.1948E+06 -5.3088E+05 -3.2178E+05
0000921   1.9378E+06  7.9913E+05 -5.0441E+05
0000922   2.7182E+06 -4.5144E+05  7.6600E+05
0000923   3.2545E+06  4.0362E+05  2.1347E+05
0000924   1.8005E+06  7.4753E+05 -9.6170E+04
0000925   1.9021E+06 -1.2077E+06 -6.4599E+05
0000926   2.2517E+06 -4.3852E+03 -2.0971E+05
0000927   2.5186E+06 -1.5376E+04 -1.2725E+06
0000928   1.4063E+06  8.8058E+05 -1.1649E+04
0000929   1.7384E+06  7.1465E+05  3.6752E+05
0000930   2.4954E+06 -2.5500E+04  4.5947E+04
0000931   3.5381E+06 -5.3103E+05  5.9025E+04
0000932   1.7246E+06  3.6513E+05  1.6474E+05
0000933   2.0193E+06 -1.9534E+06  5.0633E+04
0000934   1.9870E+06  1.2293E+06  1.0597E+04
0000935   2.5300E+06  1.3897E+05  5.9484E+05
0000936   3.2607E+06 -2.8082E+04  1.6931E+05
0000937   2.0928E+06 -3.4001E+04  6.2455E+05
0000938   1.6211E+06  9.9320E+04 -1.8854E+05
0000939   2.4485E+06 -5.4541E+05 -1.1338E+06
0000940   7.0897E+05 -5.0017E+05 -1.7836E+05
0000941   2.0063E+06  1.8639E+06  3.6232E+05
0000942   5.3328E+05  1.4590E+05  3.8008E+05
0000943   3.1463E+06 -9.2874E+03  5.6691E+05
0000944   2.5430E+06 -1.9491E+05 -1.0029E+06
0000945   1.6400E+06  1.1611E+06 -4.3252E+05
0000946   1.3293E+06  6.4402E+05 -8.0661E+05
0000947   3.0309E+06 -1.3119E+06  5.7214E+05
0000948   2.8722E+06  6.9601E+04 -5.2063E+05
0000949   2.3453E+06  2.8813E+06 -1.2865E+06
0000950   1.6678E+06  4.9853E+05 -6.8421E+05
0000951   1.6762E+06  4.0768E+05 -2.3407E+05
0000952   1.4981E+06  8.6544E+05 -6.1286E+04
0000953   1.7519E+06 -1.6263E+05  4.4141E+05
0000954   4.2780E+05  6.9733E+04 -1.6857E+05
0000955   1.4182E+06 -3.1391E+05  9.3365E+05
0000956   2.3261E+06 -6.0141E+04  2.3050E+05
0000957   2.7545E+06  8.4567E+05  7.9228E+05
0000958   3.1639E+06  7.9959E+05  3.1216E+05
0000959   1.3372E+06  1.1372E+06  4.3654E+05
0000960   3.0772E+06  1.7033E+05 -3.0240E+05
0000961   2.7653E+06  2.4021E+05 -2.7182E+05
0000962   2.2226E+06 -6.9216E+05 -5.4020E+05
0000963   2.3960E+06 -1.3519E+06 -6.2912E+05
0000964   1.4690E+06 -1.0485E+05  1.6840E+05
0000965   1.3039E+06  1.8825E+05  3.2681E+05
0000966   1.7918E+06 -6.8042E+05  9.9019E+04
0000967   1.4804E+06  2.6719E+05  5.4161E+05
0000968   2.0165E+06  3.3839E+05  7.6265E+05
0000969   2.7087E+06  4.9334E+05 -3.0008E+05
0000970   2.6816E+06 -6.2819E+05  7.8453E+05
0000971   2.9851E+06 -2.1528E+05  6.8113E+05
0000972   4.1717E+06  1.5399E+05  5.5264E+05
0000973   3.0632E+06  2.4012E+05 -3.4201E+04
0000974   2.7230E+06 -1.3174E+06  7.8302E+04
0000975   2.6790E+06  6.8573E+05 -1.6684E+06
0000976   2.7307E+06  7.9558E+05  1.1309E+06
0000977   2.9544E+06 -6.5557E+05 -6.2307E+04
0000978   2.2759E+06  7.3786E+05 -8.2740E+05
0000979   2.0804E+06  5.4527E+05 -1.8228E+05
0000980   2.4594E+06  6.0515E+05 -8.3335E+05
0000981   1.9039E+06  9.0188E+04  9.4436E+04
0000982   3.0022E+06 -3.1578E+05  6.5201E+05
0000983   2.7310E+06 -5.7719E+05  6.1654E+05
0000984   2.4547E+06  1.3802E+05 -1.0685E+06
0000985   1.8523E+06 -5.2594E+05 -2.4890E+05
0000986   3.4402E+06 -4.8586E+05  4.5391E+05
0000987   1.1937E+06  8.2862E+04  3.3235E+04
0000988   3.0000E+06  1.1362E+06  2.4466E+05
0000989   1.5753E+06 -1.8372E+06  4.6677E+05
0000990   2.2390E+06 -7.0183E+05 -9.5308E+04
0000991   1.7827E+06  1.0392E+06  8.4434E+05
0000992   2.0121E+06 -7.9038E+05  2.8930E+05
0000993   2.4306E+06  2.8758E+04 -3.4969E+05
0000994   2.1686E+06 -5.7084E+05 -7.6931E+05
0000995   2.5768E+06 -3.7281E+05  1.6542E+06
0000996   5.8710E+05  8.9004E+05  2.6817E+05
0000997   1.8736E+06 -8.7458E+05 -1.2032E+06
0000998   3.4123E+06 -8.5034E+05  4.1731E+05
0000999   2.5160E+06 -5.2488E+05  1.2429E+05
0001000   1.1141E+06 -2.4254E+05  2.0921E+05
