============================== SRIM-2013.00 ==============================
==============================================================================
====== SRIM Outputs\RANGE_3D.txt : File of Final Ion Positions =====

Ion = Ar (18)   Ion Mass= 039.9620
Energy  = 3906940.E-04 keV
Ion Angle to Surface = 00.0 degrees
==================== TARGET =======================
  Layer # 1 - Layer 1
  Layer # 1 - Bottom Depth=500000.E+02 A
  Layer # 1 - Density =0000.0054 g/cm3
  Layer # 1 -  100 % of Ar
様様様様様様様様様様様様様様様様様様様様様様様様様様
                                            
Ion       Depth  X   Lateral Y   Lateral Z  
Number    (Angstrom) (Angstrom)  (Angstrom) 
-------  ----------- ----------- -----------
0000001   2.8654E+06  1.5109E+06  3.4397E+05
0000002   3.7155E+06 -1.3370E+06 -1.6312E+05
0000003   3.0770E+06 -2.1767E+06 -1.1117E+06
0000004   2.5337E+06  9.0883E+05 -1.0533E+06
0000005   2.8353E+06  1.4093E+06  4.6834E+05
0000006   3.5409E+06  1.8949E+05 -2.1548E+05
0000007   2.4105E+06 -3.2757E+05  2.3699E+05
0000008   2.6442E+06  8.4397E+05  9.0735E+05
0000009   1.5672E+06 -2.8099E+05 -9.6834E+05
0000010   3.6508E+06 -2.7004E+05 -1.0333E+06
0000011   3.8593E+06 -9.4595E+05 -1.2516E+06
0000012   1.3638E+06  1.3009E+06  4.3851E+05
0000013   2.1741E+06 -2.2296E+05 -4.8724E+05
0000014   3.0889E+06 -3.2393E+05  7.5409E+05
0000015   3.3326E+06 -8.1707E+05 -5.9017E+05
0000016   2.6285E+06  1.3847E+05 -3.9316E+05
0000017   2.7845E+06  7.7631E+05 -2.5203E+06
0000018   2.2584E+06 -1.3822E+06  3.1138E+05
0000019   2.4229E+06 -6.4117E+05  2.7003E+05
0000020   2.3756E+06 -1.0804E+06 -4.0194E+05
0000021   2.6730E+06 -1.5194E+06  7.4092E+05
0000022   1.9464E+06  1.1951E+06 -8.7089E+05
0000023   3.2039E+06  1.3718E+06  3.3117E+05
0000024   2.5440E+06 -2.4178E+05  1.9604E+06
0000025   1.8090E+06  6.8138E+05  1.0211E+06
0000026   1.9051E+06 -9.5140E+05  8.4379E+05
0000027   2.0436E+06  1.8888E+04  6.4298E+05
0000028   1.6726E+06 -9.8729E+05  3.0882E+05
0000029   2.5221E+06  1.2851E+06 -7.1383E+05
0000030   2.9263E+06  2.7705E+05 -5.6621E+05
0000031   3.0367E+06  3.4433E+05 -1.1575E+06
0000032   2.8999E+06  1.1727E+06 -1.7435E+03
0000033   1.8236E+06 -3.5089E+05  7.1103E+05
0000034   2.9420E+06 -4.3004E+05 -8.1901E+05
0000035   3.7975E+06  8.9353E+05  1.1161E+05
0000036   3.9937E+06 -4.0063E+05  2.8186E+05
0000037   3.6729E+06  9.2853E+05  1.4588E+06
0000038   3.5083E+06 -6.9215E+05  3.1916E+05
0000039   3.5301E+06 -1.5964E+06  2.0081E+05
0000040   3.3110E+06  1.0937E+06  4.0256E+05
0000041   3.5665E+06 -1.2872E+05 -7.1684E+05
0000042   2.7338E+06 -1.6103E+06  3.5210E+05
0000043   2.7697E+06  6.7719E+05  2.8989E+05
0000044   1.8323E+06 -4.5026E+05 -5.3587E+05
0000045   2.6940E+06 -6.4734E+05 -1.3707E+05
0000046   1.4562E+06  3.3557E+05  4.9855E+05
0000047   3.6126E+06  4.9139E+05 -1.7526E+05
0000048   9.7032E+05  2.5272E+04  3.7713E+05
0000049   2.5808E+06 -1.0200E+06  2.3768E+05
0000050   1.6404E+06  8.6760E+05 -7.0391E+05
0000051   2.9958E+06 -7.4340E+05  2.5904E+05
0000052   1.6866E+06 -7.5530E+05 -1.4091E+05
0000053   3.5342E+06  1.1321E+06  1.4049E+05
0000054   1.0394E+06  3.4013E+05  5.4050E+05
0000055   3.1600E+06 -2.4959E+04  2.9857E+05
0000056   1.5821E+06  3.8396E+05 -9.4731E+05
0000057   3.6312E+06  7.2409E+05  1.3140E+05
0000058   2.1325E+06  3.9499E+05  1.6345E+05
0000059   1.9044E+06  1.3494E+05  7.5259E+05
0000060   2.8908E+06 -4.1883E+05  2.0384E+05
0000061   2.1807E+06 -3.3533E+05 -2.2477E+05
0000062   4.3104E+06 -2.5956E+05  3.2494E+05
0000063   1.7262E+06  2.9586E+05  8.0580E+05
0000064   1.4094E+06  3.4380E+05  2.7933E+05
0000065   3.4855E+06 -1.5672E+06  2.9191E+05
0000066   2.1865E+06  6.8405E+05 -4.9898E+05
0000067   2.7867E+06 -4.6660E+03 -9.6849E+05
0000068   2.3842E+06 -9.2467E+05  2.2628E+05
0000069   1.6917E+06 -5.8633E+04  1.7440E+05
0000070   3.0170E+05 -2.9666E+05  1.4673E+05
0000071   1.9649E+06 -1.9732E+05 -9.1061E+05
0000072   8.0252E+05  2.6288E+05 -2.8761E+05
0000073   1.8312E+06 -1.5409E+06  1.2109E+05
0000074   2.1443E+06  6.8002E+05 -6.3717E+05
0000075   3.7383E+06 -6.2097E+05 -2.8113E+04
0000076   2.9622E+06 -1.0653E+05 -3.0013E+05
0000077   2.7148E+06  3.5646E+05 -1.7918E+06
0000078   2.4178E+06  4.4296E+05  1.6062E+06
0000079   1.8893E+06  1.9862E+05 -1.4341E+06
0000080   2.6255E+06  6.9478E+05  1.2400E+06
0000081   1.8969E+06 -9.5184E+05  6.3033E+05
0000082   2.1522E+06  8.2574E+05 -6.2321E+05
0000083   3.2226E+06  4.6243E+05 -1.5126E+06
0000084   3.0736E+06  8.6646E+05  3.9541E+05
0000085   2.7586E+06 -9.5493E+05  1.1569E+06
0000086   2.1570E+06 -8.6544E+05  4.6825E+05
0000087   1.9426E+06  6.0439E+05 -5.7633E+05
0000088   2.4601E+06  3.1410E+05  7.4773E+05
0000089   3.4239E+06 -9.9776E+03 -1.2102E+06
0000090   2.6761E+06 -5.0507E+03  4.9695E+05
0000091   2.1773E+06 -1.4299E+05  1.2427E+06
0000092   3.3350E+06 -9.5195E+05 -2.5740E+05
0000093   3.3859E+06  1.8434E+05  3.6836E+05
0000094   3.4578E+06  1.0222E+06 -4.1459E+04
0000095   2.1435E+06  1.0596E+06 -5.4076E+05
0000096   2.0866E+06 -5.4889E+05 -1.4516E+06
0000097   3.5723E+06  4.6075E+05  9.8621E+05
0000098   2.6973E+06  1.0484E+06 -1.5879E+06
0000099   2.2280E+06 -1.4910E+06 -5.5017E+05
0000100   3.2352E+06  8.0182E+05 -5.8704E+05
0000101   3.0395E+06 -2.2301E+06  1.0144E+06
0000102   2.6524E+06  1.0930E+06 -6.4031E+05
0000103   3.3393E+06 -4.5211E+05 -7.4434E+05
0000104   2.1992E+06  3.7186E+05 -9.9639E+05
0000105   2.9585E+06  1.2882E+05  2.6836E+04
0000106   3.4995E+06 -2.2468E+05  1.3007E+06
0000107   2.8717E+06  7.4120E+05 -6.9070E+04
0000108   3.9124E+06  6.1393E+05 -4.2014E+04
0000109   2.2741E+06 -7.2209E+05  3.7175E+05
0000110   3.7932E+06  5.6554E+05 -4.9759E+05
0000111   9.5684E+05  2.6677E+05 -5.6857E+05
0000112   2.0496E+06  7.2392E+05 -9.9031E+05
0000113   2.4102E+06 -2.2363E+05  4.4815E+05
0000114   3.4393E+06  8.6546E+05 -2.8724E+05
0000115   2.3057E+06 -2.0826E+06 -1.0108E+05
0000116   2.3076E+06  1.6080E+06 -4.9875E+04
0000117   3.6361E+06  3.5260E+05  7.8924E+05
0000118   2.4088E+06 -7.9989E+05  9.8380E+05
0000119   3.4476E+06 -1.0836E+05  3.7432E+05
0000120   2.3389E+06 -3.8294E+05  9.3239E+05
0000121   2.9462E+06  3.5989E+04 -1.0164E+06
0000122   2.6437E+06 -1.0981E+06 -1.5299E+06
0000123   2.9915E+06  2.4976E+05  4.7858E+05
0000124   3.2041E+06  1.0144E+06 -4.6224E+05
0000125   3.0806E+06 -3.6012E+04  1.7488E+05
0000126   2.4748E+06 -1.3726E+06  4.1808E+04
0000127   3.9183E+06  1.2305E+06 -1.3049E+06
0000128   3.1960E+06 -7.2998E+05 -1.2113E+06
0000129   2.7172E+06 -9.2431E+05  1.9128E+05
0000130   3.9866E+06  1.1446E+06 -2.5940E+05
0000131   2.5610E+06  8.0928E+05  3.5013E+05
0000132   3.2841E+06  8.4486E+05 -5.1681E+05
0000133   1.6950E+06 -1.6850E+05 -2.4026E+05
0000134   8.7645E+05  1.7917E+05  2.5850E+05
0000135   1.9305E+06 -8.5784E+05 -2.6021E+05
0000136   2.6117E+06  9.0527E+05 -1.1555E+05
0000137   2.3630E+06  1.1574E+06  1.9043E+05
0000138   2.2399E+06 -2.8477E+05  5.6704E+05
0000139   2.9685E+06 -2.5233E+05 -8.3348E+04
0000140   2.1815E+06  1.4171E+06  6.2986E+05
0000141   2.1978E+06 -1.4709E+05  1.0317E+06
0000142   2.4517E+06 -7.5693E+04 -6.6090E+05
0000143   3.0701E+06  1.3033E+06 -7.9704E+05
0000144   3.7399E+06  1.1953E+05 -1.4723E+06
0000145   2.5069E+06 -6.0983E+05  2.2907E+06
0000146   1.8276E+06  4.4072E+05 -5.7026E+05
0000147   1.7738E+06  3.8677E+05 -6.9674E+05
0000148   1.5475E+06 -1.5204E+06 -2.0781E+05
0000149   3.1109E+06  9.0418E+04  5.3389E+04
0000150   2.9563E+06 -2.8239E+05  5.9676E+04
0000151   1.5829E+06  1.0698E+06  6.5626E+05
0000152   3.1240E+06 -1.1124E+06  7.5532E+05
0000153   2.4811E+06 -1.3162E+05 -7.9822E+05
0000154   2.0578E+06 -5.1966E+05 -2.6108E+05
0000155   1.4893E+06  7.2550E+05  4.3879E+05
0000156   7.6490E+05  4.1326E+05 -1.1977E+06
0000157   3.0750E+06  1.0609E+06  8.3122E+04
0000158   3.5050E+06  6.5877E+05 -9.7564E+05
0000159   3.3485E+06 -1.1114E+05  3.8848E+05
0000160   2.4836E+06  1.8502E+06 -8.2637E+05
0000161   3.0765E+06  1.7782E+06 -1.3082E+06
0000162   1.8258E+06 -1.4796E+06  1.8477E+06
0000163   2.5700E+06  5.4923E+05  7.9161E+05
0000164   2.3201E+06  3.7790E+05 -9.0955E+05
0000165   3.2961E+06  6.4393E+05  9.4619E+05
0000166   1.6293E+06  1.1546E+05 -3.7005E+05
0000167   2.6217E+06  8.9909E+05  7.6187E+04
0000168   3.7698E+06 -1.1349E+06 -6.2766E+05
0000169   3.5057E+06  7.3542E+05  2.1659E+05
0000170   2.7913E+06  1.0752E+06 -1.2338E+06
0000171   3.1812E+06 -6.0173E+05 -6.5447E+05
0000172   3.3608E+06  1.7757E+06  6.9295E+05
0000173   1.4186E+06 -6.4467E+05  3.2951E+05
0000174   2.6855E+06  2.0101E+04 -4.5107E+04
0000175   1.6316E+06  3.7708E+04  6.5503E+05
0000176   2.6690E+06  5.7618E+05  7.9995E+05
0000177   2.0185E+06 -2.9065E+05 -7.9513E+05
0000178   2.2257E+06 -2.2089E+05 -1.0305E+06
0000179   4.2206E+06  1.6333E+06 -8.6180E+05
0000180   2.7858E+06 -2.0797E+05  4.2572E+05
0000181   3.2596E+06 -4.0414E+04  1.0608E+06
0000182   2.9144E+06  3.8586E+05  1.4915E+06
0000183   2.7005E+06 -4.5243E+05  1.0780E+05
0000184   6.8480E+05  1.4663E+05 -3.0121E+05
0000185   1.5941E+06  2.6454E+05  3.1234E+05
0000186   2.1277E+06 -1.3034E+06  9.2081E+04
0000187   3.0829E+06 -9.0869E+05 -1.7161E+06
0000188   2.6342E+06  1.0564E+06  1.1954E+06
0000189   2.2448E+06  5.3839E+05  1.1744E+06
0000190   8.1860E+05 -2.0797E+05  2.2715E+05
0000191   2.7482E+06  5.8972E+05 -1.4829E+06
0000192   2.1917E+06  9.8391E+05  2.2575E+05
0000193   2.9709E+06  4.9284E+05 -4.4954E+05
0000194   3.6602E+06  1.3830E+06  7.4868E+05
0000195   2.8202E+06 -7.0780E+05 -4.0145E+05
0000196   3.0944E+06 -4.2129E+04  8.5527E+05
0000197   2.8051E+06 -1.8572E+05 -1.1305E+06
0000198   2.8893E+06 -1.5499E+06 -5.9329E+05
0000199   4.0231E+06  4.3390E+05 -6.8501E+05
0000200   2.2643E+06  8.8353E+05 -3.2459E+05
0000201   2.2396E+06  1.3172E+06 -1.9091E+06
0000202   2.0834E+06  1.2355E+06 -1.0256E+06
0000203   3.5141E+06 -3.5874E+04  7.6757E+05
0000204   3.8129E+06  2.8301E+05 -9.7882E+05
0000205   3.1304E+06 -7.1726E+04  2.8573E+05
0000206   3.6442E+06  1.1645E+06 -5.8976E+05
0000207   2.0260E+06 -3.4375E+05 -2.9125E+05
0000208   3.1937E+06  5.5291E+05  3.3869E+05
0000209   2.3479E+06  9.7228E+05 -2.4046E+06
0000210   2.1505E+06 -1.0731E+06  1.4061E+06
0000211   1.5090E+06  2.8676E+05 -2.4429E+05
0000212   8.0083E+05 -3.8467E+04 -2.6336E+05
0000213   2.6998E+06  2.3178E+06 -8.5176E+05
0000214   2.4261E+06 -9.1738E+05  7.5982E+05
0000215   2.9387E+06 -6.4742E+05  8.9833E+05
0000216   1.6932E+06  1.1763E+05  2.6553E+04
0000217   3.0237E+06  6.8065E+05  2.5356E+05
0000218   2.1269E+06 -1.7161E+06  3.7999E+05
0000219   2.3632E+06  1.3968E+05  8.3602E+05
0000220   3.4698E+06 -6.0930E+05  3.9397E+05
0000221   3.5446E+06  1.4854E+06  9.8311E+05
0000222   4.1620E+06 -5.0882E+05  7.4070E+05
0000223   2.7108E+06 -1.2285E+06 -6.0130E+04
0000224   3.0444E+06  9.5350E+05  7.9652E+05
0000225   2.6209E+06 -3.2741E+05  1.0896E+06
0000226   3.4749E+06 -8.1221E+04  3.6060E+05
0000227   2.4245E+06 -7.1954E+04  3.2841E+05
0000228   1.5806E+06 -3.6608E+05  2.0108E+05
0000229   3.6824E+06 -8.9889E+05  6.6962E+05
0000230   2.0232E+06  1.9904E+05  2.2913E+06
0000231   3.0485E+06  2.1392E+05  5.1846E+05
0000232   2.0877E+06 -2.4807E+05 -1.0051E+06
0000233   2.7489E+06  2.7092E+05 -8.4060E+04
0000234   1.1266E+06 -2.2434E+06  9.4749E+04
0000235   1.8672E+06  1.1778E+06  4.0172E+05
0000236   3.1348E+06  6.6205E+05 -3.4114E+05
0000237   1.3543E+06 -2.6026E+05 -2.2288E+05
0000238   1.1601E+06 -2.3424E+05  2.0008E+05
0000239   1.8060E+06  1.2266E+06  1.2826E+06
0000240   2.6751E+06  8.6713E+05  9.3885E+05
0000241   3.1949E+06 -1.2758E+05  7.1010E+05
0000242   3.4072E+06  1.1991E+06  8.2759E+05
0000243   2.9285E+06  2.1618E+05 -9.0980E+05
0000244   2.9261E+06  2.2179E+05 -4.0270E+05
0000245   2.5244E+06  8.7706E+05  3.2227E+05
0000246   2.4231E+06 -9.5385E+05 -1.7004E+06
0000247   2.4821E+06  8.0716E+05  5.0258E+05
0000248   2.6214E+06  1.1459E+06 -3.4263E+05
0000249   3.7064E+06 -8.4601E+05 -6.3710E+05
0000250   2.6218E+06  1.1316E+05  8.2813E+05
0000251   1.6568E+06  2.2127E+06 -2.0669E+05
0000252   2.1581E+06 -3.5515E+05 -9.0990E+05
0000253   2.8111E+06 -7.9740E+05  5.4360E+05
0000254   3.0594E+06 -6.8471E+05 -3.5884E+05
0000255   2.5881E+06 -1.0261E+06  9.0851E+05
0000256   1.8496E+06 -4.7761E+05  9.6909E+05
0000257   1.8231E+06 -5.7267E+05  3.0251E+05
0000258   2.8937E+06 -5.5138E+05  7.2031E+05
0000259   3.9124E+06 -8.1445E+05 -4.3881E+05
0000260   3.3931E+06 -6.7328E+05 -1.5675E+06
0000261   2.8560E+06 -3.9294E+05 -5.0342E+05
0000262   2.9217E+06 -1.4226E+06  2.7309E+05
0000263   1.0885E+06 -3.9318E+05  2.4479E+05
0000264   2.3747E+06  1.7481E+06  8.1966E+05
0000265   3.9159E+06 -1.1564E+05  2.0762E+05
0000266   1.1765E+06  2.3100E+06 -2.6834E+05
0000267   3.0804E+06  1.5450E+06 -1.0187E+06
0000268   2.3427E+06 -4.6951E+05  1.4109E+05
0000269   2.7720E+06  7.3649E+05 -3.2529E+05
0000270   2.1400E+06 -1.5149E+05  7.5499E+05
0000271   2.4930E+06 -1.1805E+05  6.8624E+05
0000272   2.8205E+06  4.5586E+05 -1.7218E+05
0000273   3.9926E+06 -1.0840E+06  7.3060E+05
0000274   2.4830E+06  7.6891E+04  1.3561E+06
0000275   2.1161E+06 -8.1710E+05 -1.4525E+06
0000276   5.1097E+05 -3.8807E+05 -6.5086E+05
0000277   3.0714E+06  1.0861E+05  2.6660E+05
0000278   3.9705E+06  5.8833E+05  3.6802E+05
0000279   2.8359E+06  5.3214E+04 -2.0479E+06
0000280   2.3789E+06  1.4921E+05 -1.9924E+05
0000281   1.8693E+06 -9.3637E+05 -4.3787E+05
0000282   2.2059E+06 -4.3385E+04 -4.7321E+05
0000283   1.3108E+06  1.9714E+05  5.7119E+05
0000284   2.2246E+06 -7.2446E+05  1.9559E+04
0000285   1.8026E+06  9.6983E+05  9.0914E+05
0000286   1.6345E+06 -2.0933E+05  7.2555E+05
0000287   2.1963E+06  1.5944E+06 -2.1802E+04
0000288   2.2624E+06 -7.7814E+05  2.5020E+05
0000289   2.2058E+06 -1.2512E+06 -1.8642E+05
0000290   4.3785E+06  1.0177E+06  6.9378E+05
0000291   4.3036E+06 -1.2328E+05 -4.9586E+05
0000292   2.4468E+06  7.4606E+04  1.7163E+06
0000293   2.8336E+06  8.2554E+05  1.2514E+05
0000294   2.8746E+06  9.0553E+05  7.9837E+05
0000295   2.1889E+06 -8.8866E+05  6.4543E+05
0000296   3.3761E+06 -9.1595E+05  1.3311E+06
0000297   5.0780E+05  1.1826E+06  1.6742E+05
0000298   3.1669E+06 -2.8551E+05 -1.2454E+06
0000299   3.1139E+06  1.1948E+06 -7.2876E+05
0000300   4.1951E+06 -1.4235E+06 -1.0633E+04
0000301   2.0988E+06 -5.9457E+05 -8.4183E+05
0000302   2.6801E+06  9.3418E+05  9.4676E+05
0000303   2.4898E+06 -1.4288E+04  1.0424E+06
0000304   1.9242E+06  8.0198E+05 -1.1421E+06
0000305   2.2733E+06  2.9269E+05 -1.2381E+05
0000306   1.6703E+06  1.6998E+05  5.7615E+04
0000307   2.6699E+06 -3.3569E+05 -3.7662E+05
0000308   2.9967E+06  1.1204E+06  5.7749E+05
0000309   2.7452E+06 -2.6752E+05 -1.2128E+06
0000310   2.1830E+05  2.2859E+05  4.6694E+05
0000311   2.0545E+06  3.1017E+05 -1.5354E+06
0000312   3.1951E+06 -3.3859E+05 -4.7272E+05
0000313   4.2488E+06  7.6393E+05 -5.4345E+04
0000314   3.0445E+06 -4.9938E+05 -7.1170E+05
0000315   3.1943E+06  1.2253E+05 -1.4272E+05
0000316   3.2724E+06  1.3640E+06  2.0805E+06
0000317   2.4827E+06 -1.0971E+06 -8.6184E+05
0000318   2.5005E+06  5.5094E+05 -5.7737E+04
0000319   3.1390E+06 -2.7561E+05  7.0669E+05
0000320   2.3478E+06  1.6001E+06  1.5902E+06
0000321   3.5264E+06  1.7920E+05  2.6535E+05
0000322   2.6401E+06 -5.0973E+05  1.9299E+06
0000323   7.3067E+05  1.1599E+06  1.2777E+06
0000324   2.9113E+06 -3.3043E+05  7.4333E+05
0000325   2.7751E+06  1.1887E+05  1.2041E+06
0000326   1.1685E+06 -1.3049E+06  1.5214E+06
0000327   3.1560E+06  4.8962E+05 -3.6801E+04
0000328   3.9430E+06 -3.9036E+05 -6.6511E+05
0000329   2.9555E+06 -5.2923E+05  9.5855E+05
0000330   2.2699E+06  1.3709E+06  3.5762E+05
0000331   2.0905E+06  4.5138E+04  8.3041E+05
0000332   2.7013E+06  1.3449E+06 -6.3351E+05
0000333   1.2923E+06  1.7605E+04  4.9552E+05
0000334   2.9764E+06  5.3956E+05 -4.5264E+05
0000335   3.5652E+06  5.8336E+05  5.3093E+05
0000336   3.5200E+06  4.8478E+04  1.9042E+05
0000337   2.2736E+06  1.8472E+05  6.0232E+05
0000338   3.5672E+06  3.9864E+05 -5.7984E+04
0000339   2.8376E+06 -6.0931E+04 -4.3354E+05
0000340   2.4547E+06  8.5192E+05 -8.8538E+05
0000341   2.8419E+06  4.6159E+05 -2.7501E+06
0000342   2.1688E+06 -9.6549E+05 -6.9053E+05
0000343   3.0620E+06  9.9230E+05  4.6061E+05
0000344   3.6989E+06 -1.7880E+05  3.5476E+05
0000345   3.3041E+06  6.6879E+05 -1.1953E+06
0000346   3.0907E+06 -9.6675E+05  4.4563E+05
0000347   3.4318E+06  8.4991E+05  1.4158E+06
0000348   3.0099E+06  4.0212E+05 -2.0373E+05
0000349   1.2588E+06  2.7891E+03  6.6664E+05
0000350   1.5745E+06 -5.4744E+05  6.9540E+05
0000351   3.2737E+06  6.1221E+05  2.9005E+05
0000352   3.5136E+06 -1.5695E+06 -1.0865E+06
0000353   3.0500E+06  2.6169E+05 -1.1332E+06
0000354   2.6367E+06  8.6458E+05 -1.0262E+06
0000355   3.1150E+06  1.0495E+06  1.1857E+05
0000356   1.6568E+06  9.7726E+04 -3.2332E+05
0000357   2.9939E+06  8.4409E+04 -1.7767E+06
0000358   3.5451E+05  8.1754E+05 -9.7405E+04
0000359   4.0624E+06  1.2084E+06  4.5185E+05
0000360   3.1945E+06 -5.2891E+05 -2.4716E+04
0000361   1.7754E+06  9.7713E+05 -1.8468E+06
0000362   2.1017E+06 -3.0113E+05  3.3400E+05
0000363   3.1377E+06  1.6091E+06  2.8508E+05
0000364   1.2400E+06 -6.3007E+05 -3.5381E+05
0000365   3.0786E+06 -1.5966E+06 -2.7373E+05
0000366   1.1845E+06 -1.6046E+06  3.4617E+04
0000367   2.5989E+06 -1.5374E+06  1.0310E+06
0000368   1.3485E+06 -6.8202E+05  1.9260E+06
0000369   3.2075E+06  1.4309E+04  1.6558E+06
0000370   2.9416E+06 -5.7790E+05  1.6772E+06
0000371   1.3570E+06  2.5301E+05 -3.2647E+05
0000372   2.1273E+06 -5.7525E+05  6.5446E+05
0000373   1.0764E+06 -7.3176E+05 -5.2364E+05
0000374   2.6315E+06 -7.7296E+05  1.9180E+06
0000375   1.7632E+06  7.3144E+05 -8.8682E+05
0000376   3.1457E+06  1.5823E+06  2.7450E+05
0000377   1.9411E+06  1.9138E+05  2.9601E+05
0000378   3.3192E+06 -6.9397E+05 -1.7608E+05
0000379   3.0229E+06  1.1137E+06 -5.4317E+04
0000380   2.9157E+06 -1.1380E+06  1.1492E+06
0000381   2.6159E+06  1.8521E+05  3.2470E+05
0000382   2.3193E+06 -4.1106E+05 -1.0219E+06
0000383   1.9444E+06  1.1612E+04 -1.4560E+05
0000384   3.9219E+06  3.9878E+05  7.0584E+05
0000385   2.5073E+06  5.8318E+05 -1.2078E+06
0000386   1.3130E+06  4.6370E+05  3.4645E+05
0000387   2.5131E+06 -1.8122E+05  4.1415E+05
0000388   3.3715E+06  8.0800E+05 -2.0104E+05
0000389   2.4845E+06 -2.1236E+06 -5.1064E+05
0000390   3.7838E+06  1.9007E+05  6.3132E+05
0000391   1.6047E+06 -5.2592E+05  1.6313E+05
0000392   1.0553E+06 -1.0664E+06 -4.0643E+05
0000393   2.2012E+06 -3.5372E+05 -4.2078E+05
0000394   2.7114E+06  5.2208E+04  1.2467E+06
0000395   3.4359E+06 -6.5945E+05 -1.6285E+06
0000396   2.5993E+06 -1.0841E+06  2.7488E+05
0000397   3.6032E+06 -7.4910E+05 -6.1496E+05
0000398   1.8120E+06 -1.5690E+06 -1.1571E+06
0000399   3.8494E+06  2.0768E+05 -1.6076E+05
0000400   1.7528E+06 -3.0804E+04  3.4577E+05
0000401   2.7314E+06 -1.5850E+06  5.2932E+05
0000402   3.4492E+06  3.0351E+05  1.1626E+06
0000403   6.2199E+05  8.1926E+05 -2.7417E+05
0000404   2.7455E+06  1.4868E+05 -1.4072E+06
0000405   2.4653E+06 -5.6488E+05  8.9987E+05
0000406   2.3311E+06 -5.4425E+05  9.4538E+05
0000407   2.9789E+06 -2.2691E+05  4.3329E+04
0000408   1.9889E+06  6.2261E+05  2.4500E+05
0000409   3.1762E+06  1.0723E+06  7.9486E+05
0000410   3.9104E+06 -9.1429E+05  1.1522E+06
0000411   4.4193E+06  2.9801E+05  1.1508E+06
0000412   1.5465E+06  7.1397E+05  6.2791E+05
0000413   2.8653E+06  2.2425E+05  5.6907E+05
0000414   3.1222E+06  2.5471E+05 -4.4140E+05
0000415   3.2197E+06  6.3511E+05 -6.5340E+05
0000416   1.4303E+06  9.8092E+05 -3.4188E+05
0000417   2.5152E+06 -6.1940E+05  7.1928E+05
0000418   1.4173E+06  1.5008E+06 -2.2717E+05
0000419   1.1980E+06  7.8860E+05  7.1670E+05
0000420   3.8859E+06 -1.7584E+06 -7.0402E+05
0000421   1.9271E+06  5.7998E+05 -6.9815E+05
0000422   3.8827E+06 -4.4528E+05  5.9461E+05
0000423   2.6233E+06 -6.7938E+04  2.8809E+05
0000424   3.2231E+06 -2.5652E+04  1.6651E+05
0000425   1.4603E+06 -1.0666E+06 -3.0974E+05
0000426   2.2725E+06 -4.9260E+05 -9.8105E+05
0000427   3.9756E+06 -3.0912E+05  4.7941E+05
0000428   9.1482E+05 -5.2760E+05  1.1259E+05
0000429   2.5942E+06 -4.5717E+05 -5.3651E+05
0000430   2.1592E+06 -1.9210E+06  1.1232E+06
0000431   3.0950E+06  5.0776E+05  2.8652E+05
0000432   2.5694E+06  2.6807E+05  1.3644E+06
0000433   3.0705E+06  3.4329E+04  2.3777E+04
0000434   1.9506E+06 -1.2829E+06  9.6629E+05
0000435   2.7227E+06 -1.4359E+05 -1.5093E+05
0000436   8.3166E+05 -3.1052E+05 -4.1924E+05
0000437   2.3996E+06  5.8838E+05 -4.3406E+05
0000438   1.8212E+06 -5.9702E+05  1.8847E+06
0000439   2.0559E+06  3.6575E+05 -1.4205E+06
0000440   2.0147E+06 -7.3704E+05  1.2261E+06
0000441   2.5462E+06 -8.2091E+05 -9.1937E+05
0000442   1.3382E+06  5.6684E+05 -2.8167E+05
0000443   3.1274E+06  6.1216E+05 -5.2164E+05
0000444   1.2653E+06  3.8105E+05  3.0771E+05
0000445   2.1718E+06 -9.0234E+04 -6.8774E+05
0000446   3.3897E+06 -1.3242E+06 -6.0314E+05
0000447   2.2614E+06  9.2601E+05 -1.0207E+06
0000448   1.2953E+06  1.2189E+05 -1.7329E+05
0000449   1.3331E+06 -9.6268E+05  4.5346E+05
0000450   4.3530E+06  4.9619E+05  5.0520E+05
0000451   3.4094E+06  2.1043E+05 -1.0240E+06
0000452   3.5486E+06 -4.6848E+04 -2.1065E+04
0000453   2.2341E+06 -5.7218E+05  6.3420E+05
0000454   7.4648E+05  1.2099E+06  7.5338E+05
0000455   2.5957E+06 -1.6030E+05  2.9125E+05
0000456   6.5670E+05  4.4025E+05  4.0275E+05
0000457   2.7589E+06  4.1582E+05  4.7723E+05
0000458   2.3924E+06 -5.6657E+05  1.1652E+06
0000459   3.0078E+06  1.4296E+06 -6.1063E+05
0000460   3.6283E+06  5.6252E+05 -1.1130E+06
0000461   1.9214E+06 -8.7430E+05 -8.3006E+04
0000462   2.0995E+06 -3.4566E+05 -5.2941E+05
0000463   1.5090E+06 -2.6187E+05 -4.3730E+05
0000464   3.7205E+06 -5.2369E+05  1.2368E+05
0000465   1.6233E+06  5.1083E+04  4.7376E+04
0000466   2.6784E+06 -9.0256E+05  6.7003E+05
0000467   2.4509E+06  3.9151E+05 -1.3449E+06
0000468   3.1793E+06 -1.1346E+06  1.2958E+06
0000469   1.5531E+06 -1.3228E+05  1.1836E+06
0000470   2.4552E+06 -1.9563E+05  6.9847E+05
0000471   2.0444E+06  5.0135E+05 -9.4806E+05
0000472   3.0112E+06  1.4678E+06  1.0815E+06
0000473   2.8064E+06  4.8417E+05  7.0907E+05
0000474   1.9497E+06  8.0223E+04  1.5191E+06
0000475   1.9003E+06 -1.5068E+05 -1.9475E+05
0000476   3.1684E+06 -9.2277E+05  1.0324E+06
0000477   2.6850E+06 -4.8145E+04 -1.1623E+05
0000478   3.3679E+06  8.8482E+05  6.0493E+05
0000479   2.8572E+06 -1.5746E+05 -3.1108E+05
0000480   2.9725E+06  4.7492E+05 -5.9615E+05
0000481   3.3367E+06  2.8422E+05  2.1995E+05
0000482   3.7465E+06 -2.7598E+05  2.8357E+05
0000483   1.4629E+06  1.2464E+06  1.2455E+06
0000484   3.4410E+06  6.2526E+05 -1.2850E+06
0000485   2.6745E+06  5.3028E+04 -1.5058E+06
0000486   1.9308E+06  6.8872E+05  1.2700E+06
0000487   2.8487E+06 -1.4272E+05  5.7932E+05
0000488   2.2893E+06  4.0248E+05 -1.5061E+05
0000489   2.0811E+06  1.3737E+06  6.9649E+05
0000490   2.5210E+06 -1.0492E+06 -1.4676E+06
0000491   1.5486E+06  3.2740E+05  6.2449E+05
0000492   3.3734E+06 -3.9109E+05  2.2692E+05
0000493   2.8737E+06 -1.2922E+06 -1.0360E+06
0000494   3.0503E+06 -3.8808E+05  7.1414E+05
0000495   1.9346E+06  7.4799E+05 -2.7086E+05
0000496   3.6531E+06  1.3676E+06  1.2045E+06
0000497   2.9709E+06 -7.6325E+04 -5.9242E+04
0000498   3.0353E+06  8.7795E+05  2.1274E+05
0000499   2.9283E+06 -1.5001E+06 -4.1233E+05
0000500   3.0866E+06 -4.9502E+05  1.4872E+06
0000501   2.5424E+06 -6.4056E+05  6.6967E+05
0000502   1.9656E+06  6.8837E+05  5.4263E+05
0000503   3.3044E+06 -1.6405E+06  2.0171E+05
0000504   2.9814E+06  4.5468E+05  4.6045E+05
0000505   3.2930E+06 -1.2683E+06  6.4398E+05
0000506   1.8221E+06  6.7769E+05 -7.0034E+05
0000507   1.7731E+06  4.3716E+05 -4.6007E+05
0000508   1.0938E+06 -2.2268E+05  6.3050E+05
0000509   2.7241E+06  1.1817E+05  5.2943E+05
0000510   2.6973E+06 -8.9840E+05  3.6210E+05
0000511   1.4352E+06  3.8464E+05  7.1811E+05
0000512   2.7703E+06  1.5570E+06 -3.7172E+05
0000513   3.9420E+06  4.4479E+05  6.2004E+05
0000514   3.0835E+06 -7.4022E+05  7.4610E+05
0000515   2.8271E+06  1.3013E+06 -1.7522E+06
0000516   3.6473E+06  2.7188E+05 -3.3907E+05
0000517   2.4179E+06 -3.7626E+05 -5.8751E+05
0000518   1.7344E+06 -1.4791E+06  2.3866E+05
0000519   2.7052E+06  4.6857E+05  9.2440E+05
0000520   2.2233E+06 -5.9218E+05  1.3043E+06
0000521   2.5665E+06  7.9479E+05  1.4028E+06
0000522   3.5286E+06 -5.1247E+05  6.5588E+05
0000523   2.2670E+06  4.5239E+05 -1.0077E+06
0000524   1.8963E+06  1.2313E+06 -8.4888E+05
0000525   2.4955E+06 -8.6074E+03 -1.8547E+06
0000526   2.6859E+06 -3.3892E+05 -2.6489E+06
0000527   2.6763E+06  9.1282E+05  1.5829E+06
0000528   2.2452E+06 -3.4973E+05 -1.3661E+06
0000529   3.0009E+06 -4.6194E+05  9.7399E+05
0000530   1.9095E+06 -9.5655E+05  4.9722E+05
0000531   2.5174E+06 -7.0026E+05  8.7758E+05
0000532   3.1915E+06 -1.7153E+06 -3.9901E+05
0000533   3.4989E+06  1.1757E+06  1.6070E+06
0000534   2.8775E+06  1.7500E+05  1.5616E+06
0000535   2.7804E+06  3.1667E+05  4.3927E+05
0000536   3.6038E+06 -1.3925E+05  1.1651E+06
0000537   2.6909E+06  5.1985E+05  6.3903E+05
0000538   2.1423E+06  8.8604E+05 -1.0612E+06
0000539   3.3019E+06 -1.7597E+05 -4.7940E+04
0000540   1.9515E+06 -5.3221E+05  5.7427E+05
0000541   3.1370E+06  1.5690E+06  3.3472E+05
0000542   2.6698E+06 -3.1872E+05  7.5632E+05
0000543   2.3261E+06 -1.1349E+05  1.8506E+02
0000544   1.8604E+06  6.9169E+05 -1.8009E+05
0000545   2.7804E+06  6.4003E+05 -1.1912E+06
0000546   3.3169E+06  4.0766E+05  5.9829E+05
0000547   2.2950E+06 -1.1680E+06  1.5048E+06
0000548   3.6580E+06  6.1070E+05 -1.8546E+06
0000549   1.3591E+06 -6.5410E+04 -1.5891E+05
0000550   3.8451E+06 -5.3158E+05 -3.5767E+05
0000551   4.9067E+06 -1.0904E+04  5.0811E+04
0000552   1.1830E+06 -1.2711E+06  1.2245E+06
0000553   5.1463E+05  1.1902E+05 -1.2721E+05
0000554   2.1948E+06 -9.5734E+04 -6.1405E+05
0000555   1.8565E+06  8.3821E+05 -1.6629E+05
0000556   3.1145E+06  2.9375E+05  1.4676E+06
0000557   2.9623E+06 -3.2292E+05  3.3614E+05
0000558   2.0193E+06  4.6723E+05 -7.0763E+05
0000559   3.6181E+06 -1.2815E+05  1.4194E+06
0000560   2.4579E+06 -1.0978E+05  6.3255E+05
0000561   1.6735E+06  6.2785E+05 -3.7921E+05
0000562   3.7639E+06 -4.4301E+05  4.3025E+05
0000563   3.7597E+06 -7.9525E+04 -1.3176E+06
0000564   2.7044E+06  1.4137E+06 -2.8143E+05
0000565   3.5662E+06  1.8462E+06  1.4310E+05
0000566   2.4708E+06  5.9514E+05 -2.3263E+05
0000567   3.1382E+06 -1.0406E+05 -1.1379E+06
0000568   1.7499E+06 -1.8250E+06 -9.8706E+05
0000569   2.8214E+06  1.2265E+06  1.2374E+06
0000570   2.9118E+06  7.7657E+04  1.9920E+05
0000571   2.1781E+06  2.5993E+05  4.5378E+05
0000572   2.1900E+06 -1.6937E+06 -6.5888E+05
0000573   2.1230E+06  6.6115E+05  2.0691E+05
0000574   2.6232E+06 -1.0397E+06 -8.6337E+05
0000575   3.2180E+06  1.2470E+06 -3.8273E+05
0000576   3.0231E+06 -2.6387E+05 -9.2019E+05
0000577   1.1500E+06  2.6864E+04  5.8521E+04
0000578   1.6176E+06  1.2009E+05 -8.1641E+05
0000579   3.0706E+06 -1.1226E+06  3.3948E+05
0000580   2.3559E+06  1.1146E+05  2.4258E+05
0000581   1.7157E+06 -1.3835E+06  1.5484E+06
0000582   2.7846E+06  2.8698E+05  3.7732E+05
0000583   3.6920E+06 -9.5267E+05  6.7564E+05
0000584   2.5765E+06 -1.0935E+06  6.8786E+05
0000585   1.6022E+06  2.3013E+04  1.1172E+05
0000586   3.4956E+06  1.0301E+05  9.8870E+05
0000587   2.9474E+06  1.0512E+06 -3.1815E+04
0000588   3.1012E+06  8.3103E+05  8.3180E+05
0000589   1.2886E+06 -1.2639E+06 -1.7440E+06
0000590   2.6534E+06 -1.6436E+06  8.4789E+04
0000591   3.7917E+06 -1.7220E+05  9.0047E+05
0000592   8.8478E+05 -2.0145E+04  3.2736E+05
0000593   3.2273E+06  6.9955E+05 -1.5696E+06
0000594   2.9566E+06  3.0124E+05  1.0847E+06
0000595   3.2371E+06  6.1737E+05 -2.1788E+05
0000596   3.5670E+06 -6.1378E+05  6.3974E+05
0000597   3.4351E+06 -4.7605E+04  9.2133E+05
0000598   1.8950E+06 -9.1069E+05  8.9927E+05
0000599   1.9798E+06  3.8459E+05  1.8768E+06
0000600   1.5437E+06  1.9197E+05 -1.0169E+06
0000601   4.4304E+06 -4.5485E+05 -7.9962E+05
0000602   2.6504E+06 -6.6268E+05  1.7482E+06
0000603   4.5448E+06  1.0858E+05  2.5692E+05
0000604   1.3662E+06 -3.9772E+04 -1.8708E+06
0000605   2.6079E+06 -3.3109E+05  1.4364E+06
0000606   2.7980E+06  5.4266E+05  2.1643E+05
0000607   1.2621E+06 -3.1902E+05  1.4158E+06
0000608   3.8892E+06 -8.4547E+05 -3.2775E+05
0000609   1.7621E+06 -5.8482E+05 -6.5296E+05
0000610   8.1814E+05  2.8820E+05 -3.0896E+04
0000611   2.5624E+06  5.0378E+05  3.8168E+05
0000612   2.8109E+06 -1.1155E+04  1.7910E+06
0000613   3.4757E+06  8.2448E+05 -7.1828E+05
0000614   2.2979E+06  1.3019E+06  2.2235E+05
0000615   3.6874E+06 -7.6571E+05  1.9617E+05
0000616   2.2464E+06  1.1735E+05  2.5256E+05
0000617   2.1739E+06 -4.9791E+04 -7.6671E+05
0000618   2.9082E+06 -1.6298E+05  4.1039E+05
0000619   3.8756E+06  2.5925E+05 -1.1191E+04
0000620   2.5677E+06 -5.1640E+05 -5.4680E+05
0000621   3.6890E+06 -1.8099E+06  1.9720E+05
0000622   1.9248E+06 -3.3426E+05 -1.8845E+04
0000623   1.1977E+06  1.2895E+06  9.2826E+05
0000624   2.5629E+06  4.0143E+05 -1.4458E+06
0000625   2.7569E+06  6.4176E+05 -7.5970E+05
0000626   3.6000E+06  1.3923E+05 -9.7731E+05
0000627   3.4653E+06 -3.3839E+05 -1.2090E+06
0000628   1.8082E+06  5.4926E+05 -4.3941E+05
0000629   3.9669E+06 -1.0972E+05  5.8975E+05
0000630   1.5296E+06  7.8014E+05 -9.2822E+05
0000631   1.8339E+06 -6.5863E+05 -2.8772E+05
0000632   2.1962E+06  8.2347E+04  5.6214E+05
0000633   2.0716E+06 -1.0643E+06 -1.3508E+05
0000634   2.5702E+06  7.7867E+05 -1.9480E+06
0000635   2.8012E+06 -6.2242E+04  3.7499E+05
0000636   3.0355E+06  1.7978E+05  1.1039E+04
0000637   1.7691E+06  6.0907E+05  3.8137E+05
0000638   1.7243E+06  1.2338E+06  4.7007E+05
0000639   2.0231E+06 -8.0855E+05 -2.1655E+04
0000640   3.7366E+06 -1.5111E+06  3.7724E+05
0000641   3.0359E+06 -1.0645E+06  1.4476E+06
0000642   3.3023E+06  9.7699E+05  5.9308E+05
0000643   2.0860E+06  3.4464E+05  2.3751E+05
0000644   2.7606E+06  7.6128E+05 -6.6631E+05
0000645   3.6819E+06 -3.6040E+04 -1.3991E+05
0000646   2.8857E+06  2.7891E+05 -8.6437E+05
0000647   3.0795E+06  1.9139E+05 -7.5293E+04
0000648   1.5230E+06 -6.2509E+05  1.6316E+06
0000649   3.5652E+06 -7.0645E+05  7.2107E+05
0000650   2.8622E+06  2.6281E+04  6.2332E+05
0000651   2.4446E+06  1.7572E+06  1.4779E+06
0000652   2.8568E+06  1.3744E+05  1.6999E+06
0000653   2.5859E+06 -4.8435E+05  9.2770E+05
0000654   3.3125E+06  9.5222E+03  1.3264E+06
0000655   2.3367E+06 -1.9569E+05  9.5827E+04
0000656   2.0634E+06  6.1313E+05  3.3292E+05
0000657   1.8879E+06 -2.3440E+05  4.2467E+05
0000658   3.7086E+06  1.1529E+06 -3.0283E+05
0000659   4.5666E+06  2.1448E+05 -2.4778E+05
0000660   3.1837E+06  1.1034E+06 -2.5519E+05
0000661   2.8006E+06 -1.2172E+06 -4.2969E+05
0000662   2.2808E+06 -4.4789E+05  7.3656E+05
0000663   2.4243E+06  2.0530E+05 -2.3420E+06
0000664   3.0790E+06  3.4704E+05  1.0163E+06
0000665   2.5016E+06  1.5523E+06  8.9387E+05
0000666   3.2067E+06  1.1437E+05  2.9717E+05
0000667   1.9788E+06  2.0423E+05 -4.7436E+05
0000668   2.0569E+06  1.5331E+06  5.5284E+05
0000669   3.2671E+06 -8.5105E+05 -1.2980E+05
0000670   2.7405E+06  6.8478E+05  6.1226E+05
0000671   1.5616E+06  5.8310E+05  1.0950E+05
0000672   1.6482E+06 -7.7367E+05  2.5642E+06
0000673   1.3820E+06 -1.3025E+06 -2.2186E+05
0000674   3.4857E+06 -2.4958E+05  3.0141E+05
0000675   2.3479E+06 -1.8380E+06 -1.1219E+06
0000676   2.2698E+06  2.4830E+05  4.9737E+05
0000677   4.2514E+06  1.3977E+06 -2.9349E+05
0000678   2.6908E+06  5.0390E+05  5.0861E+04
0000679   1.7030E+06  8.5397E+05  4.4193E+05
0000680   3.1333E+06 -5.0777E+03  1.6873E+06
0000681   2.9731E+05  3.8740E+05  9.4498E+05
0000682   3.1618E+06 -1.3203E+05  7.7080E+05
0000683   8.8689E+05  3.2745E+05  6.8410E+05
0000684   3.0831E+06  2.2122E+04 -7.2579E+05
0000685   3.6859E+06  1.1606E+06 -5.9503E+05
0000686   2.5720E+06 -1.5528E+05  3.2620E+05
0000687   2.7811E+06 -3.0750E+05 -1.4476E+06
0000688   2.4496E+06  3.8935E+05 -7.8807E+04
0000689   2.9164E+06  1.2983E+05  2.5764E+04
0000690   3.3929E+06  4.8388E+03  5.6224E+05
0000691   1.9800E+06 -2.7857E+05  2.0639E+05
0000692   3.2042E+06  8.7691E+05  6.0202E+05
0000693   2.2533E+06 -5.0607E+05 -2.1261E+06
0000694   3.5383E+06  1.4201E+06  8.1678E+05
0000695   3.9122E+06 -3.4310E+05  2.4501E+05
0000696   3.6163E+06  6.8360E+03  2.9747E+05
0000697   7.1960E+05  2.1688E+05  2.1438E+05
0000698   2.6773E+06  8.9142E+05 -1.0960E+06
0000699   2.6800E+06  1.7463E+06 -4.0433E+05
0000700   2.5910E+06 -7.7691E+05  1.2807E+03
0000701   2.8069E+06  2.8045E+05  8.6650E+05
0000702   3.3265E+06 -3.9317E+05  1.3612E+05
0000703   3.5411E+06 -2.7704E+05 -3.6972E+05
0000704   3.7527E+06 -1.4057E+06  7.4752E+05
0000705   1.5838E+06  7.2244E+05 -1.1488E+06
0000706   2.0828E+06 -2.9704E+05  1.4292E+06
0000707   3.3708E+06 -1.8523E+05  5.9790E+05
0000708   2.2207E+06  5.5713E+04  1.3587E+06
0000709   2.4109E+05  5.8718E+05 -9.2402E+04
0000710   3.7937E+06  3.1033E+05 -8.7809E+05
0000711   2.1778E+06 -6.2347E+05 -1.7315E+05
0000712   2.8802E+06 -1.0855E+05  1.1058E+06
0000713   2.6875E+06  5.2473E+05 -2.6091E+05
0000714   2.4703E+06 -4.6323E+05  1.6849E+05
0000715   2.2659E+06 -2.3223E+05  1.2863E+05
0000716   3.4231E+06 -1.3216E+06 -2.8398E+05
0000717   2.1692E+06  1.5087E+06  7.2466E+05
0000718   1.9617E+06  4.8162E+05  5.3810E+05
0000719   1.7403E+06 -2.6899E+05  5.6111E+05
0000720   2.6198E+06 -1.0411E+06 -3.4762E+05
0000721   3.3594E+06  1.6181E+06 -4.0977E+05
0000722   1.2652E+06  1.3131E+06  4.1323E+04
0000723   3.3859E+06 -9.4888E+05 -6.7354E+05
0000724   1.2026E+06  4.1213E+04 -1.0130E+06
0000725   4.4871E+06  1.1109E+06  3.1438E+05
0000726   3.8515E+06 -1.9342E+05 -4.1151E+05
0000727   1.6514E+06  6.5372E+05 -1.2176E+06
0000728   1.7268E+06  6.3717E+04  1.5950E+05
0000729   1.8510E+06 -1.3599E+06 -2.5811E+05
0000730   2.5611E+06 -1.0003E+06 -2.4032E+05
0000731   3.3337E+06 -5.2417E+05 -1.2471E+06
0000732   3.2253E+06 -1.6271E+06  2.1455E+05
0000733   1.5110E+06 -3.5634E+05  3.8914E+05
0000734   1.9466E+06 -1.2181E+06  7.1549E+04
0000735   3.7784E+06  1.9025E+05  6.4700E+05
0000736   1.8986E+06 -2.7221E+05  2.0705E+05
0000737   2.3811E+06 -1.3026E+06 -3.6729E+04
0000738   2.2963E+06 -3.1963E+05  2.6343E+05
0000739   1.0159E+06  8.7790E+05  7.6918E+04
0000740   2.8482E+06  1.1404E+05 -9.1853E+05
0000741   2.9405E+06  6.6441E+05 -1.0645E+06
0000742   3.8235E+06 -9.1753E+05  3.5044E+05
0000743   1.1257E+06 -1.7049E+05  8.8318E+05
0000744   4.5348E+06 -1.0815E+06 -4.6343E+05
0000745   2.8337E+06  1.6944E+06  3.0234E+05
0000746   3.3674E+06 -4.3924E+05  2.2425E+05
0000747   2.0039E+06 -4.4138E+05  3.7522E+05
0000748   3.6675E+06 -2.1296E+05 -3.2551E+05
0000749   2.5404E+06 -2.8647E+05 -8.5439E+05
0000750   3.7447E+06  1.1987E+06  3.6660E+03
0000751   2.3522E+06 -1.1109E+06  2.3778E+05
0000752   1.7267E+06 -4.1402E+04 -2.0725E+06
0000753   3.0127E+06  8.3805E+04 -1.2216E+06
0000754   2.9227E+06 -1.8009E+05 -4.7106E+05
0000755   2.0395E+06  2.2797E+05 -8.3393E+05
0000756   2.2131E+06  8.9957E+05 -3.2878E+05
0000757   3.1433E+06  6.5995E+05  7.7695E+05
0000758   2.1462E+06  1.3063E+06  1.5570E+06
0000759   3.1639E+06 -9.5345E+05 -7.6211E+05
0000760   2.2647E+06  1.0488E+06 -7.2926E+05
0000761   4.1489E+06  1.9117E+05 -7.2919E+05
0000762   3.5562E+06 -1.3044E+05 -7.4479E+05
0000763   2.6233E+06  8.7866E+04  8.1417E+05
0000764   1.3526E+06 -2.6021E+05  4.0392E+05
0000765   1.9640E+06  3.4784E+05  1.9719E+05
0000766   2.1741E+06 -1.5756E+06 -3.2092E+05
0000767   3.0599E+06 -6.2722E+05  6.5389E+04
0000768   2.4433E+06 -6.0186E+05  3.2781E+05
0000769   3.7218E+06  7.8682E+05  6.0991E+05
0000770   3.1707E+06 -5.0154E+05  2.4147E+05
0000771   3.2447E+06 -2.4950E+05 -6.4033E+05
0000772   2.7221E+06  1.7102E+06  5.1061E+05
0000773   2.0817E+06 -7.1573E+05  5.6076E+05
0000774   2.5961E+06  1.3938E+06  9.1997E+05
0000775   8.4376E+05  8.8904E+05  2.8097E+05
0000776   1.3876E+06 -4.1129E+05 -2.2621E+05
0000777   2.9282E+06 -6.1681E+05  8.0898E+05
0000778   1.7089E+05  1.5963E+05 -4.7478E+04
0000779   2.7648E+06  7.1643E+05  1.2413E+06
0000780   2.7416E+06  1.4469E+06  1.2592E+06
0000781   2.8170E+06  5.9308E+05  1.5301E+06
0000782   4.0191E+06  9.4288E+05  1.4266E+06
0000783   2.6788E+06 -2.5693E+05  6.1574E+05
0000784   2.7198E+06 -8.2028E+05 -3.1239E+05
0000785   3.3103E+06 -1.6333E+05 -4.9762E+05
0000786   3.1080E+06  4.4136E+05  2.1355E+05
0000787   2.8886E+06 -6.3270E+05  2.4974E+05
0000788   3.2869E+06  1.2334E+06 -7.7195E+05
0000789   3.2119E+06  9.0773E+04  1.1970E+06
0000790   2.6594E+06 -6.8272E+05  2.1148E+05
0000791   2.6228E+06 -6.3321E+05 -1.2711E+06
0000792   2.4061E+06 -8.1922E+05  3.2639E+05
0000793   2.6052E+06  3.0186E+05 -1.0517E+06
0000794   3.8018E+06 -6.9332E+05  2.8334E+05
0000795   2.5951E+06  3.4703E+04  9.2576E+05
0000796   2.5412E+06 -2.0484E+04  6.1126E+05
0000797   2.4808E+06 -4.9925E+05 -1.4428E+06
0000798   3.2326E+06 -6.2015E+05  6.1096E+05
0000799   2.6030E+06  5.3053E+05 -7.6269E+05
0000800   2.5621E+06 -3.4142E+05 -9.0034E+05
0000801   3.5983E+06  3.5531E+05  7.0604E+05
0000802   2.4855E+06 -9.4537E+05  7.0408E+04
0000803   2.2462E+06 -3.5173E+05  9.8404E+05
0000804   2.9722E+06 -1.1503E+05  1.6881E+05
0000805   2.1122E+06  4.9750E+05 -1.3788E+04
0000806   1.2746E+06 -9.7793E+05 -5.0991E+05
0000807   3.6804E+06  1.6837E+05  1.8399E+05
0000808   2.7948E+06  3.4913E+05 -4.3296E+05
0000809   2.9086E+06  1.1082E+05 -1.0260E+04
0000810   2.2653E+06 -1.4059E+06  2.4823E+06
0000811   3.3229E+06 -5.1692E+05  4.0285E+05
0000812   2.0556E+06  8.8134E+03  1.1940E+06
0000813   1.8266E+06 -1.0577E+06  7.1402E+05
0000814   1.7853E+06  4.9977E+04  9.6365E+05
0000815   2.6605E+06  2.5607E+05 -5.8306E+05
0000816   2.9698E+06 -9.4316E+04  4.8024E+05
0000817   2.4673E+06  4.2971E+05  8.6312E+05
0000818   2.6422E+06  3.5237E+05 -1.5339E+05
0000819   3.9534E+06 -5.3249E+05 -5.9359E+05
0000820   2.3836E+06  3.8518E+05  5.7939E+05
0000821   2.3373E+06 -1.0820E+04 -3.6994E+05
0000822   2.9773E+06 -1.7027E+04  9.8437E+04
0000823   4.4506E+06 -1.4552E+05  1.8259E+04
0000824   3.4159E+06  3.9378E+05  9.0742E+04
0000825   2.2757E+06 -7.4295E+05 -8.4574E+04
0000826   3.5489E+06 -3.8059E+05 -7.9031E+05
0000827   3.1899E+06  3.8698E+05  4.7255E+05
0000828   3.2843E+06  3.4657E+05  7.7575E+04
0000829   1.8449E+06  1.3026E+06  2.5156E+05
0000830   2.9295E+06  1.3177E+06 -5.0619E+05
0000831   3.2356E+06  1.4675E+06  1.4983E+04
0000832   5.8051E+05 -4.2819E+05 -4.0061E+04
0000833   3.1959E+06 -4.7451E+04 -7.8210E+05
0000834   1.7928E+06  1.1610E+06 -2.9628E+05
0000835   2.4886E+06 -9.7538E+05  4.0448E+04
0000836   2.7564E+06 -6.5694E+05  1.2149E+05
0000837   3.1612E+06 -8.2027E+05  1.1397E+06
0000838   2.5078E+06  6.5130E+05  1.0346E+06
0000839   2.9841E+06 -1.5002E+05  1.5051E+06
0000840   2.8324E+06  4.1144E+05  3.7278E+05
0000841   1.8184E+06 -7.9348E+05 -1.1260E+06
0000842   2.3539E+06 -2.9988E+05 -1.9495E+04
0000843   2.7025E+06 -9.3754E+04 -1.7001E+03
0000844   2.3096E+06 -1.5546E+05 -8.2652E+05
0000845   2.5234E+06  6.6837E+05  1.4291E+06
0000846   2.8488E+06 -2.3553E+06 -1.1902E+06
0000847   4.9522E+06 -4.7753E+05 -1.2850E+05
0000848   2.9274E+06 -5.1477E+05  1.3889E+05
0000849   3.0047E+06  1.5405E+05 -6.9772E+05
0000850   4.1593E+06  9.6269E+05  1.0737E+06
0000851   2.3366E+06  4.9038E+05 -1.8707E+06
0000852   1.6367E+06 -1.2648E+06 -2.0620E+05
0000853   2.5369E+06  1.1462E+06  3.3601E+05
0000854   2.9974E+06 -7.5164E+05 -1.3852E+05
0000855   2.7434E+06  7.0395E+05  2.5253E+05
0000856   4.0989E+06 -1.4802E+05 -1.0016E+05
0000857   4.0423E+06  2.6125E+05  2.3894E+05
0000858   3.2328E+06 -6.9801E+05 -8.0513E+05
0000859   3.9358E+06 -3.8284E+05 -4.3796E+05
0000860   3.5076E+06 -1.0109E+06 -5.3255E+05
0000861   9.9981E+05  5.3538E+05  1.9782E+05
0000862   2.1726E+05 -1.2666E+04  1.4909E+04
0000863   3.4527E+06 -4.1268E+05 -4.3135E+05
0000864   2.8491E+06  2.8809E+05  8.5848E+05
0000865   2.4212E+06 -8.1435E+04  4.9153E+05
0000866   2.6939E+06  2.2016E+06  2.3534E+05
0000867   1.9363E+06 -2.9918E+05 -5.1718E+05
0000868   2.8065E+06  6.1285E+04  4.0943E+05
0000869   2.9756E+06 -1.7042E+05  1.0175E+06
0000870   1.5496E+06  1.4235E+06  1.9992E+05
0000871   2.0089E+06 -2.3726E+05  7.2838E+05
0000872   3.0710E+06  2.3030E+05 -5.0381E+05
0000873   2.6707E+06 -7.3096E+05  1.6661E+05
0000874   2.9179E+06  5.9678E+05 -4.0250E+05
0000875   2.5207E+06 -3.8605E+05 -1.4106E+06
0000876   2.7297E+06 -5.3007E+05 -5.3781E+04
0000877   1.9777E+06 -2.0634E+05 -1.4937E+06
0000878   2.6229E+06  3.5038E+05 -3.3928E+05
0000879   3.9027E+06  1.1903E+06 -1.4652E+06
0000880   2.7188E+06  1.5370E+06  9.7639E+05
0000881   2.3395E+06  8.1089E+05  5.3188E+05
0000882   3.6688E+06  5.1434E+05 -1.6232E+06
0000883   2.6423E+06 -2.2978E+05 -2.8735E+05
0000884   3.2680E+06 -4.1621E+05 -4.6536E+05
0000885   3.2079E+06  1.0478E+06 -3.5219E+05
0000886   2.7424E+06  9.6294E+05  1.5602E+05
0000887   3.9142E+06 -1.1566E+06 -1.3419E+04
0000888   1.6882E+06 -9.4661E+04  4.1042E+05
0000889   3.2444E+06  6.7058E+05  1.1085E+06
0000890   2.7882E+06 -1.9248E+05  2.0582E+05
0000891   4.1388E+06 -2.3689E+05 -9.8463E+04
0000892   2.9222E+06  3.3104E+04 -5.2985E+05
0000893   3.2915E+06  1.1432E+06  9.3381E+05
0000894   1.7328E+06  7.1693E+05  2.9484E+05
0000895   1.9084E+06  1.1998E+06 -9.5551E+05
0000896   5.3462E+05 -1.3337E+06  2.8304E+05
0000897   3.2067E+06  5.6181E+05 -3.7258E+04
0000898   1.3071E+06 -2.8514E+05 -1.2152E+06
0000899   4.6739E+06 -4.0147E+05 -1.0690E+06
0000900   2.2997E+06  1.5441E+05 -1.7615E+06
0000901   2.2434E+06  3.9124E+05 -9.8918E+03
0000902   3.6076E+06  1.0088E+06  2.2600E+05
0000903   2.3031E+06  1.0006E+05  6.9651E+05
0000904   2.6653E+06  7.7386E+05 -1.4267E+06
0000905   3.1878E+06 -1.3059E+05  1.0224E+05
0000906   1.3365E+06 -6.7997E+05 -5.2043E+05
0000907   1.7066E+06 -7.9481E+05 -2.1223E+06
0000908   1.0265E+06 -1.3377E+05 -1.8956E+06
0000909   4.1809E+06 -5.6519E+05  4.2047E+05
0000910   2.5054E+06  4.4672E+04  1.8103E+06
0000911   3.3264E+06 -3.6547E+05 -7.2105E+05
0000912   1.6509E+06 -8.2107E+05  5.0625E+05
0000913   2.8717E+06 -2.7468E+06  1.3673E+06
0000914   1.2644E+06 -6.0318E+05  1.5987E+05
0000915   1.7850E+06 -8.1166E+05  9.1517E+05
0000916   3.6372E+06 -6.4749E+05  1.1302E+06
0000917   3.1185E+06 -2.7309E+05  1.6605E+06
0000918   3.2227E+06  2.8113E+05 -8.8033E+05
0000919   1.5470E+06  1.3503E+06  3.3772E+05
0000920   2.5037E+06 -1.1182E+06  3.2219E+04
0000921   2.1385E+06  2.9344E+05 -1.2726E+05
0000922   2.9620E+06  3.6556E+05  1.0648E+06
0000923   3.7424E+06 -4.7298E+05  3.7511E+05
0000924   9.7712E+05 -3.9986E+05 -5.2976E+05
0000925   2.2803E+06 -5.1749E+05 -1.2981E+05
0000926   2.0243E+06  4.0880E+05  1.4643E+06
0000927   3.4740E+06 -1.4094E+06  2.5194E+05
0000928   2.3492E+06  2.5347E+05 -9.7542E+05
0000929   3.5182E+06 -9.6281E+05 -6.8120E+05
0000930   9.3025E+05 -4.4215E+05 -1.3889E+05
0000931   2.7061E+06  9.0101E+05  5.8131E+04
0000932   2.6281E+06 -5.1352E+05  5.3409E+05
0000933   3.0526E+06 -1.1150E+06  2.0164E+06
0000934   2.0081E+06  1.2444E+06 -6.5238E+05
0000935   2.7045E+06 -2.6177E+05 -3.6767E+05
0000936   2.7551E+06  4.4299E+05 -9.8280E+05
0000937   2.1352E+06 -4.2099E+04 -2.6918E+05
0000938   1.3321E+06  8.8931E+05  6.8799E+04
0000939   2.7716E+06 -8.3517E+05 -8.5973E+04
0000940   2.9928E+06  5.5176E+05  3.2153E+05
0000941   2.6057E+06 -9.7342E+05  4.7864E+05
0000942   2.5050E+06 -3.0597E+05  2.7161E+05
0000943   2.5814E+06  7.0693E+05 -4.0114E+05
0000944   3.6879E+06  7.5964E+05 -2.0272E+05
0000945   3.5743E+06 -8.8938E+04 -3.4384E+05
0000946   2.6332E+06 -1.3917E+06 -1.5668E+05
0000947   3.3902E+06  1.4863E+06  4.0661E+03
0000948   2.3260E+06  4.7250E+05 -1.7396E+05
0000949   2.3737E+06 -1.8771E+05  5.5028E+04
0000950   2.1792E+06  5.1116E+05  1.8041E+05
0000951   1.7166E+06  2.1422E+05  7.2198E+05
0000952   4.4763E+06  8.8080E+05  9.3756E+05
0000953   2.8481E+06  1.2562E+06 -4.1236E+05
0000954   3.7243E+06  3.6670E+05 -2.2107E+04
0000955   3.2089E+06 -8.8028E+05  2.2229E+05
0000956   3.6645E+06 -4.6088E+05  1.6374E+06
0000957   3.5566E+06 -3.5923E+05  8.8265E+05
0000958   3.0617E+06 -1.3743E+06 -7.7960E+05
0000959   3.8391E+06  3.4124E+05  4.8479E+05
0000960   2.2325E+06 -1.8768E+05 -4.0414E+05
0000961   3.3279E+06  3.9738E+05 -2.6777E+05
0000962   2.0071E+06  1.3613E+06  9.2544E+05
0000963   2.1416E+06 -9.0362E+05  4.9055E+05
0000964   2.6080E+06  1.4709E+06 -3.4020E+05
0000965   3.3217E+06 -8.9862E+05  3.8418E+05
0000966   3.6673E+06 -4.1950E+05 -3.0007E+05
0000967   3.9006E+06 -3.6474E+05 -1.8942E+05
0000968   1.9653E+06 -1.2984E+06  4.0055E+05
0000969   3.0840E+06  7.3271E+05 -3.3016E+05
0000970   1.6674E+06  4.8601E+05 -9.7245E+05
0000971   2.0533E+06 -8.8775E+04 -4.7530E+05
0000972   4.5009E+06  6.9648E+05  1.1421E+06
0000973   1.5856E+06 -2.6286E+05 -4.0241E+05
0000974   2.4795E+06  1.0355E+06  8.9861E+05
0000975   2.3231E+06 -6.6400E+05  7.6461E+04
0000976   1.8892E+06 -2.2551E+06 -4.9893E+05
0000977   3.3762E+06 -6.9379E+05 -6.1315E+05
0000978   3.7221E+06  9.2185E+05 -2.7927E+05
0000979   3.0202E+06  4.0215E+05  8.9034E+05
0000980   8.0793E+05 -1.3914E+05  3.3687E+05
0000981   3.2039E+06  8.0169E+05  9.4143E+05
0000982   2.3174E+06 -4.3915E+05  1.4332E+06
0000983   2.2518E+06 -8.6552E+05 -4.2793E+05
0000984   2.5392E+06 -3.9786E+05  1.2884E+05
0000985   2.1777E+06 -8.7628E+05  1.0594E+06
0000986   1.2612E+06 -6.8122E+04 -6.9318E+05
0000987   1.2220E+06  1.0320E+06  7.9494E+05
0000988   2.4675E+06  2.9069E+05 -2.2557E+05
0000989   3.8437E+06 -9.8560E+04 -7.9416E+05
0000990   2.9458E+06 -1.7533E+05  9.9930E+05
0000991   2.8883E+06 -2.3106E+05  1.4838E+06
0000992   3.1608E+06 -2.3667E+05  7.3296E+05
0000993   2.9438E+06  7.7213E+05  5.1927E+05
0000994   3.5775E+06  5.3218E+05 -1.1760E+05
0000995   1.4754E+06  8.3458E+05  9.7257E+05
0000996   6.7974E+05  4.8936E+05  2.8632E+04
0000997   2.2456E+06  2.0723E+05  1.7081E+05
0000998   3.5006E+06 -2.1720E+05 -3.0647E+04
0000999   3.3812E+06 -1.0787E+06 -2.7772E+05
0001000   1.9731E+06 -3.6411E+05  1.2713E+06
