============================== SRIM-2013.00 ==============================
==============================================================================
====== SRIM Outputs\RANGE_3D.txt : File of Final Ion Positions =====

Ion = Ar (18)   Ion Mass= 039.9620
Energy  = 6250552.E-04 keV
Ion Angle to Surface = 00.0 degrees
==================== TARGET =======================
  Layer # 1 - Layer 1
  Layer # 1 - Bottom Depth=500000.E+02 A
  Layer # 1 - Density =0000.0054 g/cm3
  Layer # 1 -  100 % of Ar
様様様様様様様様様様様様様様様様様様様様様様様様様様
                                            
Ion       Depth  X   Lateral Y   Lateral Z  
Number    (Angstrom) (Angstrom)  (Angstrom) 
-------  ----------- ----------- -----------
0000001   4.3934E+06 -2.7072E+06  9.9757E+05
0000002   3.5520E+06 -3.4561E+04 -8.6358E+05
0000003   3.5397E+06 -1.3407E+06  1.4670E+06
0000004   2.8098E+06  1.3817E+06 -1.2087E+06
0000005   4.6455E+06 -1.6074E+06 -2.4866E+06
0000006   2.5703E+06 -7.6756E+05  9.2259E+05
0000007   5.1840E+06  7.2083E+05 -1.0997E+06
0000008   3.2685E+06  1.8372E+06  2.0547E+06
0000009   5.4764E+06  2.0279E+06  9.4486E+05
0000010   1.3533E+06 -5.2281E+05 -3.5812E+05
0000011   4.3347E+06  5.1075E+05  9.4136E+05
0000012   5.4994E+06  8.6413E+05  1.0407E+05
0000013   3.2654E+06 -2.5382E+05 -6.9311E+03
0000014   4.4945E+06  9.1965E+04  6.0198E+05
0000015   2.3352E+06  2.7036E+05  2.0310E+05
0000016   4.2667E+06 -2.9581E+05 -5.5420E+05
0000017   3.9378E+06 -2.2911E+05 -3.0991E+05
0000018   3.0893E+06 -1.8090E+06  1.9828E+05
0000019   2.0671E+06  1.5024E+06  1.3177E+06
0000020   4.3853E+06 -3.5246E+04 -3.0412E+05
0000021   5.0342E+06  1.4852E+06  2.2528E+06
0000022   2.2398E+06 -4.5420E+04  1.4707E+06
0000023   1.5752E+06 -4.0243E+05  1.4462E+05
0000024   4.2504E+06 -4.3290E+05 -1.9179E+06
0000025   3.3324E+06  3.7413E+05 -8.2403E+05
0000026   4.1183E+06  8.5008E+05  6.0311E+05
0000027   5.2797E+06  1.2986E+06 -1.5587E+05
0000028   1.6423E+06  2.4524E+05  1.0809E+06
0000029   2.9822E+06 -2.1277E+05 -1.5614E+05
0000030   5.5298E+06  1.5538E+06 -1.2389E+05
0000031   3.9961E+06 -1.7649E+06  9.5637E+05
0000032   4.9878E+06  1.1455E+05  1.1853E+06
0000033   4.6216E+06  1.0979E+06  2.2058E+05
0000034   6.0540E+06 -1.3305E+05 -1.5086E+05
0000035   4.9237E+06  4.4467E+05 -1.1921E+06
0000036   2.8015E+06 -1.3847E+06  1.3060E+06
0000037   4.0164E+06 -4.1558E+05  3.6475E+04
0000038   4.6972E+05  5.2502E+03 -1.1750E+05
0000039   3.6486E+06  1.0386E+06 -1.0829E+05
0000040   3.9795E+06  9.4374E+05 -3.2480E+05
0000041   4.3852E+06 -7.6070E+05  1.6498E+06
0000042   4.2270E+06 -1.1331E+06 -1.5227E+06
0000043   1.9988E+06 -4.1368E+05  6.6248E+05
0000044   3.7194E+06  9.7913E+05 -1.9601E+05
0000045   3.1076E+06  5.2219E+05 -1.5161E+06
0000046   1.5417E+06 -3.0013E+05  3.3237E+05
0000047   4.8967E+06  1.0080E+06  1.2318E+05
0000048   5.0348E+06  1.3063E+06  5.1172E+05
0000049   2.6574E+06  1.6622E+06  6.3186E+05
0000050   3.9536E+06 -4.4707E+05 -6.7305E+05
0000051   5.2092E+06 -1.0752E+06 -5.6255E+05
0000052   5.0661E+06 -5.1090E+05  5.4254E+05
0000053   1.4029E+06 -3.3808E+05  7.4960E+05
0000054   3.2877E+06  6.4841E+05  1.4572E+06
0000055   4.5196E+06  1.2254E+06 -5.1147E+05
0000056   4.5959E+06  2.3458E+05 -1.1556E+06
0000057   1.8919E+06 -8.5328E+05  4.3675E+05
0000058   3.5497E+06  1.3789E+06  2.3710E+05
0000059   2.5989E+06 -8.5460E+05 -2.0274E+06
0000060   5.3709E+06 -1.2727E+05 -1.2571E+06
0000061   4.6436E+06 -1.7318E+06 -2.4880E+05
0000062   4.1121E+06  6.5258E+05 -5.1132E+05
0000063   3.1525E+06  1.2747E+06  2.3196E+06
0000064   3.4022E+06 -1.2384E+06 -5.0858E+05
0000065   3.8561E+06 -2.4483E+05  1.8006E+06
0000066   3.4657E+06 -1.7788E+06  8.0613E+05
0000067   3.5320E+06 -1.3239E+05  2.1065E+06
0000068   3.6144E+06  1.1473E+06  1.0422E+06
0000069   4.1209E+06  1.4403E+06 -3.2139E+05
0000070   4.1021E+06 -1.3066E+05 -8.9217E+05
0000071   3.1323E+06 -1.6712E+06 -5.9040E+05
0000072   3.9636E+06  1.6626E+05 -3.2596E+05
0000073   3.9416E+06 -2.5033E+06  6.8605E+05
0000074   2.9672E+06 -1.4804E+06  1.2143E+06
0000075   5.3645E+06  2.6963E+05  1.0176E+06
0000076   5.1048E+06  5.2683E+05 -7.9342E+05
0000077   4.1448E+06 -7.6942E+03 -1.5912E+06
0000078   4.5262E+06  1.0197E+05 -5.0448E+05
0000079   2.3828E+06  2.0582E+06 -2.1314E+06
0000080   4.1542E+06 -1.5859E+06  2.8996E+05
0000081   4.5552E+06 -3.4384E+05  8.2336E+05
0000082   4.2766E+06  6.9255E+05 -8.2530E+05
0000083   4.0082E+06  1.9824E+06  6.5444E+05
0000084   4.3679E+06  4.6369E+05  2.3438E+05
0000085   4.4293E+06  1.0265E+06  7.4042E+05
0000086   5.3595E+06  7.3746E+05 -1.3280E+06
0000087   5.3921E+06 -6.0166E+04  2.0140E+05
0000088   2.8325E+06 -5.9760E+05 -7.3056E+05
0000089   3.4115E+06  2.2808E+06  3.8385E+05
0000090   4.0612E+06 -1.0792E+05  2.8608E+06
0000091   3.1673E+06 -1.5252E+06  1.4793E+06
0000092   3.5290E+06  5.6762E+05  1.3077E+06
0000093   4.6970E+06 -2.0010E+06  1.5046E+05
0000094   5.8782E+06 -6.1973E+05  8.9876E+05
0000095   3.9052E+06  6.6980E+05 -4.2994E+05
0000096   2.9172E+06  3.6044E+05  3.1489E+06
0000097   4.2463E+06 -7.3203E+05  1.3112E+06
0000098   5.6945E+06  1.6501E+06  1.2316E+06
0000099   4.2724E+06  8.7156E+05 -1.7477E+06
0000100   2.8329E+06  2.4142E+06  1.6830E+05
0000101   5.2941E+06 -3.3043E+05  6.5756E+04
0000102   4.0780E+06  1.4933E+05 -1.8441E+06
0000103   4.5995E+06  3.6770E+05  5.8539E+05
0000104   3.6369E+06 -1.0388E+06 -1.5597E+05
0000105   3.4621E+06 -8.9742E+05 -3.1660E+05
0000106   4.9963E+06 -1.2784E+06 -2.2351E+04
0000107   2.9195E+06  2.1529E+05  1.5497E+06
0000108   3.9325E+06 -2.2764E+05  1.8555E+06
0000109   3.6462E+06 -1.7473E+06  6.1178E+04
0000110   3.1020E+06  1.7828E+06  2.5112E+05
0000111   4.2628E+06  2.3865E+06  3.5595E+05
0000112   4.0661E+06  7.1757E+05  1.3151E+06
0000113   5.7091E+06 -1.7925E+06  7.9342E+04
0000114   3.7798E+06  6.0095E+05 -1.6162E+06
0000115   5.3425E+06  1.4036E+05 -1.0084E+06
0000116   4.1642E+06  9.7831E+05 -2.6756E+06
0000117   4.7010E+06  8.4581E+04  8.3913E+05
0000118   2.6425E+06 -1.6398E+05  1.5364E+05
0000119   3.3389E+06 -3.2859E+06  1.0475E+06
0000120   5.6912E+06  9.0265E+05 -9.9271E+04
0000121   3.2347E+06  9.1814E+05 -6.3842E+05
0000122   2.4930E+06 -1.6443E+05  6.7750E+05
0000123   4.7493E+06 -7.3811E+05  1.6539E+06
0000124   3.3620E+06 -1.0490E+06  8.2787E+05
0000125   5.9791E+06 -6.3380E+05  3.3986E+05
0000126   3.0505E+06  4.0118E+06  1.6326E+06
0000127   5.0598E+06  1.8204E+05  3.1349E+06
0000128   3.5311E+06  1.8280E+06  5.1833E+05
0000129   4.4685E+06  5.6620E+05  3.5726E+05
0000130   2.1048E+06  2.4980E+05 -2.0188E+05
0000131   3.0616E+06 -8.2907E+05  1.1454E+06
0000132   3.9084E+06 -5.1309E+05 -8.9952E+05
0000133   3.4397E+06  2.6249E+05  3.9368E+05
0000134   5.1196E+06  2.0926E+06 -1.7058E+06
0000135   4.0385E+06 -9.4631E+05  9.0813E+05
0000136   4.7161E+06  9.6840E+05 -4.4643E+05
0000137   3.7794E+06 -5.3661E+05 -4.8159E+04
0000138   3.6578E+06  2.7474E+06  2.1714E+05
0000139   3.8931E+06  1.1992E+06  1.4172E+06
0000140   4.8900E+06  7.7117E+05 -2.7123E+06
0000141   4.7694E+06  1.1036E+05 -4.4983E+05
0000142   2.5746E+06  3.2845E+05  1.6951E+05
0000143   5.9777E+06  9.7239E+04 -3.9972E+05
0000144   4.0179E+06 -2.8462E+05 -1.7890E+05
0000145   4.6481E+06  1.4669E+06  1.8096E+05
0000146   3.6364E+06 -8.2611E+05 -1.0143E+06
0000147   2.7822E+06  3.2499E+06 -1.9332E+06
0000148   4.0548E+06  1.1317E+06  1.3680E+06
0000149   4.2531E+06 -8.5613E+05  9.6807E+04
0000150   2.9041E+06  1.7108E+06 -8.1491E+05
0000151   4.8506E+06  2.9096E+05  4.3033E+05
0000152   4.8708E+06 -1.6020E+05  9.5878E+05
0000153   4.2040E+06  2.0335E+05 -5.5719E+05
0000154   4.4521E+06  7.1158E+04 -7.7503E+05
0000155   4.7775E+06  1.2674E+06  4.8116E+05
0000156   5.8970E+06  4.5422E+05 -4.4044E+05
0000157   4.9629E+06  1.7874E+06  1.0222E+06
0000158   3.8527E+06  5.0899E+05  1.1432E+06
0000159   4.4464E+06  7.2380E+05  1.2036E+06
0000160   4.9349E+06  1.3585E+04  9.9724E+05
0000161   2.2715E+06  9.6656E+05 -7.5914E+05
0000162   4.7705E+06 -2.2259E+06  5.0932E+05
0000163   5.2810E+06 -4.4836E+05 -7.7172E+04
0000164   3.6936E+06 -1.5022E+06 -8.3522E+05
0000165   3.0038E+06  2.4454E+06  8.6807E+05
0000166   4.2676E+06  6.4646E+05 -9.5417E+03
0000167   4.1090E+06  1.4090E+06 -4.8274E+05
0000168   4.4498E+06  1.7539E+06  7.8428E+05
0000169   4.8612E+06  7.8260E+05  1.5604E+05
0000170   2.9833E+06  2.0138E+06  1.1618E+06
0000171   5.0651E+06  2.8063E+05 -1.2383E+06
0000172   4.4674E+06  1.0779E+06  5.3714E+05
0000173   4.4974E+06 -3.0643E+06  9.2616E+05
0000174   3.8592E+06 -1.2551E+06 -8.6753E+05
0000175   4.5396E+06 -3.3492E+05 -8.1944E+05
0000176   3.9440E+06  7.2656E+05 -1.9728E+06
0000177   4.7746E+06  6.3960E+05 -3.1298E+04
0000178   5.4225E+06  1.3551E+06 -7.9472E+05
0000179   5.0092E+06  2.9683E+05  1.3961E+06
0000180   1.5368E+06 -2.8273E+05 -4.5001E+05
0000181   2.3351E+06  4.5230E+05 -2.8066E+06
0000182   4.2422E+06 -1.0371E+06 -6.1420E+05
0000183   3.5081E+06  1.4147E+06  1.8995E+06
0000184   2.6213E+06 -5.8073E+05 -3.7077E+05
0000185   1.5624E+06  6.8945E+05  1.0454E+04
0000186   5.1321E+06  8.6720E+05  3.0209E+05
0000187   3.5191E+06 -5.1410E+05  9.7349E+05
0000188   4.5541E+06  7.5076E+05 -1.3776E+06
0000189   3.9268E+06 -1.1572E+06 -1.3027E+06
0000190   1.9850E+06 -5.8639E+04  7.4051E+05
0000191   3.8386E+06 -7.0391E+03  6.3593E+05
0000192   4.8241E+06  1.5778E+05 -2.5036E+06
0000193   4.1286E+06  1.8232E+06 -4.5888E+05
0000194   4.9930E+06 -6.5542E+05 -2.4267E+05
0000195   3.4444E+06  1.0794E+06  5.2554E+05
0000196   1.7917E+06  8.4682E+05  1.8312E+06
0000197   2.7392E+06  3.0770E+06 -1.5659E+05
0000198   4.2174E+06 -1.9534E+05 -4.7313E+05
0000199   3.6252E+06 -7.6877E+05  3.1571E+04
0000200   3.0240E+06  1.3961E+06 -1.4141E+06
0000201   5.1836E+06  8.8055E+05  2.5916E+05
0000202   5.9932E+06  2.5289E+05 -4.1338E+05
0000203   4.1880E+06 -1.8127E+05  1.2966E+06
0000204   3.2227E+06 -4.4951E+05 -1.9800E+06
0000205   3.6885E+06 -8.4089E+04  2.0884E+05
0000206   4.4745E+06 -3.8435E+05 -3.5769E+06
0000207   3.9721E+06 -7.5259E+05 -5.3813E+04
0000208   4.8984E+06 -2.0615E+06 -1.2265E+06
0000209   3.2577E+06  1.0665E+06 -4.7929E+05
0000210   3.5479E+06 -2.8183E+05  5.0200E+05
0000211   1.8720E+06 -1.9623E+06 -1.0184E+06
0000212   4.7634E+06 -6.4964E+05  4.6329E+05
0000213   4.7545E+06  1.9618E+06 -1.1200E+06
0000214   3.3715E+06  9.7694E+05 -9.2537E+05
0000215   4.4426E+06 -5.0477E+05 -2.6794E+05
0000216   4.7415E+06  9.5171E+05  8.9380E+04
0000217   6.5992E+06 -8.0382E+05  9.2736E+05
0000218   4.8577E+06 -9.5877E+05 -1.8831E+06
0000219   4.5844E+06  1.1347E+06  2.5659E+05
0000220   3.0789E+06  8.5163E+05 -9.9177E+05
0000221   2.3774E+06 -1.1898E+06 -2.2251E+05
0000222   4.4008E+06  2.0308E+05 -1.5583E+06
0000223   3.9820E+06  2.3348E+06 -1.4844E+06
0000224   4.4934E+06  1.3254E+06 -8.9567E+04
0000225   5.6709E+06  1.9676E+05  1.5925E+05
0000226   5.1721E+06  2.0036E+05  9.0682E+05
0000227   4.1362E+06  1.9061E+06  9.7729E+05
0000228   2.7356E+05 -9.8773E+05 -1.2524E+06
0000229   3.9160E+06 -1.0569E+05  7.0412E+05
0000230   4.5332E+06 -7.5862E+04  6.1003E+05
0000231   3.8245E+06 -1.9052E+06 -1.1114E+06
0000232   3.8475E+06  2.0204E+06  2.6791E+05
0000233   4.0211E+06 -5.8284E+04  2.4534E+06
0000234   5.2010E+06  1.2449E+06  1.1436E+06
0000235   5.8488E+06  5.1457E+05 -3.4659E+05
0000236   4.8633E+06 -1.1196E+06 -2.7645E+05
0000237   2.4570E+06 -4.7853E+05 -1.5380E+05
0000238   2.9572E+06 -9.9458E+05 -3.4647E+05
0000239   3.2821E+06 -1.9176E+06 -1.9636E+05
0000240   3.3587E+06 -2.5700E+05  1.6084E+06
0000241   4.4514E+06  2.4171E+06  8.4546E+04
0000242   4.1565E+06  1.9727E+06  9.2073E+05
0000243   2.5293E+06 -4.0720E+06  2.4155E+05
0000244   3.5313E+06 -9.4285E+04 -3.5682E+05
0000245   2.2213E+06  7.8896E+05  2.2274E+06
0000246   2.3168E+06 -3.8009E+05 -1.1253E+05
0000247   4.9002E+06  2.4307E+04  3.5359E+05
0000248   3.6358E+06  3.2581E+05 -2.9997E+05
0000249   4.1999E+06  8.3919E+05  1.5589E+04
0000250   4.8323E+06  1.0605E+06  1.8182E+05
0000251   4.1219E+06 -1.7643E+06  3.1686E+06
0000252   1.5185E+06  3.7964E+05  1.7063E+06
0000253   5.6590E+06 -1.2160E+06  5.8170E+04
0000254   4.4570E+06 -2.1912E+06 -1.6993E+06
0000255   5.9500E+06 -1.1530E+06 -2.1745E+05
0000256   5.0039E+06 -1.4056E+06 -1.1305E+06
0000257   5.7632E+06  5.5876E+05  1.4224E+06
0000258   4.9610E+06 -9.2107E+05  2.2781E+06
0000259   3.8813E+06 -9.7474E+05 -1.1395E+06
0000260   4.4703E+06 -9.5609E+05  1.7958E+06
0000261   4.2545E+06  7.1889E+05  5.2003E+05
0000262   3.2984E+06  9.8599E+05 -1.3731E+05
0000263   3.9862E+06  1.4763E+06 -1.0655E+06
0000264   2.9237E+06  5.8618E+04 -6.6672E+05
0000265   2.7925E+06  1.9588E+06 -9.1362E+05
0000266   4.4625E+06 -6.1878E+05 -2.8235E+06
0000267   3.3117E+06  1.4648E+06  1.2277E+06
0000268   2.3540E+06 -1.8402E+06 -6.7598E+05
0000269   4.6441E+06  6.9440E+05  1.4451E+06
0000270   5.2113E+06  2.7452E+05 -4.8335E+05
0000271   4.7525E+06 -8.2843E+05 -7.3883E+05
0000272   3.2754E+06  1.0831E+06 -2.8921E+04
0000273   4.1284E+06  5.6398E+05 -9.1898E+05
0000274   3.5868E+06  5.0658E+05  2.2799E+03
0000275   5.7194E+06 -1.6953E+06  1.8161E+06
0000276   3.6542E+06  2.3086E+06 -6.3876E+05
0000277   4.2956E+06  2.4794E+05 -7.7352E+05
0000278   3.4121E+06  2.6150E+05  9.3299E+05
0000279   4.2624E+06 -3.8041E+05  1.8580E+03
0000280   2.5910E+06  3.2853E+06 -1.4149E+06
0000281   4.5552E+06 -1.6262E+06  1.6820E+05
0000282   4.5565E+06 -4.3796E+05  1.2234E+06
0000283   2.7551E+06 -1.0843E+06  1.9537E+06
0000284   2.8745E+06  1.3282E+06 -1.7776E+05
0000285   1.9865E+06  2.5323E+06 -1.2032E+06
0000286   5.6441E+06 -1.7684E+06  2.4858E+05
0000287   3.1912E+06  1.0185E+06 -6.8380E+05
0000288   3.7052E+06  6.1205E+05  9.7997E+03
0000289   3.4867E+06  1.2452E+06 -8.3891E+05
0000290   2.7742E+06  1.8147E+06  6.2037E+05
0000291   2.4836E+06 -9.3571E+05  5.7420E+05
0000292   3.7256E+06  3.2760E+05  1.1934E+06
0000293   5.5919E+06 -5.0514E+05  9.7039E+05
0000294   5.0788E+06 -8.2270E+05  1.7153E+06
0000295   3.5293E+06  8.9365E+05  2.2104E+06
0000296   2.8897E+06 -1.0244E+06 -1.9998E+05
0000297   3.7790E+06 -1.1681E+06  1.1220E+06
0000298   4.4500E+06  5.6700E+05  6.9318E+05
0000299   3.8305E+06  1.2938E+03  9.5443E+05
0000300   3.3897E+06 -1.5860E+06  2.3793E+05
0000301   4.6066E+06  1.9659E+05 -2.9156E+04
0000302   2.4308E+06  1.6821E+06  1.4152E+05
0000303   5.0254E+06 -6.6738E+05 -1.6598E+06
0000304   4.2186E+06  4.0203E+05  1.5488E+06
0000305   1.9315E+06 -1.9199E+06  1.5795E+05
0000306   4.7043E+06 -6.3792E+05 -3.5710E+06
0000307   3.3252E+06  2.9904E+05  2.8812E+06
0000308   5.0197E+06 -4.9874E+05  2.2770E+06
0000309   4.1458E+06  8.4952E+05 -1.7367E+06
0000310   1.4450E+06 -1.0802E+06 -2.4598E+06
0000311   3.7774E+06  6.6697E+05  7.1330E+05
0000312   3.8768E+06  7.8084E+05  2.1239E+06
0000313   2.6555E+06 -2.9243E+05  2.4291E+06
0000314   4.8263E+06 -2.0592E+06  1.5442E+05
0000315   5.8053E+06 -1.0530E+06 -2.3731E+05
0000316   3.8320E+06  1.6648E+05 -6.4013E+05
0000317   3.5866E+06 -1.0970E+06 -1.3354E+05
0000318   5.1327E+06 -5.1937E+05 -6.5732E+04
0000319   5.1666E+06  9.1392E+02 -6.0188E+05
0000320   5.2727E+06 -2.4721E+05 -2.0199E+06
0000321   4.1754E+06  4.8787E+05  7.1302E+05
0000322   4.3397E+06 -2.1714E+05 -5.5429E+05
0000323   4.0928E+06 -7.1696E+05 -1.3050E+06
0000324   3.9325E+06 -4.5189E+05  5.1877E+04
0000325   3.6204E+06  2.5744E+05 -8.5831E+05
0000326   4.9611E+06 -1.0820E+06  7.3718E+05
0000327   5.1954E+06  3.5918E+04 -7.3688E+05
0000328   3.8615E+06 -1.4302E+06 -3.0309E+05
0000329   2.6255E+06 -2.0518E+05  5.4284E+05
0000330   2.0976E+06 -9.2944E+05  5.0394E+03
0000331   5.2275E+06  8.3711E+05 -2.5453E+05
0000332   4.6538E+06  1.1609E+06 -4.2220E+05
0000333   3.1173E+06  5.3645E+05  4.1172E+05
0000334   4.6946E+06  8.0622E+05 -4.6325E+04
0000335   4.0045E+06 -6.6361E+05 -2.3223E+06
0000336   4.2550E+06 -4.0005E+05 -3.1203E+04
0000337   4.8076E+06  2.2856E+03  1.3660E+05
0000338   5.2661E+06 -6.1144E+05  3.7291E+05
0000339   5.7004E+06 -7.3556E+05 -6.2421E+05
0000340   4.0554E+06 -7.6273E+05  1.7647E+06
0000341   2.5153E+06 -1.4126E+06 -3.9350E+05
0000342   3.9441E+06 -5.2656E+05  1.2980E+06
0000343   4.5420E+06  1.4175E+06  1.9440E+06
0000344   4.9110E+06  3.8647E+05  6.4344E+05
0000345   5.4047E+06  3.8973E+05 -1.4521E+06
0000346   3.7041E+06  1.3892E+06  5.2941E+05
0000347   2.1153E+06  1.0906E+06  2.5868E+06
0000348   3.7005E+06 -1.5018E+06  7.7360E+05
0000349   4.7575E+06 -1.5257E+06 -1.3506E+05
0000350   5.0016E+06  8.2110E+05 -1.3328E+06
0000351   3.5275E+06  2.3891E+06  1.1202E+06
0000352   4.5902E+06  1.1252E+06  3.0174E+05
0000353   2.0270E+06 -1.1507E+06 -1.3201E+05
0000354   2.7048E+06 -2.1776E+06 -1.9607E+06
0000355   4.8024E+06  6.1561E+05  1.2446E+06
0000356   5.1795E+06 -5.4099E+05  9.2663E+03
0000357   4.2889E+06 -4.5958E+05 -8.6384E+05
0000358   2.0474E+06  5.5105E+05 -3.1829E+05
0000359   5.3040E+06  3.5013E+05 -1.2372E+06
0000360   2.7071E+06  1.4438E+05  2.6108E+06
0000361   3.3567E+06  1.4222E+06  4.4949E+05
0000362   5.1607E+06 -1.2995E+06 -7.7979E+05
0000363   4.4836E+06  3.8538E+05 -6.8199E+05
0000364   3.3634E+06 -1.2198E+06 -7.8512E+05
0000365   5.2507E+06 -7.2847E+05 -9.3348E+05
0000366   3.5954E+06 -1.3693E+05 -2.2128E+06
0000367   1.6713E+06  1.0284E+06 -2.1712E+05
0000368   4.1492E+06 -1.2003E+06  7.3602E+05
0000369   5.3907E+06 -1.2952E+06 -6.1619E+05
0000370   3.2586E+06  5.4650E+05  1.4855E+06
0000371   3.4056E+06  7.5578E+05  1.1084E+06
0000372   3.4155E+06 -8.1622E+05  7.4733E+05
0000373   4.4573E+06  1.5582E+05  5.5240E+05
0000374   6.5193E+06 -5.5738E+05 -3.3499E+05
0000375   4.8856E+06 -1.1176E+05  2.5430E+05
0000376   4.3113E+06 -4.9848E+05  2.9193E+05
0000377   4.0921E+06  4.2229E+05 -4.4676E+05
0000378   4.2739E+06 -1.1670E+06 -5.9576E+05
0000379   2.6483E+06 -3.0825E+05  2.1219E+06
0000380   2.9178E+06  6.2955E+05  2.5775E+05
0000381   4.6816E+06  3.3704E+05 -2.0552E+06
0000382   3.7523E+06  1.7325E+05  9.4500E+05
0000383   2.9989E+06  1.1646E+06  4.9141E+05
0000384   4.2624E+06  3.9309E+05  1.3183E+06
0000385   3.7127E+06  2.8985E+05 -1.1337E+06
0000386   4.4383E+06  1.5860E+06  1.8235E+06
0000387   5.7259E+06  1.9108E+06 -5.9049E+05
0000388   4.0511E+06  8.2704E+05 -1.6395E+05
0000389   1.9161E+06  1.3384E+06 -7.4824E+05
0000390   4.8356E+06  4.9978E+05  5.0738E+05
0000391   2.7341E+06  1.9316E+06  1.9354E+06
0000392   1.2534E+06  1.3747E+06  3.9974E+05
0000393   3.2390E+06  3.7137E+05  1.5732E+06
0000394   4.7677E+06 -2.2275E+05  1.2258E+06
0000395   3.4986E+06  2.5759E+05  9.7198E+05
0000396   3.5732E+06 -1.8869E+06  6.4468E+05
0000397   3.7232E+06 -6.2508E+05 -2.7880E+05
0000398   4.7861E+06 -1.1164E+06  1.3016E+05
0000399   4.6610E+06 -4.7079E+05  1.7655E+06
0000400   4.1039E+06 -5.1949E+05  1.0476E+06
0000401   5.2129E+06  5.3495E+05  8.8307E+05
0000402   5.1949E+06  8.1749E+05 -5.0726E+05
0000403   4.6168E+06  1.7987E+06  4.6906E+05
0000404   4.0902E+06  1.7628E+06 -7.2920E+05
0000405   5.3201E+06 -1.8565E+04  1.2747E+06
0000406   2.8917E+06 -1.2084E+05 -8.6092E+05
0000407   2.9514E+06  5.7057E+05  8.4031E+05
0000408   5.4117E+06 -1.0201E+06 -2.4774E+06
0000409   3.8842E+06 -5.2438E+05 -2.5749E+06
0000410   5.6283E+06 -6.0184E+05 -3.1922E+05
0000411   4.1149E+06 -1.7857E+06 -1.7953E+06
0000412   3.8613E+06  7.5513E+05  1.1281E+06
0000413   3.4463E+06  3.3733E+06  1.3708E+06
0000414   5.7588E+06  4.7144E+04  1.3705E+06
0000415   3.6440E+06 -4.8823E+05 -4.8604E+05
0000416   3.4949E+06  7.0127E+05  7.4791E+05
0000417   3.8563E+06  1.1042E+06 -7.1545E+04
0000418   4.4001E+06  7.0722E+05  6.0408E+05
0000419   4.2110E+06  1.0594E+06 -6.3922E+05
0000420   4.1085E+06  2.0425E+05 -5.1385E+05
0000421   4.3975E+06  2.3576E+05  2.0211E+06
0000422   3.1115E+06  4.9321E+04  9.3490E+05
0000423   5.9273E+06 -3.3277E+04 -8.5563E+05
0000424   4.1912E+06 -8.6600E+05 -1.6145E+06
0000425   3.5852E+06 -1.6069E+06 -1.7275E+06
0000426   4.3221E+06 -3.7809E+04 -1.0815E+06
0000427   5.2345E+06  4.9137E+04 -1.3920E+06
0000428   2.4890E+06  4.4961E+05 -2.5484E+06
0000429   3.8207E+06  1.9174E+05 -7.1803E+05
0000430   3.2644E+06 -2.0336E+05  3.6303E+05
0000431   4.8112E+06 -1.0933E+06 -1.7807E+06
0000432   5.1738E+06  7.8926E+05 -1.1937E+06
0000433   4.4394E+06 -2.7859E+05  2.6746E+06
0000434   3.2817E+06  6.4311E+04  7.9534E+05
0000435   2.8515E+06  1.1889E+06  2.8283E+05
0000436   5.1799E+06  3.4482E+05 -1.4127E+06
0000437   3.6390E+06  2.3254E+06  5.1977E+05
0000438   5.4766E+06  7.7938E+05 -1.4709E+06
0000439   1.3510E+06 -4.2489E+05  2.7059E+06
0000440   4.2995E+06  1.9430E+06 -9.3503E+04
0000441   1.1081E+06 -5.4535E+04 -2.1248E+06
0000442   4.0322E+06 -4.0874E+05  1.1578E+06
0000443   3.9545E+06 -3.3325E+05 -2.8086E+05
0000444   4.6173E+06  1.9651E+06  1.0378E+06
0000445   4.6110E+06 -2.9297E+05 -1.8966E+05
0000446   3.9343E+06  6.5814E+05 -1.5030E+06
0000447   4.7578E+06 -7.8677E+05  1.1370E+06
0000448   2.7109E+06 -1.8352E+05 -9.5301E+05
0000449   3.6716E+06 -3.6514E+05 -1.2533E+06
0000450   3.6190E+06 -2.2793E+05 -3.8457E+05
0000451   3.2791E+06  9.7885E+05 -9.8976E+05
0000452   2.0856E+06 -1.1659E+06  6.5087E+04
0000453   6.4856E+06 -1.8480E+05 -8.5043E+04
0000454   2.8142E+06 -5.5947E+05 -5.2650E+05
0000455   3.7764E+06 -3.9805E+05  2.1847E+05
0000456   3.3272E+06  4.4081E+05 -1.7831E+05
0000457   2.6442E+06  5.7521E+04 -3.1984E+03
0000458   4.9948E+06 -3.5047E+05 -3.0748E+06
0000459   4.7361E+06 -2.1439E+05 -1.1737E+06
0000460   4.6383E+06  9.1308E+05  4.5874E+04
0000461   4.2903E+06 -2.2541E+06 -1.5299E+06
0000462   3.0249E+06  7.9394E+05  3.3772E+05
0000463   4.2779E+06 -3.4160E+05 -5.4026E+05
0000464   1.3282E+06 -1.0274E+06  6.1792E+05
0000465   4.9216E+06  3.5854E+05 -1.0276E+06
0000466   3.3414E+06  2.0559E+06  4.2968E+05
0000467   3.6946E+06 -1.6108E+05 -1.4739E+06
0000468   5.6193E+06 -1.7766E+06  6.1913E+05
0000469   5.2684E+06 -1.1617E+06 -9.4379E+05
0000470   4.7094E+06 -1.0329E+06 -3.5427E+05
0000471   6.0363E+06 -5.5163E+05  2.0769E+05
0000472   3.8232E+06  6.2274E+05  7.7627E+05
0000473   5.3356E+06 -1.7390E+05  3.9042E+05
0000474   4.1407E+06 -3.8323E+05 -7.3797E+04
0000475   3.8037E+06  4.3108E+05 -8.2428E+05
0000476   4.2949E+06 -1.1208E+06  1.3970E+06
0000477   4.6140E+06  6.5163E+05  2.3365E+05
0000478   4.5684E+06  2.1127E+06 -7.4095E+05
0000479   3.9739E+06  9.2325E+04 -2.7927E+05
0000480   2.3504E+06  9.9240E+05 -3.4563E+05
0000481   3.4788E+06 -2.6089E+05  1.6960E+05
0000482   3.3811E+06  4.5347E+05 -3.2286E+05
0000483   3.8309E+06 -5.7742E+03  5.1460E+05
0000484   5.5391E+06  1.4899E+06 -7.0182E+05
0000485   3.3639E+06  9.4719E+05  1.4245E+06
0000486   5.9894E+06 -1.5433E+05 -1.6979E+05
0000487   4.3689E+06 -2.1501E+06  5.2092E+05
0000488   4.3598E+06  7.4631E+05  2.0101E+06
0000489   3.7031E+06 -1.1373E+06 -6.5098E+05
0000490   3.3806E+06 -7.9212E+05 -8.2166E+05
0000491   4.0084E+06 -2.7239E+05 -2.7594E+05
0000492   3.3824E+06  9.7233E+05 -1.7653E+06
0000493   3.5943E+06  5.7025E+05 -1.0254E+06
0000494   2.0009E+06 -1.5307E+06  2.8417E+05
0000495   3.6298E+06  1.0846E+06  1.6755E+06
0000496   4.3398E+06  1.2657E+06  6.1482E+05
0000497   4.1872E+06 -3.3413E+05  8.8104E+05
0000498   4.8347E+06 -1.1110E+05  1.2634E+06
0000499   4.2363E+06  1.2205E+06 -1.3174E+06
0000500   3.1965E+06  2.4305E+05 -1.7982E+05
0000501   4.8242E+06  4.1164E+05 -3.7800E+05
0000502   3.7427E+06 -9.0459E+05 -6.6387E+05
0000503   5.1303E+06  7.2568E+05 -4.9568E+04
0000504   4.8088E+06 -1.5089E+06  7.9881E+05
0000505   5.1384E+06 -2.6727E+05  4.4182E+05
0000506   5.0087E+06  1.2985E+06 -9.7472E+05
0000507   3.9357E+06  8.3264E+05 -3.2336E+06
0000508   4.8370E+06  1.0780E+05 -8.0053E+05
0000509   2.5846E+06 -2.0781E+06 -2.0391E+06
0000510   4.4832E+06 -6.8514E+05 -5.0067E+05
0000511   2.8806E+06 -1.1179E+06 -5.9510E+05
0000512   2.4602E+06 -1.5469E+05 -1.1199E+05
0000513   4.2774E+06 -3.9018E+05  5.2670E+05
0000514   4.7679E+06 -1.5003E+06  1.0572E+06
0000515   5.3442E+06  9.0233E+05  1.0221E+05
0000516   3.3241E+06  1.4064E+05  1.1493E+06
0000517   4.4139E+06 -1.8488E+06 -1.9584E+06
0000518   5.2022E+06 -2.7180E+05 -7.7124E+05
0000519   3.8821E+06  1.6425E+06 -1.8496E+06
0000520   4.5593E+06  7.6985E+04  5.4330E+05
0000521   2.8614E+06 -1.6455E+05  2.5363E+06
0000522   4.1566E+06  4.4303E+05  1.3382E+06
0000523   3.4139E+06 -5.0768E+05 -1.1119E+06
0000524   3.4180E+06  4.5875E+05  1.8196E+06
0000525   4.4726E+06  3.6253E+05 -5.6548E+05
0000526   5.5851E+06  1.6031E+05  1.6152E+06
0000527   1.7544E+06  1.6006E+06 -1.0679E+06
0000528   4.6168E+06 -1.1671E+06  3.6408E+05
0000529   5.0558E+06 -4.3916E+05  4.3573E+05
0000530   3.8995E+06 -4.3223E+05  8.6145E+05
0000531   4.4521E+06  3.9003E+05 -1.0143E+06
0000532   2.6905E+06  1.3672E+06  1.3496E+06
0000533   3.9198E+06 -1.2406E+05  9.9894E+05
0000534   3.9968E+06 -9.0273E+05  2.3556E+05
0000535   6.4381E+06 -5.7379E+05 -9.1187E+05
0000536   5.0136E+06 -3.6192E+04  3.6983E+05
0000537   4.4215E+06  2.3669E+05  1.7348E+06
0000538   5.0411E+06  6.9457E+05 -1.7576E+06
0000539   4.9375E+06 -3.1628E+05  1.1162E+06
0000540   5.7733E+06  2.9979E+05  7.4112E+05
0000541   4.6919E+06  9.0323E+04 -9.0339E+05
0000542   5.5208E+06  1.8875E+06 -1.8941E+06
0000543   4.4583E+06 -2.2405E+06  4.6287E+05
0000544   3.2132E+06 -1.5186E+06 -7.4760E+05
0000545   3.2755E+06  6.2494E+04 -9.5664E+05
0000546   2.4931E+06  1.9600E+05  1.1584E+06
0000547   2.6779E+06  1.2376E+06 -2.1869E+06
0000548   4.6055E+06 -1.9278E+05  1.6161E+06
0000549   3.8539E+06 -2.4233E+06 -3.8681E+05
0000550   2.9408E+06 -3.6435E+05 -2.0645E+06
0000551   3.3109E+06 -1.0372E+06  5.2084E+04
0000552   4.7488E+06 -8.8827E+05  5.5653E+05
0000553   4.6661E+06 -9.0424E+05  6.9359E+05
0000554   5.3507E+06 -1.0705E+06 -6.6544E+05
0000555   3.6997E+06 -5.3458E+05 -5.4908E+05
0000556   5.6109E+06 -1.4421E+06  1.3011E+06
0000557   3.3351E+06  8.7276E+05 -1.2449E+06
0000558   2.0939E+06 -4.0128E+05  2.2716E+05
0000559   5.7472E+06 -1.2646E+06  9.8894E+05
0000560   4.4781E+06 -2.6372E+05  3.7209E+05
0000561   5.3893E+06  9.9722E+03  1.9084E+06
0000562   5.4687E+06  9.2613E+05 -9.4890E+05
0000563   5.2712E+06  3.0015E+05  3.3979E+05
0000564   3.4580E+06  4.8863E+05 -5.5554E+04
0000565   3.9420E+06 -1.3058E+06 -2.0994E+06
0000566   3.2008E+06  1.0183E+06  8.8224E+05
0000567   4.6143E+06  5.0840E+05  7.5120E+05
0000568   4.5812E+06 -5.0599E+05 -1.3478E+05
0000569   3.1033E+06  7.9730E+05 -2.0201E+06
0000570   4.6211E+06 -9.6717E+05  1.8657E+06
0000571   7.7543E+05  3.3888E+05  3.3230E+05
0000572   4.8464E+06  2.8924E+05  3.3411E+05
0000573   3.5011E+06 -1.8914E+06 -1.7615E+06
0000574   4.8647E+06  4.4552E+05 -7.8020E+05
0000575   5.1483E+06 -1.0456E+06 -2.8927E+05
0000576   6.5627E+06  2.8517E+05 -3.4154E+04
0000577   4.0055E+06 -3.8720E+05 -1.4966E+06
0000578   3.2045E+06  1.7193E+06 -1.6642E+06
0000579   2.2176E+06  1.9244E+05  1.0654E+06
0000580   4.4514E+06  9.3085E+05  1.0533E+05
0000581   4.9376E+06  2.1200E+06 -9.0659E+05
0000582   4.6975E+06 -1.7430E+06 -8.1571E+05
0000583   4.7304E+06  8.5775E+05 -1.2857E+06
0000584   5.1369E+06  2.2518E+05 -4.8949E+05
0000585   3.5183E+06 -8.2948E+05  1.2333E+06
0000586   2.0021E+06  7.3040E+05  7.8743E+05
0000587   2.3570E+06  1.3583E+06 -9.4190E+05
0000588   3.6862E+06 -1.3853E+06 -2.0775E+05
0000589   4.3061E+06  1.9281E+05 -1.3553E+04
0000590   4.7338E+06 -5.8854E+05  8.8127E+05
0000591   2.6830E+06  3.0665E+05 -5.4982E+04
0000592   4.0558E+06 -8.8979E+05  2.5978E+06
0000593   5.6467E+06  6.3245E+04  3.5648E+05
0000594   3.0462E+06  3.5566E+06  3.7163E+05
0000595   3.7221E+06  5.5267E+05 -2.3177E+06
0000596   4.3451E+06  1.6876E+06 -1.7891E+06
0000597   4.6937E+06 -5.5168E+05  1.1390E+06
0000598   4.7463E+06 -5.5663E+04  1.0410E+05
0000599   4.1147E+06 -3.8348E+05 -1.6872E+06
0000600   4.2203E+06  1.0899E+06 -8.6646E+05
0000601   2.3722E+06  8.9987E+05  5.5455E+05
0000602   3.2257E+06 -2.0415E+05 -1.7010E+06
0000603   5.3223E+06  1.6579E+06 -1.9103E+06
0000604   4.7001E+06  7.6416E+05 -1.3577E+06
0000605   5.2639E+06 -2.8012E+05 -2.9435E+05
0000606   5.2661E+06  2.0180E+05 -1.0571E+06
0000607   4.1486E+06 -1.0273E+06  6.1817E+05
0000608   1.8496E+06  1.6951E+06 -1.5075E+06
0000609   1.6265E+06 -7.5606E+05 -9.6195E+05
0000610   3.5150E+06 -9.4187E+04  6.9815E+05
0000611   3.9933E+06  1.2323E+06  2.4816E+06
0000612   4.2824E+06 -9.6238E+05  1.1475E+05
0000613   4.4717E+06 -1.0434E+06 -2.8098E+04
0000614   5.1013E+06  2.4524E+06  1.2265E+06
0000615   4.7414E+06 -2.0518E+06 -2.0257E+06
0000616   4.9580E+06  3.9040E+05 -2.0587E+05
0000617   3.2654E+06 -3.2880E+04 -5.0111E+05
0000618   4.4646E+06 -7.5153E+05 -4.3731E+05
0000619   4.2986E+06  9.3129E+04  4.6320E+05
0000620   3.3160E+06 -1.1268E+06 -3.2413E+05
0000621   3.4333E+06  5.1606E+05 -2.9484E+06
0000622   4.8406E+06  4.2384E+05 -7.7229E+05
0000623   3.7871E+06 -8.3640E+05  5.9491E+04
0000624   4.6314E+06 -3.5025E+05 -1.5529E+06
0000625   2.5663E+06 -1.0639E+05  9.1588E+05
0000626   4.5415E+06  1.0130E+06 -5.6339E+05
0000627   2.9991E+06 -1.2083E+06  1.2007E+06
0000628   4.0966E+06  2.9564E+06  8.3171E+04
0000629   5.1643E+06 -1.1870E+06 -6.4155E+05
0000630   3.8947E+06 -3.7147E+05  1.0040E+06
0000631   2.2126E+06  2.4400E+05 -1.2409E+06
0000632   4.3164E+06  1.5352E+06 -1.1482E+06
0000633   3.9084E+06 -2.3904E+06  9.5630E+05
0000634   4.4240E+06 -9.3793E+05  7.8968E+05
0000635   4.5132E+06 -3.4862E+04  1.4807E+06
0000636   4.6661E+06  2.6328E+05  4.4349E+05
0000637   4.7672E+06 -1.9498E+05  1.3167E+05
0000638   4.0134E+06 -4.5605E+05  6.0486E+05
0000639   4.1111E+06  1.8677E+06  6.7550E+05
0000640   3.4976E+06 -1.1397E+06  1.2568E+04
0000641   4.8949E+06  1.2742E+06 -1.0694E+06
0000642   3.7374E+06 -3.0869E+05 -4.4956E+05
0000643   3.3759E+06  7.8738E+04 -3.8232E+05
0000644   3.1639E+06  1.0684E+06  1.7941E+05
0000645   3.6441E+06 -1.6894E+05  2.6145E+06
0000646   5.1181E+06 -1.2251E+06 -5.3224E+05
0000647   5.1363E+06 -3.0941E+05  1.1170E+04
0000648   3.7694E+06  1.8338E+05  1.3544E+06
0000649   4.5248E+06  1.6555E+06 -6.2706E+04
0000650   5.2788E+06 -1.5570E+06  2.5869E+05
0000651   2.8173E+06  6.3971E+05 -1.0619E+06
0000652   2.7466E+06  9.7421E+05  7.4051E+05
0000653   2.9013E+06 -2.3596E+06  4.3688E+05
0000654   1.1218E+06  6.0126E+05 -1.3314E+06
0000655   3.0345E+06  6.8400E+05 -1.4664E+04
0000656   3.7879E+06 -1.0307E+06  1.4642E+06
0000657   3.0973E+06 -1.1360E+06 -1.4122E+06
0000658   5.1096E+06  4.7683E+05  2.1832E+06
0000659   4.3943E+06 -5.3128E+05  1.4839E+05
0000660   2.3695E+06 -5.3188E+05  1.4163E+05
0000661   5.0594E+06 -7.2563E+05  4.8428E+05
0000662   3.8951E+06  1.8530E+05 -7.4090E+04
0000663   4.6483E+06  8.9715E+05  1.0651E+06
0000664   5.5341E+06  5.3684E+04 -2.5505E+05
0000665   4.8660E+06 -3.1005E+05 -1.3383E+06
0000666   5.8329E+06  6.4528E+05  3.2938E+05
0000667   4.6193E+06 -1.6321E+05  1.6882E+05
0000668   6.2207E+06 -6.4678E+05  6.7756E+05
0000669   3.3710E+06 -1.8404E+05  1.6353E+06
0000670   2.3758E+06 -3.2318E+04  2.2142E+05
0000671   4.9032E+06 -1.4713E+06 -2.8860E+05
0000672   4.7602E+06  9.3574E+05 -1.0795E+05
0000673   5.4845E+06  2.1195E+06 -1.2925E+06
0000674   2.7941E+06  2.1070E+06  5.6129E+05
0000675   5.4467E+06 -6.6681E+05  1.4505E+06
0000676   4.1067E+06  8.6334E+04  4.5928E+05
0000677   7.6847E+05  5.6005E+05  7.1827E+05
0000678   4.3490E+06 -2.8845E+05  8.6012E+05
0000679   5.4256E+06  1.5421E+06  1.1732E+06
0000680   4.1753E+06  2.6876E+06  1.3233E+06
0000681   3.4234E+06  1.1471E+06 -1.6087E+06
0000682   2.3767E+06  1.3455E+05  1.3037E+06
0000683   4.2801E+06 -2.2782E+06  1.1155E+06
0000684   4.8987E+06 -1.4126E+06 -1.6649E+06
0000685   3.8070E+06 -1.4204E+06 -1.1829E+06
0000686   4.8851E+06  5.4994E+05  6.5272E+04
0000687   4.6807E+06 -7.3961E+05  9.2554E+04
0000688   4.5553E+06 -3.3231E+06 -8.4301E+05
0000689   1.6317E+06 -1.0386E+05 -1.1089E+06
0000690   5.1594E+06  1.3514E+06 -8.7674E+05
0000691   3.0410E+06 -6.4439E+05  8.3748E+05
0000692   4.2093E+06  9.0332E+05  6.6525E+05
0000693   5.4384E+06  3.5992E+05 -1.0126E+06
0000694   4.2771E+06  2.7710E+05 -1.5334E+06
0000695   3.9105E+06  7.7530E+05  5.9513E+04
0000696   3.7051E+06 -1.2844E+06 -2.5148E+05
0000697   2.7372E+06 -3.9128E+05 -9.4894E+05
0000698   6.3062E+06  1.4897E+06  3.3318E+05
0000699   1.2230E+06 -6.3417E+05  1.9466E+06
0000700   4.2124E+06 -2.7705E+05 -1.7983E+06
0000701   2.7864E+06 -3.7246E+04  6.1137E+05
0000702   5.3790E+06  6.5207E+05 -8.5102E+05
0000703   4.3098E+06 -9.2070E+05  5.8296E+05
0000704   3.4978E+06 -4.1159E+05  1.9030E+05
0000705   1.8720E+06 -1.4445E+06 -3.0877E+05
0000706   4.6296E+06 -1.5235E+06 -1.1649E+06
0000707   4.9802E+06 -2.0072E+05  2.3390E+05
0000708   3.0800E+06 -8.5279E+05  1.7190E+06
0000709   2.8207E+06  7.8726E+05  7.8315E+05
0000710   3.8941E+06 -1.2839E+05  4.2570E+05
0000711   4.9439E+06  2.3474E+06 -4.3186E+05
0000712   3.0037E+06 -4.2511E+05  1.5682E+06
0000713   4.5725E+06  1.9515E+06 -1.0442E+06
0000714   5.0527E+06  1.3208E+06 -6.3999E+05
0000715   4.1682E+06  1.8433E+06  4.6017E+05
0000716   3.0687E+06 -3.4305E+05  1.8622E+05
0000717   3.8521E+06  5.7672E+05  2.6648E+05
0000718   5.9523E+06 -1.5754E+06  3.9699E+05
0000719   5.0980E+06  5.8217E+05  2.3720E+04
0000720   3.0060E+06  5.2674E+05  8.7815E+05
0000721   4.4127E+06 -6.5677E+05  2.1649E+06
0000722   2.6659E+06 -1.4158E+05  4.7365E+05
0000723   5.1789E+06 -3.1906E+04 -1.3872E+06
0000724   2.7470E+06 -1.3913E+05  5.9750E+05
0000725   3.3442E+06  1.0930E+06  3.7228E+05
0000726   2.6934E+06 -9.5266E+05  4.6022E+05
0000727   2.6780E+06 -8.1203E+05 -1.6927E+06
0000728   3.7734E+06 -1.5035E+06 -1.0876E+05
0000729   3.8280E+06 -1.3153E+06 -1.0098E+06
0000730   3.9017E+06  1.3408E+04  9.5150E+03
0000731   4.5522E+06 -4.5572E+05  1.4953E+04
0000732   5.9310E+06 -2.6781E+05 -5.4099E+05
0000733   3.9367E+06 -5.4427E+05  1.0992E+06
0000734   3.8556E+06  2.4073E+05  2.1888E+06
0000735   3.4448E+06 -8.8965E+05  5.9311E+05
0000736   4.7865E+06  1.9276E+06  3.2758E+05
0000737   3.4875E+06 -1.0084E+06 -2.5720E+06
0000738   4.3402E+06  6.7804E+05 -1.7162E+06
0000739   2.5032E+06 -7.2614E+04 -1.9504E+04
0000740   2.6237E+06 -9.4781E+05 -8.5770E+04
0000741   3.6703E+06  2.9405E+05 -1.5742E+06
0000742   5.0866E+06  7.0780E+05  1.8714E+06
0000743   5.9146E+06  7.8235E+05  1.1712E+06
0000744   3.4136E+06  8.4782E+05  1.5491E+06
0000745   3.2408E+06  2.4984E+05 -3.6915E+05
0000746   6.2692E+06  4.7884E+05 -7.5277E+05
0000747   3.4086E+06  1.6118E+06  3.6470E+06
0000748   3.1099E+06  3.5076E+05  4.6260E+05
0000749   2.7931E+06 -1.2905E+05 -4.4013E+04
0000750   2.1526E+06  1.9161E+06 -3.0797E+05
0000751   3.4459E+06  6.5532E+05 -1.1309E+06
0000752   5.2166E+06 -2.7650E+05  1.4301E+06
0000753   2.2563E+06 -6.3896E+05 -9.0663E+05
0000754   4.8892E+06  7.3886E+05  7.1118E+05
0000755   4.5466E+06  7.6517E+05  1.8452E+06
0000756   4.3267E+06  8.6383E+05 -7.5747E+05
0000757   1.1477E+06 -8.1572E+05  6.4411E+04
0000758   4.1764E+06 -4.0410E+05  1.2768E+06
0000759   2.6951E+06 -8.0710E+05 -6.8792E+05
0000760   2.9134E+06 -1.7257E+06  2.6149E+06
0000761   4.4444E+06  1.3707E+06 -6.6637E+05
0000762   3.5180E+06 -1.7909E+06 -2.4130E+05
0000763   5.1052E+06  2.8596E+05 -3.5012E+05
0000764   4.1736E+06 -1.4858E+06 -3.6824E+05
0000765   3.1904E+06 -1.8336E+06 -1.7319E+06
0000766   4.2906E+06 -1.5699E+06 -1.5785E+05
0000767   4.7350E+06  7.2109E+05 -9.1184E+05
0000768   4.6176E+06 -9.2184E+05  2.0408E+04
0000769   5.1696E+06  1.7899E+05  1.3379E+06
0000770   3.4213E+06 -3.7395E+05 -4.1843E+05
0000771   5.3071E+06 -5.4432E+05 -1.2642E+06
0000772   5.2585E+06 -2.1147E+06 -9.0551E+05
0000773   4.0473E+06 -1.5680E+06 -3.1814E+05
0000774   3.6402E+06 -3.2070E+04  3.1035E+05
0000775   5.4794E+06 -2.1491E+05  7.0715E+05
0000776   4.0033E+06  1.5836E+06 -2.2903E+05
0000777   2.3051E+06  1.1323E+06  5.6231E+05
0000778   4.9890E+06 -3.3033E+04  7.0519E+05
0000779   2.0463E+06 -1.6247E+06 -4.1734E+05
0000780   4.5043E+06 -3.8559E+05 -9.3441E+04
0000781   2.8483E+06 -1.8802E+06  2.2608E+06
0000782   3.3525E+06  5.5839E+05 -5.7892E+05
0000783   4.7288E+06  1.8109E+06 -5.6912E+05
0000784   4.6775E+06 -1.1344E+05 -1.0518E+05
0000785   3.3115E+06 -1.0858E+06 -2.0192E+06
0000786   5.0064E+06 -1.0825E+06 -1.1024E+06
0000787   4.3620E+06 -4.8169E+05  2.0852E+06
0000788   5.2586E+06 -2.1579E+05 -2.9300E+05
0000789   4.3225E+06  5.0413E+05 -3.1512E+06
0000790   3.2600E+06  5.0598E+05  1.3170E+05
0000791   2.7799E+06 -6.7614E+05 -1.0525E+06
0000792   3.3804E+06  4.4345E+05  2.5853E+06
0000793   4.4696E+06 -9.2596E+05 -1.9490E+06
0000794   2.7251E+06 -1.0766E+06 -1.3821E+06
0000795   4.5754E+06 -1.6065E+06 -2.6373E+05
0000796   3.5633E+06 -3.1059E+05 -1.4401E+05
0000797   4.5760E+06  5.0635E+04  5.9294E+05
0000798   2.5888E+06 -1.4218E+06  1.9068E+06
0000799   4.1821E+06 -2.8699E+04 -1.5190E+06
0000800   3.1587E+06  4.1483E+05 -1.3473E+06
0000801   2.3928E+06 -6.2634E+05 -5.7843E+05
0000802   3.2715E+06  2.6215E+06 -4.3953E+05
0000803   2.1095E+06  4.0332E+05 -1.0804E+04
0000804   4.3720E+06 -2.8344E+05  1.2460E+06
0000805   4.5628E+06  1.7543E+06 -5.1736E+05
0000806   4.9464E+06  2.3721E+05  1.6120E+05
0000807   4.5168E+06 -1.6974E+06  3.1718E+05
0000808   4.4493E+06  8.7055E+05 -1.6609E+05
0000809   4.5474E+06 -2.6301E+05  2.0888E+05
0000810   4.1735E+06 -1.0245E+06 -4.3160E+05
0000811   5.2298E+06 -1.9669E+06 -1.1140E+06
0000812   2.9328E+06  7.8675E+05 -2.1017E+06
0000813   3.1142E+06  1.0785E+06 -4.0874E+05
0000814   2.2845E+06 -1.3294E+06  1.9469E+06
0000815   5.2769E+06 -6.9221E+05 -2.8896E+04
0000816   4.5088E+06 -1.8437E+06 -2.2146E+05
0000817   4.6587E+06 -6.5227E+05  1.0019E+06
0000818   3.6966E+06 -4.7273E+04  5.4270E+05
0000819   4.6452E+06  1.5388E+06  1.0560E+06
0000820   3.4975E+06 -5.8621E+05 -2.9211E+05
0000821   4.8659E+06  9.7820E+04  6.1683E+05
0000822   3.4479E+06 -1.4799E+04  3.9572E+05
0000823   4.1971E+06  5.9130E+05 -2.3216E+06
0000824   5.0185E+06  5.7838E+04 -2.0416E+06
0000825   4.3833E+06 -1.8143E+05  2.7999E+05
0000826   4.1219E+06 -4.4005E+05 -1.0606E+06
0000827   5.7937E+06 -2.0291E+05  7.1542E+04
0000828   4.7971E+06 -7.2510E+05  3.2275E+05
0000829   4.1800E+06 -2.6855E+06  1.0506E+06
0000830   8.0687E+05 -1.1788E+06  5.1134E+05
0000831   5.0912E+06  2.4708E+05  1.3989E+06
0000832   3.2214E+06  4.8535E+05  5.4534E+05
0000833   4.7587E+06 -1.1564E+06 -5.4009E+05
0000834   5.5671E+06  1.0462E+06 -2.0892E+05
0000835   5.4900E+06 -1.1505E+05  1.5017E+06
0000836   4.7802E+06 -4.0146E+05 -1.1850E+06
0000837   5.4235E+06 -1.8623E+06  1.2508E+06
0000838   4.3988E+06 -5.7419E+05 -4.0841E+05
0000839   3.3671E+06  5.7081E+05 -3.7493E+05
0000840   4.1801E+06 -6.4892E+05  6.2553E+05
0000841   5.0290E+06  5.7431E+05  6.4989E+05
0000842   2.4494E+06 -2.2184E+05 -2.2561E+05
0000843   2.6673E+06 -1.3988E+06 -4.2970E+05
0000844   5.2983E+06  4.5774E+05 -3.6855E+05
0000845   2.5755E+06 -2.6588E+06  7.0483E+05
0000846   5.3555E+06 -1.7298E+06  1.0318E+06
0000847   3.5792E+06 -9.0707E+05 -1.4024E+06
0000848   1.8757E+06 -2.2481E+05  4.2191E+05
0000849   3.3651E+06 -1.2565E+06 -2.2937E+05
0000850   4.0111E+06 -8.5390E+05  2.0717E+06
0000851   6.4658E+06  1.2702E+06  1.5870E+06
0000852   4.2184E+06 -8.0054E+05 -1.2487E+06
0000853   2.7771E+06  2.9572E+05  3.3635E+05
0000854   3.9298E+06  1.1764E+06 -4.1666E+05
0000855   6.2134E+06  6.5736E+05  3.4551E+05
0000856   5.5656E+06 -2.0650E+04  2.4524E+06
0000857   3.3675E+06 -1.0644E+06  3.9289E+05
0000858   4.0610E+06 -1.7379E+06 -6.6528E+04
0000859   4.5681E+06  1.6246E+06 -7.4736E+04
0000860   2.9150E+06 -4.1303E+05 -1.5026E+06
0000861   5.4334E+06  1.6470E+05 -1.1525E+06
0000862   3.5002E+06 -2.1291E+06 -2.3689E+05
0000863   2.5314E+06  1.8373E+05 -1.5324E+06
0000864   4.6944E+06 -9.3514E+05 -1.0251E+06
0000865   4.6408E+06  1.1330E+05 -1.2114E+06
0000866   4.6077E+06 -1.8136E+06 -7.6714E+05
0000867   4.5078E+06  1.4794E+05 -1.1865E+06
0000868   1.8575E+06 -1.7006E+06  5.0838E+05
0000869   3.8972E+06 -1.3228E+06 -1.6562E+06
0000870   5.7547E+06 -1.4128E+06  9.9186E+05
0000871   3.6616E+06 -1.5031E+06 -1.5760E+06
0000872   4.1093E+06  1.3710E+06  6.8917E+05
0000873   4.7559E+06 -6.1227E+05 -2.4122E+05
0000874   4.2564E+06  3.7598E+05 -1.1246E+06
0000875   4.4428E+06  1.2641E+05  1.7430E+05
0000876   5.0725E+06  4.2776E+05 -7.3208E+05
0000877   4.5438E+06  1.5376E+06 -1.6145E+06
0000878   3.1421E+06 -7.9991E+05  1.6902E+06
0000879   4.7685E+06  1.3698E+06  4.0388E+05
0000880   3.3034E+06 -8.5101E+05 -1.7929E+06
0000881   2.6062E+06  7.7750E+05 -3.7889E+05
0000882   5.2234E+06 -8.1308E+05  4.9152E+05
0000883   2.6638E+06  5.2156E+05  3.4094E+06
0000884   5.0788E+06 -1.5214E+06 -6.0018E+05
0000885   1.0605E+06  5.2650E+05 -2.9920E+05
0000886   3.1963E+06  7.4767E+05 -1.2459E+06
0000887   1.9332E+06 -7.8692E+05  1.0451E+06
0000888   5.2702E+06 -6.2315E+04 -1.3618E+05
0000889   1.1443E+06 -2.9390E+06  2.2923E+05
0000890   3.7990E+06  6.7564E+05  2.1866E+06
0000891   5.3774E+06  1.4568E+06  8.5663E+05
0000892   6.4209E+06  6.2908E+05 -5.5918E+05
0000893   5.3931E+06  1.7136E+06 -8.6081E+05
0000894   4.9665E+06 -2.8571E+05  9.8751E+05
0000895   4.1222E+06 -4.7124E+05  1.4135E+06
0000896   5.5801E+06  5.0786E+05  2.5114E+04
0000897   3.3008E+06 -3.1444E+06 -1.2439E+06
0000898   1.4815E+06  4.7171E+05 -4.2253E+05
0000899   3.9283E+06 -1.1004E+06 -1.5451E+06
0000900   3.3704E+06  8.7652E+05 -3.0838E+05
0000901   4.2257E+06 -2.8851E+04 -1.2656E+06
0000902   4.8086E+06  9.9151E+04 -1.9071E+06
0000903   2.0119E+06  8.0258E+05  8.3313E+05
0000904   2.8890E+06  7.8845E+05 -1.2909E+06
0000905   2.7648E+06 -5.5266E+05 -3.3691E+06
0000906   3.6050E+06 -1.1257E+06 -1.0463E+06
0000907   4.4955E+06 -3.7897E+05  1.4077E+06
0000908   3.9043E+06  1.8827E+06 -5.7666E+05
0000909   4.3234E+06  3.9220E+05  1.1278E+06
0000910   4.9720E+06  6.5526E+05 -1.8774E+05
0000911   3.8266E+06 -1.2320E+06 -3.5047E+05
0000912   4.4744E+06 -4.0677E+04  8.6110E+04
0000913   5.2893E+06 -2.8150E+05 -5.3809E+05
0000914   4.3935E+06 -2.4187E+05 -1.1200E+06
0000915   3.1224E+06  7.9156E+05  1.2591E+06
0000916   5.0041E+06  7.9608E+05  2.3165E+05
0000917   4.4272E+06  4.0321E+05  1.0757E+06
0000918   4.5700E+06  1.9198E+06 -7.6555E+05
0000919   5.4615E+06 -9.6530E+05  1.9292E+06
0000920   1.7642E+06  1.2178E+06  8.3936E+05
0000921   1.3804E+06  4.4746E+05 -2.1744E+06
0000922   3.3100E+06  6.3457E+05 -2.0437E+06
0000923   5.1205E+06 -5.5507E+03 -4.0113E+04
0000924   4.5081E+06 -9.8088E+05 -2.0244E+06
0000925   4.9282E+06 -7.4602E+05 -1.6919E+06
0000926   4.6146E+06 -1.9283E+05 -7.8832E+05
0000927   3.2623E+06 -1.7900E+05  1.5431E+06
0000928   4.3530E+06  1.4118E+06  9.0162E+05
0000929   3.7307E+06 -2.6007E+05  7.8632E+05
0000930   6.0065E+06  1.4457E+06 -4.5469E+04
0000931   2.6297E+06 -6.7275E+05 -2.4690E+06
0000932   2.4440E+06 -6.5028E+05 -2.1042E+05
0000933   1.2904E+06 -1.1310E+06 -1.5471E+06
0000934   1.5952E+06  3.5311E+05  5.9683E+04
0000935   5.5913E+06 -7.5344E+05  3.1912E+05
0000936   5.6159E+06  7.3444E+05  5.0534E+05
0000937   4.7430E+06  1.8662E+06 -1.4489E+06
0000938   5.6249E+06  9.8299E+05  2.8054E+05
0000939   4.4341E+06 -8.1767E+05  1.0645E+06
0000940   4.6678E+06 -1.0808E+06 -7.7349E+05
0000941   4.3101E+06  6.9898E+05  1.6726E+06
0000942   3.3031E+06  9.2466E+05  1.3542E+06
0000943   4.7930E+06 -3.8708E+05  1.3361E+06
0000944   5.5670E+06 -2.3622E+06 -7.7765E+04
0000945   2.5398E+06 -1.5954E+06 -4.0037E+04
0000946   4.3390E+06 -7.3647E+05 -2.1574E+05
0000947   1.9929E+06  1.8765E+05  3.6786E+05
0000948   4.5600E+06 -2.4116E+06 -1.2034E+05
0000949   4.7831E+06  6.8575E+05  6.9236E+05
0000950   4.9875E+06 -5.1488E+05  8.1439E+05
0000951   2.9662E+06 -2.1056E+06  1.1826E+06
0000952   5.7352E+06 -5.1428E+04 -5.1436E+05
0000953   3.1823E+06 -5.9496E+05 -1.0822E+06
0000954   5.3930E+06 -1.0632E+06 -1.8156E+06
0000955   3.9828E+06  9.4432E+05 -9.8520E+05
0000956   4.7918E+06 -8.0005E+05 -2.0187E+06
0000957   5.1871E+06  1.8894E+05  1.5644E+06
0000958   4.1816E+06  1.2388E+06 -1.9140E+06
0000959   4.8818E+06 -6.0595E+03  1.2448E+05
0000960   3.4141E+06 -2.2576E+06 -6.0867E+05
0000961   5.0963E+06 -2.3790E+06  1.4153E+06
0000962   6.0509E+06  1.8336E+05 -4.8389E+05
0000963   4.1866E+06 -1.3000E+06 -1.3403E+06
0000964   3.5591E+06  1.7052E+06 -9.3268E+05
0000965   1.2388E+06 -1.0556E+05  4.1621E+05
0000966   3.8279E+06 -1.0630E+05 -4.6979E+05
0000967   3.5736E+06  9.8384E+05 -1.3146E+06
0000968   4.9972E+06 -3.4645E+05  8.0125E+04
0000969   5.4107E+06 -8.5291E+05 -3.0204E+04
0000970   4.0857E+06  2.2989E+06  9.8982E+05
0000971   5.8747E+06 -2.7149E+04 -1.1371E+06
0000972   3.4110E+06  3.0811E+04 -7.3880E+05
0000973   5.5730E+06 -3.2220E+05  2.1488E+06
0000974   5.5382E+06 -6.1703E+04 -1.4190E+06
0000975   4.9378E+05 -5.0458E+05 -2.4532E+05
0000976   5.4380E+06  8.9727E+05  8.4896E+05
0000977   2.5907E+06 -4.7740E+05 -1.4896E+06
0000978   2.2396E+06  2.5235E+06  6.8642E+05
0000979   4.7576E+06 -1.2108E+06  5.6291E+05
0000980   3.9212E+06  2.8296E+06 -4.9896E+04
0000981   5.4945E+06  7.3130E+05  5.8335E+05
0000982   3.6359E+06  7.9429E+05 -3.3000E+05
0000983   4.1260E+06  4.5611E+05  2.6028E+05
0000984   2.7625E+06  4.1692E+03 -7.8302E+05
0000985   3.5192E+06 -1.2226E+06  1.5706E+06
0000986   4.4355E+05 -5.9843E+04 -1.9258E+05
0000987   5.7234E+06  1.1603E+06  6.7936E+05
0000988   3.1081E+06  9.5111E+05  1.5645E+06
0000989   5.2103E+06 -1.7081E+06 -4.9134E+05
0000990   5.3323E+06 -1.0864E+06  5.7454E+05
0000991   3.7613E+06 -1.3737E+06 -4.7185E+03
0000992   5.2083E+06 -1.1142E+06  1.7301E+06
0000993   4.8519E+06 -4.4586E+05  1.4663E+05
0000994   6.6451E+06  1.6390E+06  1.1361E+05
0000995   4.7946E+06  8.3051E+05  7.1626E+05
0000996   2.1249E+06 -5.0606E+05  1.5117E+06
0000997   5.2212E+06  4.1632E+05  2.5917E+05
0000998   4.8118E+06 -4.6385E+05  5.0457E+05
0000999   3.3567E+06  3.9307E+05 -1.5869E+06
0001000   4.0069E+06  5.8725E+05  4.8276E+05
