============================== SRIM-2013.00 ==============================
==============================================================================
====== SRIM Outputs\RANGE_3D.txt : File of Final Ion Positions =====

Ion = Ar (18)   Ion Mass= 039.9620
Energy  = 9102981.E-04 keV
Ion Angle to Surface = 00.0 degrees
==================== TARGET =======================
  Layer # 1 - Layer 1
  Layer # 1 - Bottom Depth=500000.E+02 A
  Layer # 1 - Density =0000.0054 g/cm3
  Layer # 1 -  100 % of Ar
様様様様様様様様様様様様様様様様様様様様様様様様様様
                                            
Ion       Depth  X   Lateral Y   Lateral Z  
Number    (Angstrom) (Angstrom)  (Angstrom) 
-------  ----------- ----------- -----------
0000001   5.9723E+06 -2.5651E+06  3.4242E+05
0000002   4.9218E+06 -2.7855E+05 -1.1543E+06
0000003   5.0527E+06  9.1045E+05  1.2443E+06
0000004   3.9261E+06 -9.6470E+05  2.1230E+05
0000005   6.0700E+06 -2.2337E+05  1.9753E+06
0000006   5.3067E+06 -1.7256E+06 -4.5033E+05
0000007   1.6449E+06 -8.2766E+05 -9.3013E+05
0000008   5.6291E+06 -1.5831E+06 -2.2449E+06
0000009   5.2212E+06  2.9364E+05 -2.3044E+05
0000010   3.7367E+06  9.8327E+05  1.3008E+06
0000011   6.6298E+06 -6.2997E+05 -5.8489E+05
0000012   5.3363E+06 -1.1850E+06 -1.4366E+06
0000013   7.1483E+06  2.4120E+06  1.3203E+06
0000014   3.1865E+06 -1.0201E+06  1.7760E+06
0000015   6.0608E+06  3.1308E+06  9.7579E+05
0000016   6.0681E+06  5.4280E+05 -9.9370E+05
0000017   6.2135E+06  1.3892E+06 -6.3365E+05
0000018   4.8053E+06  1.2286E+06  3.7231E+05
0000019   5.8868E+06 -1.4387E+06 -1.8430E+06
0000020   5.9993E+06  1.6251E+06  3.1651E+04
0000021   5.8068E+06 -7.3097E+05  2.3908E+06
0000022   6.9481E+06  6.3727E+05 -2.0876E+06
0000023   4.1270E+06 -1.3365E+06 -1.2730E+06
0000024   4.0411E+06 -1.4629E+06 -2.5295E+06
0000025   7.5924E+06  8.9969E+05  1.3739E+06
0000026   7.4540E+06 -5.4523E+05 -4.9117E+05
0000027   6.3548E+06  1.2893E+06  1.3466E+06
0000028   5.4068E+06  1.9984E+06  1.5098E+06
0000029   6.2497E+06 -3.3290E+05 -4.3391E+05
0000030   5.6895E+06 -3.1127E+05 -1.1086E+06
0000031   5.3777E+06 -1.0162E+06  1.3028E+05
0000032   5.0908E+06 -1.8090E+06 -9.0743E+04
0000033   6.0864E+06 -1.3449E+06 -1.0513E+06
0000034   5.7695E+06 -2.5929E+06 -1.1363E+06
0000035   5.1457E+06  1.0108E+06  5.8357E+05
0000036   4.6777E+06 -2.4125E+06  6.6404E+05
0000037   7.6042E+06 -4.1752E+05  1.3957E+06
0000038   5.6545E+06  4.2196E+05 -1.6289E+06
0000039   4.9018E+06  9.4634E+05  2.1309E+06
0000040   5.6026E+06  1.7753E+05  7.4505E+05
0000041   5.1225E+06  1.5006E+05 -5.5835E+05
0000042   5.3311E+06 -7.3216E+05  2.1491E+05
0000043   6.9042E+06 -1.8393E+06 -7.0547E+05
0000044   5.2804E+06 -1.0765E+06  1.4107E+06
0000045   6.5027E+06  4.0696E+05 -1.9319E+06
0000046   5.9547E+06 -5.4983E+04 -4.4660E+05
0000047   4.6311E+06  1.8096E+06 -1.5912E+06
0000048   6.4470E+06  5.8708E+05  4.5448E+05
0000049   6.7698E+06 -7.9165E+05 -5.3637E+05
0000050   6.5417E+06 -3.5446E+04 -2.4793E+06
0000051   4.8186E+06 -2.5220E+06  1.7677E+06
0000052   4.0487E+06 -1.3932E+06 -1.7421E+06
0000053   4.8521E+06  1.6316E+05 -2.2844E+06
0000054   5.8077E+06  2.1004E+06  5.0202E+05
0000055   4.4405E+06  4.8793E+05 -4.5002E+05
0000056   6.5420E+06  6.8573E+05 -8.6440E+05
0000057   5.6555E+06  2.2019E+06 -4.0352E+05
0000058   5.9490E+06  1.2825E+05  8.2540E+04
0000059   7.2142E+06 -1.2142E+06  1.0571E+06
0000060   7.2999E+06 -6.7935E+05  1.1090E+06
0000061   5.8091E+06 -3.0031E+06 -5.6285E+05
0000062   6.4982E+06 -1.7557E+06 -3.3630E+06
0000063   4.1796E+06  6.3687E+05  2.9125E+04
0000064   4.9250E+06 -7.0578E+05 -3.3308E+06
0000065   6.3457E+06 -8.4423E+05  3.3882E+06
0000066   3.1231E+06 -3.9209E+06 -1.7207E+06
0000067   5.7965E+06  1.3862E+06 -5.3088E+05
0000068   7.8268E+06 -9.8437E+05  7.3998E+05
0000069   6.4881E+06  2.4322E+05  1.9111E+06
0000070   6.2237E+06 -1.3233E+06 -6.8906E+05
0000071   4.9224E+06 -2.2925E+06 -4.6450E+05
0000072   5.4793E+06 -1.6714E+06  1.6690E+06
0000073   6.4841E+06 -1.5385E+06 -1.7013E+06
0000074   5.0257E+06  1.8839E+06 -1.0065E+06
0000075   6.8945E+06 -4.7688E+05 -8.7793E+05
0000076   7.0889E+06  1.4492E+06 -5.9721E+05
0000077   5.6520E+06 -1.7517E+06 -2.4920E+06
0000078   4.8604E+06 -2.5970E+06  1.1908E+06
0000079   7.5186E+06 -7.8143E+05 -1.8769E+06
0000080   4.8194E+06 -9.8117E+05  1.1471E+06
0000081   5.3002E+06 -2.1618E+06 -7.4864E+05
0000082   5.3715E+06  3.1193E+06 -2.4819E+06
0000083   5.9419E+06 -8.1224E+05  1.2555E+06
0000084   7.6693E+06 -3.8219E+05  2.2056E+06
0000085   2.7107E+06 -1.0532E+06 -8.6206E+03
0000086   5.7128E+06 -1.3489E+06 -1.9270E+05
0000087   1.4312E+06  3.3348E+05 -4.6334E+05
0000088   3.0976E+06  2.0075E+06  2.6508E+05
0000089   5.0545E+06 -2.6104E+06  3.4690E+05
0000090   3.0093E+06 -3.2550E+06  2.5589E+06
0000091   7.0792E+06 -1.6307E+06  1.9136E+06
0000092   6.7653E+06  2.9159E+06  9.3558E+05
0000093   6.3132E+06 -7.5943E+05 -3.4177E+05
0000094   3.5647E+06  1.5989E+06  4.3616E+06
0000095   5.7316E+06 -1.2558E+06  5.2918E+05
0000096   4.6463E+06 -8.7334E+04  2.8934E+06
0000097   5.3371E+06 -3.4375E+05  2.1001E+05
0000098   7.4878E+06 -3.3220E+05 -6.1920E+05
0000099   6.0467E+06  1.7267E+06  1.1372E+05
0000100   4.3956E+06  2.7097E+06 -4.8109E+05
0000101   4.8106E+06 -2.7180E+06  2.2459E+05
0000102   4.1316E+06  2.7182E+06 -1.8342E+05
0000103   6.2075E+06  1.3876E+06  3.7672E+05
0000104   5.9948E+06 -2.8002E+06 -5.0385E+05
0000105   4.9268E+06 -4.0425E+06  8.3094E+05
0000106   4.2309E+06 -1.5232E+06  1.2313E+06
0000107   7.3121E+06  7.3219E+05 -9.6192E+05
0000108   6.6310E+06 -1.2956E+06 -1.8204E+06
0000109   7.6619E+06 -1.1286E+06  4.9279E+05
0000110   7.0398E+06  1.0320E+06  1.1743E+06
0000111   6.0306E+06 -1.0422E+06 -1.8134E+06
0000112   4.6347E+06 -2.5681E+06  6.3264E+05
0000113   5.0898E+06 -2.1138E+06 -1.2428E+06
0000114   4.4345E+06 -2.8563E+06  2.3348E+06
0000115   5.9827E+06 -1.0458E+06  7.8803E+05
0000116   6.2085E+06  2.4479E+05 -7.0005E+05
0000117   6.3615E+06 -3.9128E+06  1.7962E+05
0000118   5.1667E+06 -1.5303E+05  6.3698E+05
0000119   6.2799E+06 -6.5313E+05  1.8579E+06
0000120   3.4001E+06  1.7171E+06  1.9923E+06
0000121   5.4184E+06  1.3547E+05 -2.4038E+06
0000122   5.0247E+06 -1.4763E+06 -1.0247E+06
0000123   5.2678E+06  1.1480E+06  6.0270E+05
0000124   7.7124E+06  9.6393E+05  3.7712E+05
0000125   2.7775E+06  3.1036E+04  5.4211E+04
0000126   6.7691E+06  4.5120E+04  3.2334E+05
0000127   5.7810E+06 -2.0650E+06 -1.9970E+05
0000128   7.1755E+06  4.5992E+05  5.5480E+05
0000129   6.2300E+06  1.0182E+06  6.3354E+05
0000130   4.3250E+06  1.4266E+06 -1.2627E+06
0000131   8.0010E+06  1.1834E+06 -5.7119E+05
0000132   3.9248E+06  8.2891E+04  7.5439E+05
0000133   6.0920E+06 -3.8252E+05  6.4080E+05
0000134   4.8576E+06  1.6150E+05  2.9506E+05
0000135   4.3826E+06 -3.8127E+06  2.8038E+06
0000136   5.9211E+06  8.8338E+05  8.4817E+05
0000137   5.3324E+06  6.6313E+05 -3.0246E+06
0000138   3.8953E+06  4.3446E+05  1.0214E+06
0000139   5.8546E+06  4.0977E+05 -7.7111E+05
0000140   6.1913E+06 -8.1631E+05 -1.4528E+05
0000141   3.4434E+06  1.1665E+05  6.7769E+05
0000142   5.4325E+06 -1.1816E+06  3.0237E+06
0000143   4.4462E+06  3.3263E+06  8.3710E+04
0000144   4.8043E+06  9.0998E+05 -2.3089E+06
0000145   5.5482E+06 -7.2693E+05  2.2575E+06
0000146   6.4537E+06 -8.9588E+05  7.4098E+05
0000147   5.8618E+06  1.0468E+06 -1.2781E+06
0000148   5.6178E+06 -1.0300E+06  8.1455E+05
0000149   5.4852E+06 -1.7877E+06 -6.2240E+05
0000150   5.0218E+06  6.0000E+04  4.9195E+05
0000151   3.4904E+06  1.1857E+06 -3.2540E+06
0000152   4.6894E+06  8.7602E+05 -1.4242E+06
0000153   6.1092E+06 -9.2140E+04  2.5610E+06
0000154   3.6016E+06 -8.5366E+05 -1.8415E+05
0000155   2.1215E+06 -3.3342E+06 -1.5469E+06
0000156   6.7147E+06 -9.7361E+05  2.6098E+06
0000157   7.9525E+06 -2.1653E+06  3.8749E+05
0000158   5.1250E+06  2.0905E+06  1.7398E+06
0000159   4.8812E+06  7.1047E+05  3.3279E+05
0000160   5.2771E+06 -3.4158E+06  2.0359E+06
0000161   4.1355E+06  1.3150E+05  1.3237E+06
0000162   6.9251E+06  3.2352E+05 -1.1047E+06
0000163   5.1092E+06 -1.5906E+06  2.3657E+06
0000164   5.0780E+06 -1.0697E+06 -3.0248E+06
0000165   3.8825E+06  8.5962E+05  6.6268E+05
0000166   5.8783E+06 -1.0220E+06  2.7850E+05
0000167   3.3453E+06 -1.5953E+06 -2.3265E+05
0000168   4.5978E+06  1.3370E+06  8.9163E+05
0000169   7.6024E+06  8.3498E+05  9.9260E+04
0000170   5.6740E+06 -2.4132E+06  1.0484E+06
0000171   5.8915E+06 -5.3181E+05 -7.0712E+05
0000172   5.2373E+06 -1.6142E+06  3.0963E+06
0000173   5.0907E+06  4.6124E+05 -5.0783E+05
0000174   5.0824E+06 -9.8026E+05  6.6686E+05
0000175   4.6123E+06  7.1002E+05 -9.4783E+05
0000176   3.7438E+06  2.0161E+06 -1.8289E+06
0000177   5.6103E+06 -2.5568E+06  2.5894E+05
0000178   7.3759E+06  1.3690E+06 -1.0864E+06
0000179   4.4920E+06  5.4804E+05 -2.0215E+06
0000180   4.8424E+06  2.2525E+06 -1.4122E+05
0000181   6.2127E+06 -1.5030E+05  1.0410E+06
0000182   6.0524E+06 -6.3210E+05  1.2857E+06
0000183   6.8010E+06  6.9876E+05 -3.8197E+05
0000184   4.4046E+06  2.7230E+05  9.9967E+05
0000185   2.9623E+06 -2.0669E+06  3.2184E+05
0000186   6.1042E+06  5.9710E+05  1.0691E+06
0000187   7.2026E+06 -2.3097E+05 -5.0005E+05
0000188   6.2204E+06  1.3427E+06 -7.3851E+05
0000189   6.9803E+06  3.2031E+05  8.7175E+04
0000190   6.3984E+06 -2.7465E+05  5.1636E+05
0000191   4.6192E+06 -3.2579E+06  2.2092E+05
0000192   6.4282E+06 -1.4986E+05  2.1507E+06
0000193   6.7681E+06 -1.1523E+06  5.7768E+05
0000194   5.6707E+06 -1.4046E+06 -3.0570E+06
0000195   7.1003E+06 -8.3692E+04  6.5425E+05
0000196   7.0862E+06  7.1642E+05  6.3615E+05
0000197   3.6679E+06  1.6104E+06 -2.6018E+06
0000198   4.5747E+06 -1.0919E+06 -2.6444E+05
0000199   4.9600E+06 -3.6009E+05  9.4374E+05
0000200   5.3369E+06  2.4609E+06 -6.2281E+05
0000201   2.9984E+06  1.6652E+06 -1.0258E+06
0000202   3.8698E+06 -6.4887E+05  2.0645E+05
0000203   7.0032E+06 -2.1693E+06  1.4576E+06
0000204   4.5200E+06 -1.6854E+05 -4.2300E+05
0000205   3.3135E+06 -6.6973E+05 -5.4210E+05
0000206   4.4129E+06 -2.4303E+06 -7.2619E+05
0000207   6.0797E+06  5.2375E+04 -3.0220E+05
0000208   4.9320E+06 -4.1156E+05  1.4214E+05
0000209   4.9060E+06 -2.8612E+06  2.7529E+05
0000210   6.7961E+06  1.6051E+06 -2.8900E+06
0000211   2.5798E+06  2.1696E+06 -3.5307E+05
0000212   6.9731E+06 -1.7055E+05 -7.8582E+05
0000213   5.7078E+06 -1.7460E+06 -2.1501E+06
0000214   6.4102E+06  1.2157E+06 -3.7314E+06
0000215   6.0085E+06 -2.0222E+06 -2.4247E+05
0000216   5.5830E+06  1.4372E+06  3.0413E+06
0000217   4.0564E+06  1.6017E+06 -8.0258E+04
0000218   5.7569E+06 -1.0738E+06  1.3052E+05
0000219   7.4645E+06  3.7964E+05 -9.4352E+03
0000220   5.2588E+06  1.9598E+06  6.7310E+05
0000221   5.1256E+06 -8.3600E+05  1.2750E+06
0000222   6.2813E+06 -6.7848E+05  2.7710E+06
0000223   5.2605E+06  9.4976E+05 -1.1130E+06
0000224   4.9599E+06 -4.5440E+05 -6.6507E+05
0000225   6.4686E+06  1.3122E+06 -1.4166E+06
0000226   6.3946E+06 -1.3525E+06  5.6219E+05
0000227   5.9373E+06  2.1525E+05  1.0083E+06
0000228   3.5577E+06  1.3489E+06 -2.1819E+06
0000229   4.9140E+06  6.4890E+05 -3.5051E+04
0000230   6.9274E+06 -1.4902E+06 -1.5501E+06
0000231   4.4729E+06  3.3466E+06  5.6757E+05
0000232   5.5089E+06 -4.6830E+05 -1.3659E+06
0000233   5.5441E+06  8.0277E+04  2.8060E+06
0000234   5.2651E+06 -1.7750E+06 -4.3072E+06
0000235   4.2793E+06  1.5556E+06 -2.4279E+06
0000236   5.3590E+06 -4.4748E+05 -1.0365E+06
0000237   4.8891E+06 -3.3011E+05 -2.3426E+05
0000238   5.1857E+06  1.2104E+06 -2.2446E+06
0000239   6.1984E+06  6.0778E+05  2.2084E+06
0000240   6.9723E+06 -2.9700E+06  2.0933E+06
0000241   6.0747E+06  1.3770E+06 -8.6012E+05
0000242   6.2374E+06 -1.2299E+06 -1.2621E+06
0000243   5.0238E+06 -1.2761E+06 -6.1987E+05
0000244   6.1976E+06 -1.0291E+06  7.4067E+04
0000245   4.6396E+06  7.9934E+05 -2.2067E+06
0000246   3.6415E+06  2.9852E+06  3.1836E+05
0000247   7.0731E+06  3.7734E+05 -6.3106E+05
0000248   3.2666E+06  1.0185E+06  3.5672E+05
0000249   3.5358E+06  7.0577E+05 -3.8870E+05
0000250   4.9908E+06 -2.4789E+06  1.8086E+05
0000251   3.9521E+06 -1.7180E+06  3.3952E+05
0000252   4.8520E+06 -2.1523E+05  3.1069E+05
0000253   6.1303E+06  1.2101E+06  1.5992E+05
0000254   8.0145E+06 -2.9127E+05 -5.5862E+05
0000255   2.9234E+06 -1.0054E+06  2.5290E+06
0000256   6.4045E+06 -1.7121E+06 -8.2299E+05
0000257   5.0378E+06  3.9381E+06 -1.7780E+05
0000258   6.3406E+06 -1.2255E+05 -5.5432E+05
0000259   3.2479E+06 -5.0404E+04 -2.4686E+06
0000260   6.6725E+06 -7.1642E+05 -4.5624E+05
0000261   5.9910E+06 -2.0152E+06  3.1714E+05
0000262   5.2649E+06 -1.8761E+06  2.9130E+05
0000263   5.8077E+06  2.9862E+06  8.5990E+05
0000264   6.3354E+06  2.4099E+06  7.0264E+05
0000265   5.3608E+06  1.4740E+06  1.7216E+05
0000266   7.1998E+06 -3.4552E+05 -7.4601E+05
0000267   6.6501E+06 -5.9621E+05 -1.2966E+06
0000268   5.9799E+06 -1.5812E+06  1.7092E+06
0000269   6.2481E+06  9.7745E+05 -1.7040E+05
0000270   6.2172E+06 -2.1515E+05 -1.9833E+06
0000271   5.7323E+06 -1.3164E+06 -9.8264E+05
0000272   4.6366E+06  3.2280E+06  1.5828E+06
0000273   7.2052E+06 -7.2699E+05  7.4361E+04
0000274   7.7958E+06 -2.0497E+06 -6.2809E+04
0000275   3.9718E+06 -9.8914E+05 -1.4434E+06
0000276   5.2633E+06  9.9565E+05 -7.6195E+05
0000277   5.5569E+06 -1.5117E+06 -1.9813E+06
0000278   2.8087E+06 -7.7182E+05 -8.6477E+04
0000279   5.9069E+06  3.6038E+05 -3.1995E+05
0000280   6.8367E+06 -7.8271E+05  1.9566E+06
0000281   5.2875E+06 -1.0480E+06  2.0495E+06
0000282   6.2388E+06 -1.4075E+06 -2.6214E+06
0000283   7.0640E+06  5.8807E+04  4.1688E+05
0000284   4.9239E+06 -2.7499E+06 -1.4731E+06
0000285   5.4525E+06 -5.3232E+05  7.7903E+05
0000286   6.6418E+06 -2.8266E+06 -3.3840E+05
0000287   6.6060E+06 -1.1163E+06  2.1292E+05
0000288   6.0468E+06  1.3533E+06 -1.3506E+06
0000289   3.3268E+06 -3.0515E+06 -1.4645E+06
0000290   4.8927E+06 -1.6750E+06  1.8029E+06
0000291   7.0081E+06  1.7289E+06  6.5379E+05
0000292   6.7730E+06  7.7924E+05  9.7098E+05
0000293   4.4508E+06 -2.0013E+05  2.3789E+06
0000294   4.3696E+06  4.2327E+05 -2.4683E+05
0000295   5.0051E+06 -1.9391E+06  2.8309E+06
0000296   6.9066E+06 -2.2705E+06  9.1090E+05
0000297   5.8117E+06 -4.7941E+05 -5.2873E+05
0000298   5.1422E+06  4.0349E+05 -1.0135E+06
0000299   7.2542E+06 -4.7918E+05  1.2167E+06
0000300   4.4876E+06 -3.3195E+05 -1.1900E+06
0000301   6.2059E+06  1.0626E+06  2.3468E+03
0000302   5.1871E+06 -9.0379E+05  1.8683E+06
0000303   5.5272E+06  3.0914E+06 -5.0573E+05
0000304   6.1585E+06  7.1872E+05  9.3789E+05
0000305   4.2290E+06 -1.0309E+06  2.2904E+05
0000306   3.7742E+06 -1.6759E+06 -1.7161E+06
0000307   6.3152E+06 -2.6937E+05  1.0047E+06
0000308   4.1222E+06  1.2752E+06  2.1641E+05
0000309   6.9157E+06 -3.0807E+05  5.7074E+05
0000310   4.4531E+06 -7.7230E+05  1.9917E+06
0000311   5.6276E+06  5.6205E+05  9.5913E+04
0000312   7.4005E+06 -9.1333E+05 -1.4718E+06
0000313   6.9054E+06 -1.8651E+06  2.9933E+05
0000314   7.0162E+06  7.4156E+05  3.4016E+05
0000315   5.5088E+06  4.8878E+05 -1.9850E+05
0000316   4.4533E+06 -5.8928E+05 -4.0487E+05
0000317   5.1506E+06  8.7707E+05  1.7073E+06
0000318   6.8824E+06  4.1368E+05 -6.7293E+05
0000319   4.2728E+06 -6.6527E+03 -2.5032E+06
0000320   5.2761E+06  1.2012E+06 -6.6251E+05
0000321   4.6761E+06  3.6132E+06 -1.3791E+06
0000322   7.1921E+06 -2.6235E+06  7.6852E+05
0000323   5.4221E+06 -3.5281E+05  5.2669E+05
0000324   7.1269E+06 -1.2596E+06 -4.2285E+05
0000325   6.0353E+06  3.6323E+05  1.5131E+06
0000326   4.4878E+06 -2.6676E+06  9.4117E+04
0000327   3.5752E+06  2.2499E+06 -1.0627E+06
0000328   5.6351E+06  8.6924E+05 -1.2564E+06
0000329   4.3365E+06  1.3877E+05  1.6241E+06
0000330   6.2647E+06 -1.3569E+05  5.1113E+05
0000331   4.7684E+06 -3.4925E+03  1.0480E+06
0000332   5.8920E+06 -1.7362E+06  9.3028E+04
0000333   4.1966E+06 -5.1833E+05  1.6562E+06
0000334   4.6588E+06  3.3672E+06 -4.5998E+05
0000335   2.4393E+06 -1.2840E+06  6.0966E+04
0000336   6.0756E+06 -8.7901E+04  1.8555E+06
0000337   5.8195E+06 -1.9662E+06 -4.7041E+05
0000338   6.4502E+06 -8.5303E+05  5.4305E+05
0000339   4.8403E+06  2.5211E+06  2.7945E+05
0000340   7.1017E+06 -1.9663E+04 -2.6036E+06
0000341   7.6707E+06  8.9567E+05  2.0239E+05
0000342   5.7762E+06 -1.6262E+06 -5.8027E+05
0000343   7.5682E+06 -7.4382E+05  1.5391E+06
0000344   5.7276E+06  2.3127E+06 -1.7478E+06
0000345   6.9346E+06  7.3818E+05 -6.6682E+05
0000346   4.3305E+06 -2.5146E+05 -5.2023E+04
0000347   6.0108E+06  4.3705E+05 -8.4323E+05
0000348   6.1908E+06  2.6478E+05 -1.5905E+06
0000349   4.4337E+06  3.4158E+06 -3.8837E+05
0000350   5.8695E+06  1.2874E+06 -1.5427E+06
0000351   5.7418E+06  4.1307E+05  8.6625E+05
0000352   7.3030E+06 -3.6992E+06  2.9223E+04
0000353   6.5189E+06 -1.9684E+06 -1.3076E+06
0000354   5.5354E+06 -1.3179E+06  1.8694E+06
0000355   6.8033E+06  1.1100E+06  1.3120E+04
0000356   5.8774E+06  1.5043E+06 -1.1827E+06
0000357   3.2504E+06  1.1475E+05 -2.1474E+06
0000358   4.3815E+06 -3.9946E+05  9.6053E+05
0000359   6.1015E+06 -2.2450E+06  7.5224E+05
0000360   5.0096E+06  5.1180E+05  2.3786E+06
0000361   6.0756E+06  1.0446E+06 -1.2358E+05
0000362   4.6070E+06 -6.2788E+05  1.5202E+05
0000363   6.6162E+06  2.8549E+05 -1.1904E+06
0000364   6.0094E+06 -1.4174E+06 -1.6949E+06
0000365   7.6801E+06  7.0714E+05 -9.3173E+05
0000366   3.5123E+06  2.8915E+06 -1.5462E+06
0000367   3.8207E+06 -6.4620E+05 -1.6776E+06
0000368   5.1652E+06  1.2903E+05  9.0314E+05
0000369   5.3304E+06  1.6347E+05 -5.6448E+05
0000370   6.4720E+06 -7.4447E+05  6.0705E+04
0000371   5.5871E+06 -2.1846E+06  1.6446E+06
0000372   7.4319E+06  1.0797E+06  4.5568E+05
0000373   4.2918E+06 -9.1866E+04  1.4732E+06
0000374   6.2537E+06  3.9860E+05  9.3473E+05
0000375   4.8358E+06  9.5344E+05  2.1516E+06
0000376   2.3201E+06  1.9915E+06 -2.5989E+06
0000377   6.7831E+06  2.4027E+05  8.1085E+05
0000378   3.2927E+06 -3.8425E+05  9.0934E+05
0000379   4.5720E+06 -9.8764E+05  2.4437E+06
0000380   3.3727E+06  5.4712E+05  2.9398E+05
0000381   4.7233E+06  2.7464E+06 -1.4529E+06
0000382   6.6296E+06 -1.0998E+06 -1.5327E+06
0000383   2.0793E+06 -1.5071E+06  1.0177E+06
0000384   5.7392E+06  1.9361E+06  2.6050E+04
0000385   2.9444E+06  8.7413E+05 -9.3779E+05
0000386   6.7663E+06 -3.4589E+05 -5.6654E+05
0000387   5.9166E+06  1.0124E+06 -7.4479E+05
0000388   4.6767E+06  2.1823E+06  4.7960E+05
0000389   3.6960E+06  7.9903E+05 -2.9556E+06
0000390   7.1819E+06 -1.4575E+06  1.1058E+06
0000391   5.8489E+06 -1.8885E+05 -1.1982E+06
0000392   5.5621E+06 -3.4177E+04  8.7837E+05
0000393   7.6852E+06 -3.0424E+05  6.8012E+05
0000394   5.6806E+06  2.4040E+05  1.4624E+05
0000395   6.9109E+06  1.2983E+06 -6.7297E+05
0000396   5.2314E+06  1.2982E+06  1.5417E+06
0000397   6.0730E+06  1.5684E+06 -1.4888E+06
0000398   5.8646E+06 -5.7849E+04  2.7716E+05
0000399   6.5869E+06  1.3246E+05 -5.4208E+04
0000400   3.8789E+06 -1.9632E+06 -1.6013E+05
0000401   4.8691E+06  1.6391E+06 -4.3988E+05
0000402   5.4952E+06  1.9785E+06 -8.6703E+05
0000403   6.6537E+06 -2.6020E+05 -1.0711E+06
0000404   6.2127E+06 -1.0499E+06 -2.2710E+06
0000405   5.4880E+06 -2.6204E+06 -5.2828E+05
0000406   4.9057E+06  5.1460E+05 -3.4405E+05
0000407   6.5196E+06 -2.6428E+05  1.2592E+06
0000408   6.6763E+06 -1.1695E+05 -4.5466E+05
0000409   5.1559E+06  2.5997E+05  1.4463E+06
0000410   5.4923E+06  2.7478E+06  6.3371E+05
0000411   4.1307E+06  1.7731E+06 -1.4132E+05
0000412   5.6675E+06  4.7739E+05  1.4214E+06
0000413   6.8555E+06  1.6878E+06  4.8756E+05
0000414   4.5865E+06 -1.3831E+05 -1.4768E+05
0000415   6.0655E+06 -8.6756E+05  1.1043E+06
0000416   7.3439E+06 -1.9197E+06  6.7971E+05
0000417   4.8946E+06 -1.3115E+06 -5.5211E+05
0000418   4.5131E+06  3.0717E+04  4.6466E+05
0000419   6.4871E+06 -6.6157E+05  1.6602E+06
0000420   5.2074E+06  1.5075E+06 -2.7544E+06
0000421   6.7547E+06  1.0287E+06 -1.6622E+06
0000422   5.8481E+06 -2.0782E+06  3.1135E+06
0000423   4.3688E+06  4.5269E+05 -6.2715E+05
0000424   2.1613E+06  2.1603E+06 -2.4554E+06
0000425   5.8060E+06 -1.0251E+06  4.3905E+05
0000426   4.4178E+06 -1.2040E+06  1.0868E+05
0000427   3.7336E+06 -1.9546E+04  2.1843E+06
0000428   6.4227E+06 -8.8096E+05  3.7146E+05
0000429   6.0729E+06 -3.4409E+04 -6.9567E+05
0000430   4.3970E+06 -3.7677E+05 -1.4490E+05
0000431   6.3492E+06  4.5592E+05  2.3950E+06
0000432   6.4298E+06 -3.4210E+05  1.1510E+03
0000433   6.5416E+06 -9.4340E+05  1.2627E+06
0000434   5.5574E+06 -3.7917E+06 -4.9946E+05
0000435   5.8120E+06  3.3385E+05  3.4892E+04
0000436   6.5024E+06  3.1929E+05  2.1710E+06
0000437   5.1253E+06 -2.1183E+06 -6.2392E+05
0000438   6.5212E+06 -6.0914E+05  5.6100E+05
0000439   5.7579E+06 -2.9565E+06 -9.3841E+05
0000440   7.0226E+06  8.2922E+05  5.5505E+05
0000441   5.8124E+06 -6.8725E+05 -7.7624E+05
0000442   6.6225E+06  1.5640E+05  1.0747E+06
0000443   4.1670E+06  6.6942E+05  4.3832E+05
0000444   6.8402E+06  3.3722E+05 -1.6825E+06
0000445   7.2571E+06 -1.4226E+06  7.0055E+05
0000446   5.9772E+06  1.8801E+06 -4.6680E+05
0000447   4.5026E+06  9.6955E+05 -2.5330E+06
0000448   4.2925E+06 -2.8991E+05 -1.0493E+06
0000449   5.3257E+06  2.2875E+06 -1.9108E+06
0000450   7.2557E+06  1.3626E+06 -4.3353E+05
0000451   7.2754E+06  2.3703E+06  1.4608E+06
0000452   6.4712E+06  3.7503E+05  1.4589E+06
0000453   5.1887E+06 -1.0973E+06 -1.5452E+06
0000454   3.9368E+06 -1.7970E+06  1.2741E+06
0000455   3.9150E+06 -1.7872E+06  6.2022E+05
0000456   5.7838E+06 -1.6584E+06 -2.5845E+06
0000457   4.6406E+06  1.5240E+06  1.6665E+06
0000458   6.8336E+06 -1.7187E+06  1.5458E+06
0000459   7.0202E+06  1.0426E+05 -3.3921E+05
0000460   5.7432E+06 -7.0324E+05 -1.1387E+05
0000461   6.3290E+06 -1.2351E+05  3.7309E+06
0000462   7.3007E+06 -8.7131E+05  1.3079E+06
0000463   6.6327E+06 -1.8734E+06 -1.6520E+06
0000464   4.8356E+06  1.5864E+06  8.7407E+05
0000465   5.7388E+06  3.2033E+06 -2.4091E+05
0000466   3.0785E+06 -2.7961E+05  5.8057E+05
0000467   7.8426E+06  2.6349E+05 -9.5578E+05
0000468   7.8204E+06  2.6873E+04 -2.4795E+06
0000469   5.1058E+06  4.4055E+05  1.1156E+06
0000470   6.2642E+06  2.2334E+06  9.5925E+05
0000471   3.7219E+06 -2.0202E+06 -3.7156E+05
0000472   6.4078E+06 -1.8521E+06  2.2161E+05
0000473   7.0763E+06  4.2806E+05  7.9012E+05
0000474   7.2381E+06 -9.6132E+05  9.9310E+05
0000475   6.1468E+06 -1.1973E+06  1.8836E+05
0000476   5.1980E+06  1.6188E+05  1.7691E+05
0000477   5.4613E+06  2.3688E+06 -4.8127E+05
0000478   3.3295E+06  3.4121E+05  6.3848E+04
0000479   5.5048E+06 -3.9492E+05  1.5083E+05
0000480   6.8891E+06 -4.6462E+05 -4.4967E+05
0000481   3.2453E+06  1.8930E+06  1.5853E+06
0000482   4.4875E+06  2.4641E+06  6.3330E+05
0000483   3.4269E+06  3.0836E+05  1.5256E+06
0000484   6.6814E+06  2.7134E+05 -9.9580E+05
0000485   6.8353E+06 -1.7393E+06 -2.6141E+06
0000486   5.3858E+06 -1.6781E+06  1.6952E+06
0000487   6.3577E+06  4.0334E+05  8.7215E+05
0000488   5.8814E+06 -3.8331E+05 -7.6716E+05
0000489   6.2122E+06  1.5556E+06 -3.0563E+05
0000490   4.1721E+06  1.4111E+06 -2.4816E+06
0000491   3.4800E+06  1.0016E+06  2.8649E+06
0000492   6.2408E+06 -8.0738E+04 -2.3160E+05
0000493   6.2698E+06  2.0033E+06  6.1072E+05
0000494   6.0411E+06 -2.0234E+05  1.7023E+06
0000495   5.7254E+06  6.4797E+05  9.5842E+05
0000496   5.8648E+06  8.3584E+05 -2.1666E+06
0000497   6.6845E+06 -5.2955E+05  5.2152E+05
0000498   5.5668E+06 -1.6354E+06 -1.5422E+06
0000499   4.8021E+06  1.5846E+06 -1.6827E+06
0000500   6.5622E+06 -8.0756E+05  1.2990E+06
0000501   3.6380E+06  9.5880E+05  2.2257E+06
0000502   6.2762E+06 -1.0304E+05 -1.3586E+06
0000503   6.7576E+06  2.1481E+06 -7.8366E+05
0000504   6.7044E+06  2.6966E+05  8.1470E+04
0000505   5.3604E+06 -2.6790E+05  1.8471E+06
0000506   4.7292E+06 -1.5066E+06  6.0001E+05
0000507   4.9204E+06  6.5415E+05 -6.0760E+05
0000508   7.0693E+06 -6.9726E+05  5.0575E+05
0000509   5.5752E+06  2.1974E+06  1.9707E+06
0000510   4.0906E+06 -2.1579E+06 -1.1710E+04
0000511   5.9972E+06 -1.2172E+06 -1.2752E+06
0000512   3.7834E+06 -1.5189E+06 -8.1985E+05
0000513   6.8389E+06  5.8952E+05 -2.2736E+06
0000514   6.6091E+06  1.0214E+06  1.1785E+06
0000515   7.0659E+06 -1.4473E+06 -1.8896E+05
0000516   5.9270E+06 -2.4385E+06 -9.6003E+05
0000517   5.8322E+06  1.6536E+06 -1.1686E+06
0000518   6.6455E+06  5.6150E+05 -3.6736E+05
0000519   4.3007E+06  7.0211E+05  9.3639E+04
0000520   5.4758E+06  3.2321E+05  6.8204E+05
0000521   4.6638E+06  2.0494E+06 -2.7827E+06
0000522   3.9835E+06 -5.9558E+05  3.1411E+05
0000523   4.1916E+06  1.3668E+06 -8.0999E+05
0000524   6.9660E+06  1.4827E+06 -8.8387E+05
0000525   5.4838E+06 -7.2436E+05 -1.0771E+06
0000526   5.6689E+06  2.4326E+06 -1.2221E+06
0000527   6.1252E+06 -9.6408E+05  2.1140E+06
0000528   5.2401E+06  2.4777E+05  1.1611E+06
0000529   5.4532E+06 -1.6148E+06  1.0799E+06
0000530   6.1295E+06  9.7023E+05 -3.3313E+05
0000531   6.4133E+06  2.1141E+05  5.5099E+05
0000532   4.3850E+06 -1.1049E+06  1.2019E+06
0000533   6.3241E+06 -1.4397E+05  1.3527E+06
0000534   7.4640E+06  2.3300E+06 -8.4596E+05
0000535   3.9258E+06 -1.0060E+06  6.3978E+04
0000536   4.3183E+06 -8.7320E+05 -3.7359E+05
0000537   4.0805E+06 -2.4194E+06 -3.7660E+06
0000538   3.9932E+05  8.6098E+02  7.1215E+04
0000539   6.8438E+06  1.2082E+06 -1.3661E+06
0000540   5.2574E+06 -3.8688E+05  8.3112E+05
0000541   6.5128E+06  1.6191E+06 -5.5021E+05
0000542   4.3795E+06 -1.4468E+06 -1.2415E+06
0000543   4.9114E+06  1.3516E+06  2.9119E+06
0000544   3.4409E+06 -3.6367E+05 -6.9051E+05
0000545   5.3535E+06 -7.4303E+05 -7.6810E+05
0000546   5.8346E+06  3.0760E+04 -8.1358E+05
0000547   4.9088E+06  2.8234E+06 -1.5707E+06
0000548   4.6960E+06  1.4995E+06  1.6874E+06
0000549   6.9373E+06  7.3138E+05  2.7662E+05
0000550   4.4650E+06  1.8857E+06 -5.1857E+05
0000551   6.5040E+06  5.9107E+05 -5.6015E+05
0000552   3.8084E+06  7.9185E+05 -1.6769E+05
0000553   5.8045E+06 -1.7839E+06  1.8721E+06
0000554   7.0422E+06 -2.7930E+05  9.7125E+04
0000555   5.9080E+06 -7.7562E+05  1.4901E+06
0000556   5.6473E+06 -9.8076E+05  5.5207E+05
0000557   6.1410E+06 -6.9071E+05 -1.4389E+05
0000558   7.9030E+06 -6.0706E+05 -3.6958E+05
0000559   3.9298E+06 -3.6623E+05  4.8212E+05
0000560   7.0821E+06  7.5440E+05  4.6611E+05
0000561   4.7281E+06 -1.6361E+06  1.0714E+06
0000562   6.7930E+06 -1.5547E+06 -8.8585E+04
0000563   3.0248E+06 -1.4496E+05 -1.9906E+05
0000564   6.4999E+06  7.8289E+04  9.5417E+05
0000565   4.9810E+06  3.6646E+05  1.5928E+06
0000566   6.3185E+06 -6.4285E+05 -2.8314E+05
0000567   4.2348E+06  7.1229E+04  2.3438E+06
0000568   6.2244E+06 -3.9101E+06  4.0411E+05
0000569   4.9898E+06  9.6486E+05 -1.2449E+06
0000570   2.0884E+06 -1.4318E+05  6.0898E+05
0000571   6.0022E+06  4.8711E+05  1.4817E+06
0000572   6.4944E+06 -5.8358E+04 -3.5484E+04
0000573   5.5320E+06  3.2457E+06  1.5975E+06
0000574   3.6133E+06 -1.3671E+06 -3.0952E+05
0000575   7.0428E+06  1.2568E+06  3.9497E+05
0000576   3.2489E+06  7.2123E+05  1.2603E+06
0000577   7.8624E+06 -9.1812E+05 -7.9696E+05
0000578   3.1890E+06 -1.5793E+06  2.6025E+06
0000579   7.5341E+06  1.4130E+05  1.1381E+06
0000580   6.0051E+06  2.1099E+05 -5.9869E+05
0000581   5.7527E+06  1.2198E+06  2.2349E+06
0000582   3.4981E+06 -9.1436E+05  1.3310E+06
0000583   5.4056E+06  1.0249E+06 -5.6313E+04
0000584   1.7480E+06 -1.6193E+06  4.1753E+05
0000585   6.0008E+06 -5.8301E+05  2.7906E+06
0000586   3.4565E+06  5.4169E+05  8.2165E+05
0000587   6.8275E+06 -1.0435E+06 -9.2319E+05
0000588   5.6451E+06 -1.8786E+05 -2.2000E+05
0000589   4.1504E+06  3.0473E+05 -3.8088E+05
0000590   3.5790E+06  1.8098E+06  5.2590E+06
0000591   6.5205E+06  8.3811E+04 -6.6694E+05
0000592   4.7152E+06  3.5581E+05 -3.6459E+05
0000593   6.0604E+06 -8.3434E+05  3.7134E+05
0000594   6.1149E+06  1.0254E+06 -7.5518E+05
0000595   5.1903E+06  4.5106E+05 -8.7073E+05
0000596   6.8472E+06 -2.4310E+05 -3.2591E+06
0000597   6.6921E+06  5.8055E+05  1.4257E+06
0000598   6.1083E+06 -2.0776E+06 -4.8248E+04
0000599   5.4076E+06  2.1022E+06  1.5521E+06
0000600   6.8480E+06  1.4628E+06 -2.8722E+05
0000601   5.7968E+06  1.2022E+06  4.2247E+05
0000602   5.1043E+06 -1.2209E+05  1.7211E+05
0000603   5.6821E+06  6.5075E+04 -7.9389E+05
0000604   5.8585E+06  1.4394E+06  3.4061E+05
0000605   4.4177E+06 -3.4005E+05 -7.4650E+05
0000606   6.7367E+06 -1.0135E+06  1.6771E+04
0000607   3.3422E+06 -2.3619E+06 -3.5828E+06
0000608   5.4559E+06  1.5428E+06  7.4725E+04
0000609   5.8741E+06 -3.2600E+05  9.1005E+05
0000610   2.8366E+06 -1.0550E+05  2.7496E+06
0000611   5.7722E+06 -1.9033E+05 -1.6318E+05
0000612   6.5875E+06  2.1143E+06  5.9994E+05
0000613   6.2118E+06 -7.4521E+05  2.1837E+06
0000614   6.8027E+06 -6.8248E+05  3.6411E+05
0000615   5.9087E+06 -1.0524E+06  2.7542E+05
0000616   5.4851E+06 -2.0873E+06  5.5798E+05
0000617   5.2163E+06  4.9813E+05  2.8380E+05
0000618   4.6979E+06 -1.2059E+06 -8.9026E+05
0000619   5.7588E+06  2.7935E+06  4.8989E+05
0000620   7.0892E+06  4.4033E+05  8.0506E+05
0000621   7.0588E+06  1.4441E+06 -5.2999E+05
0000622   7.1631E+06 -4.9344E+05  4.2755E+05
0000623   6.6990E+06  1.7847E+06 -2.4305E+06
0000624   4.2542E+06 -1.9547E+05 -6.1589E+05
0000625   4.2128E+06 -1.4868E+05  1.8130E+06
0000626   2.8879E+06 -1.7021E+06 -2.0760E+06
0000627   5.4058E+06 -1.3247E+06  8.7025E+05
0000628   7.3237E+06 -2.5472E+05  2.0771E+06
0000629   5.9016E+06 -1.8415E+06  3.9012E+05
0000630   2.9209E+06  7.3934E+05  7.6668E+05
0000631   3.4052E+06  3.0553E+06 -2.1530E+05
0000632   4.5895E+06 -7.6996E+05 -1.5239E+06
0000633   5.8985E+06 -1.3962E+05 -9.5305E+05
0000634   2.3783E+06  1.5667E+06  9.2699E+04
0000635   6.7790E+06 -1.1764E+06 -5.5922E+05
0000636   5.5414E+06 -1.2582E+06  1.1802E+06
0000637   7.6253E+06 -4.6816E+05 -1.0546E+06
0000638   4.9183E+06 -1.2061E+06  8.1764E+05
0000639   6.2787E+06  4.3303E+06 -9.1178E+05
0000640   5.2199E+06 -1.1442E+06  1.6563E+06
0000641   4.4869E+06  1.4055E+06 -4.6090E+05
0000642   6.1075E+06  1.3505E+06  4.6129E+05
0000643   6.2345E+06 -3.8403E+05  1.1788E+06
0000644   7.7948E+06  5.9704E+05  2.6569E+05
0000645   7.6974E+06 -7.0038E+05  1.5429E+06
0000646   4.9540E+06 -2.4421E+05 -1.5639E+06
0000647   7.8160E+06  1.1399E+06 -2.8394E+05
0000648   4.6128E+06 -4.5878E+05 -5.5929E+05
0000649   5.0892E+06  2.0846E+04  1.0567E+06
0000650   3.4989E+06 -3.0281E+05 -2.0784E+06
0000651   5.6801E+06  1.6994E+05 -5.2581E+05
0000652   6.7538E+06 -5.1300E+05 -1.1837E+05
0000653   5.2724E+06  9.0471E+05  1.0783E+06
0000654   6.1870E+06  1.9347E+06  1.3520E+05
0000655   5.1368E+06  7.0723E+05  2.9976E+06
0000656   6.1632E+06 -5.7867E+05  1.7445E+06
0000657   3.2974E+06 -8.4430E+05  3.9887E+05
0000658   6.3843E+06  6.3947E+05  1.7018E+06
0000659   5.9306E+06 -1.0686E+06  1.7697E+05
0000660   6.7104E+06 -8.6282E+05 -2.2397E+05
0000661   5.6599E+06  2.5268E+05 -7.3285E+05
0000662   5.7520E+06 -2.3075E+06  5.6456E+05
0000663   3.3259E+06 -1.7429E+05 -5.1746E+05
0000664   4.2816E+06 -3.1893E+06 -2.8795E+06
0000665   5.9634E+06  1.2657E+05 -4.7767E+05
0000666   4.6767E+06  1.1141E+06  2.0119E+06
0000667   4.1871E+06  6.8606E+05 -1.2481E+06
0000668   4.7584E+06  5.3659E+05  1.5728E+06
0000669   6.6805E+06  1.2128E+06  7.1771E+05
0000670   6.4530E+06  1.1822E+06 -2.8836E+06
0000671   1.2792E+06  8.6399E+05  7.6396E+05
0000672   6.6870E+06  9.1753E+05  3.3487E+04
0000673   7.1444E+06  1.0216E+06 -1.4660E+06
0000674   4.6565E+06 -2.3257E+06  1.0660E+06
0000675   6.3966E+06 -6.1597E+05 -7.7884E+05
0000676   6.2958E+06  5.5556E+05 -1.3023E+06
0000677   5.7888E+06 -1.0732E+06 -2.4678E+06
0000678   5.4724E+06 -4.0672E+05 -7.9307E+04
0000679   7.2592E+06 -1.5829E+06  8.8127E+04
0000680   5.1861E+06  1.9234E+06  6.3681E+05
0000681   4.8087E+06 -1.6217E+06 -4.1500E+05
0000682   6.5154E+06  1.5145E+06 -2.9873E+05
0000683   5.0332E+06  2.6768E+06  1.7122E+06
0000684   5.6453E+06 -1.0661E+05  7.2212E+05
0000685   6.0931E+06 -1.4075E+06 -1.0733E+06
0000686   6.0374E+06 -1.3179E+06  1.3772E+04
0000687   6.6430E+06  1.4976E+06  3.5484E+05
0000688   4.9099E+06  3.3609E+06  8.6778E+05
0000689   5.9796E+06 -2.7651E+06 -2.5587E+05
0000690   7.1092E+06  1.3820E+06  5.7909E+05
0000691   6.0213E+06  2.2775E+04  9.7214E+04
0000692   6.2734E+06 -9.4086E+05 -1.7114E+06
0000693   1.6648E+06 -2.3539E+06 -6.5321E+05
0000694   5.1338E+06  1.1498E+06 -1.4464E+06
0000695   5.6582E+06 -2.5283E+06  2.8598E+05
0000696   6.6560E+06 -2.6846E+05 -2.0503E+05
0000697   6.9629E+06 -2.1286E+06  1.9359E+06
0000698   6.1568E+06  1.1310E+06  4.9856E+04
0000699   5.8466E+06  1.1718E+06 -2.6804E+06
0000700   5.9245E+06 -6.4660E+05 -2.8600E+05
0000701   3.9461E+06 -3.0730E+05  1.0441E+06
0000702   5.7718E+06  1.5089E+06  1.5493E+06
0000703   4.5792E+06 -5.4212E+05  3.8361E+05
0000704   7.1914E+06  4.4449E+05 -1.2788E+06
0000705   6.9287E+06 -3.4704E+05 -7.3197E+05
0000706   7.2811E+06  3.1876E+05  1.5795E+06
0000707   5.0328E+06  3.5448E+05  2.7131E+05
0000708   5.9474E+06  3.5143E+05  1.6075E+06
0000709   6.7159E+06  1.8087E+06 -2.8179E+06
0000710   5.4845E+06 -4.7252E+05 -1.2774E+06
0000711   5.9440E+06 -2.0815E+06 -2.5990E+06
0000712   6.0143E+06  1.3279E+06 -6.9827E+05
0000713   7.5341E+06  1.2453E+06  3.3309E+05
0000714   6.7045E+06  2.0253E+06  2.0488E+06
0000715   5.5017E+06  6.9249E+05 -5.5265E+05
0000716   6.1451E+06 -5.5311E+05 -5.4677E+05
0000717   5.8656E+06  2.2595E+05  6.7378E+05
0000718   7.8038E+06 -1.1935E+06 -1.3427E+06
0000719   2.8952E+06  1.0951E+06  1.9329E+06
0000720   5.5592E+06  1.0856E+06 -2.3940E+06
0000721   5.2192E+06  1.6974E+06  1.2832E+06
0000722   7.1519E+06  2.2265E+06  1.3861E+06
0000723   5.7453E+06 -1.2529E+06 -5.6739E+05
0000724   4.8499E+06  2.0131E+06  6.4831E+05
0000725   4.8768E+06 -2.9564E+05 -2.3208E+06
0000726   5.5128E+06  1.4179E+06 -1.4205E+05
0000727   7.2897E+06 -1.7789E+06 -4.6975E+05
0000728   4.0426E+06  1.2291E+06 -4.8619E+05
0000729   5.5088E+06 -1.0216E+04 -9.3675E+05
0000730   6.0596E+06 -1.1408E+06  2.6787E+06
0000731   7.5626E+06  8.5083E+05 -6.2826E+05
0000732   7.2588E+06  2.1899E+06  7.7728E+05
0000733   5.7725E+06 -6.4652E+05  1.1993E+05
0000734   4.9002E+06 -6.0725E+05 -9.6511E+05
0000735   4.9383E+06 -2.4190E+05  8.3538E+05
0000736   6.7156E+06  8.5913E+05 -3.8604E+05
0000737   5.0630E+06 -2.3416E+06  2.3830E+05
0000738   4.9549E+06  2.3609E+06  1.3630E+06
0000739   4.8792E+06 -1.5909E+06  4.9095E+04
0000740   3.3263E+06 -1.2649E+06  1.0316E+06
0000741   6.5445E+06  1.0398E+05  1.1558E+06
0000742   6.7275E+06  3.3099E+05 -9.7692E+05
0000743   6.8410E+06  1.7015E+06  1.6654E+06
0000744   5.3729E+06  2.5168E+06  1.2575E+06
0000745   7.0713E+06  2.2122E+06  3.7424E+05
0000746   6.1614E+06 -1.5009E+06 -9.8603E+05
0000747   6.5598E+06  1.2037E+06 -1.2297E+06
0000748   6.2134E+06  3.4281E+05  7.3491E+05
0000749   6.0362E+06  1.5659E+05  1.2259E+05
0000750   4.8547E+06  1.3113E+06  2.1999E+06
0000751   4.3035E+06  9.2802E+05  1.5778E+06
0000752   6.7220E+06 -7.4075E+04  1.9325E+06
0000753   6.6130E+06  3.0830E+05 -5.4476E+05
0000754   6.0188E+06 -1.5812E+06  2.8155E+06
0000755   4.4880E+06  2.7265E+06  1.2813E+06
0000756   6.9977E+06 -4.5711E+05  3.6015E+05
0000757   5.5552E+06 -4.7729E+05  6.1225E+05
0000758   6.1788E+06 -3.3237E+05  2.7494E+05
0000759   7.3068E+06  8.4516E+05 -3.3287E+05
0000760   5.1774E+06  3.9522E+06  1.4112E+06
0000761   5.7012E+06  8.3704E+03  2.2170E+06
0000762   3.0572E+06  3.8858E+05 -4.2800E+05
0000763   5.8049E+06 -1.3729E+06 -5.6997E+03
0000764   5.4190E+06 -1.0462E+05  3.0726E+04
0000765   3.6794E+06 -1.6249E+06  3.2336E+05
0000766   6.3350E+06  7.5634E+05  2.1833E+06
0000767   2.7682E+06 -1.5475E+06 -6.6740E+05
0000768   4.4789E+06 -1.9856E+06 -2.1263E+06
0000769   4.3416E+06  2.0605E+06 -3.5602E+06
0000770   5.2080E+06  2.7578E+06 -1.0411E+06
0000771   5.6141E+06 -1.9198E+06  1.5554E+06
0000772   6.6225E+06  5.9617E+05 -1.7123E+06
0000773   6.3256E+06  1.8912E+06 -1.1040E+06
0000774   6.0273E+06  1.8805E+06 -2.0612E+06
0000775   5.9265E+06  2.8972E+04 -4.2193E+05
0000776   3.9944E+06  3.1826E+06 -2.3165E+06
0000777   2.8013E+06 -1.6664E+06 -2.6085E+04
0000778   1.5468E+06  5.0867E+04 -4.5135E+05
0000779   6.8812E+06 -2.1592E+05  1.2641E+06
0000780   6.3524E+06 -5.3111E+05 -8.2867E+04
0000781   5.1511E+06  9.5344E+05  9.6300E+05
0000782   7.5157E+06 -3.3718E+05 -6.1945E+05
0000783   3.5786E+06  2.5145E+05  3.4911E+06
0000784   6.9510E+06  3.8690E+05 -1.0343E+06
0000785   6.0513E+06 -1.1015E+06  2.8480E+05
0000786   6.1402E+06 -3.2016E+05  1.5566E+06
0000787   5.5434E+06 -7.3552E+05  3.5182E+06
0000788   4.8431E+06 -1.7063E+06 -9.1150E+04
0000789   6.5199E+06  3.0666E+06  3.0348E+05
0000790   5.4750E+06  1.2590E+06 -1.9330E+06
0000791   6.4745E+06 -1.0745E+06  1.2572E+06
0000792   6.7143E+06  2.1542E+05 -7.9465E+05
0000793   7.1985E+06 -8.1518E+05 -1.3515E+06
0000794   4.6974E+06  2.9397E+05 -1.5334E+06
0000795   6.9591E+06 -2.2020E+06  1.0232E+06
0000796   4.6068E+06 -1.3271E+06 -1.4079E+05
0000797   6.4534E+06  1.8849E+06  2.3712E+06
0000798   5.1413E+06  3.0203E+04 -7.9598E+05
0000799   7.8651E+06 -4.6846E+05  5.4379E+05
0000800   5.9184E+06 -9.1910E+05 -9.7371E+05
0000801   6.8708E+06  4.4180E+05 -6.4846E+05
0000802   5.6453E+06 -3.3208E+06 -1.0258E+06
0000803   5.4314E+06  1.2631E+06  5.7428E+05
0000804   3.1124E+06  1.5356E+05  6.9611E+05
0000805   7.6877E+06 -2.5776E+05  8.4513E+05
0000806   3.9067E+06 -7.4616E+05 -5.3503E+05
0000807   6.5757E+06  1.5268E+06 -9.7066E+05
0000808   8.6379E+06 -7.8420E+05 -5.6471E+05
0000809   5.5739E+06 -2.3572E+06 -5.7038E+05
0000810   7.1834E+06 -7.7198E+05 -2.2480E+05
0000811   6.6668E+06 -4.6613E+05 -9.2248E+05
0000812   6.5740E+06  6.6528E+05  1.2784E+06
0000813   5.9041E+06 -2.0305E+06 -1.1100E+06
0000814   5.3998E+06 -8.8041E+05 -1.4810E+06
0000815   2.6571E+06 -2.4524E+06 -7.2677E+05
0000816   6.3225E+06  1.8543E+06  1.8002E+06
0000817   6.2928E+06 -1.7697E+06 -7.6136E+05
0000818   8.2951E+06  2.8716E+05  8.1655E+05
0000819   5.7461E+06 -2.3915E+05  6.0935E+05
0000820   4.4505E+06 -9.3912E+04  1.1195E+06
0000821   5.7445E+06  2.3818E+06  1.2569E+06
0000822   6.5646E+06 -2.5900E+06 -8.3534E+05
0000823   6.1317E+06 -1.4947E+06  1.6627E+06
0000824   5.8708E+06 -1.1877E+06 -6.3464E+04
0000825   4.1094E+06  8.8478E+04 -1.0148E+06
0000826   5.1310E+06  1.0641E+06  2.5972E+06
0000827   6.9716E+06  7.1418E+05 -5.0606E+05
0000828   4.0002E+06 -2.4352E+06  6.2935E+05
0000829   4.5287E+06 -2.0326E+06 -5.7367E+05
0000830   4.8919E+06 -1.5166E+06 -8.3340E+05
0000831   3.4329E+06  1.7956E+06  3.0710E+04
0000832   5.4191E+06  5.2481E+05 -1.0337E+05
0000833   6.0534E+06  5.6852E+05 -5.1219E+05
0000834   4.2753E+06  1.0280E+06  4.2856E+05
0000835   4.6754E+06  1.3588E+06 -1.7329E+05
0000836   6.1816E+06 -7.4367E+05 -9.4245E+05
0000837   4.5171E+06 -1.8293E+06  8.2030E+05
0000838   5.7649E+06  9.8885E+05 -2.9564E+03
0000839   5.3852E+06 -2.0468E+04 -1.3020E+06
0000840   5.5214E+06  1.9979E+06  2.6385E+05
0000841   4.8800E+06 -1.3104E+06  1.5749E+06
0000842   5.9841E+06 -4.9686E+05 -5.7018E+05
0000843   4.2332E+06 -1.0934E+06  5.4169E+04
0000844   6.8560E+06 -7.1649E+05  1.8805E+06
0000845   2.3979E+06  8.1731E+05  5.1094E+05
0000846   6.2653E+06  7.0189E+05  8.2938E+05
0000847   6.9417E+06  5.7519E+05  2.6592E+06
0000848   6.7035E+06 -1.8104E+06 -1.3410E+05
0000849   4.2409E+06 -1.5080E+06 -6.0516E+04
0000850   6.5188E+06 -1.8462E+06  8.2238E+05
0000851   5.1323E+06 -1.3467E+06  4.0126E+05
0000852   4.9788E+06 -3.7866E+06 -1.9666E+06
0000853   4.9007E+06  2.0095E+06 -1.5660E+06
0000854   4.8065E+06 -1.8000E+06  8.1467E+05
0000855   1.0202E+06  6.9783E+05  1.7374E+06
0000856   3.1584E+06 -2.0875E+06 -7.5335E+05
0000857   4.9206E+06  2.4354E+06  1.4318E+05
0000858   5.7129E+06  2.2274E+06  1.1736E+05
0000859   5.9979E+06  8.3121E+05  2.6274E+06
0000860   4.6280E+06  1.9042E+06  1.1442E+06
0000861   2.5960E+06 -2.8940E+06 -1.9932E+06
0000862   4.4051E+06  1.2227E+06 -2.4726E+05
0000863   6.5103E+06  1.2870E+06 -2.0169E+05
0000864   6.0026E+06  1.1746E+06  1.3920E+06
0000865   6.5367E+06 -7.0740E+05 -1.5427E+06
0000866   6.2751E+06 -2.1862E+06 -1.1923E+06
0000867   4.6238E+06 -9.3580E+05 -2.0555E+06
0000868   5.4134E+06  1.2805E+06 -1.2711E+05
0000869   5.3096E+06  2.1850E+06  4.7604E+05
0000870   7.1287E+06 -5.2036E+05 -3.3334E+05
0000871   4.0742E+06 -5.4072E+05  7.7754E+04
0000872   5.6104E+06 -3.3233E+05 -2.4875E+06
0000873   4.7426E+06  2.5372E+05 -5.9864E+05
0000874   1.8117E+06  1.6535E+06 -1.0085E+06
0000875   4.3368E+06  8.1559E+05 -1.3242E+06
0000876   5.7992E+06 -1.8388E+06 -1.6118E+06
0000877   5.7433E+06 -2.5946E+06 -2.0415E+06
0000878   6.1888E+06 -1.9167E+06 -1.9620E+06
0000879   6.1067E+06 -4.8009E+05 -2.2756E+06
0000880   5.1442E+06 -3.1066E+05  2.1146E+06
0000881   4.7641E+06 -5.5108E+05 -5.9724E+05
0000882   5.7313E+06 -8.4112E+05  3.6227E+05
0000883   5.1334E+06  2.9491E+06 -8.4681E+05
0000884   4.6171E+06 -1.1413E+06  2.4527E+05
0000885   5.8856E+06 -8.8065E+05 -1.5610E+06
0000886   4.1167E+06  1.9411E+05 -2.0106E+06
0000887   3.4763E+06 -1.8395E+06  1.5179E+06
0000888   6.3804E+06 -1.1729E+06 -6.2156E+05
0000889   7.0365E+06  5.3094E+05  5.4532E+05
0000890   3.9896E+06 -1.3435E+05  2.3775E+06
0000891   6.5438E+06 -7.7835E+05 -1.4266E+06
0000892   4.7800E+06  8.7348E+05 -3.1162E+06
0000893   6.9790E+06 -1.1859E+06 -2.4214E+06
0000894   7.2549E+06 -6.1596E+05  1.3409E+05
0000895   6.5755E+06  2.2810E+06 -4.0872E+05
0000896   5.7835E+06  2.4449E+06  2.8907E+05
0000897   6.0397E+06 -1.1090E+06  7.2793E+05
0000898   5.4657E+06  1.2935E+06 -1.1730E+06
0000899   5.7160E+06 -3.5757E+04 -3.9340E+05
0000900   7.0111E+06 -1.3842E+06 -2.0569E+05
0000901   6.1877E+06 -1.8660E+04  1.1364E+06
0000902   4.7957E+06  8.9443E+05  1.9542E+06
0000903   5.8704E+06  3.9357E+04 -1.6495E+06
0000904   5.5936E+06 -1.9117E+06  1.6601E+06
0000905   4.7868E+06 -1.3196E+06 -1.3478E+06
0000906   7.1990E+06 -7.3167E+05  3.4252E+05
0000907   6.7924E+06  3.0316E+04  9.2005E+05
0000908   1.4995E+06  8.2597E+03  7.3887E+05
0000909   4.6356E+06  1.1762E+06 -1.7103E+06
0000910   4.8412E+06 -7.3315E+05 -1.1183E+06
0000911   6.0858E+06  1.3494E+06 -1.7518E+06
0000912   3.8124E+06 -3.6259E+05  5.4351E+05
0000913   6.8576E+06 -2.0046E+05 -8.3762E+05
0000914   5.7371E+06  1.3886E+05  3.1887E+06
0000915   5.9922E+06 -3.5171E+04  8.1174E+05
0000916   7.2366E+06 -1.7372E+06 -4.4584E+04
0000917   7.1346E+06  5.6829E+05 -1.8935E+06
0000918   3.8816E+06  1.5469E+06  1.8752E+06
0000919   5.7446E+06  2.2325E+06 -1.6546E+06
0000920   5.5502E+06 -1.6118E+06 -2.3898E+06
0000921   2.4517E+06 -1.4585E+05  3.4682E+03
0000922   5.9704E+06  1.0785E+06  2.1567E+06
0000923   7.0125E+06  9.5967E+05 -1.6675E+05
0000924   3.5190E+06 -3.0928E+05 -1.1471E+06
0000925   4.8158E+06 -1.4400E+06  5.7231E+05
0000926   5.8724E+06 -7.4751E+05 -1.9520E+06
0000927   8.2405E+06  6.0716E+04 -6.2224E+05
0000928   6.9256E+06  2.7767E+06  1.7861E+05
0000929   4.2485E+06  6.4837E+05  2.2955E+06
0000930   5.3760E+06  2.3463E+05  1.3570E+05
0000931   4.1419E+06 -1.0459E+06  2.1742E+06
0000932   5.0006E+06  2.8869E+06 -1.9224E+06
0000933   7.4128E+06 -8.5593E+04  3.6791E+05
0000934   2.6609E+06  3.6103E+05 -1.5262E+06
0000935   3.8582E+06 -6.4870E+05 -2.8398E+06
0000936   6.6417E+06  2.4736E+05  2.2502E+06
0000937   5.0108E+06 -5.1473E+05  8.3819E+05
0000938   6.2411E+06 -5.4000E+05  5.0855E+05
0000939   4.5022E+06  1.9806E+06  1.1196E+06
0000940   7.2947E+06 -4.5884E+05 -2.5156E+05
0000941   6.8690E+06  7.2042E+05 -9.0930E+05
0000942   3.2956E+06  1.4399E+06  1.6089E+05
0000943   5.0191E+06 -6.5343E+05 -1.1985E+06
0000944   5.5744E+06  7.8256E+05  1.2465E+06
0000945   6.5748E+06  5.0417E+05 -2.3364E+05
0000946   5.0457E+06  4.5760E+04 -2.0230E+06
0000947   6.2465E+06  1.5666E+06 -1.5147E+06
0000948   6.0778E+06  2.0190E+05  1.3182E+06
0000949   4.3574E+06 -1.2073E+06 -1.1765E+06
0000950   5.9090E+06 -3.1310E+06 -4.8449E+05
0000951   3.1899E+06  7.4797E+05  2.2419E+06
0000952   4.5790E+06  2.2581E+06  2.3073E+06
0000953   6.8189E+06 -1.9501E+06  2.3528E+06
0000954   5.8721E+06 -1.0850E+06  4.1231E+04
0000955   5.8814E+06  4.4117E+05 -2.6534E+06
0000956   4.1464E+06 -3.3114E+06  1.9768E+06
0000957   5.1529E+06 -1.5574E+06  1.5219E+06
0000958   6.2549E+06  1.2625E+06 -2.0988E+06
0000959   3.5164E+06  1.9448E+06  1.8969E+06
0000960   2.8921E+06  1.6072E+06  1.2489E+06
0000961   4.7243E+06  7.9365E+05  1.1923E+06
0000962   5.4818E+06  5.3205E+05  2.4449E+06
0000963   5.8306E+06  7.2960E+05 -4.2260E+05
0000964   4.7968E+06  4.2501E+05 -2.6402E+06
0000965   5.8204E+06 -2.0848E+06  8.8273E+05
0000966   4.4166E+06 -1.9221E+06  2.6454E+06
0000967   5.1479E+06 -8.4565E+04  2.3494E+06
0000968   5.1826E+06  1.0762E+06  1.8157E+06
0000969   3.3785E+06 -1.3512E+05  2.1910E+06
0000970   4.9865E+06 -5.2762E+05 -9.0283E+05
0000971   2.7313E+06  1.0490E+06 -9.8506E+05
0000972   2.7823E+06  6.4149E+05  2.4132E+05
0000973   5.8800E+06  1.3436E+06 -7.3730E+05
0000974   5.8671E+06 -6.5056E+05  1.9384E+06
0000975   5.9918E+06 -8.5078E+05  9.7545E+05
0000976   7.0717E+06 -2.8020E+05  5.5919E+05
0000977   4.6763E+06  3.9876E+06  1.4877E+06
0000978   6.4369E+06  9.9587E+05 -7.9039E+04
0000979   4.6139E+06 -4.1571E+05 -1.2130E+06
0000980   4.3699E+06  4.3499E+05  4.8178E+05
0000981   6.6937E+06 -8.0665E+05 -4.6683E+05
0000982   6.6803E+06  1.4749E+06 -2.2192E+06
0000983   3.5730E+06  7.8571E+05 -6.7030E+05
0000984   6.6688E+06 -5.4377E+04  1.8364E+06
0000985   5.2497E+06  5.5908E+05  1.3982E+06
0000986   6.2011E+06 -3.8451E+05 -3.1896E+06
0000987   6.3193E+06 -2.5517E+05  1.4109E+06
0000988   5.6644E+06  8.6129E+05  1.2781E+06
0000989   5.5028E+06  2.0751E+06 -6.1358E+05
0000990   6.1277E+06  1.0597E+06 -2.7747E+06
0000991   6.1525E+06 -1.7156E+06 -6.1002E+05
0000992   4.0074E+06 -1.1223E+05  6.3382E+05
0000993   6.7015E+06 -1.6752E+05 -1.2837E+06
0000994   4.4441E+06  1.2012E+04 -2.8169E+05
0000995   4.1907E+06 -1.2059E+06 -3.3195E+05
0000996   5.0698E+06 -1.2250E+06 -1.4598E+06
0000997   6.3503E+06 -4.0152E+05 -1.0718E+05
0000998   6.3122E+06  5.0135E+05  3.2756E+05
0000999   6.1054E+06 -2.5624E+05 -1.2499E+05
0001000   5.3991E+06  1.8550E+06  1.2910E+06
