============================== SRIM-2013.00 ==============================
==============================================================================
====== SRIM Outputs\RANGE_3D.txt : File of Final Ion Positions =====

Ion = Ar (18)   Ion Mass= 039.9620
Energy  = 1000000.E-03 keV
Ion Angle to Surface = 00.0 degrees
==================== TARGET =======================
  Layer # 1 - Layer 1
  Layer # 1 - Bottom Depth=500000.E+02 A
  Layer # 1 - Density =0000.0054 g/cm3
  Layer # 1 -  100 % of Ar
様様様様様様様様様様様様様様様様様様様様様様様様様様
                                            
Ion       Depth  X   Lateral Y   Lateral Z  
Number    (Angstrom) (Angstrom)  (Angstrom) 
-------  ----------- ----------- -----------
0000001   5.7731E+06 -7.0397E+05 -4.7075E+06
0000002   5.4416E+06 -8.3064E+05  1.8009E+06
0000003   3.2753E+06  5.5304E+05  1.2691E+06
0000004   5.3982E+06  3.5452E+06 -4.5613E+05
0000005   4.7666E+06  6.2167E+05  1.1381E+06
0000006   3.8711E+06 -1.6604E+06 -1.0101E+06
0000007   7.2774E+06  2.2854E+06 -2.3467E+05
0000008   4.5325E+06 -9.3714E+05 -4.1618E+05
0000009   4.7048E+06 -3.6510E+05  1.4415E+06
0000010   7.4986E+06  5.4530E+05 -2.4115E+06
0000011   5.9315E+06  1.5134E+06  1.3509E+06
0000012   3.5219E+06 -8.5444E+05 -3.4713E+06
0000013   2.8044E+06  1.0100E+06 -2.4656E+06
0000014   6.0672E+06 -1.5869E+05 -1.0498E+06
0000015   5.7331E+06 -3.0651E+04 -6.4637E+05
0000016   7.3126E+06 -1.2212E+05  1.9940E+06
0000017   6.1992E+06  6.2093E+05 -1.8932E+06
0000018   5.4006E+06 -2.0108E+05  1.6745E+06
0000019   5.1486E+06  7.6281E+05 -1.7774E+05
0000020   5.7299E+06 -2.3965E+05  2.2941E+06
0000021   7.9336E+06  7.6778E+04  5.6795E+05
0000022   6.0249E+06  2.6269E+06  1.1154E+06
0000023   5.2263E+06 -1.2918E+06  1.3472E+06
0000024   7.9213E+06 -2.3875E+06 -1.3917E+06
0000025   7.5136E+06  7.5843E+05  1.3812E+06
0000026   7.0415E+06  9.8578E+05 -2.1242E+06
0000027   5.7132E+06  6.1701E+05 -3.2477E+05
0000028   6.3775E+06 -1.2500E+05 -1.4851E+06
0000029   4.8111E+06 -3.1906E+06  1.0854E+06
0000030   3.5585E+06 -2.4845E+05 -3.7447E+05
0000031   6.0099E+06 -5.6913E+05  1.6838E+06
0000032   6.9616E+06  1.0360E+06 -5.4519E+05
0000033   5.9104E+06  7.8476E+05 -2.3096E+06
0000034   6.1714E+06 -1.7252E+06 -1.0198E+06
0000035   5.6414E+06 -1.5549E+06 -6.9168E+05
0000036   6.4664E+06 -1.2422E+06 -8.4293E+04
0000037   7.5576E+06 -1.1763E+05 -8.1636E+05
0000038   4.6221E+06  1.4132E+06  2.2480E+06
0000039   5.9758E+06 -5.8772E+04 -1.8914E+06
0000040   5.2887E+06 -7.9238E+04 -1.0730E+06
0000041   6.4822E+06  1.0172E+06 -1.1142E+06
0000042   6.1015E+06  3.5162E+06  3.3055E+05
0000043   4.8581E+06 -2.1815E+06  6.7977E+05
0000044   5.4606E+06  1.8012E+05  1.0246E+06
0000045   2.9652E+06  2.0790E+05 -1.2885E+06
0000046   5.2710E+06 -2.6708E+06  1.7203E+06
0000047   7.1059E+06 -1.0936E+06 -6.2213E+05
0000048   5.4547E+06 -1.6139E+06  1.9647E+05
0000049   5.6714E+06  3.2561E+06 -4.1005E+05
0000050   6.1414E+06  2.1772E+06  2.0346E+06
0000051   4.9573E+06  1.4789E+06 -9.6178E+05
0000052   5.4779E+06  1.1196E+06 -2.0591E+06
0000053   4.9155E+06  4.6632E+06 -8.9771E+05
0000054   5.9162E+06  5.8710E+04  5.0940E+05
0000055   6.2948E+06 -9.6938E+05  1.0786E+06
0000056   6.7785E+06  1.5091E+05 -3.0377E+05
0000057   7.2204E+06  1.9636E+06 -2.2005E+05
0000058   4.7492E+06  7.6009E+05 -1.7088E+06
0000059   7.9801E+06  2.3946E+06 -3.2472E+05
0000060   7.5295E+06 -2.7087E+05  2.2545E+06
0000061   4.5553E+06 -3.1938E+06 -4.1282E+05
0000062   4.6534E+06  3.2591E+06  4.1711E+05
0000063   6.3771E+06 -3.4520E+06 -1.6731E+06
0000064   3.4143E+06  4.0361E+06 -2.0936E+06
0000065   5.8469E+06 -2.0446E+06  1.8454E+06
0000066   8.0922E+06  1.0492E+06  7.8126E+05
0000067   6.7394E+06 -1.5153E+06 -2.5243E+06
0000068   6.8184E+06 -7.8567E+05  9.9588E+05
0000069   4.2483E+06 -1.8570E+06  1.7799E+06
0000070   7.7133E+06 -1.1068E+06 -1.1202E+06
0000071   6.2131E+06  1.2405E+06  7.6113E+05
0000072   6.1358E+06 -6.0531E+05 -6.7141E+05
0000073   6.3504E+06  1.5895E+06 -1.4001E+06
0000074   6.3408E+06 -9.1304E+05  9.8412E+05
0000075   4.5421E+06  7.0977E+05 -1.5717E+05
0000076   5.5406E+06  6.4934E+05 -1.3784E+06
0000077   6.0613E+06 -3.3111E+06  1.2764E+06
0000078   6.4892E+06  2.1277E+06  7.5455E+05
0000079   4.6522E+06 -3.8888E+05  1.5353E+06
0000080   8.1951E+06  1.8421E+06  9.3433E+05
0000081   6.0753E+06  1.5568E+06  1.6210E+05
0000082   7.6142E+06 -8.4857E+05 -1.1588E+06
0000083   1.8893E+06 -1.3485E+06 -1.8402E+06
0000084   6.3763E+06 -2.7160E+06  4.7279E+05
0000085   5.2469E+06 -1.9690E+06  1.8706E+06
0000086   6.2474E+06 -1.3964E+06  2.0791E+06
0000087   6.5204E+06  1.3721E+06  2.9064E+06
0000088   5.8363E+06 -2.5495E+06 -9.2688E+05
0000089   3.0943E+06 -2.7282E+05 -1.5846E+06
0000090   7.7839E+06  3.9835E+05 -1.3157E+06
0000091   4.1991E+06  1.0226E+06  3.1209E+06
0000092   4.1593E+06  1.7627E+06 -1.7546E+06
0000093   5.6886E+06  3.5469E+06  1.5627E+06
0000094   5.9264E+06  1.3699E+05  6.7784E+05
0000095   6.8280E+06 -7.7661E+03  3.9489E+06
0000096   4.6905E+06 -1.6941E+06  2.0805E+06
0000097   4.1784E+06  1.9454E+06 -1.3655E+06
0000098   4.9396E+06  1.4774E+06 -4.4764E+05
0000099   4.5582E+06 -1.7831E+06 -1.8727E+06
0000100   6.2554E+06  1.1568E+06 -9.8095E+05
0000101   6.3357E+06  2.7111E+06  1.6772E+06
0000102   5.7255E+06  2.9244E+05  2.9110E+06
0000103   4.7554E+06 -4.9048E+05 -4.5174E+06
0000104   3.9023E+06  5.3912E+05 -1.6350E+04
0000105   7.1620E+06 -2.3748E+06  1.6434E+06
0000106   5.2276E+06  2.4217E+06 -2.6033E+06
0000107   6.9153E+06  2.1989E+06  1.1331E+06
0000108   6.5320E+06  1.6087E+06 -1.3388E+06
0000109   6.0087E+06  9.3132E+05 -1.7587E+06
0000110   5.3754E+06 -1.4521E+06  2.7392E+06
0000111   9.4460E+05  3.0859E+06  2.9590E+06
0000112   5.6506E+06 -7.6559E+05  1.6842E+06
0000113   5.9677E+06 -5.1029E+05 -1.9142E+04
0000114   8.1669E+06 -1.4212E+06 -6.5297E+05
0000115   4.8089E+06  3.5480E+05  4.2504E+05
0000116   3.7872E+06 -2.2129E+05  1.2608E+06
0000117   5.0566E+06  7.7881E+05  1.4562E+06
0000118   4.5532E+06 -3.5489E+06 -5.1617E+04
0000119   6.6507E+06  4.3708E+05  3.0662E+06
0000120   3.4949E+06  7.8090E+05  3.0035E+06
0000121   6.3704E+06 -4.4089E+05 -1.0791E+06
0000122   5.8947E+06 -7.7889E+05 -1.3238E+06
0000123   1.6444E+06 -9.9747E+05 -6.9938E+05
0000124   6.4326E+06 -5.8457E+05 -3.4462E+05
0000125   6.8575E+06  1.3438E+05 -1.6256E+06
0000126   7.6162E+06  1.3460E+06 -1.2301E+05
0000127   7.8652E+06  9.8440E+05 -2.6617E+06
0000128   4.5770E+06 -2.7372E+06  1.4547E+06
0000129   7.8620E+06 -1.1335E+05 -1.9568E+06
0000130   4.6726E+06 -3.0732E+06  1.3309E+06
0000131   6.6288E+06 -3.6335E+05 -7.6628E+05
0000132   7.2313E+06  1.5382E+06  3.4747E+06
0000133   5.7682E+06 -1.3630E+05 -1.4094E+06
0000134   5.4393E+06 -2.8285E+06 -1.2916E+06
0000135   4.4558E+06 -3.9783E+05 -4.0036E+05
0000136   6.6618E+06  1.0124E+05 -5.5959E+05
0000137   5.2472E+06  7.6285E+05  7.0153E+05
0000138   5.5609E+06  1.9072E+05  4.0311E+05
0000139   7.6211E+06 -6.8919E+05  5.0230E+05
0000140   5.9871E+06 -1.4721E+06 -1.5115E+06
0000141   4.7442E+06 -7.0548E+05  4.8720E+05
0000142   5.6173E+06  2.3166E+06  1.5718E+05
0000143   6.3390E+06 -2.1685E+06  1.0099E+06
0000144   6.5282E+06 -1.0753E+06  6.3736E+05
0000145   6.9621E+06  1.1060E+06  8.0414E+05
0000146   7.1184E+06 -5.0013E+05  3.7121E+05
0000147   7.7801E+05 -1.0326E+06 -8.3025E+05
0000148   7.4922E+06  1.6511E+06  1.0061E+06
0000149   4.1534E+06 -2.1997E+06  2.0540E+06
0000150   4.5679E+06  1.3708E+06  2.9770E+05
0000151   3.7522E+06 -1.1310E+06  1.9098E+06
0000152   7.4390E+06  4.2671E+05 -1.6743E+06
0000153   7.3308E+06 -9.9131E+05  1.5436E+06
0000154   4.7914E+06 -3.0677E+06 -1.2933E+06
0000155   5.7653E+06 -8.0174E+04 -5.8581E+05
0000156   5.6616E+06  2.3231E+06  2.2960E+06
0000157   4.8456E+06  1.3305E+06  1.1307E+05
0000158   4.3788E+06  1.9514E+05  8.7029E+05
0000159   4.6284E+06  1.6358E+06 -9.0086E+05
0000160   3.5268E+06 -1.7825E+06 -1.5004E+06
0000161   4.9655E+06  3.5588E+06  1.4110E+06
0000162   4.0267E+06 -9.4204E+05 -4.3001E+05
0000163   5.8330E+06  1.1313E+06  9.1703E+05
0000164   5.6430E+06  2.3045E+06 -3.6651E+05
0000165   7.0521E+06  5.3305E+05  1.9440E+05
0000166   6.5998E+06 -3.4858E+05  1.6057E+06
0000167   5.8021E+06  1.0607E+06  1.8049E+06
0000168   6.7061E+06 -1.4069E+06 -1.3764E+06
0000169   6.6624E+06  1.1954E+04 -1.4904E+06
0000170   5.3566E+06 -8.3570E+04 -4.0684E+06
0000171   5.9688E+06  1.2359E+06 -1.8616E+06
0000172   3.7573E+06  2.4391E+06 -1.8635E+06
0000173   7.0586E+06  8.2061E+05  1.3083E+06
0000174   8.4827E+06  5.1776E+05  1.6936E+06
0000175   7.0680E+06  1.2158E+06  9.7064E+05
0000176   7.1029E+06  1.5432E+04  2.1688E+05
0000177   7.4186E+06  9.7558E+05 -1.3066E+06
0000178   6.9792E+06 -3.8835E+05 -3.0496E+05
0000179   6.3844E+06  5.2624E+05 -1.4319E+06
0000180   4.5435E+06  6.1028E+05  1.2335E+06
0000181   6.4195E+06  1.3933E+06 -7.0182E+05
0000182   7.8029E+06  2.1608E+06 -9.0425E+05
0000183   8.0966E+06  1.2250E+06  5.0012E+05
0000184   6.4016E+06 -4.2922E+05  1.0893E+06
0000185   7.4095E+06 -5.0772E+05  1.4810E+06
0000186   3.6117E+06  1.3551E+06 -3.6307E+06
0000187   6.1030E+06  1.0776E+06  6.0527E+04
0000188   7.3100E+06  1.4412E+05  1.0857E+06
0000189   6.5894E+06 -2.1018E+06 -1.1649E+06
0000190   7.1419E+06  8.7961E+05  6.4974E+05
0000191   6.1317E+06 -1.1053E+06  1.5915E+06
0000192   5.9988E+06 -1.3850E+06  1.7252E+06
0000193   4.3293E+06  5.3849E+05  2.3901E+06
0000194   7.3894E+06 -3.7381E+05 -2.0330E+05
0000195   5.9836E+06 -9.5381E+05 -1.0506E+05
0000196   4.3874E+06  1.9372E+06 -2.2796E+06
0000197   7.3106E+06  1.2674E+06 -8.5707E+05
0000198   8.3926E+06  1.4843E+05 -6.9622E+05
0000199   4.0002E+06 -7.7388E+05 -2.5934E+06
0000200   4.3310E+06 -2.4394E+05 -1.4048E+06
0000201   7.4947E+06 -9.9199E+05 -2.0651E+05
0000202   7.1527E+06 -4.9504E+05 -9.1395E+05
0000203   7.9519E+06 -1.1038E+06  1.3503E+06
0000204   4.4400E+06 -7.0620E+05  1.5627E+06
0000205   8.2221E+06 -7.3650E+05  5.5953E+05
0000206   6.4197E+06  1.9728E+06 -1.7025E+06
0000207   6.5042E+06 -4.1720E+06  3.3120E+05
0000208   7.3950E+06  1.0234E+06  3.9599E+05
0000209   7.6011E+06 -2.0951E+06 -2.3266E+06
0000210   4.7273E+06  2.5528E+06 -5.6047E+05
0000211   5.6483E+06  1.5002E+06 -1.3735E+06
0000212   7.3831E+06  9.8877E+05 -4.7801E+04
0000213   6.9146E+06  4.2740E+05 -2.2624E+06
0000214   2.1938E+06 -1.6636E+06  1.0917E+05
0000215   8.1719E+06 -2.2527E+06  1.0521E+06
0000216   7.4716E+06 -1.0890E+06 -2.1674E+05
0000217   6.4409E+06  5.6000E+05 -1.2279E+06
0000218   6.0916E+06  9.1770E+05  1.0335E+06
0000219   6.9121E+06  2.7879E+05 -1.2271E+04
0000220   5.2220E+06 -1.1040E+06 -1.9558E+06
0000221   4.8122E+06  2.7755E+05  4.8245E+05
0000222   7.2032E+06  1.8821E+06 -6.8330E+04
0000223   5.1830E+06  8.0561E+05 -3.3575E+06
0000224   6.1464E+06  1.5407E+05  4.9108E+05
0000225   5.8161E+06  1.1447E+06  9.8680E+05
0000226   7.0948E+06 -6.4881E+05 -1.4930E+06
0000227   9.9565E+05  1.6563E+06 -1.7072E+06
0000228   6.1910E+06 -1.0022E+06  5.8711E+05
0000229   4.3722E+06  1.4101E+05 -3.0307E+05
0000230   5.3178E+06  2.5532E+06  2.2878E+06
0000231   5.6747E+06 -1.1930E+06  3.1045E+06
0000232   5.9219E+06 -1.5782E+06 -1.3756E+06
0000233   7.1304E+06  4.1555E+05  3.1286E+05
0000234   3.9747E+06 -1.4601E+05 -2.4988E+06
0000235   3.5469E+06 -7.0323E+05 -1.3080E+06
0000236   3.8742E+06  1.4269E+06 -8.6076E+05
0000237   6.7369E+06  2.8400E+05 -3.4616E+05
0000238   6.4096E+06  3.2261E+05 -1.5162E+06
0000239   5.9817E+06 -5.7128E+05  2.3770E+06
0000240   6.1880E+06 -3.3516E+05  2.2761E+06
0000241   5.4358E+06 -1.1183E+05  1.2232E+06
0000242   5.2218E+06 -1.2397E+04 -3.1621E+06
0000243   4.0235E+06  8.1096E+05  4.7225E+05
0000244   7.4429E+06  1.5559E+06  1.3585E+06
0000245   7.5675E+06  5.5226E+05 -9.5201E+05
0000246   5.7420E+06 -5.8862E+05  8.1126E+05
0000247   6.9766E+06 -2.0202E+06  1.7185E+06
0000248   6.8137E+06 -6.8624E+05 -1.3051E+06
0000249   7.7436E+06 -1.2842E+06 -7.3272E+05
0000250   5.1668E+06 -7.2559E+05  2.6056E+06
0000251   6.5956E+06  1.7038E+06  1.5117E+06
0000252   6.5690E+06 -2.3481E+06  5.8467E+05
0000253   4.2212E+06  1.1785E+06 -6.1271E+05
0000254   7.5587E+06  5.4310E+05  1.9775E+06
0000255   6.4967E+06  1.0909E+06 -4.1048E+05
0000256   5.7398E+06  7.7245E+05 -1.9797E+06
0000257   4.8470E+06  1.3130E+06  3.4830E+05
0000258   8.0550E+06 -1.8132E+05  9.9345E+04
0000259   4.6360E+06 -1.5120E+06  3.3009E+06
0000260   6.7869E+06 -1.7035E+06 -3.7753E+05
0000261   5.4962E+06 -4.4989E+05  1.2810E+06
0000262   5.4901E+06  9.8985E+05 -3.2253E+06
0000263   5.0382E+06 -3.1042E+06  2.0368E+05
0000264   8.0030E+06  3.7564E+05 -8.4714E+05
0000265   6.1418E+06  5.7430E+05  1.7082E+06
0000266   5.0374E+06  1.5105E+06  1.4998E+06
0000267   5.1783E+06 -2.3367E+06  4.3072E+05
0000268   7.6533E+06 -2.3396E+05  5.2530E+05
0000269   4.6271E+06  2.1170E+06  2.7634E+04
0000270   5.7510E+06 -7.9989E+05 -2.5156E+06
0000271   5.1913E+06 -3.5123E+05  7.8548E+05
0000272   7.6299E+06 -5.0913E+05 -1.5573E+06
0000273   6.0358E+06 -7.9370E+05  1.5523E+06
0000274   6.0455E+06 -8.4746E+05 -1.4514E+06
0000275   4.3964E+06 -1.0716E+06  2.2348E+06
0000276   6.5872E+06 -2.9428E+06 -2.0053E+05
0000277   4.8565E+06 -3.4061E+05 -2.6386E+06
0000278   6.4802E+06 -4.1741E+05 -5.3101E+04
0000279   6.6011E+06  1.9781E+05  1.4980E+06
0000280   5.3517E+06  1.6715E+05  1.5030E+06
0000281   5.9782E+06  2.1240E+06 -2.0151E+06
0000282   6.0848E+06  1.9155E+06  6.2349E+04
0000283   5.9344E+06 -1.5685E+06 -1.5199E+06
0000284   4.3894E+06 -2.0125E+06 -1.2703E+05
0000285   3.6675E+06  7.8424E+05  7.2210E+05
0000286   5.1180E+06 -1.5189E+06  2.1765E+06
0000287   7.1322E+06 -1.7459E+06  2.6645E+06
0000288   5.3082E+06 -1.0999E+06 -7.6872E+05
0000289   4.8772E+06 -3.4781E+05 -2.6278E+05
0000290   6.0950E+06 -2.1114E+06  1.7730E+06
0000291   5.1509E+06 -1.2847E+06  1.8012E+06
0000292   7.1721E+06  2.9840E+06 -1.6884E+06
0000293   6.2252E+06 -5.5322E+05 -1.6117E+04
0000294   5.8925E+06 -1.8320E+06 -8.4267E+05
0000295   5.5968E+06 -1.3382E+06 -2.0558E+06
0000296   4.7099E+06  2.7226E+05  7.1626E+05
0000297   4.9163E+06 -2.5570E+06  5.5764E+05
0000298   5.3521E+06 -2.9340E+06 -1.1111E+06
0000299   5.1445E+06  6.2250E+05  2.5350E+05
0000300   5.8892E+06 -1.1805E+06  4.2192E+05
0000301   6.1651E+06 -8.2930E+04  1.0122E+06
0000302   6.8930E+06 -1.6679E+06  3.0774E+06
0000303   6.1925E+06 -6.2882E+05 -6.6442E+05
0000304   6.4532E+06 -6.5213E+05  1.4028E+06
0000305   6.4831E+06  3.2014E+06  1.6798E+06
0000306   4.3198E+06  2.0013E+06  4.5650E+05
0000307   6.0093E+06 -6.4349E+05 -3.6857E+06
0000308   7.1418E+06 -8.4913E+04  1.0206E+06
0000309   5.7544E+06 -2.4839E+06 -1.8360E+06
0000310   5.4005E+06 -1.8967E+05 -2.2653E+06
0000311   5.3228E+06 -5.8228E+05 -2.9641E+06
0000312   7.2387E+06  6.3962E+05 -9.5213E+05
0000313   4.1824E+06 -1.0585E+05 -7.4842E+05
0000314   7.9242E+06  1.2289E+06 -4.1170E+05
0000315   5.8702E+06  2.0281E+06  1.9427E+06
0000316   6.0429E+06 -1.1548E+06 -5.4208E+05
0000317   7.2450E+06  1.6189E+06  8.8591E+05
0000318   5.7701E+06  9.6863E+05 -1.2195E+06
0000319   6.5460E+06  3.3634E+05  2.2121E+06
0000320   6.0562E+06  1.3815E+06  3.8088E+05
0000321   5.5219E+06  1.0461E+06  2.2608E+05
0000322   7.2644E+06  8.9861E+04  8.1543E+05
0000323   7.2862E+06 -5.2575E+04 -2.5657E+06
0000324   6.4001E+06  1.2370E+06 -1.0943E+06
0000325   6.5303E+06  2.1086E+06 -3.6939E+05
0000326   5.9302E+06 -2.3653E+06 -8.9217E+05
0000327   3.9574E+06 -3.1459E+06  1.7477E+06
0000328   6.8084E+06 -4.9674E+05  1.7029E+06
0000329   6.8134E+06 -8.0586E+05 -7.0463E+05
0000330   6.2522E+06  9.2904E+05  4.0832E+05
0000331   7.2148E+06 -1.0267E+06 -2.6477E+06
0000332   6.2367E+06 -1.5265E+06  2.0084E+06
0000333   7.7460E+06 -1.1453E+06 -1.6946E+06
0000334   5.2309E+06  4.6954E+05 -1.0517E+06
0000335   6.3215E+06 -3.7658E+04 -3.5250E+03
0000336   6.5992E+06  1.2136E+06 -1.2184E+06
0000337   6.4036E+06 -9.8735E+05 -3.1944E+06
0000338   5.2830E+06 -6.1508E+05  1.0242E+05
0000339   6.8323E+06 -6.6989E+05 -4.6312E+05
0000340   7.7480E+06  6.5760E+05  2.0117E+06
0000341   6.2904E+06 -2.6055E+06  1.2846E+06
0000342   6.3645E+06 -5.5535E+05 -9.8708E+04
0000343   7.6630E+06  4.6096E+05 -1.8299E+06
0000344   4.6513E+06 -2.4418E+06 -1.8915E+06
0000345   5.3686E+06 -4.7869E+05 -4.8967E+04
0000346   6.8654E+06 -9.9407E+05 -1.2728E+06
0000347   5.7947E+06  5.8209E+02 -8.3623E+05
0000348   3.9175E+06  2.3524E+06 -1.8163E+06
0000349   5.6182E+06 -1.2477E+06 -1.5670E+06
0000350   7.0627E+06 -1.4522E+06  2.0207E+06
0000351   6.0879E+06  2.2550E+06  1.2483E+05
0000352   6.2698E+06 -1.2515E+06  6.2291E+05
0000353   1.8761E+06  3.7236E+06  1.1767E+06
0000354   4.5351E+06  5.2633E+05  1.6531E+06
0000355   6.1784E+06 -1.4371E+06 -3.6845E+05
0000356   6.5954E+06 -1.8656E+05 -1.1942E+06
0000357   6.0565E+06  1.6930E+05 -5.9362E+04
0000358   2.1573E+06  2.2196E+06 -2.1051E+06
0000359   7.0939E+06  4.3864E+05 -3.9099E+05
0000360   4.5792E+06  6.3533E+05 -3.8716E+05
0000361   6.9522E+06 -8.4080E+05 -2.6162E+05
0000362   7.2629E+06 -2.3881E+06 -1.0127E+06
0000363   6.9775E+06  2.4457E+06 -5.9957E+05
0000364   4.8220E+06 -1.4468E+06  1.0020E+06
0000365   6.7082E+06  2.8974E+06  2.9505E+04
0000366   4.8873E+06  2.8905E+05 -6.6885E+05
0000367   5.9942E+06 -2.6074E+06  3.3540E+05
0000368   7.1004E+06 -4.8488E+05  1.2553E+06
0000369   4.3775E+06 -1.6304E+05  6.8141E+05
0000370   7.3554E+06 -7.7686E+05 -3.7504E+05
0000371   4.9898E+06 -1.5667E+06 -1.7096E+06
0000372   5.5436E+06 -1.2442E+05  2.7543E+06
0000373   5.9778E+06  1.8184E+05  6.2596E+05
0000374   5.0603E+06 -7.2789E+04  3.4707E+06
0000375   8.2871E+06  4.5447E+05 -1.2874E+06
0000376   7.1079E+06  7.8709E+04  1.8832E+06
0000377   5.7854E+06  2.5268E+04  2.9068E+06
0000378   5.0175E+06 -7.0846E+05  4.1901E+05
0000379   6.7145E+06  1.4976E+06 -3.0398E+05
0000380   6.4846E+06  1.1822E+06 -5.2576E+03
0000381   6.2668E+06  1.3906E+06  1.1258E+06
0000382   7.7385E+06  1.7301E+06  5.9863E+05
0000383   6.4787E+06  4.2272E+04  1.6562E+06
0000384   8.0409E+06 -1.0698E+05  5.3842E+05
0000385   7.3394E+06 -5.2087E+04 -1.0435E+06
0000386   5.8146E+06  2.0342E+06  6.6936E+05
0000387   6.6059E+06  1.3367E+05  1.5361E+06
0000388   6.1744E+06  1.7954E+06  1.0920E+06
0000389   5.6798E+06  2.0480E+06 -1.9458E+05
0000390   7.2947E+06  5.8657E+05  9.8219E+03
0000391   4.8431E+06  5.0107E+05  1.0086E+05
0000392   6.1875E+06  8.3756E+05  4.9073E+05
0000393   5.2867E+06  4.1630E+05 -1.6771E+06
0000394   5.7256E+06  1.7441E+06  3.3531E+05
0000395   5.2907E+06  5.3602E+05 -1.0906E+06
0000396   5.9737E+06  1.7711E+06  1.1108E+05
0000397   5.6347E+06 -1.3045E+06 -2.1791E+05
0000398   3.8180E+06  7.7472E+05 -3.2662E+05
0000399   7.5508E+06  7.8291E+04 -6.1336E+05
0000400   6.2940E+06 -3.5106E+05  5.0202E+05
0000401   6.2767E+06 -4.6099E+05 -3.4051E+05
0000402   7.0297E+06  1.2590E+05  1.4929E+05
0000403   7.0071E+06 -3.1910E+05  3.2655E+05
0000404   7.4975E+06  1.5858E+06  9.1142E+05
0000405   6.6884E+06 -1.0052E+05  9.0950E+05
0000406   7.0341E+06 -1.6448E+05 -1.5043E+06
0000407   4.2478E+06  3.1715E+05 -5.0971E+05
0000408   3.9673E+06  2.8585E+06 -3.8783E+06
0000409   5.4488E+06  5.5673E+05 -9.9588E+04
0000410   3.5953E+06  8.5769E+05  5.1094E+05
0000411   7.5163E+06  9.5008E+05  4.1785E+05
0000412   7.6067E+06  2.7712E+05 -1.4784E+06
0000413   4.9464E+06  5.1704E+05  3.6772E+05
0000414   6.9699E+06 -4.7620E+04  1.7462E+06
0000415   6.8517E+06  3.1645E+06  2.6545E+05
0000416   7.1676E+06 -1.6423E+05 -1.8845E+05
0000417   5.6895E+06  4.0900E+06 -6.1026E+04
0000418   5.1233E+06 -6.8500E+05  1.5940E+06
0000419   7.6352E+06 -1.7379E+06 -1.1471E+05
0000420   6.3502E+06 -5.3555E+05 -3.0514E+05
0000421   6.6492E+06 -9.9990E+05 -5.9798E+05
0000422   6.0487E+06  4.5721E+05  2.4865E+06
0000423   5.0637E+06 -1.1399E+06  8.0949E+05
0000424   4.7790E+06 -1.9451E+06 -2.6053E+06
0000425   7.2541E+06 -1.0093E+06  1.1708E+04
0000426   4.1385E+06 -3.2829E+05 -1.0106E+06
0000427   6.8024E+06  8.0295E+05 -4.9127E+05
0000428   7.4933E+06 -1.2046E+06  4.8296E+04
0000429   5.2132E+06 -1.0789E+06  2.2554E+05
0000430   4.1957E+06  2.7174E+05  2.2740E+06
0000431   5.4797E+06  2.5659E+06  3.2834E+05
0000432   6.0731E+06 -2.5355E+06 -1.8735E+06
0000433   7.5309E+06  1.0753E+06  3.2848E+04
0000434   6.2811E+06  5.3607E+05 -1.0368E+06
0000435   7.5931E+06  4.9969E+05  1.0303E+06
0000436   6.5485E+06 -2.0453E+05  2.0725E+06
0000437   5.6912E+06  3.7657E+06 -1.9463E+05
0000438   3.2905E+06  2.8796E+06 -2.4671E+06
0000439   6.1452E+06  1.0910E+06  1.1734E+06
0000440   5.6900E+06 -2.0175E+06 -2.4079E+06
0000441   3.7939E+06 -2.1722E+06 -5.5845E+05
0000442   6.9986E+06  7.1005E+05 -5.4484E+05
0000443   5.7045E+06  1.0724E+06  1.0748E+06
0000444   7.8875E+06  4.0901E+05  2.8461E+06
0000445   5.2091E+06 -4.2499E+05 -2.1702E+06
0000446   6.5946E+06 -7.4391E+05 -8.2311E+05
0000447   4.5293E+06  2.6704E+06  2.3668E+06
0000448   5.3899E+06  1.1012E+06 -3.0910E+06
0000449   4.8058E+06 -1.5031E+05 -6.4453E+05
0000450   6.5590E+06  1.8237E+06  1.3490E+06
0000451   7.3905E+06 -2.2555E+06 -1.4884E+06
0000452   6.5030E+06 -7.6285E+05  7.6415E+05
0000453   5.2313E+06  5.2539E+05 -1.1003E+06
0000454   4.9816E+06  7.6737E+05  5.6243E+05
0000455   6.3449E+06  9.3962E+05  1.7503E+06
0000456   8.3518E+06  1.5676E+05 -1.1886E+06
0000457   7.5760E+06  4.1618E+05  2.4597E+06
0000458   6.4549E+06 -1.3189E+05  7.2903E+05
0000459   4.8215E+06 -5.2309E+05  7.0967E+05
0000460   7.5672E+06 -2.2402E+06  2.0255E+05
0000461   5.5898E+06  1.9043E+05  2.2285E+05
0000462   7.8310E+06  2.4607E+05 -2.1405E+05
0000463   5.9687E+06  5.5469E+05  9.9685E+05
0000464   5.1745E+06 -6.3368E+05 -6.8138E+05
0000465   6.3195E+06 -6.5846E+05  2.1260E+06
0000466   7.8101E+06  1.7479E+06  1.2491E+06
0000467   5.7738E+06 -1.6543E+06  1.5641E+06
0000468   7.7428E+06 -7.3017E+05 -8.3246E+05
0000469   4.0979E+06 -4.8238E+05  1.4746E+06
0000470   4.0659E+06  5.5686E+05  1.1816E+06
0000471   4.6717E+06 -3.4865E+06  1.1500E+06
0000472   6.3119E+06 -4.7913E+05  4.3990E+05
0000473   7.1646E+06 -1.1795E+06  1.3762E+06
0000474   5.0282E+06 -1.8430E+06 -2.4258E+06
0000475   4.7393E+06 -2.9643E+05 -2.9068E+05
0000476   5.4700E+06  1.8433E+06 -8.9375E+05
0000477   6.6921E+06 -2.7819E+05  1.6190E+06
0000478   7.2057E+06  1.1348E+06 -6.7552E+05
0000479   4.5123E+06 -2.8025E+06  3.6255E+05
0000480   5.6516E+06 -5.3168E+05 -2.8474E+06
0000481   5.1582E+06 -1.9279E+06 -4.3932E+05
0000482   2.4874E+06 -1.1319E+06  5.9564E+05
0000483   5.4260E+06 -2.9540E+06 -2.5665E+06
0000484   6.2214E+06 -9.2577E+05 -7.3238E+05
0000485   7.6597E+06 -3.3896E+05 -6.6941E+05
0000486   5.9780E+06 -1.0174E+06  1.4453E+06
0000487   6.2471E+06 -5.3738E+05  2.1588E+06
0000488   5.2825E+06 -1.4489E+06 -6.0535E+05
0000489   6.5216E+06  1.1313E+06 -8.0729E+05
0000490   5.9439E+06 -6.8136E+05  3.9332E+06
0000491   4.2642E+06  1.0456E+06 -1.4443E+06
0000492   6.5397E+06  5.1642E+05  1.0156E+06
0000493   6.5265E+06  1.9596E+06 -7.9863E+05
0000494   6.9841E+06  1.5887E+06 -1.2144E+06
0000495   6.3061E+06 -5.8997E+05  1.5886E+06
0000496   5.1008E+06 -1.2490E+06  6.5536E+05
0000497   5.5613E+06  9.5775E+05  1.5913E+06
0000498   8.1123E+06  1.7974E+06  6.5062E+05
0000499   5.6232E+06 -8.0284E+05  4.7340E+05
0000500   6.3362E+06 -8.5932E+05 -6.3142E+05
0000501   4.5292E+06  6.9201E+05 -7.2165E+05
0000502   7.3580E+06 -1.2385E+06 -3.7273E+05
0000503   5.2159E+06 -2.6267E+05  1.2094E+06
0000504   7.9721E+06 -1.2451E+06 -8.9075E+05
0000505   6.0910E+06  1.0212E+06  1.3254E+06
0000506   4.0629E+06  2.0685E+06 -1.7702E+06
0000507   5.9853E+06  1.7151E+06 -1.4832E+06
0000508   6.4673E+06  2.8123E+05 -8.6722E+05
0000509   6.8568E+06  1.9781E+04 -2.7462E+05
0000510   6.3340E+06  1.1591E+06  5.0920E+04
0000511   9.9821E+05 -1.2800E+05  1.7544E+06
0000512   8.2712E+06 -5.0685E+05  9.8803E+05
0000513   6.5581E+06 -1.1387E+06 -4.4058E+05
0000514   8.1209E+06 -1.2227E+05 -9.2628E+05
0000515   6.2769E+06  2.1819E+05  1.1305E+06
0000516   3.7136E+06 -8.7915E+05 -2.1675E+06
0000517   5.9535E+06 -1.5505E+05  7.0097E+05
0000518   4.6266E+06 -1.9330E+05  2.4910E+06
0000519   7.2329E+06 -1.6662E+06  8.8153E+05
0000520   5.5058E+06 -1.0365E+05  2.6056E+05
0000521   6.9995E+06 -7.5576E+05 -2.1896E+06
0000522   6.8409E+06 -1.8202E+06  5.0782E+05
0000523   4.6028E+06 -1.5463E+05  1.4384E+06
0000524   5.0349E+06  1.3074E+05 -1.1314E+06
0000525   6.0883E+06  2.8326E+04  3.0415E+05
0000526   6.1641E+06 -9.0605E+05 -2.8998E+05
0000527   6.9570E+06 -2.8437E+06  6.9630E+04
0000528   8.4152E+06 -4.9650E+05 -3.3945E+05
0000529   6.0018E+06 -8.9797E+05  3.9535E+05
0000530   7.7291E+06 -6.9393E+05 -4.8097E+05
0000531   3.5674E+06  9.7597E+05 -1.2966E+05
0000532   5.9511E+06 -3.0421E+06 -6.8072E+05
0000533   7.7148E+06 -4.5828E+05 -8.0042E+05
0000534   7.1894E+06  3.3683E+05  1.4047E+06
0000535   5.1052E+06  6.3343E+05 -7.8000E+05
0000536   5.8064E+06  2.8240E+05  1.8788E+06
0000537   6.6872E+06 -2.1133E+06 -5.3938E+04
0000538   3.1408E+06  8.1941E+05 -1.0401E+06
0000539   7.2857E+06  6.2597E+05 -8.0360E+05
0000540   5.2148E+06 -1.8718E+06  6.3715E+05
0000541   7.0059E+06 -2.1585E+03 -1.5867E+06
0000542   4.4098E+06  5.8605E+05  3.0727E+05
0000543   6.4560E+06  6.5900E+05  7.3954E+05
0000544   5.5166E+06  1.7760E+06  1.0537E+06
0000545   5.6045E+06  9.7603E+05 -7.3722E+05
0000546   5.8340E+06 -7.3896E+05  2.1964E+06
0000547   4.7365E+06  1.1553E+05  3.8683E+05
0000548   5.9992E+06 -8.9376E+05 -1.2933E+06
0000549   2.4337E+06  1.7739E+05  1.5983E+06
0000550   5.9491E+06  9.1641E+04 -2.1968E+06
0000551   5.5159E+06  7.5363E+05 -9.8037E+05
0000552   7.0242E+06  8.9567E+05 -8.2333E+05
0000553   7.2670E+06 -3.3859E+05 -2.0475E+05
0000554   5.8186E+06 -1.6094E+06 -3.5990E+05
0000555   4.0981E+06 -2.1515E+06  5.5849E+05
0000556   4.4994E+06  5.8731E+05  3.6026E+04
0000557   3.2026E+06 -2.7674E+06 -6.8903E+05
0000558   7.3641E+06 -2.0745E+06 -1.1107E+06
0000559   4.6752E+06  1.0908E+06  2.0379E+06
0000560   5.8402E+06 -1.7106E+06 -4.4648E+05
0000561   4.6049E+06 -2.3176E+06  1.7263E+06
0000562   4.1877E+06  5.7315E+05 -1.5284E+06
0000563   6.9847E+06  3.0380E+05 -1.8661E+06
0000564   6.7255E+06  1.3263E+06  1.0408E+06
0000565   3.0367E+06 -1.4738E+06  5.1866E+05
0000566   5.3692E+06 -1.0271E+05 -3.9146E+05
0000567   7.6652E+06 -8.1080E+05 -1.2708E+06
0000568   6.9477E+06  1.6710E+06  2.9988E+06
0000569   8.2427E+06  1.0919E+06 -5.6950E+05
0000570   4.9798E+06 -9.1122E+05 -1.1383E+06
0000571   5.9127E+06  5.8097E+05  4.4074E+05
0000572   7.6815E+06  9.1222E+05 -5.6842E+05
0000573   4.8710E+06  3.9060E+05  2.0690E+05
0000574   7.1733E+06 -2.4073E+06 -2.5418E+05
0000575   6.8254E+06 -2.0497E+06 -3.1199E+05
0000576   6.4305E+06  2.1364E+06  9.3101E+05
0000577   6.0200E+06 -1.1358E+06 -5.1783E+05
0000578   7.2762E+06  1.4917E+05  1.1502E+06
0000579   4.5127E+06 -1.8465E+05  1.7372E+06
0000580   3.6503E+06 -1.6620E+05 -8.2740E+05
0000581   6.7019E+06 -5.3892E+05  2.3391E+06
0000582   6.9617E+06 -2.7579E+06 -5.3365E+05
0000583   3.7541E+06  7.7164E+05  1.4251E+06
0000584   5.4910E+06  1.9958E+06 -5.4745E+05
0000585   3.9346E+06  2.4753E+06 -1.5093E+06
0000586   4.1276E+06 -5.4144E+05 -8.6750E+05
0000587   5.7967E+06  3.5847E+06  1.9399E+06
0000588   6.0570E+06 -4.6327E+05  2.0505E+06
0000589   7.3284E+06  7.6612E+05 -7.8286E+04
0000590   7.0185E+06 -2.8075E+05  1.7689E+05
0000591   4.4306E+06  7.9280E+04 -1.1976E+06
0000592   7.9484E+06  3.1936E+05 -6.8945E+03
0000593   6.2342E+06  1.4306E+06 -6.7357E+05
0000594   6.2313E+06 -6.7560E+05 -2.2382E+06
0000595   5.4558E+06 -5.0562E+04  3.0226E+05
0000596   7.1434E+06  3.0126E+05  3.4333E+06
0000597   4.8965E+06 -9.7516E+04 -2.9829E+06
0000598   6.8956E+06 -1.9501E+06  1.8524E+06
0000599   5.9644E+06 -6.8300E+05  6.5770E+05
0000600   7.7113E+06 -2.9229E+05  4.4517E+05
0000601   5.9877E+06 -1.2488E+06 -3.7565E+06
0000602   5.7783E+06 -1.1407E+06 -4.2765E+05
0000603   2.7346E+06  3.0866E+06 -1.9503E+05
0000604   1.2867E+06 -9.6884E+05 -2.7898E+06
0000605   7.0551E+06  1.6836E+06  7.7104E+05
0000606   6.9925E+06  9.6238E+05 -6.0470E+05
0000607   6.2489E+06 -1.6691E+06 -1.9617E+06
0000608   5.3838E+06  1.4018E+06  1.4726E+06
0000609   2.4575E+06  5.3292E+05  4.9494E+05
0000610   7.1227E+06 -1.5340E+05 -5.7883E+05
0000611   4.2899E+06 -8.1241E+05 -4.1158E+06
0000612   4.3072E+06 -1.5286E+05 -3.4408E+06
0000613   7.9446E+06 -5.9013E+05 -1.6842E+06
0000614   7.0396E+06 -7.7629E+03 -5.8220E+05
0000615   6.2875E+06 -1.7772E+06  4.0806E+06
0000616   6.4726E+06  1.5261E+06  4.6679E+05
0000617   4.7701E+06  1.6321E+05  2.3424E+06
0000618   5.2501E+06  9.6058E+05  5.5707E+05
0000619   4.7570E+06  2.1090E+05  8.3902E+05
0000620   7.0293E+06 -2.4514E+06  2.0829E+06
0000621   7.7970E+06  1.4909E+06  3.3784E+05
0000622   6.6908E+06  9.6725E+05 -7.7915E+05
0000623   7.7432E+06 -8.3940E+05 -2.7244E+04
0000624   5.9424E+06  4.1469E+05  9.6312E+05
0000625   5.9356E+06 -7.1714E+05  3.6467E+05
0000626   3.9782E+06  6.9542E+05  3.1895E+06
0000627   5.9047E+06  8.9234E+05 -6.7564E+05
0000628   6.4099E+06 -5.6939E+05 -9.0768E+05
0000629   8.0034E+06 -5.2009E+05  7.2815E+05
0000630   5.8088E+06  1.2246E+06  7.0311E+05
0000631   6.9547E+06 -1.0841E+06 -7.0197E+03
0000632   5.9492E+06 -7.6802E+05 -6.2459E+05
0000633   6.5081E+06  3.9887E+04  1.4718E+06
0000634   5.0762E+06  2.2042E+06  1.2948E+06
0000635   5.4844E+06  3.1426E+06  1.0498E+06
0000636   6.7715E+06 -3.3284E+06 -8.8006E+05
0000637   6.2929E+06  1.0206E+05 -1.0265E+06
0000638   3.4921E+06 -2.1426E+06  2.2568E+06
0000639   6.0386E+06  7.4732E+05  2.2372E+06
0000640   5.9359E+06  1.2617E+06  1.8163E+06
0000641   5.9655E+06 -1.7909E+05  2.3812E+05
0000642   5.4381E+06 -6.9603E+04 -1.9452E+06
0000643   5.4779E+06  1.3551E+06  5.5733E+05
0000644   5.7683E+06  1.0567E+06  6.9486E+05
0000645   7.0067E+06 -1.3806E+06  2.4969E+05
0000646   6.3955E+06  7.7821E+05  9.7069E+05
0000647   6.9671E+06 -1.1326E+04  5.8915E+05
0000648   7.3689E+06  1.9451E+06  1.0303E+06
0000649   5.4921E+06 -6.2953E+05 -4.0813E+06
0000650   5.7459E+06 -1.0622E+06  3.1964E+06
0000651   4.9018E+06 -6.3976E+05 -2.1558E+06
0000652   7.8759E+06  1.5193E+06  1.5294E+06
0000653   6.2742E+06 -9.2513E+05 -1.4833E+06
0000654   6.2913E+06  2.0038E+06 -3.8405E+04
0000655   5.7788E+06  2.1946E+06 -6.1224E+05
0000656   6.8506E+06 -4.6156E+05 -3.2560E+06
0000657   7.8588E+06  1.3342E+06  1.1320E+06
0000658   4.2357E+06 -5.8456E+05 -3.1275E+05
0000659   6.3242E+06  9.1706E+05  6.1549E+05
0000660   6.8100E+06 -4.0640E+05  2.2922E+06
0000661   6.0425E+06 -1.1802E+06 -1.7867E+06
0000662   7.3910E+06  4.5065E+05  1.3691E+06
0000663   4.5824E+06 -2.2425E+05 -1.2389E+06
0000664   4.7155E+06  1.8470E+06 -5.1160E+05
0000665   6.7449E+06 -2.2767E+06 -1.1452E+06
0000666   4.4651E+06  1.5663E+06  1.5466E+06
0000667   5.5527E+06 -2.9226E+06 -2.5172E+05
0000668   6.8591E+06  1.8984E+06  7.9432E+05
0000669   7.2553E+06  7.3760E+05  3.8068E+05
0000670   7.1461E+06 -2.7212E+06 -7.4047E+05
0000671   3.1868E+06  2.2516E+06  1.8406E+06
0000672   7.6788E+06 -5.7113E+05 -3.5215E+05
0000673   4.4752E+06 -6.8615E+05  1.8834E+05
0000674   2.3546E+06  9.1413E+05 -2.1674E+04
0000675   5.8409E+06  1.7115E+04 -1.2834E+06
0000676   5.2797E+06 -5.4493E+05  1.4124E+06
0000677   6.7496E+06  9.3772E+05 -5.1252E+05
0000678   8.1138E+06 -6.2426E+05 -6.5111E+05
0000679   6.8751E+06 -2.2886E+06  9.9704E+05
0000680   4.8180E+06  2.3287E+05 -4.3053E+05
0000681   5.9663E+06  1.3881E+06  7.2626E+05
0000682   5.6312E+06  3.2048E+05  4.7986E+06
0000683   4.5887E+06  8.2179E+05 -4.1830E+05
0000684   5.1461E+06  1.6534E+05  4.3564E+06
0000685   6.4690E+06 -1.3695E+06  5.4950E+05
0000686   8.1721E+06  1.4919E+06  6.7423E+05
0000687   7.8479E+06  9.6875E+05  7.4973E+05
0000688   7.0885E+06  1.9777E+06  4.5519E+04
0000689   7.3079E+06 -7.1938E+05  2.4044E+05
0000690   5.5548E+06  2.4553E+06 -6.4968E+05
0000691   6.8877E+06 -1.6433E+06  7.6477E+05
0000692   4.5520E+06 -7.5445E+04 -2.2745E+05
0000693   5.5727E+06  4.5763E+05 -7.2997E+05
0000694   6.4001E+06  3.9430E+06 -2.8908E+06
0000695   5.2749E+06 -1.2845E+06 -2.0275E+06
0000696   3.8295E+06 -3.0021E+06  1.4278E+06
0000697   5.3065E+06  1.2397E+06  1.2917E+06
0000698   5.7870E+06 -1.2492E+06  1.5226E+06
0000699   6.3126E+06  1.1718E+06 -1.6431E+05
0000700   4.9339E+06 -2.0211E+05  1.7523E+06
0000701   5.8020E+06 -3.1947E+05 -1.0890E+06
0000702   6.3629E+06 -1.3157E+05 -3.2125E+06
0000703   8.3955E+06  9.8721E+05  2.1353E+05
0000704   7.3138E+06 -2.0503E+06 -9.6395E+05
0000705   5.8271E+06 -1.8165E+06  2.2469E+06
0000706   5.2471E+06  2.1417E+05  6.0362E+05
0000707   5.8394E+06 -2.2026E+05  6.0585E+05
0000708   6.8540E+06  1.4497E+06 -1.2764E+06
0000709   6.3433E+06  5.0241E+05  2.0704E+06
0000710   4.8001E+06  2.3805E+05  1.2080E+05
0000711   5.2581E+06  5.8056E+05  8.1575E+05
0000712   3.6414E+06  9.7754E+05  5.8800E+05
0000713   5.5293E+06 -5.0276E+05  6.7433E+05
0000714   6.5474E+06 -1.8025E+06  1.3920E+06
0000715   6.6669E+06 -9.9964E+04  3.2868E+06
0000716   6.5068E+06 -3.1204E+05 -6.6413E+05
0000717   7.0789E+06  1.4548E+06 -4.3356E+05
0000718   5.5459E+06  3.6386E+05 -3.5047E+06
0000719   5.9258E+06  5.3604E+05 -1.9184E+06
0000720   6.8194E+06  4.5036E+04 -2.2425E+06
0000721   6.2087E+06  7.5222E+05  9.6775E+04
0000722   5.1439E+06  6.4918E+05 -2.1232E+05
0000723   3.4553E+06  1.5941E+06  2.1201E+05
0000724   4.9662E+06  3.3384E+05 -2.2772E+05
0000725   6.5201E+06 -2.6908E+05  3.6433E+05
0000726   2.7792E+06 -6.4735E+05 -7.6360E+05
0000727   6.3645E+06 -8.6224E+05  1.0921E+06
0000728   6.3107E+06  1.2086E+05  1.2933E+06
0000729   3.9148E+06 -1.3914E+06  8.3198E+05
0000730   6.7762E+06 -1.9326E+06 -3.5366E+05
0000731   2.8329E+06  8.4108E+05  1.4183E+06
0000732   6.6116E+06 -1.4233E+06 -7.7500E+05
0000733   6.4760E+06  8.1210E+05  3.2871E+04
0000734   5.6573E+06  1.0178E+06  3.9663E+06
0000735   6.0646E+06  1.5391E+06  9.3008E+05
0000736   4.8056E+06 -3.4717E+06  1.2015E+06
0000737   7.0944E+06 -4.2324E+05 -1.0222E+06
0000738   3.8079E+06 -2.4355E+06  1.4302E+06
0000739   4.7262E+06 -6.5853E+04  1.5159E+05
0000740   6.8409E+06 -8.1666E+05  8.8533E+04
0000741   1.9251E+06  1.0470E+06 -2.3742E+06
0000742   5.3579E+06 -1.0712E+06  2.5665E+06
0000743   6.3971E+06  1.6334E+05 -6.1317E+05
0000744   7.5575E+06  6.5455E+05  2.0406E+06
0000745   7.1438E+06  2.4543E+06 -1.8872E+06
0000746   5.0790E+06  5.2478E+05  8.1519E+05
0000747   5.7484E+06  1.4792E+05 -1.0024E+06
0000748   4.6744E+06  4.2716E+06  5.4788E+05
0000749   6.6399E+06 -9.9622E+05  1.6635E+06
0000750   4.9133E+06 -7.9736E+05  2.1441E+06
0000751   2.3331E+06  1.1120E+06  1.4712E+06
0000752   1.5054E+06  1.0504E+06  1.4226E+06
0000753   7.7071E+06 -2.1737E+06 -1.3581E+06
0000754   5.5175E+06 -2.0683E+06  1.2449E+06
0000755   6.0198E+06 -9.7026E+04  1.8029E+05
0000756   7.2180E+06 -1.0045E+06 -1.4566E+06
0000757   6.6611E+06 -4.9169E+05 -7.5784E+05
0000758   7.1630E+06 -1.9325E+06 -2.7249E+05
0000759   7.9086E+06 -4.0805E+05 -3.7924E+05
0000760   6.1095E+06  5.2325E+05 -3.6927E+06
0000761   5.8268E+06 -2.3199E+05  5.6237E+05
0000762   6.5318E+06 -1.3225E+06  2.1725E+06
0000763   4.2094E+06  4.2273E+06 -1.2100E+06
0000764   6.9091E+06 -5.3796E+05 -1.1136E+05
0000765   7.9669E+06  7.6685E+05 -3.2426E+05
0000766   8.0133E+06  1.1624E+06 -1.4825E+06
0000767   5.7636E+06 -2.0867E+05 -1.0187E+06
0000768   6.8968E+06 -2.6442E+05 -2.0701E+06
0000769   4.5868E+06 -8.8742E+05 -7.9261E+05
0000770   6.4200E+06  2.7422E+06  6.3645E+05
0000771   6.6641E+06 -4.5248E+05 -1.1840E+06
0000772   7.9316E+06 -2.7245E+04 -1.0817E+06
0000773   5.9377E+06  1.3445E+06  1.7666E+05
0000774   6.5422E+06  2.0010E+06 -9.8023E+05
0000775   8.2548E+06 -4.4644E+05 -1.1688E+05
0000776   6.1826E+06  2.7986E+05  1.7584E+06
0000777   6.7420E+06  1.4619E+06  2.1848E+06
0000778   4.8246E+06 -2.6565E+05  3.0442E+05
0000779   7.7418E+06 -6.9756E+05  3.9716E+05
0000780   7.3585E+06  5.8746E+04  1.5466E+06
0000781   6.9566E+06  2.6086E+06  4.9419E+05
0000782   6.7828E+06  1.0019E+06  1.9165E+06
0000783   4.9520E+06 -1.9759E+06  3.2651E+04
0000784   6.1405E+06 -2.0953E+06  2.1259E+06
0000785   5.5134E+06  6.7713E+05  1.0692E+06
0000786   6.0575E+06  1.9521E+06  1.2264E+06
0000787   3.0670E+06  2.2326E+06 -2.0501E+05
0000788   5.6428E+06 -2.8810E+06  1.2743E+05
0000789   7.5437E+06  1.2853E+06 -2.0839E+05
0000790   6.4169E+06 -5.6893E+05  1.2192E+05
0000791   5.8137E+06 -3.1064E+05 -6.9412E+05
0000792   5.7578E+06 -4.3743E+05  4.8169E+05
0000793   5.2610E+06 -1.5048E+06  8.9347E+05
0000794   6.0484E+06 -1.0337E+06 -2.8282E+06
0000795   6.4880E+06  1.3218E+06  1.2811E+06
0000796   3.9021E+06  2.4758E+06  1.3129E+06
0000797   6.8900E+06 -2.1118E+06  8.9054E+05
0000798   6.4191E+06 -1.5609E+05 -1.1276E+06
0000799   5.8862E+06 -5.0600E+05  2.0741E+06
0000800   7.8678E+06  2.9938E+05 -7.6500E+05
0000801   4.6384E+06 -1.1126E+05  2.9071E+06
0000802   5.7139E+06  9.1483E+05 -3.5320E+05
0000803   6.4889E+06  1.1419E+06 -2.9062E+06
0000804   7.0459E+06  1.0799E+06  6.3639E+05
0000805   6.7418E+06  1.2867E+06 -1.2952E+06
0000806   5.5022E+06  1.2990E+06  2.7994E+06
0000807   6.5060E+06 -9.3966E+05  4.2346E+04
0000808   5.7689E+06 -1.3099E+06  1.6111E+06
0000809   5.4130E+06  4.0093E+05  1.9420E+06
0000810   5.7526E+06  6.9745E+05  1.4749E+06
0000811   2.6750E+06 -1.7142E+06  2.6759E+06
0000812   4.2412E+06 -1.0044E+06  1.0621E+06
0000813   7.1511E+06  6.5568E+05 -1.8986E+06
0000814   6.4157E+06  1.6396E+06 -6.4949E+05
0000815   7.3373E+06  6.4604E+05 -1.5329E+06
0000816   4.2968E+06  2.3193E+06 -1.0673E+06
0000817   5.7103E+06  1.7076E+06 -2.9173E+05
0000818   4.3699E+06 -2.2864E+06 -6.9460E+04
0000819   4.8859E+06  1.4740E+06 -2.8115E+06
0000820   3.9895E+06  1.5615E+06 -2.6166E+06
0000821   7.0077E+06  1.4453E+06 -9.3693E+05
0000822   5.3571E+06 -2.5284E+05 -2.0527E+06
0000823   6.6483E+06 -2.9198E+06  1.4416E+06
0000824   6.5693E+06  1.4512E+06 -1.2340E+06
0000825   5.4804E+06 -6.1021E+05  1.4545E+06
0000826   6.2038E+06  1.0026E+06  6.1805E+05
0000827   6.3373E+06  8.7035E+05  1.1930E+06
0000828   6.8622E+06  8.4793E+05 -1.0181E+06
0000829   4.9074E+06  3.4434E+06 -2.0447E+06
0000830   5.6565E+06 -6.9169E+05  5.3754E+05
0000831   6.1306E+06 -3.7285E+06 -3.5896E+06
0000832   4.8144E+06 -5.3756E+05  4.7518E+05
0000833   7.5229E+06  1.4659E+06 -3.2023E+05
0000834   5.4975E+06  3.8503E+05  3.8765E+05
0000835   6.8983E+06  2.5114E+05 -3.4347E+04
0000836   7.1584E+06 -1.4674E+06  1.6212E+06
0000837   4.1604E+06 -1.1895E+06  8.5227E+05
0000838   4.9548E+06  1.7713E+06 -4.5983E+05
0000839   6.0416E+06  1.4590E+06 -3.7198E+05
0000840   7.7519E+06 -1.0630E+06 -1.2249E+06
0000841   4.7711E+06 -7.9459E+05 -3.9290E+05
0000842   6.8518E+06  1.5695E+06 -1.1318E+06
0000843   5.5743E+06  3.3110E+05  1.4796E+06
0000844   2.7136E+06 -6.1845E+05 -3.5877E+05
0000845   2.9993E+06  4.3273E+05 -8.8998E+05
0000846   6.3723E+06  2.9125E+05  4.4485E+05
0000847   6.0992E+06  3.4406E+06 -6.8218E+04
0000848   6.1257E+06 -2.1399E+06 -1.3775E+06
0000849   6.7483E+06  2.7908E+06 -8.3602E+05
0000850   4.8664E+06 -1.7511E+06 -3.7067E+05
0000851   3.1989E+06  7.6001E+04 -8.3138E+05
0000852   6.5828E+06  8.6911E+05 -2.8634E+05
0000853   4.4093E+06 -2.1247E+06 -6.2269E+05
0000854   3.7718E+06 -9.8620E+05 -3.6859E+05
0000855   6.7068E+06  4.2831E+05  1.1411E+06
0000856   5.0772E+06  1.0844E+06 -1.1427E+06
0000857   6.1367E+06 -1.5544E+06 -1.0483E+06
0000858   6.5240E+06 -2.9600E+06  1.2723E+05
0000859   7.8703E+06  5.7214E+05 -1.5118E+05
0000860   6.0678E+06  1.6901E+06  2.0731E+05
0000861   7.3621E+06 -2.8841E+06  9.0784E+05
0000862   5.8108E+06 -9.6799E+05 -2.1612E+06
0000863   5.7964E+06  2.6148E+06 -2.9295E+05
0000864   4.8418E+06 -1.8665E+06 -1.0294E+06
0000865   6.3240E+06 -8.7817E+05  2.0833E+06
0000866   7.4999E+06  8.9381E+05 -4.2094E+05
0000867   5.9534E+06 -1.1868E+06  2.2335E+05
0000868   6.8442E+06 -8.6442E+05 -3.3163E+05
0000869   5.6762E+06 -6.0875E+05 -1.8669E+06
0000870   5.7485E+06  5.5316E+05  1.1915E+06
0000871   6.4214E+06  1.4748E+05 -1.7501E+05
0000872   4.7529E+06 -2.3077E+06 -4.0401E+05
0000873   7.2715E+06 -1.0940E+06  1.3331E+06
0000874   5.1617E+06  6.6536E+05  1.2305E+06
0000875   5.0942E+06  1.8148E+04 -6.5113E+05
0000876   1.4464E+06  5.7631E+05  1.1897E+06
0000877   7.1131E+06 -1.4035E+06 -5.3271E+05
0000878   5.3880E+06  5.2225E+05 -2.1584E+06
0000879   5.2490E+06  1.3587E+05 -1.8061E+06
0000880   6.3223E+06  8.8969E+05  4.3295E+05
0000881   7.3241E+06 -8.6947E+05 -2.0520E+05
0000882   4.4024E+06 -1.0204E+06 -6.9267E+04
0000883   7.0386E+06 -2.0866E+06  6.7525E+05
0000884   5.5971E+06 -4.5081E+05 -2.6925E+05
0000885   7.1861E+06  7.0791E+05  9.9637E+05
0000886   5.2316E+06  1.4334E+06 -3.2483E+06
0000887   6.5654E+06  2.3097E+06  2.4339E+06
0000888   2.8613E+06  1.0895E+06 -5.9500E+05
0000889   6.9390E+06 -1.6028E+06  1.7897E+06
0000890   7.1909E+06 -1.0833E+06 -3.8101E+06
0000891   2.0421E+06 -1.0066E+06  1.9119E+06
0000892   5.5249E+06 -3.1022E+06  1.2210E+06
0000893   6.2247E+06 -2.3242E+06 -9.0032E+05
0000894   4.5207E+06  6.4962E+05  1.6932E+06
0000895   7.9795E+06 -1.3462E+06 -1.1755E+05
0000896   6.1013E+06  2.8741E+06  9.6473E+05
0000897   6.7030E+06 -2.0312E+06  1.3117E+06
0000898   5.2846E+06 -4.7812E+05  3.9778E+05
0000899   6.3307E+06  3.1183E+06 -9.1325E+05
0000900   3.7887E+06  1.2041E+06 -2.6675E+06
0000901   4.4581E+06 -3.1238E+06  2.5783E+06
0000902   6.9050E+06 -8.0064E+05 -5.8980E+04
0000903   4.8236E+06 -1.1405E+06 -2.3856E+05
0000904   3.4027E+06  3.3835E+06  1.9535E+05
0000905   6.8023E+06 -2.5637E+06  4.8792E+05
0000906   5.6962E+06  9.3570E+05  5.7286E+05
0000907   6.1907E+06  1.7803E+06  1.0370E+06
0000908   6.0568E+06 -2.1232E+06 -1.1467E+05
0000909   4.3490E+06  2.2326E+06  1.6678E+06
0000910   4.9103E+06  1.4095E+06 -2.8095E+05
0000911   6.8566E+06  2.0194E+05  1.4221E+06
0000912   5.4262E+06 -1.5794E+06  6.7642E+05
0000913   4.8743E+06 -1.4266E+06 -5.3719E+05
0000914   7.7109E+06 -1.0794E+06 -9.1351E+05
0000915   7.4967E+06 -9.2436E+05  3.8139E+05
0000916   6.0177E+06  2.1144E+04 -2.5651E+06
0000917   7.2209E+06  8.1796E+05  3.9309E+05
0000918   6.7514E+06 -7.9409E+05 -1.2964E+06
0000919   5.7278E+06  1.2853E+06 -9.3826E+05
0000920   2.7713E+06  2.4823E+05 -2.6129E+06
0000921   8.6312E+06 -1.5066E+06 -1.4403E+06
0000922   4.5584E+06 -1.4439E+06 -8.4181E+05
0000923   5.0012E+06  3.1151E+06  3.7029E+05
0000924   7.1976E+06  1.9586E+06  1.0560E+06
0000925   5.3589E+06  1.8665E+06 -7.9372E+05
0000926   5.4820E+06 -2.2712E+06  1.8719E+06
0000927   4.0732E+06 -4.5405E+05  2.2831E+04
0000928   6.1397E+06  1.1163E+05 -1.2698E+06
0000929   6.0492E+06  4.1599E+05 -2.1599E+05
0000930   7.4010E+06 -1.0587E+06 -7.0748E+05
0000931   4.7191E+06 -2.1964E+06 -1.1787E+06
0000932   7.9177E+06  6.8427E+05  6.7152E+05
0000933   4.9857E+06  4.3167E+05  4.5582E+05
0000934   5.3110E+06  4.0730E+05 -8.8149E+05
0000935   7.0892E+06  1.6354E+05 -3.0486E+06
0000936   5.4650E+06 -2.3867E+06  9.8305E+05
0000937   6.2136E+06 -1.7438E+06  2.3898E+04
0000938   7.3607E+06  4.9070E+05  6.7874E+05
0000939   6.0456E+06 -3.7878E+05  1.6854E+06
0000940   6.6383E+06  3.0674E+05 -2.5723E+05
0000941   6.8423E+06 -4.9166E+05  1.3453E+06
0000942   7.4318E+06 -1.2118E+06  9.5859E+05
0000943   5.8482E+06 -1.2087E+06 -2.1410E+06
0000944   6.9589E+06  3.6024E+05 -3.0762E+05
0000945   3.7007E+06  1.1137E+06  8.1918E+05
0000946   6.3286E+06 -1.1609E+05  3.6305E+05
0000947   5.9597E+06 -5.7635E+05 -1.5875E+06
0000948   7.6638E+06  1.0405E+06  1.9876E+06
0000949   2.8492E+06 -6.3530E+05  2.1827E+06
0000950   6.2690E+06 -1.5310E+06  2.5538E+05
0000951   4.7726E+06  2.7381E+05 -1.9130E+06
0000952   7.0043E+06  7.2677E+05  7.9295E+05
0000953   6.3338E+06 -8.7963E+05 -1.8858E+06
0000954   6.8285E+06  7.4365E+05  4.3160E+05
0000955   5.1398E+06 -2.4819E+05  3.3700E+06
0000956   6.1500E+06 -8.9609E+05 -6.5897E+05
0000957   7.1251E+06 -2.4489E+05 -1.1918E+06
0000958   3.1214E+06  8.5052E+04 -1.2049E+05
0000959   6.1927E+06  7.4745E+05  7.0283E+05
0000960   6.6541E+06 -9.3460E+05  3.5777E+05
0000961   1.8224E+06  6.1628E+04 -4.7626E+05
0000962   6.9550E+06  2.3494E+06  1.5571E+06
0000963   7.1030E+06  1.0085E+06 -1.1078E+06
0000964   6.9085E+06  8.4032E+05 -1.2811E+05
0000965   5.1378E+06  1.5167E+06  6.0511E+05
0000966   5.9091E+06  2.4528E+06 -1.6049E+06
0000967   5.8415E+06  6.4196E+05  1.4221E+06
0000968   4.4506E+06  6.3115E+05 -8.2499E+05
0000969   6.0873E+06 -7.1790E+05 -1.2163E+06
0000970   7.5248E+06 -5.3179E+05  1.4746E+05
0000971   3.2976E+06 -8.8246E+05 -1.9305E+06
0000972   3.9122E+06  5.2108E+05  1.5862E+05
0000973   5.6038E+06 -8.5417E+05 -5.7186E+05
0000974   7.2801E+06 -6.3030E+03  4.8946E+05
0000975   7.7522E+06 -6.9840E+05  8.7716E+05
0000976   5.6520E+06 -9.5002E+05  2.2222E+05
0000977   4.7456E+06 -1.7049E+06 -1.0207E+06
0000978   6.7560E+06 -2.9861E+06  1.4688E+06
0000979   5.2320E+06  1.1780E+05 -1.2872E+06
0000980   7.2384E+06  2.1593E+05 -1.1958E+06
0000981   6.5043E+06  2.0742E+06 -1.9753E+06
0000982   6.9900E+06 -1.2588E+06  8.2020E+05
0000983   4.8117E+06  1.2524E+05  1.1080E+06
0000984   4.9661E+06 -1.7719E+06  2.1296E+06
0000985   4.9905E+06 -1.0346E+06  1.9534E+06
0000986   5.7237E+06  1.5820E+06 -5.1335E+06
0000987   4.7421E+06  1.6399E+06  5.1940E+05
0000988   9.9172E+06 -4.1248E+05 -1.4392E+06
0000989   7.9153E+06  7.2390E+05  2.3022E+06
0000990   5.1462E+06  3.2315E+05  2.5419E+06
0000991   5.1978E+06  1.7366E+06  1.6110E+06
0000992   5.3240E+06 -3.9502E+05  1.5070E+06
0000993   6.6708E+06  2.3638E+05 -1.3149E+05
0000994   4.6039E+06 -3.0753E+05 -8.9332E+05
0000995   5.5195E+06  1.3701E+05  1.4564E+05
0000996   5.3097E+06 -2.7988E+05 -1.3888E+06
0000997   4.4499E+06 -1.2286E+06  2.1375E+06
0000998   8.1662E+06  3.6696E+05  1.3290E+06
0000999   7.9105E+06 -9.3990E+05 -5.8398E+05
0001000   6.5343E+06 -5.5062E+04 -1.3649E+06
