============================== SRIM-2013.00 ==============================
==============================================================================
====== SRIM Outputs\RANGE_3D.txt : File of Final Ion Positions =====

Ion = Ar (18)   Ion Mass= 039.9620
Energy  = 2329951.E-05 keV
Ion Angle to Surface = 00.0 degrees
==================== TARGET =======================
  Layer # 1 - Layer 1
  Layer # 1 - Bottom Depth=500000.E+02 A
  Layer # 1 - Density =0000.0178 g/cm3
  Layer # 1 -  100 % of Ar
様様様様様様様様様様様様様様様様様様様様様様様様様様
                                            
Ion       Depth  X   Lateral Y   Lateral Z  
Number    (Angstrom) (Angstrom)  (Angstrom) 
-------  ----------- ----------- -----------
0000001   4.3250E+04 -5.8571E+04 -5.2343E+03
0000002   6.9329E+04 -2.6347E+04 -1.1606E+03
0000003   5.4015E+04  9.8336E+03 -2.7276E+04
0000004   3.6373E+04 -1.1915E+04  2.0886E+04
0000005   5.0932E+04 -1.4998E+04 -3.2308E+04
0000006   6.0859E+04  7.3720E+03 -7.0198E+03
0000007   6.9868E+04 -1.0253E+04 -4.4621E+03
0000008   1.4661E+04 -9.1783E+02  3.8418E+03
0000009   5.6808E+04  1.8177E+04  3.3974E+04
0000010   3.3051E+04 -1.7375E+04 -6.0955E+03
0000011   8.8165E+04 -2.6448E+04  3.3798E+04
0000012   7.7127E+04  1.8374E+04  1.5287E+04
0000013   4.5811E+04 -1.3576E+04  1.2726E+04
0000014   4.3478E+04 -2.7567E+04 -5.2266E+01
0000015   6.0918E+04 -1.8916E+04 -2.0325E+04
0000016   3.4440E+04  2.2715E+04  1.0614E+03
0000017   5.1046E+04  4.6304E+04  7.4092E+03
0000018   5.2874E+04  2.3919E+04  3.9689E+04
0000019   6.9306E+04  2.4506E+04  5.8510E+03
0000020   3.0303E+04  3.6697E+03 -3.5997E+03
0000021   5.7884E+04 -7.9905E+03 -8.1634E+03
0000022   3.9476E+04 -1.3762E+02  1.0752E+04
0000023   8.7216E+04 -3.3248E+04  2.0570E+04
0000024   2.6908E+04 -2.3701E+04  3.8709E+03
0000025   4.1329E+04 -1.0931E+04 -2.1399E+04
0000026   3.2890E+04  1.2543E+04 -8.2719E+03
0000027   7.3285E+04  2.6924E+03  2.6848E+04
0000028   3.4362E+04 -3.3291E+04 -1.4611E+04
0000029   3.3562E+04  6.8650E+03 -1.2268E+04
0000030   2.4205E+04 -2.0825E+03  1.8076E+04
0000031   2.8682E+04  1.0166E+04  2.2266E+04
0000032   1.0036E+05  2.8968E+04  6.4236E+04
0000033   5.7869E+04 -1.8855E+04 -2.0097E+04
0000034   3.0111E+04 -1.0792E+04  2.4414E+04
0000035   3.4993E+04 -1.0583E+04 -1.4371E+03
0000036   5.2631E+04  3.1467E+04  5.1569E+03
0000037   6.3246E+03 -8.0277E+03  4.7914E+03
0000038   4.8540E+04  8.0580E+03  9.1694E+03
0000039   2.3959E+04  7.2071E+03  1.8313E+03
0000040   2.8433E+04 -1.7782E+04  2.1616E+03
0000041   2.0568E+04 -3.0406E+03  1.3612E+04
0000042   5.4706E+04 -3.2197E+04  2.3280E+03
0000043   1.1370E+04 -2.1469E+04 -9.8574E+03
0000044   8.6203E+04  2.4622E+04  8.4338E+03
0000045   5.0981E+04 -1.2645E+04 -1.5772E+04
0000046   7.9773E+04 -2.6957E+04  4.7017E+03
0000047   1.0690E+05  3.7083E+04  1.6524E+04
0000048   2.4596E+04  1.8155E+04 -1.0865E+04
0000049   6.0604E+04  1.7820E+04 -1.2433E+04
0000050   3.6541E+03 -1.8176E+04 -1.3736E+04
0000051   5.4042E+04 -1.8725E+04  9.9658E+03
0000052   1.8847E+04 -6.1157E+03 -7.6899E+03
0000053   5.4678E+04  1.6572E+04  1.5342E+04
0000054   3.2178E+04 -3.6745E+04 -2.2932E+04
0000055   8.2797E+04  3.3707E+03  1.8796E+04
0000056   6.0797E+04  8.3581E+03  5.2971E+04
0000057   2.8962E+04 -1.6913E+03 -1.1930E+04
0000058   5.0344E+04  2.5193E+04 -4.5401E+03
0000059   1.8301E+04  3.9693E+04 -4.5909E+04
0000060   1.7430E+04 -1.1976E+04  3.2819E+03
0000061   1.0060E+05  7.6796E+03 -1.0264E+04
0000062   6.1092E+04  1.7469E+04  2.3848E+04
0000063   5.6140E+04  3.8646E+04  1.3789E+04
0000064   2.8237E+04 -2.2745E+04  3.2047E+03
0000065   4.3892E+04 -5.4874E+04 -1.5611E+04
0000066   4.5396E+04 -8.7557E+03 -1.0389E+04
0000068   5.8039E+04  3.1324E+04  1.2056E+04
0000069   2.4655E+04  1.3518E+04  2.1153E+04
0000070   4.6166E+04 -2.5850E+03 -3.8568E+04
0000071   2.9641E+04  3.0399E+04 -4.3223E+04
0000072   6.1261E+04 -2.7637E+04 -3.6350E+03
0000073   2.2767E+04 -1.8058E+04  5.4721E+03
0000074   7.2037E+04 -1.1158E+04 -2.1137E+04
0000075   2.2507E+04  2.5100E+04 -4.5694E+03
0000076   4.0222E+04 -8.4276E+03  5.2992E+03
0000077   5.9687E+04 -1.8343E+04  5.0604E+04
0000078   7.9829E+04  9.0581E+03  1.2082E+04
0000079   3.9195E+04  2.8927E+04  2.1012E+04
0000080   2.7743E+04 -1.1854E+04  1.9319E+04
0000081   7.7423E+04  8.0072E+03  1.2717E+04
0000082   2.1927E+04  3.1049E+04  1.1509E+04
0000083   2.6823E+04 -1.2724E+04  4.3469E+03
0000084   4.9327E+04  3.9255E+04  5.8108E+03
0000085   2.6296E+04  2.1830E+04  1.3796E+04
0000086   5.2358E+04  9.9402E+02  2.1367E+04
0000087   2.7643E+04  1.2471E+04  3.4760E+04
0000088   8.9434E+04 -1.1637E+04 -5.3023E+04
0000089   5.6284E+04 -1.3636E+04  8.2242E+02
0000090   6.9461E+04 -1.5772E+03 -2.4229E+04
0000091   5.5655E+04 -5.2117E+04 -1.4092E+04
0000092   4.6717E+04  6.6102E+03  4.3999E+03
0000093   1.2295E+04 -1.1596E+03 -4.7784E+03
0000094   4.1154E+04 -2.1154E+04 -1.9821E+04
0000095   2.6056E+04 -1.3509E+04 -1.2719E+04
0000096   3.9633E+04  2.6561E+03  7.7053E+03
0000097   2.6001E+04  1.9699E+04 -5.1998E+03
0000098   6.2558E+03 -2.9957E+03 -5.5441E+03
0000099   8.5613E+04 -1.6373E+04 -5.4342E+04
0000100   4.4670E+04 -1.0825E+04 -1.0368E+04
0000101   3.3093E+04  6.5990E+03 -1.2126E+04
0000102   3.6884E+04  2.8224E+04 -1.7971E+04
0000103   4.8221E+04 -3.3160E+04 -2.9671E+04
0000104   9.0186E+04  4.5559E+04 -1.8196E+04
0000105   3.6419E+04 -1.1981E+04 -8.5479E+03
0000106   2.5970E+04 -1.3648E+04  5.7091E+03
0000107   6.0874E+04  2.0713E+04  1.9546E+04
0000108   4.1764E+04 -5.8970E+04 -1.6195E+04
0000109   4.7885E+04 -2.0314E+04  1.9263E+04
0000110   2.2988E+04 -1.8717E+04 -2.0656E+04
0000111   7.4284E+04 -3.9537E+04  2.8231E+04
0000112   1.1367E+04  2.9935E+03  1.3508E+02
0000113   5.6343E+04 -3.5660E+04 -4.2239E+04
0000114   4.1482E+04 -3.0192E+04 -1.1693E+04
0000115   4.6648E+04 -3.9670E+04  9.0511E+03
0000116   4.3473E+04  3.4827E+03 -1.1466E+04
0000117   6.5422E+04  1.3674E+04  4.3854E+04
0000118   4.6112E+04  9.1059E+03 -9.9986E+02
0000119   5.9598E+04 -1.1962E+03  1.0631E+03
0000120   2.3009E+04 -1.9709E+04 -4.7008E+03
0000121   2.9213E+04  2.9672E+04  8.1663E+03
0000122   7.4232E+04  2.4023E+03  1.0947E+04
0000123   2.4875E+04  5.8124E+03  1.0665E+04
0000124   7.4227E+04 -1.7227E+03  2.3913E+04
0000125   8.8837E+04 -2.0536E+04  8.6096E+03
0000126   6.1799E+04 -8.7144E+02 -2.1718E+04
0000127   7.3455E+04  1.0533E+04  3.3833E+03
0000128   5.9661E+04  6.4597E+03 -2.6713E+04
0000129   7.7632E+03 -3.1481E+04 -7.5490E+04
0000130   4.3273E+04  2.4061E+04 -1.4857E+04
0000131   3.8214E+04  5.2254E+03  9.6154E+03
0000132   6.3013E+04  2.8307E+04  5.9041E+03
0000133   6.5089E+04  3.1281E+03  1.1141E+03
0000134   6.6049E+04 -3.4021E+04 -1.4907E+04
0000135   7.1486E+04 -2.3289E+03  6.4266E+02
0000136   6.9870E+04  2.4940E+04 -8.5412E+03
0000137   6.7621E+04 -1.3381E+04  1.5863E+04
0000138   4.2735E+03 -2.9828E+04 -4.3551E+03
0000139   5.5703E+04 -5.5505E+04 -2.1782E+04
0000140   5.4451E+04 -9.4670E+03  4.9369E+03
0000141   2.6759E+04 -2.6556E+03  5.0668E+03
0000142   5.9314E+04  4.6367E+04 -9.8646E+03
0000143   5.7032E+04  6.2991E+03  2.1087E+04
0000144   2.7711E+04 -1.3884E+03  2.0553E+04
0000145   1.0376E+05 -2.6831E+04 -8.2382E+02
0000146   5.9380E+04  1.3638E+04  4.5678E+03
0000147   5.8448E+04 -3.4794E+04 -6.2830E+03
0000148   4.4185E+04  5.4835E+03 -5.5689E+03
0000149   1.0038E+05  2.5745E+04  1.3556E+04
0000150   4.0297E+04  1.2510E+04 -1.1700E+04
0000151   2.0357E+04 -1.1116E+04 -1.0432E+04
0000152   3.4773E+04 -2.7086E+04  2.0252E+04
0000153   4.4941E+04  1.4605E+04  3.3855E+03
0000154   7.7476E+04 -1.3853E+04 -3.6349E+04
0000155   1.1655E+04  1.1675E+04 -9.7208E+03
0000156   4.5460E+04  1.3587E+04  6.2527E+03
0000157   7.2896E+04  8.4456E+03  2.8575E+04
0000158   7.5012E+04 -6.5963E+03 -2.2723E+04
0000159   1.2755E+04 -9.4319E+03 -2.7476E+03
0000160   3.1759E+04  1.0179E+04  5.1045E+03
0000161   7.4897E+04  4.2670E+04 -3.5592E+03
0000162   6.9497E+04  7.5770E+03  4.0404E+03
0000163   5.6596E+04  8.5600E+03  7.1973E+03
0000164   3.5371E+04  4.7675E+03 -4.8135E+04
0000165   3.4109E+04  3.2266E+04  3.2976E+04
0000166   3.3010E+04  2.4191E+04  8.3362E+03
0000167   6.3753E+04  1.6478E+04 -2.9298E+04
0000168   7.5924E+04  2.3193E+03 -1.0803E+03
0000169   6.9054E+04 -5.0599E+04  4.1027E+04
0000170   8.4900E+04 -1.7488E+04  8.0555E+03
0000171   7.9656E+04 -5.1955E+03  6.6438E+02
0000172   5.2078E+04 -1.2550E+04  3.2197E+04
0000173   2.9185E+04  4.1446E+03  1.3227E+04
0000174   6.6586E+04 -5.2659E+03 -5.1444E+03
0000175   7.3954E+04  1.3475E+04 -7.4911E+02
0000176   6.2916E+04  8.3476E+03  8.7930E+03
0000177   3.7624E+04 -1.5097E+04 -1.5986E+04
0000178   1.0244E+05  1.8840E+04 -5.3743E+04
0000179   1.9756E+04  1.0401E+04  1.4758E+04
0000180   4.5724E+04  2.9729E+04 -8.6938E+03
0000181   4.1629E+04  9.5601E+03 -1.7633E+04
0000182   3.6594E+04 -2.8126E+04  1.7353E+04
0000183   2.6199E+04  1.6133E+03 -1.4442E+04
0000184   1.4226E+04  6.0805E+03 -4.0847E+03
0000185   4.0026E+04  7.5161E+03 -3.9597E+04
0000186   5.6419E+04  2.8505E+03 -2.6722E+04
0000187   4.1559E+04 -3.7363E+03 -1.8518E+04
0000188   6.2908E+04 -4.4415E+02 -9.3186E+03
0000189   5.5510E+04  1.0320E+04  7.0073E+03
0000190   4.1227E+04 -3.8829E+04 -1.1072E+03
0000191   4.6209E+04 -2.6010E+04 -1.1375E+03
0000192   5.2040E+04  3.3044E+04 -2.2963E+04
0000193   2.8688E+04  3.9226E+03  6.5746E+03
0000194   4.2168E+04 -3.5805E+04  4.5252E+03
0000195   5.2423E+04  1.7130E+04  1.2396E+04
0000196   2.5860E+04 -2.1899E+04  3.0384E+03
0000197   6.2112E+04  2.4802E+03 -2.7918E+04
0000198   2.6454E+04 -1.1279E+04 -6.2380E+03
0000199   6.1110E+04  1.2756E+04  2.7428E+04
0000200   2.0442E+04  2.2410E+04 -9.6407E+03
0000201   4.2975E+04  3.1086E+04 -3.3335E+03
0000202   2.3934E+04  3.1975E+04 -2.5044E+03
0000203   5.0023E+04 -3.6047E+04  1.0682E+04
0000204   4.3725E+04  1.5590E+04 -5.1488E+04
0000205   5.7863E+04  1.8672E+04 -1.6237E+03
0000206   7.6614E+04  1.2436E+04  9.4138E+03
0000207   1.7236E+04  2.4234E+04 -2.8493E+04
0000208   6.9242E+04 -2.6137E+04  2.3721E+04
0000209   4.1239E+04  1.2687E+04  2.4055E+04
0000210   3.0671E+04 -2.8526E+04 -3.9867E+04
0000211   2.3749E+04 -7.0040E+02  1.7409E+04
0000212   5.5053E+04  1.1894E+04  1.2351E+04
0000213   6.1471E+04  2.4524E+04 -5.3936E+04
0000214   2.7175E+04 -1.0017E+04 -1.3982E+04
0000215   1.3755E+04  1.2801E+04  6.4229E+01
0000216   3.1043E+03  4.2968E+03 -1.6188E+03
0000217   5.8338E+04 -3.0279E+04  2.9934E+04
0000218   3.2408E+04 -9.4271E+03 -2.0788E+04
0000219   2.0246E+04 -7.3059E+03  4.4951E+03
0000220   7.4063E+04  5.0852E+03  3.8461E+04
0000221   5.4756E+04  3.1121E+04 -1.0910E+03
0000222   3.2377E+04  2.1441E+04 -9.4563E+03
0000223   1.8751E+04 -9.5680E+04 -5.4310E+04
0000224   6.7319E+04 -3.3849E+04  1.8385E+04
0000225   2.6646E+04  4.1270E+03  1.2100E+04
0000226   6.1102E+04  1.0103E+04  2.1064E+04
0000227   7.6613E+04  2.9957E+04  4.6038E+03
0000228   3.3012E+04 -1.5229E+03 -6.7212E+03
0000229   5.6196E+04 -2.4010E+04 -1.3814E+04
0000230   5.3454E+04 -1.6462E+04 -5.9957E+03
0000231   9.9373E+04  1.5708E+04  6.1259E+04
0000232   3.8186E+04  2.5352E+04  9.1770E+03
0000233   6.7211E+04 -2.7582E+04  2.1705E+04
0000234   5.1148E+04 -1.2943E+04 -2.5449E+04
0000235   4.1628E+04  1.1320E+04  1.6162E+04
0000236   3.7887E+03  9.6754E+03  2.2755E+04
0000237   4.8615E+03 -1.5145E+04 -3.3418E+04
0000238   5.5974E+04 -5.6295E+03  1.3289E+04
0000239   3.5862E+04 -9.3147E+03  1.0095E+04
0000240   4.4821E+04  3.3827E+04 -1.0343E+04
0000241   1.0161E+05  1.0702E+03  9.3329E+03
0000242   6.5480E+04 -4.2066E+04 -9.6431E+03
0000243   4.4871E+04 -8.9457E+02  1.2899E+04
0000244   3.7881E+04 -1.1833E+04 -1.1841E+04
0000245   4.1498E+04 -2.7596E+03  5.3734E+03
0000246   7.2988E+04 -8.9338E+03  2.0224E+04
0000247   9.3408E+04  3.0254E+04  1.2255E+04
0000248   2.1065E+04  1.4018E+04 -4.7898E+03
0000249   3.7150E+04 -2.2605E+03  4.9272E+02
0000250   4.2061E+04  2.7934E+04  2.2977E+04
0000251   2.9843E+04 -1.5659E+04 -3.8341E+03
0000252   5.7318E+04 -1.3396E+04  3.0207E+04
0000253   3.9253E+04 -2.6573E+04 -2.2732E+02
0000254   3.5104E+04  2.1388E+04 -6.7980E+03
0000255   3.8359E+04 -1.5268E+04 -5.0547E+04
0000256   1.6371E+04 -8.2452E+03 -8.2856E+03
0000257   5.3365E+04 -2.3213E+04 -2.5223E+04
0000258   4.7180E+04 -6.3509E+03 -5.1497E+03
0000259   1.1568E+05  1.0981E+04 -5.3923E+02
0000260   4.7166E+04 -3.3394E+04  4.5087E+04
0000261   8.8774E+04  1.5309E+03  9.3242E+03
0000262   4.7541E+04 -4.6364E+04 -8.5898E+03
0000263   4.8899E+04 -1.4888E+03  6.3002E+03
0000264   2.9607E+04 -1.5712E+04 -8.7377E+03
0000265   8.2870E+04  7.1043E+03 -1.0245E+04
0000266   4.9454E+04  4.0572E+02  1.5110E+04
0000267   3.3094E+04 -1.9758E+02 -2.4143E+04
0000268   5.3245E+04 -2.0202E+04 -1.1076E+04
0000269   4.7280E+04 -6.3869E+03 -1.1811E+04
0000270   4.9282E+04 -4.1898E+04  1.8040E+03
0000271   4.7874E+04  2.1850E+04 -1.2236E+04
0000272   2.7648E+04  1.0027E+04  2.6113E+03
0000273   5.9948E+04  1.5218E+04  4.8163E+02
0000274   3.1676E+04  2.1563E+04 -6.0278E+04
0000275   2.4898E+04 -1.7437E+04  1.3666E+04
0000276   7.1027E+04 -7.8749E+03 -1.0813E+04
0000277   3.7329E+04 -3.0642E+04 -6.6096E+03
0000278   4.6101E+04  3.7066E+03  2.7032E+03
0000279   5.7890E+04  8.1356E+03  9.9128E+03
0000280   6.6724E+04  2.9810E+04 -1.5778E+03
0000281   1.4547E+04  2.0757E+04  2.2886E+04
0000282   7.3205E+04  1.9716E+04  2.7370E+04
0000283   2.9107E+04 -3.1219E+03  6.2812E+03
0000284   6.3009E+04 -4.7418E+04 -5.7916E+03
0000285   4.7955E+04 -5.3146E+04  1.5731E+02
0000286   5.7507E+04  7.1438E+03  3.8211E+04
0000287   3.8237E+04  1.8351E+04  4.2217E+03
0000288   4.0072E+04  5.0000E+03 -7.3357E+03
0000289   5.7156E+04  3.6496E+04  3.8128E+04
0000290   5.5319E+04  3.8093E+04 -1.1063E+04
0000291   8.8112E+04  2.3662E+04 -1.7536E+04
0000292   4.5431E+04  3.4382E+03  3.1037E+04
0000293   3.0175E+04 -1.4655E+04  2.4319E+04
0000294   5.0272E+04  3.5806E+02 -2.3783E+03
0000295   1.5098E+04  8.9863E+03  6.2068E+03
0000296   8.8416E+04 -3.9725E+04 -2.9875E+04
0000297   4.0262E+04  3.5300E+04 -5.0603E+03
0000298   9.8655E+04 -9.5913E+03 -2.2268E+03
0000299   2.9854E+04 -7.9696E+03 -3.4589E+02
0000300   7.7999E+04 -1.6269E+04 -1.6907E+04
0000301   3.3085E+04  1.0803E+04  9.7846E+03
0000302   7.7432E+04  2.4497E+04 -3.1969E+04
0000303   2.2677E+04 -1.6156E+04  1.7457E+03
0000304   2.9850E+04  3.6084E+04  3.1606E+04
0000305   4.4822E+04  8.0667E+03  5.4094E+04
0000306   2.4158E+04 -8.6603E+03 -6.2656E+02
0000307   1.8149E+04 -1.4136E+04 -9.3440E+03
0000308   5.7143E+04  1.7763E+04 -3.5434E+04
0000309   6.9614E+04 -3.3406E+04 -1.1565E+04
0000310   1.2237E+05 -8.3196E+03  5.9973E+04
0000311   4.3212E+03  1.3748E+04 -5.0950E+02
0000312   4.5427E+04 -5.6886E+03 -1.9237E+04
0000313   1.0711E+04 -7.9384E+03 -9.6397E+03
0000315   4.6105E+04  3.7366E+03 -5.2551E+03
0000316   3.0421E+04 -2.7310E+04  5.5307E+03
0000317   6.9564E+04  5.7098E+02 -1.7638E+04
0000318   8.2800E+04 -4.5441E+03 -4.0206E+04
0000319   8.5799E+04 -3.4359E+04 -2.7152E+04
0000320   9.2045E+04 -1.4479E+04 -3.6953E+04
0000321   4.7582E+04  1.7560E+04 -3.4157E+04
0000322   7.0796E+04 -1.6398E+04  2.2261E+03
0000323   2.3058E+04  3.0151E+04  1.3020E+04
0000324   2.9829E+04 -2.7398E+03 -2.3061E+04
0000325   4.3960E+04  2.6290E+03  3.3844E+04
0000326   3.9431E+04  2.4837E+04  2.1113E+04
0000327   7.1108E+04  1.2080E+04 -2.3871E+04
0000328   6.8621E+04 -2.2607E+04 -3.7989E+04
0000329   3.0257E+04 -4.4432E+03 -9.5639E+03
0000330   6.9597E+04 -1.5220E+04  3.9402E+04
0000331   2.3586E+04  1.0167E+04 -2.0367E+04
0000332   3.3836E+04 -2.0609E+04  9.1036E+03
0000333   3.3290E+04  1.1371E+04  1.7289E+04
0000334   4.7717E+04  2.3436E+04 -6.9571E+03
0000335   5.1143E+03  6.5693E+02 -2.8830E+03
0000336   5.4903E+04 -3.8375E+04  1.8967E+04
0000337   7.9376E+04 -1.8491E+04  2.8535E+04
0000338   5.6270E+04  9.1789E+03  4.5755E+03
0000339   2.6466E+04 -6.3949E+03  1.2773E+03
0000340   6.8607E+04  1.7689E+02 -9.3242E+03
0000341   6.8521E+04  1.1665E+03 -2.3930E+04
0000342   6.0873E+04 -1.5887E+04  5.3830E+03
0000343   3.5950E+04  1.6234E+04  2.9668E+04
0000344   5.6481E+04 -4.0785E+03 -2.2386E+04
0000345   5.2550E+04 -2.4531E+04  1.4198E+04
0000346   3.5771E+04 -1.6170E+04 -1.7525E+03
0000347   8.8701E+04 -3.4428E+04 -3.3053E+04
0000348   4.6549E+04  1.4976E+04 -1.3185E+04
0000349   3.5308E+04 -9.1770E+03 -1.9276E+04
0000350   4.7361E+04 -9.2225E+03 -3.6958E+03
0000351   4.8084E+04 -3.1990E+04  2.6166E+04
0000352   2.8908E+04 -9.2822E+03  2.9338E+04
0000353   1.0611E+04 -3.5838E+04 -3.6321E+02
0000354   4.8941E+04  5.3491E+03  9.8857E+03
0000355   3.1684E+04 -1.2031E+03 -5.6438E+03
0000356   5.1160E+04 -4.1107E+03  1.8455E+02
0000357   1.4983E+04 -5.6495E+03 -1.0800E+04
0000358   1.9449E+04 -2.4935E+03  1.1421E+04
0000359   2.4805E+04 -1.9395E+04  1.2644E+04
0000360   6.3602E+04  1.6906E+04  1.1778E+03
0000361   2.2118E+04  8.3786E+03 -1.3744E+04
0000362   4.7180E+04  2.4246E+04  2.8245E+04
0000363   5.4257E+04  2.2906E+04  2.0334E+04
0000364   4.8347E+04  2.6850E+03  7.7509E+02
0000365   8.4224E+04  2.2339E+04  3.3021E+04
0000366   2.2002E+04 -2.7321E+03 -1.1460E+04
0000367   7.1030E+04 -4.4441E+04 -3.3377E+03
0000368   1.1098E+05 -1.0870E+03  1.0264E+04
0000369   2.2242E+04  9.2543E+03  1.3285E+04
0000370   1.7812E+04  1.0925E+04  3.7226E+03
0000371   7.0398E+03 -5.2930E+03  1.0408E+02
0000372   1.0950E+05  1.5852E+04  3.9083E+02
0000373   9.2769E+04  9.6659E+03  1.0049E+04
0000374   4.2948E+04  7.0664E+03 -1.2751E+04
0000375   5.9852E+04  2.3282E+04  9.1250E+03
0000376   8.1852E+04  4.7841E+04 -5.0734E+03
0000377   4.2246E+04  2.3980E+04  1.3773E+04
0000378   7.6320E+04  2.6175E+04  2.2093E+03
0000379   5.8355E+04 -5.1494E+04 -5.6346E+02
0000380   6.3238E+04  4.9201E+04 -2.4485E+04
0000381   8.2533E+04 -1.6004E+04 -5.7187E+04
0000382   7.7444E+04  1.8695E+04 -3.0554E+04
0000383   6.1451E+04 -4.6877E+03 -4.4170E+03
0000384   1.5173E+04 -2.5902E+04  1.5209E+04
0000385   3.1004E+04  1.1968E+04 -1.1727E+04
0000386   3.3644E+04  6.0426E+03  2.7748E+04
0000387   3.1811E+04 -1.7590E+04  9.1819E+03
0000388   4.8431E+04  8.5874E+03 -1.3544E+04
0000389   9.4103E+04  8.5563E+03  2.5352E+04
0000390   2.1315E+04 -1.8091E+03 -1.0451E+04
0000391   6.6682E+04  1.8504E+03  1.2958E+04
0000392   5.3171E+04 -8.4841E+03 -8.6345E+03
0000393   3.8234E+04 -1.6177E+04  2.2170E+04
0000394   7.1847E+04 -2.4201E+03  1.2483E+04
0000395   5.8029E+04 -9.5066E+03  6.0597E+03
0000396   8.1453E+04 -8.3813E+03 -1.0343E+03
0000397   3.2632E+04 -1.0450E+04  2.0628E+04
0000398   8.4015E+04  3.3821E+04 -1.6486E+04
0000399   3.4272E+04  6.0837E+02 -5.1466E+03
0000400   2.9627E+04 -6.0099E+03 -5.3747E+03
0000401   5.4305E+04 -1.6259E+04  5.6547E+03
0000402   4.5390E+04  6.9538E+03 -5.1831E+04
0000403   4.5506E+04  4.2061E+03 -5.4675E+03
0000404   5.9757E+04  1.0536E+04  1.1839E+04
0000405   2.5988E+04 -1.9079E+03  1.9991E+04
0000406   5.4134E+04  2.2890E+04  1.1931E+03
0000407   9.8666E+04  4.7380E+03 -9.9917E+02
0000408   3.9364E+04  1.8888E+04  2.0860E+04
0000409   2.7356E+04 -8.4967E+03 -2.8296E+04
0000410   4.8207E+04  1.2974E+04  3.4312E+04
0000411   8.2132E+03 -3.5353E+04  8.1661E+03
0000412   5.4893E+04 -1.7107E+04 -4.5063E+03
0000413   4.2875E+04  4.1778E+03  1.6553E+03
0000414   2.0888E+04  1.0058E+04  1.0044E+04
0000415   1.2660E+04 -8.2500E+03  9.1149E+03
0000416   8.7799E+04  3.0519E+04  5.8248E+04
0000417   4.7186E+04  3.6706E+04  1.9436E+04
0000418   6.6817E+04  2.4005E+04  1.2311E+04
0000419   3.6592E+04 -6.1784E+03  1.2461E+04
0000420   4.7852E+04 -1.6344E+03  2.1884E+04
0000421   7.3734E+04 -1.4081E+04 -1.8601E+04
0000422   1.4868E+05  1.1071E+03  3.7999E+03
0000423   6.7991E+04 -9.9732E+03 -1.5599E+04
0000424   4.5874E+04  3.7980E+04 -5.2896E+03
0000425   5.2829E+04  2.2526E+04  4.3911E+04
0000426   6.3216E+04 -4.1860E+04  5.1618E+01
0000427   2.3625E+04 -5.2769E+03 -2.1545E+03
0000428   3.0815E+04  4.9146E+02 -1.3926E+04
0000429   1.8010E+04 -1.8208E+03 -1.3096E+04
0000430   1.7915E+04  7.2680E+03  2.8562E+04
0000431   5.5051E+04 -1.5138E+04 -9.4253E+03
0000432   3.9501E+04  2.4594E+04 -9.8516E+03
0000433   6.1812E+04 -2.2992E+04 -7.5382E+03
0000434   2.6222E+04 -8.3933E+03 -4.1876E+04
0000435   3.3806E+04 -2.4085E+04  2.5657E+04
0000436   9.5553E+04  1.7720E+03 -5.6486E+03
0000437   5.7669E+04  2.6467E+04  7.7534E+03
0000438   5.1598E+04  1.1631E+04  3.2471E+04
0000439   6.2510E+04  8.9883E+03 -2.0868E+04
0000440   5.5962E+04  4.3809E+04  1.0305E+04
0000441   6.1410E+04 -5.8607E+03  1.3216E+03
0000442   7.9570E+04 -2.4401E+04 -1.7479E+04
0000444   1.6224E+04  2.5360E+04  2.3768E+03
0000445   2.3659E+04  2.0217E+04 -2.8490E+04
0000446   4.9707E+04 -2.5491E+03  1.5072E+04
0000447   6.2521E+03 -6.1403E+03 -1.7349E+04
0000448   4.4749E+04  3.0582E+04  6.6658E+03
0000449   4.6567E+04 -3.6723E+04 -4.2624E+03
0000450   2.0675E+04 -7.6379E+03  1.9404E+03
0000451   3.8200E+04  1.5199E+04 -1.7229E+04
0000452   4.9294E+04  5.9105E+03 -2.8489E+04
0000453   3.4642E+04 -4.7705E+03  1.7216E+04
0000454   1.4682E+04 -2.7958E+04 -7.8476E+03
0000455   7.2125E+04  3.3211E+03 -1.5236E+03
0000456   5.7674E+04 -3.1827E+04 -2.2092E+04
0000457   8.7922E+04  1.3522E+04  7.6678E+03
0000458   4.9257E+04 -2.1842E+04  2.6948E+04
0000459   9.2588E+04 -9.2383E+03  2.0432E+04
0000460   4.7970E+04  2.6916E+04 -1.6389E+04
0000461   1.8339E+04  3.9111E+03 -1.9168E+04
0000462   7.8157E+04 -2.0869E+04  1.5794E+03
0000463   7.1212E+04 -8.5227E+01  3.8075E+03
0000464   1.5207E+04  7.8413E+03 -1.3013E+03
0000465   2.5322E+04 -7.4094E+03  2.3254E+03
0000466   3.8858E+04 -2.2942E+04 -3.3130E+03
0000467   3.8603E+04 -3.0215E+04  2.8393E+04
0000468   3.2371E+04 -2.9184E+03 -1.6728E+04
0000469   4.7570E+04 -2.0339E+04  5.0689E+04
0000470   7.9988E+04  3.1164E+04  1.5659E+04
0000471   8.1327E+04  4.9505E+04 -3.4601E+04
0000472   3.9280E+04  1.7877E+04 -2.1444E+03
0000473   2.9720E+04  2.1414E+04 -4.3705E+03
0000474   3.9665E+04 -3.0253E+04  2.9939E+04
0000475   6.9534E+04  4.6088E+03 -1.9393E+04
0000476   6.7484E+04  5.5106E+01 -1.0304E+04
0000477   2.4433E+04 -1.2387E+03  3.4122E+04
0000478   1.0700E+05 -4.1601E+02  3.8820E+04
0000479   4.9631E+04  1.6442E+04 -3.1723E+04
0000480   3.4360E+04  3.0092E+04  4.0355E+04
0000481   8.0168E+04 -1.4974E+04  2.8174E+04
0000482   4.0576E+04  8.3276E+03  6.8946E+03
0000483   2.1585E+04  2.9497E+03 -2.8948E+04
0000484   5.6871E+04  6.5482E+03  2.3488E+04
0000485   4.5881E+04  2.8464E+04  1.3395E+04
0000486   4.1634E+04  4.1800E+03  7.9097E+03
0000487   1.0342E+05 -2.0059E+04 -2.5313E+04
0000488   4.7604E+04  1.9911E+04 -2.2030E+04
0000489   3.7214E+04  2.4655E+04 -3.9915E+04
0000490   2.0678E+04  9.3595E+02 -2.6150E+04
0000491   5.1127E+04 -2.4102E+03  6.1905E+03
0000492   7.9690E+04 -4.1585E+03 -1.8147E+04
0000493   3.0329E+04  1.2572E+04  9.3299E+03
0000494   2.8590E+04 -1.8359E+04 -1.6743E+04
0000495   7.5886E+04  2.4107E+04  1.2517E+04
0000496   4.3873E+04 -2.1680E+03 -8.9622E+03
0000497   6.8097E+04  1.4059E+04 -1.2921E+04
0000498   3.0160E+04 -4.3038E+04 -1.1777E+03
0000500   3.6953E+04  4.2900E+04  3.4774E+04
0000501   5.2649E+04  2.8061E+03 -4.7992E+03
0000502   3.7705E+04 -1.3631E+04  1.1068E+04
0000503   3.6106E+04 -3.6124E+03 -5.9197E+02
0000504   8.7461E+04 -4.7869E+03  1.3434E+04
0000505   5.2950E+04 -2.1619E+04 -4.5162E+03
0000506   5.1114E+04 -5.5516E+04 -3.1550E+04
0000507   7.1371E+04 -4.4928E+04  1.1437E+04
0000508   5.0835E+04  8.1469E+03  2.4853E+04
0000509   1.4627E+04 -2.3225E+04  2.8587E+03
0000510   1.9284E+04  1.2495E+04 -5.7331E+03
0000511   9.2677E+04 -1.4938E+04 -1.5424E+03
0000512   5.2087E+04  3.2995E+04  2.7987E+04
0000513   6.4162E+04  4.2550E+04  2.3347E+04
0000514   4.3754E+04  4.1234E+02 -3.9172E+04
0000515   3.9739E+04  3.9625E+03  5.0219E+04
0000516   5.7589E+04 -3.6688E+04  4.1694E+04
0000517   5.3551E+04  4.0023E+03  4.0802E+03
0000518   8.4438E+04 -1.5627E+04  1.9541E+04
0000519   3.9443E+04 -1.3505E+04  1.4084E+04
0000520   1.8419E+04 -3.4993E+04  3.8613E+03
0000521   7.3523E+04  2.8352E+04 -2.0046E+04
0000522   4.3023E+04 -3.4394E+03 -3.1549E+04
0000523   6.0235E+04 -2.2422E+04  2.2470E+02
0000524   1.8010E+04 -1.9589E+03 -1.1715E+04
0000525   7.7463E+04  8.8652E+03 -5.5233E+04
0000526   4.0638E+04  1.3914E+04  2.4990E+04
0000527   5.7441E+04 -1.0334E+04 -1.9587E+04
0000528   5.1802E+04  9.8350E+03  2.1249E+04
0000529   3.2579E+04 -2.4328E+04  9.5539E+02
0000530   2.9433E+04 -3.4118E+03  3.1671E+03
0000531   6.6550E+04  2.1467E+04 -1.5249E+03
0000532   9.2273E+03 -6.7557E+03 -1.4868E+04
0000533   7.4831E+04  1.0496E+04 -2.4487E+03
0000534   3.7762E+04  1.4182E+04 -5.0893E+04
0000535   7.5295E+04 -9.2385E+03  6.6358E+03
0000536   9.9100E+04  4.6864E+03 -2.7137E+04
0000537   7.9739E+04 -5.1411E+04 -1.2285E+04
0000538   5.3651E+04 -3.5421E+04  1.5480E+04
0000539   3.3227E+04 -2.8170E+04  1.9882E+04
0000540   6.2177E+04  3.4105E+03 -1.1005E+03
0000541   7.7563E+04  1.3233E+04 -1.7439E+04
0000542   6.5653E+04 -1.3437E+04 -3.6446E+04
0000543   1.3535E+04 -9.5783E+03  1.2123E+04
0000544   7.8599E+04  1.7618E+03  2.9142E+03
0000545   3.6859E+04 -1.0819E+04  3.2875E+04
0000546   8.0798E+04 -1.2642E+04  1.4949E+04
0000547   2.6399E+04 -2.1078E+04 -9.5470E+03
0000548   6.3128E+04 -4.5137E+04  3.0763E+04
0000549   8.2496E+04  1.2046E+04  3.4311E+03
0000550   5.2452E+04 -2.3362E+04  1.8897E+04
0000551   5.2085E+04  2.6370E+02 -1.4107E+04
0000552   1.5169E+04 -1.0322E+04  7.4146E+03
0000553   7.5313E+04  2.2234E+04  2.8049E+04
0000554   3.9045E+03  6.7714E+02  1.2918E+04
0000555   4.4250E+04  3.2246E+04 -1.1407E+04
0000556   7.8910E+04  3.4244E+04 -1.4852E+04
0000557   2.8128E+04 -2.4232E+04 -3.0651E+04
0000558   1.8875E+04 -1.9203E+02 -3.4301E+04
0000559   4.9259E+04  3.9978E+02 -6.6397E+02
0000560   1.1214E+05  1.5481E+04 -4.3134E+04
0000561   8.0246E+04 -2.4748E+04  3.9068E+04
0000563   5.4355E+04  1.8956E+04  5.0180E+04
0000564   3.9585E+04 -2.5154E+04  2.8353E+04
0000565   4.2759E+04 -1.5845E+04  2.4273E+04
0000566   6.2253E+04  8.8544E+03  8.8510E+03
0000567   4.9702E+04  9.9250E+03  1.5982E+04
0000568   2.7992E+04  2.1045E+04 -1.5667E+04
0000569   3.4433E+04  1.2252E+04 -1.5575E+04
0000570   2.3073E+04  8.7516E+03  1.8865E+04
0000571   3.5574E+04 -4.0079E+04 -1.2844E+04
0000572   2.2224E+04  1.2700E+04 -3.1003E+04
0000573   9.6494E+04 -1.4884E+04 -1.8876E+04
0000574   7.9368E+04  1.5857E+03  5.2727E+03
0000575   8.7820E+04  2.0171E+04 -4.8672E+04
0000576   9.9895E+04 -2.0527E+04 -3.8587E+04
0000577   6.8694E+04 -9.3980E+02 -2.1187E+04
0000578   6.1115E+04 -2.6054E+04  1.1401E+04
0000579   5.0251E+04  1.4659E+04  7.2263E+03
0000580   8.9139E+04  1.5625E+04  1.8843E+04
0000581   3.7230E+04  1.5596E+04  2.9848E+03
0000582   7.0812E+04  4.7936E+04  9.9690E+03
0000583   6.5236E+04 -1.5106E+04 -3.3384E+04
0000584   5.4951E+04  2.2441E+04  2.0677E+04
0000585   4.2550E+04  2.8442E+03  1.4397E+03
0000586   6.9684E+04 -1.7570E+04  1.0462E+04
0000587   6.3324E+04  1.4015E+04  1.7296E+04
0000588   5.7052E+04 -1.1614E+04  5.9037E+03
0000589   3.4558E+04  1.2102E+04 -2.0449E+04
0000590   2.7753E+04  2.0323E+04  1.4630E+04
0000591   3.8524E+04 -1.4601E+04 -1.9553E+04
0000592   6.5219E+04  3.0965E+04  1.1982E+04
0000593   7.0418E+04 -1.5985E+04  6.3472E+03
0000594   7.3549E+04 -1.1755E+04  2.2106E+04
0000595   5.1647E+04 -1.2162E+04  1.9772E+04
0000596   6.9077E+04 -9.1378E+03 -1.8010E+04
0000597   3.9450E+04  1.8260E+04  1.7574E+04
0000598   5.2319E+04 -2.2602E+04  3.1724E+04
0000599   3.4451E+04  3.3226E+04 -4.9893E+03
0000600   7.3068E+04  3.0471E+04 -1.8377E+04
0000601   7.8613E+04  2.0971E+04  1.8009E+02
0000602   3.7277E+04  3.8273E+04  7.4562E+02
0000603   3.5541E+04 -1.6849E+04  1.6590E+03
0000604   8.3581E+04  1.1171E+04  2.6494E+03
0000605   1.1468E+05 -3.3161E+04 -1.6361E+04
0000606   7.2315E+04  4.7478E+04 -4.6535E+03
0000607   5.1083E+04 -4.1193E+03 -3.9981E+04
0000608   2.9827E+04  6.7627E+03  1.7070E+04
0000609   4.8980E+04 -1.6286E+04  6.6434E+03
0000610   5.3132E+04 -2.9554E+04  1.4218E+02
0000611   7.4796E+04  6.1538E+03 -1.6119E+04
0000612   2.8352E+04 -1.2250E+04  2.6124E+04
0000613   2.3869E+04  2.0823E+03 -3.1551E+04
0000614   6.6490E+04 -8.9394E+03 -4.1219E+04
0000615   7.8074E+04 -1.8084E+04  8.9841E+03
0000616   7.5564E+04 -1.2977E+04 -9.0011E+03
0000617   2.0566E+04 -1.0178E+03  1.3839E+04
0000618   9.9028E+04 -1.0709E+04 -3.9600E+04
0000619   7.2604E+04  5.5128E+04  5.3550E+03
0000620   7.1339E+04 -2.2145E+02 -1.0055E+04
0000621   3.8105E+04 -2.3096E+04 -1.6349E+04
0000622   3.8818E+04  7.5837E+03  1.2850E+04
0000623   3.2632E+04  2.7800E+04  5.0491E+03
0000624   3.6565E+04  4.0091E+04  3.3485E+04
0000625   8.0257E+04 -1.2849E+04  2.5682E+03
0000626   3.4029E+04 -3.5804E+04 -1.8404E+04
0000627   3.9800E+04  1.8898E+03 -3.5506E+04
0000628   8.6522E+04  7.2844E+04  9.5077E+03
0000629   2.8928E+04 -1.4230E+04 -1.1515E+04
0000630   4.4561E+04 -2.6180E+04 -1.8450E+04
0000631   4.2806E+04 -3.6274E+03  1.4106E+02
0000632   7.5931E+04  7.3550E+03 -1.9989E+04
0000633   3.8668E+04 -2.3178E+04 -8.2838E+03
0000634   8.8599E+04 -1.5895E+04 -9.4613E+02
0000635   7.5498E+04 -8.8413E+02  9.3284E+03
0000636   4.8234E+04  9.8639E+03  4.7125E+02
0000637   6.5552E+04 -1.9901E+04 -3.9354E+04
0000638   2.5334E+04  6.4184E+03  1.9895E+04
0000639   3.8359E+04 -1.7439E+04  3.8324E+03
0000640   7.2322E+04 -2.7952E+04 -3.5230E+04
0000641   4.8094E+04 -1.6211E+03 -2.5365E+03
0000642   4.1606E+04  2.4649E+04 -1.8372E+04
0000643   1.6901E+04 -3.6146E+04  1.4027E+04
0000644   1.1118E+05 -1.2788E+04  2.3223E+04
0000645   7.4923E+04 -3.3231E+04 -8.9431E+03
0000646   5.2646E+04 -2.5055E+04  7.4929E+03
0000647   1.7512E+04  4.3440E+04  7.1957E+03
0000648   6.9740E+04  1.7543E+04 -4.0077E+03
0000649   9.0557E+03  3.3883E+03  5.7647E+03
0000650   8.2133E+04 -1.0130E+04 -2.1091E+03
0000651   5.4487E+04 -2.3910E+04  3.7359E+03
0000652   7.7746E+04  2.0243E+04  4.2628E+04
0000653   9.0686E+04 -2.0513E+04  1.0552E+04
0000654   1.0115E+05  2.5978E+04  2.9397E+04
0000655   5.7005E+04  8.3538E+03  2.2147E+04
0000656   4.7803E+04  3.4797E+04 -1.2787E+04
0000657   7.4868E+04 -2.9939E+04  2.0416E+04
0000658   1.7758E+04  1.9167E+04 -9.2603E+03
0000659   6.2104E+04 -1.3731E+04 -3.1834E+04
0000660   2.2747E+04  1.5130E+04  4.8073E+04
0000661   1.7672E+04 -1.3557E+04  2.5429E+04
0000662   5.8411E+04 -7.8485E+03  1.2256E+04
0000663   3.0256E+04 -5.0194E+04  1.6273E+04
0000664   3.8123E+04  5.6483E+03  2.8420E+04
0000665   4.9420E+04  2.1371E+04 -8.4314E+03
0000666   6.7303E+04 -3.2470E+04 -2.5220E+04
0000667   6.2010E+04  1.4907E+04 -3.0438E+04
0000668   1.8064E+04 -2.7269E+03  1.3088E+04
0000669   2.8138E+04  1.7792E+04  3.2868E+04
0000670   5.1926E+04  1.5443E+04 -8.9417E+03
0000671   5.3209E+04 -2.4885E+04  1.3194E+04
0000672   4.7758E+04 -2.5923E+04  1.5989E+04
0000673   2.4327E+03  1.4931E+04 -2.5423E+03
0000674   6.3669E+04  2.8371E+04 -6.7922E+03
0000675   1.6747E+04  1.6250E+04  1.4148E+04
0000676   4.7125E+04  3.4607E+04 -5.3245E+03
0000677   6.6740E+04  7.2632E+03 -2.4256E+04
0000678   4.9303E+04  1.7344E+04  2.1807E+03
0000679   5.8974E+04 -3.6758E+03 -8.2729E+03
0000680   5.8388E+04  6.8647E+03  3.4808E+04
0000681   7.6092E+04  1.2961E+04 -1.1856E+04
0000682   4.4317E+04 -1.1100E+03  1.7332E+04
0000683   6.2339E+04 -7.2600E+03 -4.2915E+03
0000684   5.2937E+04  1.6206E+04 -1.7691E+04
0000685   9.8860E+04 -4.1637E+04  2.0773E+04
0000686   4.3513E+04 -1.8849E+04  1.4186E+04
0000687   7.2805E+04 -4.6115E+03 -1.4550E+04
0000688   7.8855E+04  4.5293E+04 -2.0978E+03
0000689   9.8732E+04  1.2844E+04  2.0313E+04
0000690   3.1754E+04  3.1971E+03  2.0872E+04
0000691   1.1742E+04 -2.9456E+04 -1.1980E+04
0000692   6.0077E+04  2.5780E+04  9.3599E+03
0000693   4.0490E+04  2.0104E+03  3.9267E+03
0000694   8.6843E+04 -4.4705E+04 -1.5855E+04
0000695   5.2494E+04 -1.6121E+04  1.4608E+04
0000696   7.7218E+04  2.6179E+04 -4.4640E+04
0000697   3.1488E+04  2.2808E+04  1.7872E+04
0000698   2.9181E+04  7.1107E+03  1.2602E+04
0000699   4.0974E+04 -5.9053E+03 -1.0451E+04
0000700   4.0586E+04 -1.4027E+04  1.5191E+04
0000701   9.1020E+04 -3.1240E+04 -1.5756E+04
0000702   3.6775E+04  1.6646E+04 -3.7187E+04
0000703   6.8196E+04  3.3769E+04  3.9618E+03
0000704   5.2591E+04 -7.3358E+03 -3.4538E+04
0000705   7.8070E+04 -1.6247E+04  2.6315E+04
0000706   4.6782E+04 -3.3802E+04 -4.4421E+04
0000707   8.3885E+03 -2.9485E+04 -1.8379E+04
0000708   3.0591E+04 -4.4816E+04  1.4360E+03
0000709   6.2258E+04 -1.7122E+04 -2.2976E+04
0000710   3.9425E+04  4.7450E+04 -9.9670E+03
0000711   9.8967E+04 -8.6022E+03 -5.4847E+03
0000712   1.0569E+05  5.3219E+04  1.1096E+04
0000713   3.7901E+04 -1.0179E+04 -1.1054E+03
0000714   1.2663E+05  8.3523E+03 -1.1069E+04
0000715   6.2359E+04 -6.5108E+03 -2.5952E+03
0000716   6.1091E+04  9.2672E+03 -1.3141E+04
0000717   7.6704E+04  2.3906E+03 -4.9984E+04
0000718   6.9822E+04  9.3042E+02 -4.9804E+04
0000719   4.6559E+04  1.5990E+04  1.2321E+04
0000720   9.5044E+04  8.3084E+03 -5.9282E+03
0000721   6.8010E+04  1.1767E+04  2.4145E+04
0000722   8.2924E+04 -1.6434E+04  3.4867E+04
0000723   7.6858E+04  2.6763E+03 -1.8441E+04
0000724   2.1819E+04 -4.0034E+03  3.5774E+04
0000725   3.4692E+04 -3.8802E+04 -3.6922E+04
0000726   5.5065E+04  1.4316E+04  8.5631E+03
0000727   2.7221E+04 -1.2576E+04 -3.2355E+04
0000728   2.9908E+04 -1.3779E+04 -8.6509E+03
0000729   4.4243E+04 -2.1687E+04 -1.1593E+04
0000730   7.9950E+04 -1.5477E+04 -9.5014E+03
0000731   5.0074E+04  2.2470E+04  2.6882E+04
0000732   2.1620E+04 -1.2122E+04 -5.7135E+03
0000733   5.6989E+04 -1.8432E+04  9.0732E+02
0000734   4.0442E+04 -2.4842E+04  1.1680E+04
0000735   5.7772E+04 -1.6450E+03  1.3243E+04
0000736   4.8772E+04  1.4574E+03 -2.9032E+04
0000737   4.8618E+04  2.1025E+04 -9.9598E+03
0000738   6.5439E+04  1.3776E+04  1.4193E+04
0000739   4.7460E+04  3.2394E+04 -9.6746E+03
0000740   3.6350E+04 -2.2666E+04 -5.4034E+04
0000741   4.6705E+04  5.3136E+03  6.5283E+02
0000742   9.1644E+04 -6.0828E+04 -2.2537E+04
0000743   3.3951E+04 -9.6567E+03 -2.0396E+04
0000744   7.8007E+04  2.4581E+04  9.5639E+03
0000745   4.6977E+04 -5.4206E+03  1.6597E+04
0000746   4.4003E+04  3.3786E+04 -8.7039E+03
0000747   6.4820E+04 -2.4501E+04 -2.2621E+04
0000748   1.4987E+04  3.7227E+02  1.5599E+02
0000749   5.7054E+04 -1.9914E+04 -2.1817E+04
0000750   4.1347E+04 -7.2990E+03  1.4460E+04
0000751   2.1351E+04 -1.1456E+04 -2.0582E+04
0000752   4.8870E+04  2.6305E+04  1.7427E+04
0000753   2.4803E+04 -4.1002E+02  3.0784E+01
0000754   5.5805E+04 -2.8011E+03  7.5981E+02
0000755   2.2772E+04 -5.7986E+04  1.1696E+04
0000756   5.2146E+04 -3.2665E+04 -4.8007E+03
0000757   6.8537E+04  6.5739E+03 -4.8933E+04
0000758   7.3492E+04 -9.2108E+03 -9.2793E+03
0000759   4.3581E+04  2.3827E+04 -1.5957E+04
0000760   6.3730E+04  2.8884E+04  3.0051E+04
0000761   1.0211E+05 -3.4293E+04 -4.2788E+04
0000762   5.5675E+04  1.1927E+04  6.7844E+03
0000763   7.8404E+04 -3.6566E+04 -5.0907E+03
0000764   4.4691E+04 -3.8662E+04 -3.7134E+04
0000765   5.2855E+04  3.2871E+04 -7.6856E+03
0000766   2.2308E+04 -1.2913E+04 -1.6588E+04
0000767   8.1818E+04  2.4174E+03  1.5388E+04
0000768   8.0703E+04 -1.1315E+04 -1.1299E+04
0000769   5.3175E+04 -4.4841E+04  2.9669E+04
0000770   6.8902E+04 -1.1955E+04  1.9625E+04
0000771   8.9453E+04  5.1245E+04 -1.8500E+04
0000772   2.5669E+04 -1.5952E+04  2.1232E+04
0000773   5.7920E+04  6.9942E+03 -7.5081E+03
0000774   6.9789E+04  3.4967E+04  2.5986E+04
0000775   5.3400E+04  6.1116E+03 -8.4887E+03
0000776   5.6850E+04  8.5459E+03 -4.3891E+04
0000777   3.3891E+04  3.4522E+04 -2.9856E+04
0000778   7.4760E+04 -1.3417E+03  6.7278E+03
0000779   5.5452E+04 -7.8297E+03 -1.5471E+04
0000780   4.5734E+04  5.8395E+03 -5.2493E+04
0000781   5.0493E+04 -1.9799E+04 -4.8796E+04
0000782   3.1840E+04  1.8014E+04 -1.7521E+04
0000783   3.3728E+04  1.3880E+04 -3.5428E+03
0000784   4.7756E+04  1.3973E+04 -1.8991E+04
0000785   9.3042E+04  2.4696E+04  3.4770E+03
0000786   6.9975E+04 -1.9757E+04  4.6869E+04
0000787   2.8661E+04  2.0823E+03  7.9029E+02
0000788   6.5922E+04 -1.9619E+04 -4.4267E+03
0000789   2.8277E+04 -9.5447E+02  1.8610E+04
0000790   1.6658E+04  1.3585E+03 -5.2328E+03
0000791   9.3651E+04  1.2317E+04 -1.5778E+04
0000792   3.1120E+04 -2.0708E+04  2.1689E+04
0000793   2.1679E+03  1.3198E+03 -2.8284E+03
0000794   2.1618E+04  6.4846E+03 -5.7175E+03
0000795   4.0010E+04 -1.6872E+04 -1.8017E+04
0000796   2.3114E+04  1.1641E+04  4.9043E+03
0000797   4.8025E+04  9.6486E+03 -9.8255E+03
0000798   3.9951E+04  2.4996E+03  4.1254E+03
0000799   1.6973E+04  9.1794E+03  1.5962E+04
0000800   6.5502E+04  6.5012E+03 -2.5920E+03
0000801   3.9924E+04  3.6544E+03  2.3165E+04
0000802   4.8955E+04 -1.8179E+01 -9.9356E+02
0000803   7.6618E+04  1.7154E+04 -2.1939E+03
0000804   6.3532E+04  2.5652E+04 -1.6180E+04
0000805   5.1419E+04  1.4493E+04  2.9749E+04
0000806   2.7493E+04  4.6544E+03 -8.1424E+03
0000807   5.2529E+04  8.5252E+03 -5.0060E+03
0000808   3.9175E+04  5.7927E+03  3.1664E+03
0000809   9.0144E+03 -3.5272E+03  8.3462E+03
0000810   3.4070E+04  9.1792E+03 -1.9160E+04
0000811   8.9244E+04 -2.4108E+04  2.2231E+04
0000812   1.2404E+04 -1.2018E+04  4.6893E+03
0000813   4.2211E+04 -2.0619E+04  5.5910E+04
0000814   3.8619E+04  2.2860E+03 -3.8347E+04
0000815   6.6994E+04 -1.6019E+04  7.0114E+03
0000816   5.4277E+04  3.4873E+04 -7.4393E+03
0000817   2.7697E+04 -2.2840E+04  3.7197E+04
0000818   8.3014E+04  4.8923E+04  4.7442E+03
0000819   4.9371E+04  2.8394E+04  1.1472E+04
0000820   5.9486E+04  4.0530E+03  5.5287E+03
0000821   3.0893E+04 -3.5267E+03  9.4976E+03
0000822   6.8490E+04 -3.3670E+04  1.8902E+04
0000823   4.0579E+04 -1.0626E+03 -6.2540E+03
0000824   8.4340E+03  1.8250E+04  7.8195E+03
0000825   8.5171E+04 -2.5437E+02  2.9624E+04
0000826   4.8197E+04 -7.1317E+03  1.7371E+04
0000827   5.7866E+04  8.2762E+02 -1.7546E+04
0000828   6.3035E+04  1.2890E+04 -2.9422E+03
0000829   2.5700E+04  3.8814E+04 -3.2623E+03
0000830   8.0824E+04  3.5608E+04  3.0769E+04
0000831   5.3163E+04  1.7839E+04 -1.3791E+04
0000832   8.0634E+04 -4.2815E+04  6.2903E+03
0000833   4.1143E+04  2.0317E+04 -6.8357E+01
0000834   6.0415E+04 -5.0501E+04  4.0155E+04
0000835   2.3038E+04  1.7480E+04  2.9969E+04
0000836   3.3806E+04 -2.3922E+04 -2.2666E+04
0000837   7.4576E+04 -2.4013E+04  2.4786E+04
0000838   6.3032E+04  7.6009E+03  2.5211E+04
0000839   5.8037E+04 -2.9654E+03 -2.0014E+04
0000840   2.0965E+04 -1.7371E+04 -1.1383E+04
0000841   4.8122E+04 -3.8225E+04 -2.4754E+03
0000842   5.6072E+04  1.1441E+04 -2.0755E+04
0000843   7.5070E+04 -5.1592E+03  1.5247E+04
0000844   3.2575E+04  3.3159E+04  3.2854E+03
0000845   4.6160E+04  2.4825E+03  2.2238E+04
0000846   3.7313E+04  2.5265E+04 -1.4145E+04
0000847   1.5831E+04 -1.2906E+04  8.6768E+03
0000848   4.2970E+04 -3.0512E+04 -2.3470E+04
0000849   6.0214E+04  5.6046E+03  1.4528E+04
0000850   2.1471E+04 -2.6394E+04  2.6989E+04
0000851   5.4069E+04 -3.3368E+03  7.5730E+01
0000852   2.4129E+04 -1.1935E+04 -1.6636E+04
0000853   2.9463E+04 -1.1509E+04  4.2065E+04
0000854   6.5699E+04  3.0221E+04  5.9271E+03
0000855   4.6304E+04  1.5985E+04  3.1699E+04
0000856   1.5576E+04 -1.1296E+04 -3.2680E+04
0000857   4.7717E+04 -9.1665E+03 -9.7325E+03
0000858   6.8260E+04 -4.9091E+03 -2.0766E+04
0000859   4.6727E+04  2.2142E+04  3.5884E+04
0000860   2.4537E+04 -2.4618E+02  3.5970E+03
0000861   7.4530E+04  3.9485E+03  4.2096E+04
0000862   7.0404E+04 -4.6575E+02  1.3189E+04
0000863   4.9840E+04  2.8731E+04 -4.8619E+03
0000864   8.1612E+04 -1.8319E+04  3.2794E+03
0000865   1.5946E+04  5.5378E+03  3.1012E+04
0000866   6.2780E+04 -1.0416E+04 -1.6374E+04
0000867   1.9041E+04  9.4446E+03 -8.7149E+02
0000868   4.1574E+04  1.1161E+04  1.3234E+04
0000869   1.5408E+04  3.0226E+04 -1.3152E+04
0000870   1.6934E+04  2.5018E+03  7.2010E+03
0000871   1.0380E+05  5.8882E+03  6.1502E+04
0000872   6.4827E+04  3.2484E+04  1.8949E+04
0000873   2.7200E+04  1.9396E+04  1.0542E+04
0000874   3.0907E+04 -4.8911E+03 -1.1847E+04
0000875   3.4279E+04 -5.7062E+04 -1.3321E+04
0000876   4.3197E+04  4.5704E+03  1.7677E+04
0000877   1.9771E+04  8.6362E+03  2.1733E+04
0000878   5.8570E+04  3.8880E+03 -1.0656E+04
0000879   2.0841E+04 -7.8191E+03 -1.2906E+04
0000880   3.5285E+04  1.3979E+04  9.5431E+03
0000881   5.3259E+04 -1.1954E+03  4.5555E+03
0000882   3.3179E+04  8.8438E+03  3.8884E+03
0000883   3.9865E+04  3.5559E+03  2.3220E+04
0000884   6.2761E+04  9.3452E+03  6.9133E+03
0000885   3.2058E+04  6.9354E+03 -2.5516E+04
0000886   3.8582E+04 -2.8623E+04 -5.4610E+03
0000887   3.9896E+04 -5.2401E+04 -1.3652E+03
0000888   2.7107E+04 -9.1343E+03 -1.8371E+04
0000889   3.3636E+04  8.5266E+03 -6.1243E+03
0000890   9.3372E+03 -1.9505E+04  1.7437E+04
0000891   8.5691E+04  8.5874E+01 -1.2911E+03
0000892   1.3883E+04 -7.7548E+03  1.6249E+04
0000893   2.5049E+04 -2.6374E+03 -2.0215E+04
0000894   9.0030E+03  1.3583E+04  9.2757E+03
0000895   4.8070E+04 -1.8043E+04 -1.8816E+04
0000896   5.9199E+04 -1.9747E+04 -6.4184E+03
0000897   1.1224E+05 -1.6245E+04 -1.1214E+04
0000898   3.3828E+04 -1.8197E+04 -4.8562E+03
0000899   7.6691E+04  2.1601E+04 -3.4844E+04
0000900   5.1754E+04 -3.7423E+03 -1.9069E+04
0000901   5.5374E+04 -1.7029E+04 -1.8207E+04
0000902   4.4349E+04  6.4040E+04 -1.2954E+04
0000903   6.9910E+04  3.8345E+03  1.9166E+04
0000904   5.0404E+04  6.0883E+03  3.8628E+03
0000905   7.5870E+04  6.4504E+03 -9.2324E+03
0000906   8.2511E+04 -1.7488E+04 -8.8283E+03
0000907   8.9418E+04  9.5202E+03 -2.6591E+04
0000908   9.0097E+04  3.5408E+03  1.5959E+04
0000909   5.8756E+04 -6.2151E+03  1.3073E+04
0000910   4.0053E+04 -6.9841E+03 -1.7341E+04
0000911   4.2586E+04 -8.4643E+03 -4.0771E+04
0000912   1.4470E+04 -9.4627E+02 -2.2275E+04
0000913   3.0803E+04 -6.9578E+02  1.7837E+04
0000914   7.3224E+04 -3.5949E+04 -2.4034E+04
0000915   2.8597E+04  6.5882E+01 -1.0058E+04
0000916   4.4193E+04 -2.4291E+04  1.2948E+04
0000917   3.5895E+04 -1.0210E+04 -2.8743E+03
0000918   2.8123E+04  1.4392E+04  3.0539E+03
0000919   4.6394E+04  3.7461E+03 -3.3491E+03
0000920   2.9485E+04 -9.7470E+03  2.6918E+03
0000921   7.9080E+04  4.1735E+04  1.3738E+04
0000922   2.7151E+04 -1.4293E+04  2.6378E+04
0000923   3.6759E+04  1.7766E+04  7.2141E+03
0000924   8.7573E+04  7.7933E+03  1.0803E+04
0000925   5.6640E+04 -3.8622E+03 -1.0300E+04
0000926   3.8038E+04  2.2869E+04  5.4041E+04
0000927   1.5954E+04 -4.6802E+03 -2.7100E+04
0000928   4.3171E+04 -2.9009E+04  1.7842E+04
0000929   4.2256E+04 -2.8824E+04 -6.5156E+03
0000930   5.3511E+02 -6.4455E+03 -9.0181E+03
0000931   1.9799E+04  2.3849E+04  2.4958E+04
0000932   2.0992E+04  5.1146E+03  1.4238E+04
0000933   4.4568E+04 -1.1443E+03 -4.1996E+03
0000934   6.6847E+04 -9.0296E+03 -1.7093E+04
0000935   2.8985E+04 -1.3947E+04 -2.0225E+04
0000936   6.1787E+04 -7.1590E+04  2.0955E+04
0000937   7.1972E+04 -2.2067E+04 -1.3980E+04
0000938   5.4116E+04 -1.7287E+04 -2.1168E+04
0000939   6.7937E+04  2.7884E+03 -3.1204E+04
0000940   3.0911E+04 -6.6593E+02  1.2691E+04
0000941   7.3868E+04  1.0359E+04 -1.5373E+04
0000942   7.2326E+04  3.4183E+04 -1.9421E+03
0000943   4.2174E+04  3.6161E+03  1.3058E+04
0000944   3.6214E+04  1.5818E+04  4.0372E+04
0000945   5.7730E+04  1.9308E+04 -2.0329E+04
0000946   8.3835E+04 -4.2291E+04  6.3211E+01
0000947   4.7815E+04 -9.0880E+03  2.0647E+04
0000948   1.1136E+05 -1.5294E+04  1.2153E+04
0000949   8.8229E+04  1.5515E+04  3.0234E+04
0000950   6.9623E+04 -2.7882E+04 -4.2059E+04
0000951   4.8310E+04  2.6949E+04  2.3559E+04
0000952   2.5651E+04  1.0852E+04  2.6855E+02
0000953   3.4828E+04 -2.0510E+04 -2.7123E+04
0000954   1.0359E+05  1.1889E+03  1.7592E+04
0000955   3.2991E+04  4.8042E+04 -1.9427E+04
0000956   4.1703E+04  4.0400E+03 -7.8345E+03
0000957   1.2735E+05 -1.0702E+03 -8.9593E+03
0000958   5.8377E+04  7.3457E+03  2.9299E+04
0000959   9.7973E+04  3.1804E+04 -6.8194E+04
0000960   4.7173E+04  4.3826E+04 -3.7433E+04
0000961   7.8620E+04  2.1338E+04 -3.4575E+04
0000962   3.3062E+04 -1.4510E+04 -1.9646E+04
0000963   1.2444E+04 -4.0448E+03 -3.4909E+02
0000964   5.9612E+04  1.1209E+04 -1.3980E+04
0000965   2.5683E+04  2.7352E+03  6.7708E+03
0000966   8.0412E+04 -1.2291E+04 -2.2212E+04
0000967   4.1527E+04 -2.9979E+04 -2.7504E+04
0000968   1.0037E+05 -1.5285E+04  4.1945E+04
0000969   6.6581E+04 -2.7506E+04 -3.5506E+04
0000970   2.9887E+04  2.6109E+04  3.1443E+02
0000971   4.2605E+04  7.4109E+03  3.8435E+03
0000972   8.2937E+04 -1.1967E+04 -7.2777E+03
0000973   3.2440E+04  5.2489E+03 -2.0075E+04
0000974   2.9706E+04 -1.1470E+04 -1.1553E+04
0000975   2.4010E+04 -1.3201E+04  2.1332E+04
0000976   4.2137E+04  3.0554E+04  4.1227E+04
0000977   2.8227E+04  1.0169E+04 -2.9427E+03
0000978   3.1356E+04 -1.6376E+04 -6.4028E+03
0000979   5.6598E+04  2.3969E+03 -1.3965E+04
0000980   6.1301E+04  4.5995E+04 -2.5842E+04
0000981   1.0216E+04  5.1450E+03  1.6183E+02
0000982   2.4929E+04 -2.7077E+02 -7.5678E+03
0000983   5.3829E+04 -1.7290E+04 -1.3366E+04
0000984   1.8991E+04 -2.9474E+03 -3.7969E+03
0000985   5.3943E+04 -4.2229E+04  9.2044E+02
0000986   1.6111E+04 -7.3099E+03  8.7491E+03
0000987   7.2373E+04  1.3310E+03  1.9157E+04
0000988   6.5209E+04  1.3840E+04 -3.0486E+04
0000989   5.5888E+04 -5.6083E+03 -1.8572E+04
0000990   5.8873E+04 -5.4387E+04  5.4114E+04
0000991   5.4142E+04  4.0141E+04 -3.1352E+03
0000992   2.4198E+04  9.7971E+03 -2.6463E+04
0000993   1.7591E+04  9.4885E+03  4.5632E+03
0000994   7.4068E+04 -3.1572E+04  1.3800E+04
0000995   7.1798E+04 -1.5607E+04  3.6779E+04
0000996   5.9749E+04 -9.1722E+03 -1.8448E+04
0000997   2.3523E+04 -1.1147E+04  2.2543E+03
0000998   2.0782E+04  1.2317E+01 -2.3737E+04
0000999   6.0493E+04  1.7802E+04 -1.0942E+04
0001000   3.2772E+04 -1.4193E+04 -3.2026E+04
