============================== SRIM-2013.00 ==============================
==============================================================================
====== SRIM Outputs\RANGE_3D.txt : File of Final Ion Positions =====

Ion = Ar (18)   Ion Mass= 039.9620
Energy  = 2559547.E-05 keV
Ion Angle to Surface = 00.0 degrees
==================== TARGET =======================
  Layer # 1 - Layer 1
  Layer # 1 - Bottom Depth=500000.E+02 A
  Layer # 1 - Density =0000.0178 g/cm3
  Layer # 1 -  100 % of Ar
様様様様様様様様様様様様様様様様様様様様様様様様様様
                                            
Ion       Depth  X   Lateral Y   Lateral Z  
Number    (Angstrom) (Angstrom)  (Angstrom) 
-------  ----------- ----------- -----------
0000001   4.2676E+04 -6.2750E+04  3.5294E+03
0000002   1.0176E+05 -4.0536E+02  2.8537E+04
0000003   5.5914E+04 -2.0076E+04 -2.7343E+04
0000004   5.8144E+04 -1.8993E+04 -3.5411E+03
0000005   5.1114E+04 -2.4998E+04 -2.7978E+04
0000006   2.8475E+04 -1.9102E+03 -1.1666E+04
0000007   4.1548E+04 -1.8503E+04 -2.1612E+04
0000008   7.4873E+04 -1.4596E+04  2.2141E+04
0000009   7.6185E+04  2.6358E+04  1.2610E+04
0000010   7.9743E+04 -3.1071E+03 -4.9128E+04
0000011   5.5280E+04  5.3259E+02  1.5456E+04
0000012   3.0558E+04 -2.7148E+03 -8.5420E+03
0000013   6.8267E+04  2.9453E+04  3.8296E+04
0000014   6.7411E+04  1.2363E+04 -2.4724E+04
0000015   6.3695E+04  1.3007E+04 -4.1605E+03
0000016   6.9005E+04 -8.2723E+02 -2.3772E+04
0000017   4.5760E+04  8.7313E+03  1.4298E+04
0000018   4.8706E+04  4.8190E+04  5.6790E+04
0000019   4.9274E+04  1.3821E+04 -1.2060E+04
0000020   9.0323E+04 -4.2204E+03  3.6866E+03
0000021   5.3595E+04  9.1168E+03 -3.4250E+02
0000022   3.6981E+04  1.5624E+04  2.5882E+03
0000023   2.5012E+04  1.8184E+03 -2.0655E+04
0000024   9.4806E+04 -3.5518E+04  8.5970E+03
0000025   5.7213E+04 -3.1738E+04 -2.5206E+04
0000026   2.9523E+04 -2.9507E+04 -9.4792E+03
0000027   5.6333E+04  1.5880E+04  1.5877E+04
0000028   7.3433E+04  3.8181E+04  2.3403E+04
0000029   4.0132E+02 -3.4458E+04  2.4142E+04
0000030   4.3011E+04 -1.1640E+04 -2.7209E+04
0000031   6.1586E+04  2.6034E+04  1.1477E+04
0000032   4.8985E+04 -1.0081E+03  1.9032E+04
0000033   5.5168E+04  1.5807E+04 -5.1185E+03
0000034   1.9208E+04 -6.5430E+03 -1.8647E+01
0000035   3.2410E+04 -5.0915E+03  2.0458E+04
0000036   2.9869E+04 -1.3612E+04 -4.0818E+04
0000037   3.4526E+04 -7.3309E+03  1.6204E+04
0000038   5.4577E+04  1.7515E+04 -1.0522E+04
0000039   5.7448E+04  6.6346E+03  4.9034E+04
0000040   4.8508E+04 -3.1365E+04  2.4368E+04
0000041   1.5308E+04  4.9508E+03 -6.6685E+04
0000042   3.0321E+04 -2.5198E+04 -4.8063E+04
0000043   9.5010E+04  2.0158E+04 -3.3343E+02
0000044   7.5902E+04 -1.6441E+04 -3.9952E+04
0000045   3.0511E+04 -1.1891E+04 -5.6211E+03
0000046   4.2228E+04  3.5492E+04  1.1493E+04
0000047   8.6658E+04  8.8616E+03 -4.6493E+03
0000048   7.6278E+04 -2.2105E+04 -1.6779E+04
0000049   5.8016E+04  3.9184E+04  5.6917E+03
0000050   8.2163E+04  1.9662E+04  1.7036E+04
0000051   1.7294E+04 -1.1631E+04  1.5772E+04
0000052   6.9632E+04  2.1050E+04  1.8736E+03
0000053   5.0628E+04  6.2146E+03 -2.8982E+03
0000054   1.1561E+03 -2.1770E+03 -1.4827E+04
0000056   1.2351E+04 -6.9333E+03 -4.6381E+04
0000057   3.4526E+04 -1.1571E+03  1.3186E+04
0000058   7.4829E+04 -5.2168E+04 -8.6151E+03
0000059   7.9823E+03  5.1211E+04 -2.1470E+04
0000060   7.6443E+04  1.5974E+04  1.9406E+03
0000061   8.6620E+04 -2.3681E+04  4.4728E+04
0000062   7.8700E+04  4.1074E+04 -3.7721E+04
0000063   1.0743E+04  1.2120E+04  1.7194E+04
0000064   4.9411E+04  1.2462E+04  2.9366E+04
0000065   3.2383E+04  1.7130E+03  2.8242E+04
0000066   4.2043E+04  5.2608E+03  9.7261E+03
0000067   4.1446E+04  3.6607E+02 -9.8879E+02
0000068   3.7307E+04 -2.0890E+04 -4.3097E+03
0000069   8.1596E+04  6.7048E+03 -2.8001E+04
0000070   3.9433E+04  5.6224E+04  1.6038E+04
0000071   3.8523E+04  2.1758E+04  3.4809E+04
0000072   4.6786E+04  5.7384E+02 -1.3690E+04
0000073   3.6475E+04  5.6306E+03  4.4386E+04
0000074   2.6065E+04 -2.6595E+03  4.6132E+03
0000075   1.1625E+05  2.0570E+04  2.9376E+04
0000076   3.4790E+04  4.9418E+04 -5.9318E+03
0000077   5.3827E+04  3.1210E+04  4.9957E+03
0000078   4.8010E+04  9.9765E+02  4.7061E+04
0000079   8.2064E+04 -1.1170E+04  2.8916E+04
0000080   4.3750E+04  1.5291E+02  3.2938E+04
0000081   1.7667E+04  1.5798E+03  6.5301E+03
0000082   5.0182E+04  3.0586E+04 -1.2281E+04
0000083   7.6625E+04 -6.5333E+02 -1.0111E+04
0000084   5.1583E+04  9.8665E+02  1.6174E+04
0000085   4.9680E+04  3.6455E+04  8.6442E+03
0000086   4.2628E+04 -2.3009E+04  2.3087E+04
0000087   2.6960E+04 -3.2344E+04 -6.4488E+03
0000088   6.9534E+04 -8.7832E+02  1.1914E+04
0000089   1.9036E+04 -4.1752E+04  1.3978E+04
0000090   7.2156E+04 -2.1666E+04 -5.7648E+02
0000091   7.6370E+04 -3.5563E+04  3.7971E+04
0000092   7.4675E+04 -4.8733E+04 -1.2712E+04
0000093   7.0432E+04  1.4196E+04  6.3678E+03
0000094   5.6075E+04  8.2112E+03 -8.1821E+03
0000095   1.2143E+04  1.5229E+03  5.2254E+03
0000096   4.5052E+04  1.9834E+04  6.0965E+03
0000097   9.0907E+04 -5.2555E+04 -2.6518E+04
0000098   9.8822E+04 -1.2597E+04  2.7162E+04
0000099   4.8953E+04 -4.6433E+04  1.4612E+04
0000100   3.0484E+04 -4.1205E+04  3.9300E+03
0000101   4.3760E+04  4.4927E+03  2.7979E+03
0000102   5.0447E+04 -1.8220E+04 -3.4518E+04
0000103   2.1296E+04  7.7036E+03 -5.5119E+01
0000104   4.3758E+04 -2.0237E+03  1.6100E+04
0000105   1.7685E+04 -2.2565E+04  6.2668E+03
0000106   7.8463E+04 -7.5675E+03  1.9328E+04
0000107   6.8889E+04 -1.7015E+04 -4.6583E+04
0000108   2.7930E+04  1.0200E+04  1.0445E+04
0000109   1.4936E+04  2.2183E+04  1.3658E+03
0000110   5.4938E+04 -1.2792E+04  3.6544E+04
0000111   7.8877E+04 -4.5253E+03  6.9439E+03
0000112   8.2409E+04 -2.0943E+04 -1.3454E+04
0000113   8.5138E+04 -4.4572E+04 -3.8502E+04
0000114   3.0840E+04 -2.8843E+03  6.4532E+03
0000115   2.6808E+04  5.9181E+02  8.9703E+03
0000116   2.0417E+04 -6.4806E+03 -1.4880E+04
0000117   4.0979E+04  1.6794E+04 -2.1484E+04
0000118   4.5643E+04  8.8177E+03  1.5106E+04
0000119   5.3203E+04  3.0558E+04 -8.4390E+03
0000120   8.9102E+04  2.7277E+04  1.4949E+04
0000121   5.9723E+04 -2.6141E+04 -1.5168E+04
0000122   5.9690E+04 -7.5947E+04  3.2240E+04
0000123   3.4600E+04 -4.4401E+04 -2.6885E+04
0000124   1.0372E+05  1.9438E+04  4.8320E+04
0000125   7.8495E+04  7.5647E+03 -1.0260E+04
0000126   7.1373E+04 -5.4954E+04 -9.1488E+02
0000127   8.2193E+04 -6.8428E+03 -4.5009E+03
0000128   3.9100E+04 -1.8806E+04  5.3689E+04
0000129   5.2595E+04 -1.7128E+04  1.0987E+04
0000130   5.1084E+04  2.5547E+03  1.3405E+04
0000131   1.0114E+04 -1.0705E+04  3.3754E+03
0000132   1.8243E+04 -2.2845E+04 -1.5001E+04
0000133   6.2310E+04 -2.4497E+04  4.7656E+04
0000134   6.0505E+04 -1.5462E+04  1.8899E+04
0000135   2.6652E+04  1.7269E+04  2.4293E+04
0000136   8.4528E+04 -2.6694E+04 -7.8300E+03
0000137   5.1255E+04  1.5001E+03 -4.6099E+03
0000138   4.2514E+04  1.6791E+04  3.6036E+04
0000139   1.0945E+05 -3.0572E+03 -1.6126E+04
0000140   8.1353E+04 -6.5533E+03  3.8447E+04
0000141   4.8585E+04 -1.7345E+04  1.4452E+04
0000142   7.0517E+04  7.3649E+02  1.0280E+04
0000143   7.3768E+04 -4.3876E+04 -1.6512E+03
0000144   4.0228E+04  3.9971E+04 -3.0756E+03
0000145   5.2708E+04  3.8452E+04  5.2580E+03
0000146   1.1690E+05 -2.1699E+03  1.2411E+04
0000147   7.9528E+04  1.5048E+04  1.1978E+04
0000148   8.3097E+04  1.0930E+04 -1.8166E+04
0000149   9.9963E+04 -2.6205E+04 -1.1881E+04
0000150   5.8093E+04  1.3446E+04 -1.4580E+04
0000151   8.1355E+04 -2.4786E+04 -3.2106E+04
0000152   1.3441E+05 -9.7637E+03 -6.5398E+02
0000153   1.7203E+04  7.3425E+03 -3.0118E+04
0000154   1.8413E+04 -1.2617E+03 -2.4904E+04
0000155   7.0441E+04 -2.2589E+04 -1.3197E+04
0000156   5.8226E+04 -3.5645E+03 -3.5503E+03
0000157   6.8290E+04  3.3434E+04  3.9787E+04
0000158   5.1258E+04  1.7851E+04  6.6244E+03
0000159   6.4894E+04 -1.5551E+04 -1.4770E+04
0000160   3.4368E+04 -4.2824E+04  1.8175E+04
0000161   6.7981E+04  1.4878E+04  1.0689E+04
0000162   3.2266E+04  1.2053E+04 -4.8250E+04
0000163   5.1533E+04  1.3229E+04 -1.1533E+04
0000164   7.4298E+04 -2.3635E+04 -6.8868E+03
0000165   5.0586E+04  2.3180E+04 -8.3494E+03
0000166   4.5899E+04  3.0242E+04 -7.2443E+03
0000167   3.0228E+04 -1.8373E+03  3.2046E+03
0000168   8.8420E+04  9.1448E+03 -1.7680E+04
0000169   5.2915E+04  2.1131E+04 -1.4546E+04
0000170   2.3586E+04  1.6168E+03  1.0504E+04
0000171   4.9675E+04  1.9811E+04 -1.4460E+03
0000172   4.6632E+04 -4.8428E+03  1.8165E+04
0000173   3.9579E+04 -2.1030E+04  1.9126E+04
0000174   1.6912E+04  3.2957E+03  7.3652E+03
0000175   5.2743E+04 -2.1132E+04  2.4875E+04
0000176   3.3399E+04 -3.1212E+03  3.9437E+04
0000177   6.1113E+04  5.5613E+03 -8.4561E+03
0000178   9.0526E+04 -1.4501E+03  6.8961E+03
0000179   3.7961E+04  1.2285E+04  9.5328E+03
0000180   3.3459E+04 -2.9946E+04  6.6808E+03
0000181   1.2054E+04 -2.2336E+04  2.4730E+04
0000182   3.5691E+04 -1.7512E+04 -9.7467E+03
0000183   1.2185E+04 -1.1076E+04 -1.8318E+03
0000184   2.3150E+04 -5.1351E+03 -4.0308E+04
0000185   6.9895E+04  3.3657E+03  4.0627E+04
0000186   5.3253E+04  8.5223E+03  6.9333E+02
0000187   3.6586E+04 -1.7937E+04 -3.0063E+04
0000188   2.5634E+04  5.7308E+03 -1.6379E+04
0000189   6.9375E+04  4.9312E+03 -1.0808E+04
0000190   4.4444E+04  4.5402E+04 -1.9913E+04
0000191   3.2342E+04  2.5050E+03  5.3883E+03
0000192   7.2186E+04  7.9510E+03  3.5005E+04
0000193   3.7698E+04 -1.8955E+04  4.9682E+03
0000194   9.3347E+04 -1.5363E+04  1.0380E+04
0000195   3.5696E+04 -5.3499E+03  1.3927E+04
0000196   5.2472E+04  4.1623E+02  1.3604E+04
0000197   8.7526E+04  1.3949E+04 -2.3584E+04
0000198   7.0454E+04 -2.2917E+03  2.9903E+04
0000199   1.1468E+05  2.6070E+04  1.0128E+04
0000200   7.7037E+04  5.7080E+03 -1.3116E+04
0000201   6.7061E+04 -6.4092E+03 -1.2225E+04
0000202   9.4158E+03 -2.7933E+03  4.3580E+03
0000203   2.7241E+04 -4.6264E+02  1.2608E+04
0000204   3.0002E+04  1.1059E+03  2.0070E+03
0000205   1.6104E+04  3.4409E+03 -8.2501E+02
0000206   6.2960E+04 -4.4648E+04  2.7734E+04
0000207   5.8775E+04 -2.7853E+04 -2.1629E+04
0000208   2.0154E+04 -1.4626E+03 -2.1661E+03
0000209   4.2537E+02 -8.3005E+04  1.6187E+04
0000210   1.6627E+04  2.2286E+03  9.6496E+03
0000211   8.2460E+04  2.3808E+04 -2.3336E+04
0000212   3.6908E+04  1.4184E+04  1.2414E+02
0000213   4.0024E+04  1.5727E+04 -2.6498E+04
0000214   8.3523E+04 -6.7912E+03 -1.8767E+03
0000215   5.2647E+04 -4.1852E+03 -1.3059E+04
0000216   1.1003E+05 -3.0955E+04  2.6075E+04
0000217   3.3714E+04 -1.5718E+04  9.3463E+03
0000218   4.3974E+04  3.0663E+04 -4.8352E+03
0000219   8.8506E+04  9.0864E+02 -3.8021E+04
0000220   4.2024E+04  1.2309E+04  7.2068E+03
0000221   9.7709E+04  4.7686E+02 -3.1708E+04
0000222   7.4582E+04 -3.8798E+04 -4.3300E+03
0000223   2.3502E+04  2.5680E+04  1.6119E+04
0000224   2.0576E+04  2.6382E+03  8.5483E+02
0000225   3.3103E+04  2.7885E+04 -1.1113E+04
0000226   2.2173E+04 -2.1274E+04 -2.1901E+04
0000227   1.4916E+04  3.3734E+04  1.2779E+04
0000228   7.4193E+04  5.5939E+03 -1.6843E+03
0000229   7.5166E+04  6.6984E+04  3.1213E+03
0000230   9.0031E+04  6.2558E+03  1.0490E+03
0000231   4.1191E+04 -1.3511E+04 -8.9112E+02
0000232   5.1436E+04  6.7891E+03  1.5786E+04
0000233   9.7132E+04 -9.8413E+03  7.9762E+03
0000234   3.8570E+04  2.0273E+04  2.4844E+03
0000235   3.9156E+04  1.2736E+04  8.2109E+03
0000236   4.3446E+04 -7.9231E+03 -1.4722E+02
0000237   1.0095E+05 -3.1877E+04  1.6154E+03
0000238   2.0473E+04  1.5618E+04 -2.3420E+03
0000239   1.1708E+05 -8.5899E+03 -4.0619E+04
0000240   6.1552E+04 -1.8068E+04 -1.5275E+04
0000241   7.7315E+04 -4.0507E+03 -2.3472E+04
0000242   3.7062E+04  3.1823E+04 -1.8403E+04
0000243   4.2941E+04  5.8530E+03 -5.8969E+03
0000244   4.2149E+04  2.9741E+03  1.9590E+04
0000245   5.0253E+04  7.9650E+03 -8.5225E+03
0000246   3.0570E+04 -1.7709E+02  5.7517E+03
0000247   3.9909E+04  7.5333E+03 -3.0739E+03
0000248   5.8831E+04  1.9845E+04 -2.3674E+04
0000249   8.7861E+04  2.5818E+04  1.1123E+04
0000250   7.0049E+04 -2.1162E+04 -1.9658E+04
0000251   6.0945E+04 -4.3062E+03  1.5500E+04
0000252   1.7978E+04  9.9421E+03 -1.4409E+04
0000253   8.7418E+04  1.6541E+04 -1.1974E+04
0000254   3.0601E+04 -2.0599E+04 -1.7546E+04
0000255   3.8272E+04 -3.8860E+03 -4.0249E+03
0000256   6.8101E+04  2.3617E+04  1.6225E+04
0000257   5.5498E+04  7.8826E+03 -1.0849E+04
0000258   8.6528E+04  1.7981E+04  4.3817E+04
0000259   1.6242E+04  1.5680E+04  2.1016E+04
0000260   4.8951E+04 -4.0275E+03  1.0585E+04
0000261   1.1515E+04 -7.6462E+03  1.0761E+04
0000262   3.2164E+04 -2.2305E+04  5.1725E+04
0000263   1.1035E+04 -1.1729E+04  1.9633E+03
0000264   2.9236E+04  5.5228E+03  6.9131E+04
0000265   6.2963E+04 -6.6739E+04 -3.6403E+04
0000266   5.0172E+04  1.7777E+04  5.6488E+02
0000267   3.0015E+04  3.0383E+04  1.6844E+04
0000268   2.3117E+04  2.3638E+03 -1.2309E+04
0000269   4.3928E+04 -9.8203E+03 -4.1033E+03
0000270   6.2223E+04 -5.9437E+03 -7.7915E+03
0000271   7.5977E+04  2.0831E+04 -2.4346E+04
0000272   6.7091E+04  4.0710E+03  5.0069E+03
0000273   6.3631E+04  6.2496E+04 -7.6278E+03
0000274   3.3299E+04 -1.2767E+04  7.7987E+03
0000275   2.9215E+04 -3.3197E+04  1.0245E+04
0000276   6.4745E+04  4.1267E+03 -2.6251E+04
0000277   9.2922E+04  5.0359E+04 -3.3448E+04
0000278   9.2459E+04  1.5590E+04 -1.8024E+04
0000279   5.8684E+04 -3.0336E+04 -1.4089E+04
0000280   7.2614E+04 -3.4453E+03  3.1417E+04
0000281   6.3806E+04  1.8705E+04 -1.3292E+04
0000282   1.6264E+03  4.6418E+03 -8.5600E+03
0000283   1.4802E+04 -2.4416E+03 -7.4969E+03
0000284   3.8691E+04 -4.3028E+03 -5.4503E+03
0000285   7.0124E+04 -2.1365E+04  9.8225E+03
0000286   6.3636E+04  1.9032E+03  1.1338E+04
0000287   1.1012E+05 -1.8138E+04 -5.9723E+03
0000288   4.0787E+03  5.1936E+04  5.0874E+04
0000289   4.6230E+04  6.6416E+03 -6.1411E+03
0000290   9.6592E+03 -5.5320E+02 -1.1223E+04
0000291   6.5026E+04 -2.0499E+04 -2.1614E+03
0000292   1.5527E+04 -5.0886E+03 -7.2714E+03
0000293   4.0240E+04 -1.6007E+04 -3.7316E+04
0000294   6.0533E+04 -1.2706E+04  6.0075E+04
0000295   3.2502E+04 -1.0510E+03 -9.6302E+03
0000296   3.5769E+04  4.5561E+03  2.0319E+04
0000297   6.9644E+04  2.5325E+04 -4.7056E+03
0000298   7.7708E+04  2.5826E+04 -1.7286E+04
0000299   4.7826E+04 -2.9360E+04 -7.4504E+03
0000300   5.2936E+04 -8.5996E+03 -1.5747E+04
0000301   5.0019E+04  1.1768E+04  1.0567E+04
0000302   7.1507E+04 -1.5647E+04 -1.5040E+04
0000303   9.2883E+04  6.0644E+04  1.5698E+04
0000304   7.4422E+04 -3.5548E+03 -5.5583E+03
0000305   3.9459E+04  2.5619E+03 -1.2453E+03
0000306   9.2477E+04 -1.1410E+04  7.2802E+02
0000307   4.3201E+04 -1.9622E+04 -2.5263E+04
0000308   5.9220E+04 -2.0817E+04  1.3556E+04
0000309   3.5304E+04 -1.1166E+04  1.8110E+04
0000310   3.2308E+04  1.1850E+04  3.4647E+04
0000311   2.8569E+04  4.3675E+03 -1.8206E+04
0000312   4.9829E+04  1.0392E+04 -1.5339E+04
0000313   4.6270E+04  1.7767E+04  1.1539E+04
0000314   5.8147E+04  2.8448E+04  8.9929E+02
0000315   2.9673E+04 -2.4708E+04  6.0254E+04
0000316   3.2307E+04 -3.0002E+03 -9.2381E+03
0000317   6.0965E+04  3.8564E+03  1.6593E+04
0000318   1.0864E+05  1.3364E+04  2.4103E+04
0000319   1.1647E+04 -1.9528E+03  9.2242E+03
0000320   5.5189E+04 -1.4922E+04  9.6485E+03
0000321   3.5412E+04  2.0084E+04 -1.0252E+04
0000322   6.2793E+04 -4.4901E+03  1.9611E+04
0000323   1.9207E+04  3.1201E+03  4.3490E+03
0000324   3.7661E+04 -4.8492E+03 -3.6964E+04
0000325   9.6302E+04  6.3116E+04  1.9911E+04
0000326   5.7505E+04  1.8743E+04  3.6535E+04
0000327   6.2776E+04  1.1470E+04 -5.0209E+03
0000328   4.6653E+04 -1.1345E+04 -3.3718E+03
0000329   5.0917E+04 -5.1718E+02 -6.2092E+03
0000330   6.0820E+04 -3.7734E+03  3.6777E+04
0000331   4.0825E+04 -3.7019E+04 -9.6437E+03
0000332   7.4918E+04 -7.0105E+03 -2.5515E+04
0000333   3.5140E+02 -1.2412E+04 -4.2272E+03
0000334   3.3457E+04  3.2033E+02 -9.8493E+03
0000335   2.7771E+04 -1.9854E+04  6.9543E+03
0000336   7.8137E+04 -6.2801E+04 -1.3376E+04
0000337   1.4505E+04 -1.7094E+04 -2.2564E+03
0000338   6.3367E+04 -2.2811E+04 -9.4537E+02
0000339   5.5163E+04 -4.1362E+04  4.1587E+04
0000340   5.7595E+04  1.2681E+04  2.6794E+03
0000341   5.8356E+04 -1.2963E+04  1.9229E+04
0000342   4.7762E+04 -4.9016E+03  4.7415E+03
0000343   2.3146E+04 -1.0672E+04  3.8498E+03
0000344   3.2297E+04 -3.1837E+03 -3.1736E+03
0000345   6.0665E+04  5.8801E+04 -2.0065E+04
0000346   2.4475E+04 -2.7417E+04  1.2871E+04
0000347   6.7001E+04 -1.2563E+04 -3.7748E+02
0000348   7.2560E+04 -1.7723E+04  3.4924E+04
0000349   5.6445E+04  2.1030E+04 -7.6525E+03
0000350   4.4507E+04 -1.3202E+04  1.3846E+04
0000351   1.0140E+05 -6.3022E+03  6.4672E+03
0000352   2.5165E+04  6.7474E+03  6.5767E+03
0000353   5.4023E+04 -5.2185E+04  4.0711E+04
0000354   5.7847E+04  2.1770E+04 -3.5758E+03
0000355   1.0473E+05  4.2750E+04 -1.4011E+04
0000356   6.8244E+04 -6.5217E+04  3.0862E+04
0000357   3.7780E+04 -5.1924E+04 -3.5281E+04
0000358   4.3995E+04 -1.7402E+03  2.2245E+02
0000359   4.8201E+04 -2.2310E+04  1.7973E+04
0000360   4.1679E+04 -9.3010E+03  1.3053E+04
0000361   8.2380E+04 -3.1805E+04 -2.3084E+04
0000362   4.6416E+04 -1.6100E+04  1.0402E+04
0000363   1.5143E+04 -1.3411E+04  7.9500E+03
0000364   3.8776E+04 -3.4328E+03  7.0247E+03
0000365   5.3208E+04  1.8118E+04  1.5466E+04
0000366   5.1420E+04  2.0891E+04  4.8604E+04
0000367   6.7384E+04 -1.9757E+04 -3.4715E+04
0000368   1.0912E+05  7.7701E+04  1.4122E+04
0000369   8.0725E+04 -1.7114E+04  1.4369E+04
0000370   6.9318E+02 -1.3893E+04 -2.3073E+03
0000371   7.2089E+04 -1.0269E+03 -3.5450E+04
0000372   8.8477E+04 -2.4545E+03 -3.6769E+03
0000373   5.1209E+04 -1.4356E+04 -2.3390E+04
0000374   1.6795E+04  7.7584E+03 -1.9239E+04
0000375   7.4821E+04  2.6878E+04 -2.3065E+03
0000376   6.9482E+04 -2.3876E+04  7.3929E+03
0000377   3.6726E+04 -4.1122E+03  1.4438E+04
0000378   3.4545E+04  3.6059E+04  2.4334E+04
0000379   8.6444E+04 -6.9997E+03 -4.0893E+04
0000380   4.3909E+04  1.4748E+03  1.6555E+04
0000381   8.2183E+04 -6.8623E+03 -1.1672E+04
0000382   3.0591E+04 -2.2259E+04  2.0696E+04
0000383   1.0931E+05  2.7851E+04  1.4795E+04
0000384   4.6603E+04 -7.3506E+03 -1.1753E+04
0000385   6.3209E+04 -8.2595E+03  1.5134E+04
0000386   6.1569E+03  3.0581E+04 -4.4394E+03
0000387   3.5439E+04  3.9726E+03  1.4961E+04
0000388   5.0214E+04  4.3298E+04 -7.2741E+04
0000389   9.6088E+04  9.2858E+03  2.6494E+04
0000390   7.6386E+04 -1.3780E+04  1.5313E+04
0000391   7.0963E+04 -7.1283E+02 -2.6493E+04
0000392   9.8827E+04  4.4193E+04  3.3986E+04
0000393   2.7623E+04  3.5314E+04  5.0743E+03
0000394   1.0657E+05  6.7989E+04 -2.7637E+04
0000395   6.3360E+04  1.8098E+04  1.9969E+04
0000396   2.2538E+04 -7.1470E+03  1.4095E+04
0000397   8.0621E+04 -1.1262E+04 -5.3775E+04
0000398   2.8432E+04  3.2542E+04 -3.6250E+02
0000399   9.2148E+04 -3.1953E+03  1.5673E+04
0000400   5.0216E+04 -2.3430E+04 -7.9809E+02
0000401   3.2670E+04 -5.1124E+02 -4.1032E+04
0000402   5.6294E+04  1.7740E+04  1.9335E+04
0000403   1.0348E+05  3.3025E+03  2.1336E+03
0000404   8.7008E+03 -2.4718E+03  1.8020E+04
0000405   1.5669E+04  1.7546E+04 -3.8309E+04
0000406   2.6304E+04 -3.8640E+03 -9.4526E+03
0000407   4.8453E+04 -4.1475E+04 -2.5336E+04
0000408   4.4447E+04 -2.1202E+04 -8.3284E+03
0000409   3.7989E+04  2.8297E+03  4.6851E+03
0000410   8.0297E+04 -1.8092E+04  1.9589E+04
0000411   4.8931E+04 -2.1650E+04  3.0117E+04
0000412   4.4668E+04 -1.2054E+04 -1.3114E+04
0000413   5.4465E+04  4.8192E+03  2.1663E+04
0000414   4.7101E+04  1.5312E+04  2.3402E+04
0000415   6.3876E+04  4.7794E+02 -3.9184E+04
0000416   9.8833E+03  2.9360E+04  5.0715E+04
0000417   6.4945E+04 -1.2405E+04  2.6293E+04
0000418   6.2377E+04 -2.3940E+04 -1.5765E+04
0000419   6.3602E+04 -2.0073E+04 -1.9408E+04
0000420   8.9281E+04 -2.2422E+04 -1.8092E+02
0000421   9.5505E+04  2.3459E+04  7.4309E+03
0000422   7.2376E+04  2.5507E+04  2.5888E+04
0000423   5.4260E+04  2.0077E+04  3.2833E+04
0000424   6.8814E+04 -2.4481E+04 -1.8348E+04
0000425   8.4351E+04 -2.0477E+04  2.1557E+04
0000426   6.0584E+04  1.7587E+04 -1.7428E+03
0000427   2.9674E+04  2.3160E+04  1.4559E+04
0000428   4.9234E+04 -2.2164E+04 -1.9674E+04
0000429   4.4379E+04 -2.0543E+04 -1.3259E+04
0000430   4.5032E+04  2.4707E+04  2.6038E+03
0000431   4.9217E+04  1.9640E+04  1.5918E+04
0000432   2.9649E+04 -1.2854E+04 -2.8805E+03
0000433   6.9479E+04  1.0427E+04 -1.6080E+04
0000434   9.6151E+04 -6.1325E+03  3.1877E+04
0000435   5.0321E+04 -7.7179E+04  1.7547E+04
0000436   5.8453E+04 -1.6054E+04  1.8594E+04
0000437   4.1831E+04  2.8304E+04  1.4952E+04
0000438   6.4021E+04 -1.0754E+04 -3.1997E+04
0000439   4.4617E+04 -2.4768E+04  6.0900E+03
0000440   6.3392E+04 -1.6896E+04 -1.3012E+04
0000441   5.1188E+04 -2.5957E+04  9.3697E+02
0000442   1.6895E+04  1.1670E+04  1.0193E+03
0000443   1.0619E+04 -1.0061E+04  1.0547E+03
0000444   9.3412E+04 -3.6440E+03  8.6342E+02
0000445   7.4791E+04  1.6173E+04  6.1911E+03
0000446   3.3320E+04 -6.5495E+03  1.0376E+04
0000447   1.1507E+05 -1.7855E+04  5.3251E+04
0000448   7.7785E+04 -1.7677E+03 -1.7369E+04
0000449   1.3460E+04  4.5838E+04  6.4420E+03
0000450   9.6880E+04  1.9406E+04 -8.9743E+01
0000451   3.5056E+04 -1.3636E+04 -1.9281E+04
0000452   6.4521E+04  1.7011E+04 -6.6021E+04
0000453   7.7094E+04  1.2999E+04  4.4337E+02
0000454   5.7032E+04 -4.9014E+03  2.0120E+03
0000455   6.0256E+04  1.6797E+04  2.7149E+03
0000456   6.3729E+04  2.8035E+04 -1.3363E+04
0000457   4.0728E+04  3.5707E+03 -9.1378E+03
0000458   1.1736E+05 -1.3000E+03  2.8442E+04
0000459   2.3306E+04 -6.1494E+03 -4.9273E+03
0000460   5.8517E+04  1.8775E+03  5.8041E+03
0000461   3.8287E+04  3.9092E+03 -1.3001E+04
0000462   5.7332E+04 -1.0337E+04  2.6416E+04
0000463   4.1185E+04  2.4559E+04  2.6542E+04
0000464   1.0462E+05 -6.5406E+04  7.9292E+03
0000465   1.2855E+04  6.6493E+03  1.1098E+04
0000466   2.7365E+04 -7.9669E+03  1.5930E+04
0000467   6.2996E+04  2.1170E+04 -5.8103E+04
0000468   3.0008E+04 -6.4394E+02  1.0920E+01
0000469   2.0227E+04 -4.6382E+03 -1.2496E+04
0000470   1.0382E+05  1.0593E+03 -1.9003E+02
0000471   5.8893E+04 -1.0848E+04  3.4023E+04
0000472   4.2115E+04  4.8075E+03  1.3550E+04
0000473   6.4328E+04 -7.6598E+03  8.2502E+03
0000474   7.3561E+04 -1.4920E+04 -1.9207E+04
0000475   9.2834E+04  2.7849E+04 -3.0435E+04
0000477   7.1662E+04  4.4299E+04  1.1200E+05
0000478   6.5039E+04  5.7097E+04  5.1958E+04
0000479   1.7009E+04 -6.7140E+03 -1.0266E+03
0000480   1.5416E+04  4.5364E+03  1.4182E+00
0000481   5.6530E+04 -8.2458E+03 -2.6694E+03
0000482   7.9531E+04 -2.8154E+04 -9.3800E+03
0000483   1.2999E+05 -7.0164E+03 -2.5290E+04
0000484   6.5503E+04 -3.5854E+03  2.1413E+04
0000485   3.9266E+04 -6.2730E+03  2.4860E+04
0000486   3.9427E+04  3.0842E+04  9.8320E+03
0000487   7.2724E+04  2.4175E+04 -3.5516E+03
0000488   6.4021E+04 -3.0977E+04  3.3364E+03
0000489   3.7601E+04  2.0125E+04 -3.0457E+04
0000490   9.6459E+04 -2.3557E+03  2.7678E+04
0000491   6.0698E+04  2.5847E+04  4.8597E+04
0000492   3.3150E+03 -2.4569E+04  6.5644E+03
0000493   1.2995E+04 -7.2581E+03 -9.6846E+02
0000494   7.4779E+04 -1.2193E+04  3.0135E+04
0000495   9.6030E+04  1.4999E+04  3.0996E+04
0000496   5.0512E+04 -2.6305E+04 -2.4048E+04
0000497   7.4473E+04  2.7720E+04  4.8827E+03
0000498   4.7380E+04  2.2429E+03 -4.2409E+03
0000499   1.1334E+04  7.6074E+03 -1.0033E+04
0000500   6.3150E+04 -1.3005E+04 -2.8861E+04
0000501   1.9668E+04  8.1183E+03 -2.3267E+04
0000502   9.1291E+04 -5.2848E+04 -2.3215E+04
0000503   7.5602E+04 -2.2769E+03  9.6688E+03
0000504   5.3339E+04 -3.9130E+04 -8.5867E+03
0000505   7.9788E+04 -4.2230E+04 -8.2806E+03
0000506   7.4811E+04 -3.3909E+04  5.6612E+03
0000507   4.9592E+04  9.9708E+03  2.6667E+03
0000508   2.6697E+04  1.8105E+04 -9.2997E+03
0000509   7.9498E+04 -3.3443E+04  5.9643E+03
0000510   9.8747E+04 -1.1117E+04  1.4344E+04
0000511   3.2826E+04 -1.2982E+04 -9.2957E+02
0000512   6.8237E+04  2.4468E+04 -1.7099E+04
0000513   9.0361E+04 -4.2155E+04 -1.3605E+04
0000514   3.5295E+04 -1.9891E+03 -2.1636E+03
0000515   6.6342E+04  1.0265E+03  1.8226E+04
0000516   2.2033E+04  3.2820E+04 -4.6150E+04
0000517   8.6269E+04  4.5572E+03 -2.2196E+04
0000518   9.2230E+04 -5.4865E+03 -8.4832E+03
0000519   5.2048E+04  4.3027E+04 -4.3798E+03
0000520   8.1968E+04 -2.3629E+04  2.2451E+04
0000521   8.2963E+04  3.1916E+04  7.7855E+03
0000522   6.2007E+04 -4.9416E+03  5.3772E+04
0000523   7.1996E+04 -2.7411E+04 -2.6559E+03
0000524   9.1175E+04 -4.3550E+04 -4.0204E+04
0000525   1.1238E+05  3.9916E+03 -3.8707E+03
0000526   3.5611E+04 -1.2643E+04  7.7389E+03
0000527   1.0483E+05  2.7874E+04  3.7160E+04
0000528   6.6487E+04  3.5380E+04  1.1947E+04
0000529   6.8483E+04 -3.5617E+04 -2.1115E+04
0000530   7.0022E+04 -4.7697E+04 -2.1581E+03
0000531   3.6730E+04 -4.8125E+03  6.1600E+03
0000532   2.9677E+04  1.5541E+03 -3.7976E+03
0000533   9.0207E+04  4.0869E+04  4.1643E+04
0000534   1.2383E+05  1.8125E+04 -2.8556E+04
0000535   1.0838E+04  7.4216E+03 -3.4208E+04
0000536   2.5631E+04  1.3473E+04  4.0116E+04
0000537   1.7248E+04  2.7870E+04  5.0760E+04
0000538   6.6241E+04 -6.1457E+04  6.3161E+03
0000539   6.6105E+04 -8.4257E+03 -2.2996E+04
0000540   1.1323E+05  5.5775E+04 -2.3406E+04
0000541   8.4908E+04 -2.5077E+04 -8.6469E+02
0000542   9.6223E+04 -2.9455E+04  2.6296E+04
0000543   2.5781E+04  1.6667E+04  6.8175E+03
0000544   3.2837E+04  9.3750E+03  1.2754E+04
0000545   3.8831E+04 -2.0872E+04  4.7263E+04
0000546   1.1564E+05  2.7477E+04 -8.2577E+03
0000547   1.1096E+05 -2.6688E+03  2.8884E+04
0000548   5.6796E+04 -1.7450E+04  1.8670E+04
0000549   3.4113E+04 -4.0308E+04 -1.2397E+03
0000550   2.9931E+04  1.5570E+04  1.4854E+04
0000551   4.5796E+04 -1.5375E+04 -9.6322E+03
0000552   6.3636E+04 -1.6814E+04 -2.7251E+04
0000553   3.5266E+04  1.0314E+04 -4.9579E+03
0000554   4.2837E+04 -2.9251E+03 -2.1462E+04
0000555   3.6782E+04  2.8920E+04  5.1869E+03
0000556   5.1285E+04  4.0121E+04  2.5657E+04
0000557   8.3696E+04 -5.1179E+03  4.1384E+04
0000558   6.3846E+04 -4.9615E+03 -1.7594E+04
0000559   8.9293E+04  1.9717E+04 -3.6363E+04
0000560   1.9223E+04 -1.0571E+04  2.9826E+04
0000561   2.4574E+04 -9.1619E+03  4.5030E+02
0000562   6.9458E+04 -1.4359E+04  1.4289E+04
0000563   4.6520E+04  1.2742E+04  4.8534E+04
0000564   1.3959E+04 -1.5088E+04  4.6054E+03
0000565   5.1690E+04 -4.1483E+03 -2.6048E+04
0000566   5.3296E+04 -3.7402E+04 -1.0409E+04
0000567   6.0833E+04 -2.3777E+04  3.3717E+04
0000568   6.1532E+04 -2.3655E+04  2.5761E+04
0000569   3.4952E+04 -2.0020E+04 -1.4756E+04
0000570   3.6588E+04  3.3975E+04  3.7802E+04
0000571   1.5538E+05  1.3755E+03 -1.7548E+04
0000572   6.0364E+04 -6.5043E+04 -1.5169E+04
0000573   6.8098E+04  3.4019E+03 -2.0044E+03
0000574   2.2696E+04 -1.9109E+03 -5.8245E+03
0000575   6.4315E+04 -1.6634E+04  5.2834E+03
0000576   5.0902E+04  2.0403E+04 -3.3269E+04
0000577   1.7414E+04  1.2303E+04  6.6123E+03
0000578   7.1103E+04 -3.1621E+04  1.9948E+04
0000579   8.6691E+04 -9.9093E+03 -3.5101E+04
0000580   3.6843E+04 -1.1651E+04  1.8075E+04
0000581   1.5734E+04  2.0416E+04  4.2464E+04
0000582   8.8277E+04  1.2997E+04 -1.1431E+04
0000583   1.0132E+05 -4.5161E+04 -1.3000E+03
0000584   8.5178E+04 -1.1863E+04  2.0008E+04
0000585   5.0136E+04  3.4842E+04 -1.1289E+03
0000586   4.9044E+04  2.3753E+04  3.9798E+03
0000587   6.7934E+04  4.1478E+03  4.9837E+04
0000588   9.9047E+04 -1.7569E+04 -5.1029E+04
0000589   4.7809E+04  2.8698E+04 -3.8058E+04
0000590   3.5591E+04  1.9929E+04  1.0444E+04
0000591   3.7590E+04 -3.2206E+04 -1.3474E+04
0000592   2.0992E+03 -3.3051E+04  1.7007E+04
0000593   4.3837E+04  4.0171E+04 -3.8755E+03
0000594   1.4357E+04 -2.1952E+04  1.3941E+04
0000595   9.4890E+04 -1.4862E+03  1.2067E+04
0000596   7.0715E+04  8.5577E+03  2.7417E+04
0000597   6.8241E+03 -1.5992E+04 -2.4490E+04
0000598   5.3207E+04  1.4043E+04 -3.9720E+04
0000599   7.9021E+04 -2.2134E+03  4.0358E+02
0000600   2.6293E+04 -3.6192E+02  2.1878E+04
0000601   4.9608E+04 -2.7877E+04 -3.6844E+04
0000602   4.8645E+04  6.5350E+03 -9.1606E+03
0000603   8.4421E+04  1.3821E+04 -3.0908E+04
0000604   4.6708E+04  8.1015E+03  3.9618E+03
0000605   3.7774E+04 -9.7327E+03 -6.2565E+02
0000606   3.1715E+04  6.6725E+02  1.3720E+03
0000607   4.0289E+04 -1.1709E+04 -7.2690E+03
0000608   8.2566E+04 -3.6948E+02 -4.3202E+04
0000609   5.2184E+04  5.2024E+02 -2.6629E+04
0000610   7.6260E+04 -2.8490E+04 -2.0410E+03
0000611   6.2749E+04  2.4938E+04  2.8850E+04
0000612   2.5650E+04 -4.2325E+03 -1.2625E+04
0000613   3.7019E+04 -1.4142E+04 -1.7394E+04
0000614   5.7436E+04 -2.8346E+04 -4.7796E+04
0000615   7.1798E+04  3.7310E+04 -2.3098E+04
0000616   7.9784E+04 -3.6248E+04 -9.5845E+02
0000617   1.4549E+04 -2.2809E+04  6.4114E+03
0000618   7.2380E+04 -1.6190E+04  1.4033E+04
0000619   7.6851E+04 -3.9915E+03 -2.4399E+04
0000620   6.3139E+04  1.1998E+04 -4.6363E+04
0000621   2.7147E+04  9.2943E+03  4.0786E+03
0000622   6.9680E+04 -3.6357E+04 -2.0028E+04
0000623   9.3418E+04 -4.9618E+03  7.7107E+03
0000624   5.2327E+04  1.7633E+04 -1.0046E+04
0000625   1.2255E+05 -3.4111E+03  3.2306E+04
0000626   6.4685E+04  2.5458E+04  1.5440E+04
0000627   4.4263E+04 -6.1282E+04  5.1686E+03
0000628   7.2605E+03  1.3976E+04 -1.2610E+04
0000629   7.4906E+04  1.1827E+04  2.8275E+04
0000630   5.3391E+04 -3.4547E+03  6.4875E+03
0000631   6.0606E+04 -9.7816E+03 -1.5159E+04
0000632   5.9145E+04  6.8182E+04 -1.1892E+04
0000633   6.9761E+04  1.0499E+04  2.5551E+04
0000634   4.7750E+04 -1.5673E+04  1.4462E+04
0000635   6.0657E+04 -2.8350E+04  2.8355E+04
0000636   8.2816E+04 -3.1801E+04 -4.2467E+04
0000637   8.3226E+04 -4.2178E+04 -3.4185E+04
0000638   3.6048E+04 -1.3327E+04  1.2657E+04
0000639   5.1778E+04 -2.9605E+04  1.1311E+04
0000640   2.2165E+04  9.9568E+03  5.3093E+02
0000641   2.3390E+04 -1.6477E+01  1.9285E+04
0000642   8.4578E+04 -3.8472E+04  1.8919E+04
0000643   2.2835E+04 -1.6210E+04 -2.9799E+04
0000644   1.1063E+05  3.3335E+04  2.6367E+04
0000645   2.1778E+04 -9.9442E+03  4.5541E+03
0000646   5.4937E+04 -3.7700E+03 -1.4933E+04
0000647   1.1816E+04  1.7089E+04  1.0899E+04
0000648   6.2309E+04  2.5899E+04 -2.2211E+04
0000649   6.7400E+04  4.0785E+03 -1.8405E+04
0000650   5.5127E+04 -5.9050E+03 -9.3965E+03
0000651   6.4888E+04  1.6322E+04 -8.7974E+03
0000652   3.8349E+04  2.2821E+04 -1.2754E+03
0000653   6.7535E+04 -1.7642E+04 -3.1594E+04
0000654   5.0096E+04  1.7861E+04  2.2941E+04
0000655   4.0262E+04  1.8009E+04  7.5365E+03
0000656   6.1367E+04  1.3943E+04 -5.3815E+03
0000657   4.1944E+04 -3.1289E+04  1.8090E+04
0000658   2.9060E+04 -1.9802E+04  8.1280E+02
0000659   6.8910E+04  2.5206E+04 -2.0905E+04
0000660   1.1933E+05  4.5557E+04  3.2706E+04
0000661   5.0080E+04 -1.5683E+04  1.5940E+04
0000662   5.0806E+04  5.1255E+02 -9.6265E+03
0000663   4.6389E+04 -2.0689E+02  3.7379E+04
0000664   5.8854E+04 -1.5414E+04 -5.6111E+04
0000665   4.3616E+04  7.9131E+03 -2.7544E+04
0000666   2.2322E+04  2.1105E+04  2.1862E+04
0000667   3.0968E+04  3.2412E+04  1.7205E+04
0000668   6.4001E+04 -6.5606E+03  2.4056E+04
0000669   4.1163E+04 -4.9216E+03  1.0519E+04
0000670   4.4913E+04  1.2547E+04 -8.5427E+03
0000671   5.8559E+04  2.0183E+04 -8.8472E+03
0000672   5.2328E+04  2.0596E+04 -2.2482E+04
0000673   6.0857E+04 -3.6762E+03 -2.2696E+04
0000674   3.6378E+04 -3.5145E+03  3.2914E+03
0000675   5.1206E+04  1.9748E+04  3.9830E+04
0000676   7.9646E+04 -2.3510E+04  3.0653E+04
0000677   6.3845E+04 -1.5703E+04  4.2224E+04
0000678   7.9466E+04  5.7926E+03  1.2535E+04
0000679   3.0036E+04  1.5677E+04 -2.4327E+04
0000680   9.2817E+04  6.1829E+03  2.9274E+04
0000681   6.9836E+04  1.8663E+03 -1.0977E+04
0000682   1.2468E+04  2.5294E+04 -1.9030E+04
0000683   9.9232E+04  1.3622E+03  1.6084E+04
0000684   1.0552E+05  1.2397E+04 -3.6041E+02
0000685   9.2328E+04 -7.0214E+03  1.2956E+04
0000686   6.1370E+04  8.9007E+03  1.6953E+04
0000687   1.1683E+05  1.0572E+04 -2.6829E+04
0000688   6.8634E+04  2.6177E+04 -4.3669E+04
0000689   3.6363E+04  2.4935E+04  3.6765E+03
0000690   9.0747E+04 -1.5695E+03 -2.5200E+04
0000691   8.3201E+04 -6.7469E+03  2.8650E+04
0000692   9.2108E+04 -2.7321E+04 -4.4291E+03
0000693   3.5800E+04  4.1118E+03  4.0015E+03
0000694   2.7622E+04  1.4892E+04 -2.7349E+04
0000695   7.0175E+04  9.0239E+03  1.6382E+04
0000696   3.4539E+04 -4.2991E+04  6.9380E+04
0000697   2.2696E+04  7.7748E+03 -3.7665E+03
0000698   5.4469E+04 -2.1152E+04 -5.8621E+03
0000699   3.7076E+04  2.4425E+03 -1.6021E+04
0000700   1.0280E+05 -2.0321E+04  1.8606E+04
0000701   2.9173E+04 -1.0724E+04 -3.4910E+02
0000702   2.0855E+04 -2.2659E+03  8.9378E+03
0000703   3.0870E+04 -3.8572E+03  1.9174E+04
0000704   4.6380E+04 -1.7057E+04 -3.2367E+04
0000705   4.4451E+04 -1.1776E+04  9.9653E+02
0000706   1.0679E+05  2.9317E+04 -2.9851E+04
0000707   8.4017E+04 -3.8673E+03  2.4610E+04
0000708   5.1224E+04  1.3932E+04  8.8696E+03
0000709   2.5474E+04  6.0539E+04 -1.1719E+04
0000710   4.1137E+04  9.0742E+03  2.1883E+03
0000711   5.8694E+04  2.8929E+04  2.6703E+04
0000712   1.2704E+05 -5.4520E+03  3.0906E+04
0000713   8.1481E+04  5.1213E+03  1.2908E+04
0000714   4.2036E+04  7.7421E+03 -1.0923E+04
0000715   1.0239E+05 -5.4883E+04  5.1550E+04
0000716   4.3230E+04 -9.5516E+01  2.9852E+03
0000717   8.5033E+04 -3.2928E+04  3.3509E+04
0000718   5.3648E+04  4.8193E+04  1.4793E+04
0000719   5.3042E+04 -3.2399E+04  5.0343E+03
0000720   3.0800E+04 -2.2363E+03  5.3503E+03
0000721   6.3007E+04  3.9382E+03  7.0439E+03
0000722   9.7123E+04 -4.3449E+03  1.2753E+04
0000723   4.8132E+04  1.3781E+04 -9.1598E+02
0000724   6.4342E+04 -2.0869E+04  8.2155E+02
0000725   1.7174E+04 -8.3924E+03  2.7283E+04
0000726   8.3031E+04 -7.0835E+03  2.7158E+04
0000727   2.1108E+04 -9.7491E+03  1.8121E+04
0000728   2.2626E+04  1.1661E+04 -7.9403E+02
0000729   9.2372E+04 -6.0947E+04  1.1818E+04
0000730   6.5040E+04 -2.7589E+03 -9.9865E+03
0000731   9.1721E+04 -3.4756E+04  2.5775E+04
0000732   6.3484E+04  1.5057E+04  4.9089E+04
0000733   6.1775E+04  1.0715E+04  3.4830E+03
0000734   5.3793E+04  1.4718E+04  4.3659E+02
0000735   8.1329E+04  3.3053E+04 -3.7147E+03
0000736   8.0617E+04 -1.7989E+03  2.4638E+04
0000737   9.3402E+04  3.5031E+04  1.8304E+04
0000738   1.8986E+04  2.8397E+03 -7.6271E+02
0000739   1.2379E+05 -9.9386E+03 -3.0304E+04
0000740   2.2733E+04 -1.2911E+04 -1.3613E+04
0000741   1.1260E+05 -2.1622E+03  2.8495E+04
0000742   9.7739E+03  1.7706E+04  2.5968E+03
0000743   5.7728E+04 -2.1519E+04  3.8770E+03
0000744   1.4475E+04 -5.3941E+04  1.1832E+04
0000745   1.9672E+04 -1.2701E+04  4.5876E+03
0000746   1.4939E+04  1.3217E+04  2.0499E+03
0000747   4.4475E+04 -1.4685E+04  6.0409E+03
0000748   2.6118E+04  1.4865E+04 -1.2178E+04
0000749   5.6865E+04  1.0723E+04 -2.3327E+03
0000750   1.0506E+05 -2.2788E+04  3.3864E+04
0000751   4.1785E+04 -6.1286E+03  1.0667E+03
0000752   5.7182E+04  3.3918E+04 -8.9537E+03
0000753   2.6753E+04 -1.6069E+04 -1.5108E+03
0000754   3.0441E+04 -1.0258E+04  1.1097E+04
0000755   8.4324E+04 -3.1451E+04 -2.7010E+04
0000756   9.9382E+04 -6.7771E+03  6.5189E+04
0000757   5.2773E+04  2.0717E+04  5.6956E+03
0000758   7.8660E+04  1.0448E+03 -1.1861E+04
0000759   9.2935E+04  8.2486E+03  3.7352E+04
0000760   1.0978E+05  9.0414E+03 -2.2117E+04
0000761   6.3374E+04 -1.4549E+03  1.1268E+04
0000762   2.1426E+04  1.9089E+04  2.7587E+03
0000763   5.8501E+04 -2.4522E+04  7.3728E+03
0000764   5.5391E+04 -2.1092E+04 -1.6182E+04
0000765   7.9021E+04  9.8639E+03 -5.6598E+03
0000766   1.8075E+04 -4.8896E+03 -2.3627E+03
0000767   1.1448E+03 -5.3323E+04 -3.5320E+04
0000768   6.7189E+04  4.3599E+04 -3.9527E+04
0000769   3.0163E+04  3.0388E+03 -1.8186E+04
0000770   3.7061E+04  2.1100E+04 -3.2289E+04
0000771   4.5806E+04  4.9650E+03  2.0737E+04
0000772   5.3372E+04 -1.0975E+04  3.5273E+04
0000773   3.3022E+04  1.3059E+03  4.4793E+03
0000774   7.1719E+04 -3.8283E+04 -1.1009E+04
0000775   3.1966E+04 -3.9588E+04  5.6138E+04
0000776   4.1372E+04 -3.3494E+04  9.2015E+03
0000777   5.3526E+04  1.2456E+03  3.0016E+03
0000778   2.4444E+04  2.1381E+04  6.0523E+02
0000779   5.0480E+04 -8.2708E+03  1.7241E+04
0000780   4.0151E+04 -2.8492E+04 -5.5636E+02
0000781   6.8606E+04 -4.2189E+04 -2.7798E+04
0000782   3.4038E+04 -2.2002E+04  9.3611E+03
0000783   1.5587E+04  7.4954E+02 -6.2035E+03
0000784   9.2906E+04  3.4539E+04 -6.1998E+02
0000785   3.8182E+04 -2.0940E+04 -2.6130E+03
0000786   7.1821E+04  3.7832E+03 -1.4291E+04
0000787   7.4165E+03 -6.0848E+03 -7.9494E+03
0000788   4.3572E+04  3.2478E+03 -2.5730E+04
0000789   5.3636E+04 -1.5608E+04  3.5372E+04
0000790   5.2536E+04 -8.8716E+03  8.7759E+03
0000791   3.1717E+04  2.5787E+03  1.4510E+04
0000792   5.6778E+04  9.4252E+03  6.2049E+04
0000793   3.5765E+04  6.3123E+03  9.8281E+03
0000794   4.7690E+04 -3.0573E+04  1.0422E+04
0000795   5.9513E+04 -3.7003E+04  1.5414E+04
0000796   1.3477E+05  2.7366E+03 -7.5797E+03
0000797   8.2845E+04  4.9918E+03 -1.0215E+04
0000798   6.8134E+04  2.4509E+04 -4.2060E+03
0000799   9.4429E+04  4.3778E+04  1.6773E+04
0000800   6.2410E+04  2.6277E+04  1.1127E+04
0000801   4.6611E+04  6.9430E+03  3.4089E+04
0000802   4.9072E+04  1.8981E+04 -3.2391E+03
0000803   6.1324E+04 -2.4551E+04  2.0222E+03
0000804   8.1514E+04 -1.4894E+04 -8.8966E+01
0000805   8.6712E+04  7.2522E+02 -3.3596E+04
0000806   4.0455E+04  2.3069E+04  4.2759E+04
0000807   6.1266E+04 -1.3340E+03  7.3872E+03
0000808   3.3482E+04  1.0006E+04 -1.9875E+04
0000809   2.6371E+04 -2.9812E+04 -4.0294E+04
0000810   5.6875E+04 -3.2221E+04 -3.3853E+04
0000811   4.2187E+04  1.5902E+04 -2.0255E+04
0000812   3.7607E+04 -6.5452E+03 -5.4503E+04
0000813   6.1376E+04  1.1284E+04 -4.2930E+03
0000814   8.5446E+04  3.4011E+04 -3.6595E+03
0000815   7.0665E+04  3.3546E+04 -3.6255E+04
0000816   2.2840E+04  2.7687E+04 -1.3370E+04
0000817   6.8078E+04  6.4879E+03  3.2988E+03
0000818   4.9432E+04  8.4406E+03 -4.6595E+04
0000819   5.7311E+04  9.7161E+03 -1.1854E+04
0000820   1.5528E+04  3.4302E+04 -1.7609E+03
0000821   1.7627E+04  4.4950E+03  9.5215E+03
0000822   7.1614E+04 -2.1744E+04 -4.1618E+03
0000823   3.8484E+04 -5.2160E+04  1.0838E+04
0000824   3.3514E+04  7.0435E+02 -1.0794E+04
0000825   4.5722E+04  2.2314E+04 -2.2058E+04
0000826   3.7308E+04  8.5337E+03  1.6823E+04
0000827   4.8753E+04 -1.6076E+04 -4.3436E+04
0000828   4.9383E+04 -8.2439E+02 -4.1221E+04
0000829   6.6317E+04  3.2190E+04  3.0167E+04
0000830   9.6291E+04  1.8993E+04 -5.0708E+03
0000831   6.2848E+04 -2.1766E+04 -2.4467E+04
0000832   6.3917E+04  1.1534E+04 -2.3075E+03
0000833   7.8107E+04  7.0079E+02 -6.2630E+04
0000834   4.9361E+04 -5.5429E+03  1.2994E+04
0000835   9.7904E+03  1.6373E+04  4.2644E+03
0000836   6.4736E+04  4.9450E+03  1.8972E+04
0000837   1.0006E+04  2.4677E+03 -8.8990E+03
0000838   7.7455E+04 -8.4915E+03 -1.1636E+04
0000839   2.7716E+04 -5.8409E+04 -2.2434E+03
0000840   4.5689E+04 -7.6275E+03  1.2040E+04
0000841   6.2812E+04  2.2138E+02 -1.7679E+04
0000842   3.3540E+04 -2.3855E+04  1.4455E+04
0000843   6.4525E+04  1.6843E+04 -2.5134E+04
0000844   9.3087E+04  2.4665E+03 -9.5649E+03
0000845   5.6005E+04 -4.9793E+02 -2.7618E+04
0000846   3.5346E+04  5.7655E+03  5.3119E+04
0000847   2.6930E+04 -1.2238E+04 -1.8711E+04
0000848   5.1877E+04 -3.7952E+03 -1.1303E+03
0000849   3.4369E+04 -7.5537E+03  5.1244E+03
0000850   5.3585E+04  2.4962E+03  3.2738E+03
0000851   5.0664E+04  9.4622E+02 -1.2815E+04
0000852   8.2636E+03 -2.0068E+04  1.6721E+04
0000853   8.3756E+04 -7.4677E+03 -1.0287E+04
0000854   1.1522E+04 -1.9034E+04  2.7254E+04
0000855   1.7946E+04  2.4191E+03 -1.7263E+04
0000856   3.9063E+04  5.8988E+03  3.2498E+04
0000857   8.6356E+04 -1.2204E+04 -1.3182E+04
0000858   9.0182E+04 -3.8956E+03  6.7005E+03
0000859   3.2301E+04  1.3666E+04  5.9161E+02
0000860   2.0294E+04 -3.9328E+03  4.8322E+03
0000861   1.0924E+05 -4.2000E+04 -5.1220E+03
0000862   4.6884E+04  2.9246E+03  1.9015E+04
0000863   4.6658E+04 -3.7236E+04 -2.1456E+04
0000864   6.6484E+04  4.7619E+03  4.2105E+03
0000865   5.9844E+04 -5.8724E+03 -1.0422E+04
0000866   8.1402E+04  9.5206E+03 -5.4888E+03
0000867   7.7021E+04 -4.1282E+04  7.8114E+03
0000868   1.0081E+05 -8.4996E+03  2.6442E+04
0000869   2.2207E+04  9.1505E+03 -1.3940E+04
0000870   8.6110E+04 -5.8934E+03 -1.0530E+04
0000871   1.6458E+04 -1.1071E+04  1.1020E+03
0000872   2.4336E+04  6.0844E+03  1.3819E+04
0000873   3.5993E+04  2.6787E+04 -3.7931E+04
0000874   6.7224E+04 -7.2642E+03 -3.2086E+04
0000875   9.7080E+04  2.1170E+04  1.5614E+03
0000876   6.6171E+04  3.0305E+04  1.5746E+04
0000877   6.7802E+04  8.7574E+03 -3.0640E+04
0000878   5.9555E+03 -7.0215E+03  2.7126E+03
0000879   3.7247E+04  1.1297E+04  8.6614E+03
0000880   3.3225E+04  3.4896E+03 -2.2330E+03
0000881   5.2690E+04 -3.1056E+04 -4.8135E+03
0000882   2.2305E+04 -1.5381E+04  1.4260E+04
0000883   7.8769E+04  3.7824E+03 -5.7509E+03
0000884   6.6902E+04  1.4586E+04 -2.6387E+03
0000885   4.4067E+04  2.5624E+04  2.4767E+04
0000886   9.2002E+04  8.8918E+03 -1.5147E+04
0000887   6.9643E+04  5.2516E+04  1.1220E+04
0000888   5.7599E+04  2.9295E+04 -6.8505E+03
0000889   7.8550E+04 -1.1647E+02 -3.1048E+03
0000890   7.1633E+04 -1.3957E+03 -7.7737E+03
0000891   2.7852E+04  1.1654E+04 -6.8633E+03
0000892   8.0536E+04 -2.5609E+04 -3.5145E+04
0000893   5.5180E+04 -2.3372E+04 -3.3718E+04
0000894   4.3777E+04 -1.7744E+04  9.5149E+03
0000895   1.0746E+05  2.5666E+04  4.3089E+04
0000896   7.2712E+04 -1.5909E+04 -4.3133E+04
0000897   4.9682E+04 -2.4764E+04  8.1243E+03
0000898   5.1807E+04 -1.9296E+04 -1.5204E+04
0000899   3.5800E+04 -7.4631E+03 -1.7614E+03
0000900   4.6144E+04  5.0931E+03  1.1943E+04
0000901   8.4962E+04  1.3250E+04  3.3421E+04
0000902   4.5113E+04  5.9283E+03  1.8943E+03
0000903   4.9003E+04 -3.4629E+04 -1.9005E+04
0000904   8.9143E+04  1.6646E+04  2.9362E+04
0000905   5.5682E+04 -9.0683E+03  8.3020E+03
0000906   4.4188E+04 -2.1623E+04 -8.1365E+03
0000907   6.7502E+04  1.4595E+04  2.4344E+04
0000908   8.5069E+03  5.4631E+04 -4.2309E+04
0000909   1.2603E+05 -1.0358E+04  1.4244E+04
0000910   5.5766E+04  1.0735E+04 -1.8941E+04
0000911   1.5316E+04 -2.6289E+03  4.7664E+03
0000912   1.1304E+05  2.3649E+03  7.1969E+04
0000913   9.4592E+04  6.2347E+02 -9.7280E+02
0000914   6.8363E+04  2.3103E+04  1.7365E+04
0000915   3.4301E+04 -3.4502E+03 -6.2510E+03
0000916   7.5944E+04 -1.8245E+04 -1.8038E+04
0000917   8.8362E+04  1.1386E+03  3.0622E+04
0000918   1.5232E+04  1.0564E+04  1.1140E+03
0000919   8.8857E+04 -2.7775E+04  2.4287E+04
0000920   5.5824E+04 -6.7908E+04  1.1865E+04
0000921   6.9712E+04 -5.3884E+04  3.9239E+04
0000922   2.3399E+04  2.2237E+03  1.6126E+04
0000923   1.9544E+04 -7.5412E+02 -2.4658E+03
0000924   6.3527E+04 -2.7857E+04 -4.9135E+03
0000925   2.6663E+04  1.6706E+04  2.9042E+02
0000926   8.5288E+04  8.4703E+02  8.1572E+03
0000927   9.9092E+04 -9.4420E+02 -8.8614E+03
0000928   5.2696E+04 -6.1406E+04  2.2005E+04
0000929   9.7549E+04 -2.6898E+04 -3.3317E+04
0000930   3.6282E+04 -1.9658E+04  1.9940E+04
0000931   3.5623E+04 -2.9232E+03 -4.8068E+03
0000932   7.7272E+04  1.8470E+04  3.2301E+04
0000933   2.8749E+04 -2.4322E+03  2.0019E+04
0000934   1.4722E+04  2.4582E+04 -2.9069E+03
0000935   3.2718E+04 -1.5732E+03 -1.1065E+04
0000936   4.5107E+04 -1.6713E+04 -4.1690E+04
0000937   5.8752E+04  1.7814E+04 -2.6730E+04
0000938   7.7607E+04 -9.2307E+03  7.3874E+03
0000939   1.0276E+05 -2.2473E+04  2.0340E+04
0000940   3.5800E+04  1.7787E+04 -1.4376E+04
0000941   3.5882E+04  4.3919E+03 -2.5922E+04
0000942   2.2763E+04  1.5750E+03  1.3093E+04
0000943   6.2748E+04 -3.9985E+04  3.8528E+04
0000944   4.3722E+04  2.0441E+04 -3.2810E+04
0000945   5.7232E+04 -7.4607E+04 -3.9388E+04
0000946   4.4610E+04  1.4279E+02  2.1778E+04
0000947   4.2327E+04  5.3625E+03  2.7593E+04
0000948   7.9035E+04 -1.4971E+04 -5.5637E+03
0000949   7.2373E+04  3.4430E+04 -1.9306E+04
0000950   7.6990E+04  4.3548E+04  3.6833E+04
0000951   2.2203E+03 -2.9341E+03  1.5888E+04
0000952   2.0053E+04 -1.3375E+04 -1.6830E+03
0000953   3.8779E+04  3.8909E+03  3.8949E+01
0000954   3.7367E+04 -1.3137E+04  2.0452E+04
0000955   1.6686E+04  1.1480E+04 -3.0827E+04
0000956   7.7986E+04  3.9181E+04 -2.8618E+04
0000957   1.2902E+05  1.7328E+03  7.2355E+03
0000958   7.8648E+04  3.1562E+04  3.7998E+04
0000959   5.4525E+04 -6.7571E+03 -1.5217E+04
0000960   4.9716E+04  1.8037E+04  4.8257E+03
0000961   5.5220E+04  3.5841E+04 -3.2047E+03
0000962   6.0871E+04 -1.0782E+04  1.6792E+04
0000963   6.4744E+04 -2.3447E+03 -2.7192E+04
0000964   8.3880E+04  4.7131E+03  2.0618E+04
0000965   7.5830E+04 -5.3351E+04 -6.2263E+03
0000966   2.1819E+04  3.8719E+04  3.1640E+04
0000967   5.2589E+04 -2.5303E+04 -2.3770E+04
0000968   8.0485E+04 -3.7895E+04  5.5004E+04
0000969   4.0530E+04  4.0947E+03 -3.1026E+03
0000970   1.2183E+05 -3.3027E+04  1.1781E+04
0000971   3.2982E+04 -7.9799E+03 -2.0560E+04
0000972   8.7466E+04 -2.0192E+04 -2.1417E+04
0000973   6.2866E+04 -4.8199E+03 -2.4466E+04
0000974   3.0166E+04  3.1734E+03 -6.8910E+02
0000975   3.9505E+04 -2.1238E+03  8.4083E+03
0000976   4.5351E+04  1.9606E+04 -3.8005E+04
0000977   7.7058E+04 -1.0982E+04 -1.8577E+04
0000978   4.3657E+04  1.9167E+04  1.1220E+04
0000979   1.0786E+05 -4.2929E+04  1.4423E+04
0000980   9.4751E+04 -5.0982E+04  3.2222E+04
0000981   7.8506E+04 -2.6576E+04  4.1277E+04
0000982   9.7065E+04 -3.7052E+04 -4.7840E+04
0000983   5.2058E+04  1.3380E+04  3.9688E+03
0000984   8.4516E+04 -3.2752E+04 -2.8369E+03
0000985   1.1539E+04 -2.2886E+04 -1.8185E+04
0000986   7.7741E+04  2.4278E+04 -9.9232E+02
0000987   6.7569E+04  4.8838E+04 -6.6925E+02
0000988   2.6139E+04 -9.8297E+03  2.7229E+04
0000989   6.1749E+04  1.3239E+03 -3.9607E+03
0000990   6.8680E+04  2.3355E+04 -3.6867E+04
0000991   6.2137E+04 -1.1328E+04  9.8386E+03
0000992   6.4792E+04  3.6474E+04 -6.5885E+03
0000993   5.3030E+04 -6.8711E+04 -1.5802E+04
0000994   4.0315E+04 -2.5030E+04 -1.3258E+04
0000995   1.0681E+05  2.5803E+04 -2.1424E+03
0000996   6.5123E+04  2.1586E+04  1.6187E+04
0000997   4.4134E+04 -3.0719E+04  1.8484E+04
0000998   7.5971E+04 -2.1192E+04  5.7256E+03
0000999   4.8486E+03 -8.4877E+03  3.2053E+04
0001000   3.5623E+04 -2.5139E+04 -2.4965E+04
