============================== SRIM-2013.00 ==============================
==============================================================================
====== SRIM Outputs\RANGE_3D.txt : File of Final Ion Positions =====

Ion = Ar (18)   Ion Mass= 039.9620
Energy  = 1098541.E-05 keV
Ion Angle to Surface = 00.0 degrees
==================== TARGET =======================
  Layer # 1 - Layer 1
  Layer # 1 - Bottom Depth=500000.E+02 A
  Layer # 1 - Density =0000.0178 g/cm3
  Layer # 1 -  100 % of Ar
様様様様様様様様様様様様様様様様様様様様様様様様様様
                                            
Ion       Depth  X   Lateral Y   Lateral Z  
Number    (Angstrom) (Angstrom)  (Angstrom) 
-------  ----------- ----------- -----------
0000001   1.9960E+04 -2.3847E+04 -5.7806E+03
0000002   1.3309E+04 -9.9304E+03 -1.0865E+04
0000003   5.6105E+04 -3.3088E+03 -3.5517E+03
0000004   3.0259E+04  7.1752E+03 -2.5033E+04
0000005   2.2855E+04 -8.3357E+03  9.8636E+03
0000006   2.2723E+04 -9.8048E+03  5.4911E+03
0000007   6.3523E+03 -2.3043E+02 -5.0366E+02
0000008   2.2468E+04  2.4095E+04 -5.2207E+03
0000009   1.5772E+04 -6.7346E+03 -1.8032E+04
0000010   4.0460E+04 -3.0163E+02 -1.1936E+04
0000011   1.4062E+04  4.0180E+03  2.2510E+04
0000012   4.3927E+04  8.5640E+03 -7.9618E+03
0000013   3.4225E+04  1.0291E+04  1.7614E+04
0000014   2.4656E+04  5.3993E+03 -2.3499E+04
0000015   6.2650E+04  1.0514E+04  3.5891E+03
0000016   2.3273E+04  5.8253E+03 -5.9790E+03
0000017   1.7151E+04 -7.4000E+03  1.0098E+04
0000018   1.8398E+04  6.3180E+03  5.7668E+03
0000019   1.9563E+04  7.6175E+02  1.6096E+04
0000020   2.9402E+04  6.1324E+03  4.9012E+03
0000021   4.8120E+04 -8.8914E+02 -1.1295E+04
0000022   1.6180E+04  9.5811E+03  1.5980E+04
0000023   3.6805E+04 -6.9087E+03  1.7637E+04
0000024   5.2546E+04 -1.8390E+04 -6.9362E+03
0000025   4.0733E+04 -3.4854E+03  4.5792E+03
0000026   1.3867E+04 -3.7128E+03 -4.4526E+03
0000027   2.2984E+04 -9.9329E+03  5.4448E+03
0000028   3.1890E+04 -5.9918E+03 -8.6532E+03
0000029   2.2900E+04 -4.2698E+03 -1.0793E+04
0000030   1.1323E+04 -6.2622E+02  1.2125E+02
0000031   1.6508E+04  7.9409E+03 -7.6879E+03
0000032   1.5727E+04  8.9304E+02  7.0261E+03
0000033   3.8557E+04  1.0176E+04  4.9763E+03
0000034   4.0197E+04  5.5205E+03 -8.9626E+03
0000035   4.0251E+04  2.7586E+03 -1.8468E+04
0000036   2.4376E+04 -1.5741E+04 -7.5519E+03
0000037   2.4434E+04 -1.7585E+04 -5.8176E+02
0000038   3.7798E+04  2.2532E+02 -1.7583E+04
0000039   4.4254E+04  2.2705E+04 -5.5394E+03
0000040   2.9889E+04 -5.0561E+03  3.5893E+03
0000041   2.6549E+04  6.5473E+03  1.8561E+03
0000042   5.9748E+03 -4.6516E+03  2.0376E+03
0000043   2.8398E+04 -1.2175E+04  1.0262E+04
0000044   7.8877E+04  1.7380E+04 -7.7385E+03
0000045   1.5014E+04  1.2548E+04 -1.5463E+04
0000046   7.1518E+03  1.4217E+04 -2.1161E+04
0000047   1.3946E+04 -1.9999E+03  1.4818E+04
0000048   2.7733E+04 -3.6470E+03 -2.3939E+03
0000049   3.2611E+04 -7.4936E+03  3.9280E+03
0000050   1.5723E+04 -8.0195E+03  1.3024E+04
0000051   2.0426E+04  1.4211E+04  1.2275E+04
0000052   3.0537E+04 -1.6105E+04 -7.5996E+02
0000053   3.6078E+04 -1.1870E+04 -3.0269E+03
0000055   1.6804E+04 -2.5830E+04  3.9020E+03
0000056   5.0940E+04 -5.4856E+03  1.1784E+04
0000057   3.5502E+04  1.6227E+04  1.0360E+04
0000058   3.6739E+04  3.5538E+03  5.2353E+03
0000059   1.4477E+03 -5.9328E+03  1.0116E+04
0000060   1.3499E+04 -2.9294E+03 -1.0005E+04
0000061   2.6783E+04 -3.7892E+02 -5.3763E+03
0000062   7.3208E+03  2.2595E+03 -6.7681E+03
0000063   5.7773E+04 -2.1320E+04 -1.7970E+04
0000064   4.0387E+04  1.3201E+04 -1.0490E+04
0000065   3.1177E+04 -9.2735E+03  6.3827E+03
0000066   1.5945E+04 -1.5871E+03  8.9952E+02
0000067   1.1488E+04  2.3204E+03 -1.9329E+04
0000068   8.7127E+03 -3.8212E+03 -3.1282E+02
0000069   6.3970E+04 -1.5412E+03 -2.0275E+04
0000070   4.0175E+04 -1.1200E+04 -2.5007E+04
0000071   2.4400E+04 -4.5183E+02 -1.3871E+04
0000072   5.6680E+03 -3.5165E+03 -8.2602E+03
0000073   4.9047E+04 -2.7152E+04 -1.0369E+04
0000074   4.9519E+04 -8.7147E+02  5.4109E+02
0000075   4.4946E+04 -3.1556E+03 -7.0464E+03
0000076   2.7969E+04 -1.0894E+04  1.6052E+04
0000077   1.8616E+04 -3.9974E+03 -1.2535E+04
0000078   4.5794E+04 -1.9298E+04  1.0824E+04
0000079   1.7092E+04 -1.7709E+04  7.6701E+03
0000080   7.3808E+03  6.3961E+03 -1.1378E+04
0000081   6.3770E+04 -3.9131E+03 -8.0671E+01
0000082   2.2918E+04  6.8964E+03  1.7075E+04
0000083   1.5032E+04  2.8033E+03 -4.6802E+03
0000084   4.3211E+04  2.9074E+04 -2.6765E+03
0000085   1.9187E+04  1.6742E+04 -1.9112E+03
0000086   2.6946E+04 -5.5526E+03  5.9260E+03
0000087   4.9181E+04 -2.1295E+03  6.1310E+03
0000088   2.3470E+04 -5.4135E+03  1.6438E+04
0000089   1.6405E+04  4.2401E+03 -1.6968E+04
0000090   2.3915E+04 -1.3937E+04 -3.8780E+03
0000091   3.0829E+04  1.6837E+04 -2.4778E+04
0000092   4.1677E+04  1.6531E+04  7.1982E+03
0000093   1.6654E+04  3.5536E+03 -7.3997E+03
0000094   3.7837E+04 -1.5088E+04 -8.2812E+03
0000095   2.2291E+04 -2.7571E+03  6.7491E+03
0000096   1.4389E+04  1.1536E+04  1.6962E+04
0000097   2.8970E+04  3.5898E+03  3.1885E+03
0000098   2.2311E+04  1.3018E+04 -9.6568E+03
0000099   1.9636E+04 -9.1094E+03  3.5955E+03
0000100   2.6486E+04 -5.2523E+03  1.1430E+04
0000101   3.4463E+04  2.9192E+04 -2.6175E+04
0000102   1.9403E+04  2.9592E+03  5.6333E+03
0000103   3.3934E+03 -3.4076E+03  8.8513E+03
0000104   1.4887E+04  8.5019E+03 -2.1217E+03
0000105   9.8963E+03  6.4186E+03 -8.1922E+03
0000106   5.0745E+04  1.5025E+04  2.3742E+04
0000107   2.7173E+04  1.1729E+02 -2.8557E+03
0000108   4.8039E+04  3.3532E+04  1.6694E+04
0000109   1.1949E+04 -1.4261E+04  1.3155E+04
0000110   8.3425E+03  9.6241E+03 -5.8587E+03
0000111   2.7074E+04 -1.1693E+04  5.0455E+02
0000112   3.6246E+04  5.7468E+03  8.4135E+03
0000113   1.9394E+04 -1.4746E+04  2.1962E+04
0000114   2.1049E+04  1.8428E+03 -8.0709E+03
0000115   3.7577E+04 -3.2133E+04 -1.2671E+04
0000116   2.9175E+04 -6.4763E+03  3.3266E+04
0000117   5.0000E+04  5.5497E+03  7.4665E+03
0000118   1.5868E+04  8.4899E+03  3.8340E+03
0000119   3.0122E+04 -1.8379E+04  8.0364E+03
0000121   2.4208E+04  3.6074E+02  8.6851E+02
0000122   7.2457E+04  2.5372E+04 -9.2384E+03
0000123   3.6005E+04  9.4000E+03  1.6092E+04
0000124   8.0068E+03 -1.9261E+02 -3.5787E+03
0000125   4.0225E+04  1.8643E+04 -1.0437E+04
0000126   1.9132E+04  2.2440E+04  1.6774E+03
0000127   2.4357E+04 -1.3759E+04 -5.9412E+01
0000128   2.8433E+04  4.2809E+03  3.0904E+03
0000129   6.5986E+04 -1.3236E+04  2.0849E+04
0000130   3.8189E+04 -4.9244E+03  9.1975E+01
0000131   4.2932E+04 -1.5235E+04  2.9715E+03
0000132   2.1438E+04 -3.1093E+04  2.1894E+04
0000133   2.4752E+04 -4.7865E+03 -1.5205E+04
0000134   2.7557E+04 -1.0795E+04  4.7913E+03
0000135   9.1150E+03  1.0188E+04  3.1010E+03
0000136   5.4781E+03 -8.0020E+03 -2.5460E+03
0000137   4.1487E+04 -9.8364E+03 -2.5452E+04
0000138   5.2081E+04  1.6617E+04 -2.9490E+03
0000139   3.6392E+04 -2.8332E+03  4.0666E+04
0000140   4.1698E+04 -9.7800E+03 -1.7439E+04
0000141   4.4440E+04  1.4328E+04  1.9783E+04
0000142   2.4673E+04 -2.3847E+04 -1.8440E+04
0000143   2.6310E+04  9.6233E+03  6.2271E+03
0000144   3.4110E+04 -4.0941E+02  1.4304E+04
0000145   1.8498E+04 -2.1070E+04  1.6383E+04
0000146   2.9571E+04 -1.2735E+04 -5.6297E+03
0000147   3.5085E+04  1.9015E+04 -1.7303E+04
0000148   2.8795E+04 -9.6894E+03 -5.3006E+03
0000149   4.0741E+04 -2.2405E+03  8.8940E+03
0000150   2.2436E+04  1.2611E+04  9.1627E+03
0000151   1.0789E+04  2.3304E+03 -3.4072E+03
0000152   1.5925E+04  1.2573E+04 -2.2222E+03
0000153   3.2248E+04 -7.5070E+03 -2.5973E+04
0000154   3.7889E+04  7.6458E+03 -1.1701E+04
0000155   2.4531E+04  6.0619E+03  2.3092E+04
0000156   9.1030E+03 -5.4973E+03  5.4687E+03
0000157   1.6040E+04  1.1458E+03  1.6573E+04
0000158   3.3887E+04 -2.6346E+03 -7.5318E+03
0000159   1.5656E+04  1.0593E+04  1.1499E+03
0000160   2.4722E+04 -4.8409E+03 -6.1027E+03
0000161   4.4228E+04  5.0198E+03  5.8675E+03
0000162   2.3968E+04 -2.1303E+04 -5.3199E+03
0000163   2.5707E+04 -3.0986E+04  2.7846E+04
0000164   2.4396E+04  1.2969E+04  1.6618E+04
0000165   4.4786E+04  8.4201E+03  3.9638E+02
0000166   4.0615E+04  1.0079E+04  2.9186E+03
0000167   2.2920E+04 -2.5472E+03  3.5176E+03
0000168   6.1446E+03 -2.2748E+02  5.0234E+03
0000169   4.3637E+04 -1.3561E+04  4.4258E+02
0000170   4.8058E+04  3.9103E+02  1.3307E+04
0000171   4.0852E+04 -1.3327E+04  9.2577E+03
0000172   2.3353E+04 -1.2683E+04 -6.9144E+03
0000173   5.7882E+03 -9.8729E+03  6.9351E+03
0000174   1.1902E+04  3.5691E+03  2.6025E+03
0000175   2.6949E+04 -1.1390E+04  3.6218E+03
0000176   3.9232E+03 -4.6522E+03  3.2491E+03
0000177   2.9330E+04 -1.7640E+03 -8.7888E+03
0000178   4.8780E+04 -2.7602E+04  2.2628E+04
0000179   1.6804E+04  3.3629E+03  1.8883E+03
0000180   3.8151E+04  1.3361E+04  1.1589E+04
0000181   1.0065E+04  1.8464E+04  1.4715E+04
0000182   2.9803E+04  1.5978E+04  3.9443E+03
0000183   2.0948E+04 -2.1770E+03  2.6538E+04
0000185   2.6233E+04 -1.9843E+02  8.8675E+03
0000186   2.9401E+04 -6.7570E+03  1.4424E+04
0000187   4.7247E+04  8.9440E+03 -2.1145E+04
0000188   2.9247E+04  1.3575E+04 -8.5800E+03
0000189   3.3843E+04  6.4076E+03 -2.0722E+04
0000190   1.7766E+04 -1.2800E+03 -1.6587E+03
0000191   1.5512E+04  9.5926E+03  2.3697E+04
0000192   3.3901E+04 -9.9784E+03  4.2989E+04
0000193   3.0730E+04  8.9754E+03 -6.6447E+03
0000194   2.6839E+03 -2.5584E+03 -1.4343E+04
0000195   3.0273E+04 -1.1769E+04  1.1839E+04
0000196   3.6993E+04 -9.2095E+03  2.3908E+04
0000197   2.0934E+04  1.4735E+02 -1.6041E+04
0000198   5.1359E+04  7.9385E+03  2.2838E+04
0000199   4.9993E+03  1.2335E+03 -2.2365E+03
0000200   2.9686E+04  1.2377E+04  2.0536E+04
0000201   1.9429E+04 -1.8024E+03  4.0925E+03
0000202   3.8954E+04  1.6804E+04  2.9098E+03
0000203   1.7184E+04  1.0810E+04  2.8981E+03
0000204   1.4805E+04  9.5550E+03  1.6204E+03
0000205   2.8419E+04  8.7302E+03 -3.8109E+03
0000206   3.0040E+04  2.4905E+03  4.6539E+03
0000207   3.3869E+04  1.4822E+03 -4.6860E+02
0000208   6.8091E+03  2.4764E+03 -1.2579E+04
0000209   6.4841E+03  2.1815E+03 -7.9388E+02
0000210   1.1270E+04 -1.5959E+03 -7.8926E+03
0000211   4.1827E+04 -5.4654E+02  8.5323E+03
0000212   2.2942E+04 -6.2048E+03  8.0961E+03
0000213   2.5423E+04 -1.3384E+04 -2.1593E+04
0000214   2.9650E+04 -1.0335E+04 -5.3972E+03
0000215   3.1591E+04 -2.7809E+04 -1.0008E+04
0000216   1.4438E+04 -4.7988E+03  2.3483E+03
0000217   3.2397E+04  7.4762E+03  8.7249E+02
0000218   2.8320E+04 -5.5598E+03 -6.4038E+03
0000219   5.3447E+04  9.4786E+03  2.4809E+04
0000220   2.1102E+04 -3.6655E+03 -1.4983E+04
0000221   2.3617E+04 -1.7515E+04 -7.0137E+02
0000222   2.7018E+04 -7.0430E+02  1.0105E+04
0000223   3.4630E+04 -3.6429E+03  1.0394E+04
0000224   3.5229E+04 -1.0470E+04  4.4076E+03
0000225   1.6497E+04  6.1492E+03  5.9836E+02
0000226   2.8013E+04  4.6668E+03  2.5678E+03
0000227   5.2989E+03  2.0561E+02  1.3264E+04
0000228   3.7527E+04  4.1615E+03  1.2885E+04
0000229   1.2391E+04  1.5113E+03 -6.5152E+03
0000230   1.8515E+04  5.3273E+03  7.7155E+03
0000231   6.4334E+02 -2.5808E+04  6.0278E+03
0000232   4.3681E+04 -2.6232E+03  7.4578E+03
0000233   3.1302E+04 -2.0986E+04 -5.8451E+03
0000234   2.2716E+04 -4.7523E+02  1.8401E+03
0000235   2.8140E+04 -2.2924E+04 -1.2149E+04
0000236   5.6832E+03  8.6664E+03 -1.1579E+04
0000237   2.0936E+04  1.5127E+04  9.1305E+03
0000238   2.3468E+04  3.2725E+02  7.0072E+03
0000239   2.9808E+04 -2.6966E+02  1.6796E+04
0000240   1.9013E+04 -1.7798E+03 -1.0180E+03
0000241   2.0991E+04  9.7607E+03 -1.0507E+04
0000242   3.8902E+04  3.6979E+03  1.0399E+04
0000243   1.3021E+04 -4.9754E+02  1.4573E+04
0000244   3.2877E+04 -2.3620E+04 -1.8020E+04
0000245   2.4275E+04  5.9893E+03 -1.5655E+04
0000246   4.1797E+04 -8.9299E+03 -2.7651E+04
0000247   2.3670E+04  9.2520E+02  1.5041E+04
0000248   4.4761E+04 -9.5271E+03 -7.3372E+03
0000249   3.5962E+04  2.2099E+02 -1.5912E+04
0000250   3.8797E+04 -2.8126E+04  6.7417E+03
0000251   7.0108E+04 -2.5823E+02  8.0388E+03
0000252   1.0283E+04 -1.4282E+04 -6.6579E+02
0000253   4.4316E+04 -2.9691E+04  1.2894E+04
0000254   3.8707E+04  3.5853E+03 -1.2527E+03
0000255   2.9251E+04 -2.1557E+04 -2.5103E+04
0000256   6.0004E+03 -1.4117E+04 -7.9765E+03
0000257   1.1791E+04 -2.0462E+04  1.2345E+03
0000258   3.0127E+04  1.5425E+04  6.5956E+03
0000259   2.2597E+04  9.6588E+03 -2.2658E+04
0000260   2.5716E+04  4.0295E+03  8.5796E+03
0000261   3.6141E+04  1.4844E+04  9.4703E+03
0000262   3.3943E+04  1.8341E+04 -4.3742E+03
0000263   9.4269E+03  7.9774E+03  1.0676E+04
0000264   8.8561E+03 -6.7592E+02  8.3746E+03
0000265   3.8103E+04  1.1487E+04 -8.1524E+03
0000266   3.8100E+04 -8.4436E+03  1.8334E+04
0000267   1.1031E+04 -1.7045E+04 -9.6516E+03
0000268   1.5720E+04  9.9611E+03 -1.9355E+03
0000269   1.2221E+04  8.1489E+03 -2.1320E+02
0000270   4.4455E+04 -1.5555E+04  4.2050E+03
0000271   2.9127E+04  3.0052E+03  1.6787E+04
0000272   5.2779E+04  1.6029E+04  1.9527E+02
0000273   5.1251E+04 -7.6739E+03 -1.8583E+04
0000274   6.5267E+03  2.4369E+03  2.8067E+03
0000275   2.4226E+04 -1.0129E+04 -1.6540E+03
0000276   1.2858E+04 -9.4918E+03  5.2003E+03
0000277   1.8618E+04  1.2238E+04 -6.4116E+03
0000278   3.3986E+04  7.0164E+03 -2.1498E+03
0000279   4.6564E+04 -9.8858E+03  1.6188E+04
0000280   1.6077E+04 -1.8685E+04  1.2658E+03
0000281   2.1172E+04  9.4397E+03 -2.1974E+03
0000282   2.3659E+04 -1.1089E+04 -1.7498E+04
0000283   1.4233E+04  1.2026E+02  4.6851E+03
0000284   2.5166E+04 -1.1879E+04 -7.6723E+03
0000285   7.3829E+04  1.0336E+04  8.9277E+03
0000286   2.4944E+04 -1.8040E+04  6.1235E+03
0000287   3.1875E+04  4.6202E+03  2.4408E+04
0000288   4.4672E+04  5.8191E+02 -1.0116E+04
0000289   5.0950E+04 -1.5495E+04  1.7646E+03
0000290   1.9844E+04 -1.3069E+04 -2.0970E+03
0000291   3.3152E+04  1.4260E+03  7.4047E+03
0000292   4.4335E+04  1.0932E+04 -2.2869E+04
0000293   1.2818E+04 -8.5178E+03 -4.2069E+02
0000294   4.3658E+04 -1.4382E+03  5.1668E+03
0000295   2.8693E+04 -5.8488E+03 -4.0991E+03
0000296   1.5710E+04  1.9275E+03 -7.5426E+03
0000297   1.7435E+04 -4.2658E+03 -4.4086E+03
0000298   4.1126E+04  9.4337E+03 -2.3709E+03
0000299   9.7379E+03  1.0608E+02  1.4671E+03
0000300   3.0290E+04 -4.4036E+03 -1.2427E+04
0000301   8.9227E+03 -8.4348E+03 -8.2170E+03
0000302   3.3912E+04 -3.3038E+02 -2.0417E+03
0000303   2.5171E+04  4.5893E+03 -4.3046E+03
0000304   3.4091E+04  9.3837E+03 -2.3085E+04
0000305   1.3085E+04 -2.2727E+04 -2.2927E+04
0000306   2.0074E+04  9.5515E+03 -1.3751E+04
0000307   4.1914E+04  1.3316E+04  2.3969E+04
0000308   4.3446E+04 -6.3165E+03 -6.3482E+03
0000309   1.3598E+04 -1.1863E+04  2.0093E+03
0000310   1.6107E+04 -1.2856E+03 -2.2009E+04
0000311   3.2279E+04 -7.0960E+03 -8.5013E+03
0000312   2.1785E+04 -1.6900E+04  3.8729E+03
0000313   5.0098E+04 -1.6273E+04  5.9079E+03
0000314   2.6421E+04  1.6399E+03 -6.3479E+03
0000315   1.7015E+04 -7.6303E+03 -2.0116E+02
0000316   3.1024E+04  2.1604E+04  5.5141E+03
0000317   5.2769E+04 -7.3270E+02  1.8616E+04
0000318   3.1544E+04 -8.1391E+03  3.3699E+03
0000319   1.1656E+04 -2.6223E+04 -2.7686E+04
0000320   2.2401E+04  1.0275E+04  2.1613E+04
0000321   2.8689E+04 -3.2957E+03  2.2979E+04
0000322   4.3038E+04  2.3876E+04 -4.2380E+03
0000323   2.4344E+04  1.4520E+04  1.6755E+04
0000324   1.6759E+04 -5.5625E+03  1.0191E+04
0000325   4.1734E+04  7.2792E+03 -3.5555E+04
0000326   2.3117E+04  1.5850E+03 -4.9979E+02
0000327   5.2791E+03  7.1963E+02 -1.0550E+04
0000328   4.5530E+03 -3.4301E+03  1.3901E+03
0000329   1.2965E+04 -1.5003E+04 -1.5871E+04
0000330   2.7080E+04 -2.2495E+04  1.0979E+04
0000331   4.1320E+04  1.2844E+04 -1.1985E+04
0000332   3.0594E+04  4.8614E+03  5.2030E+02
0000333   3.7644E+04 -1.4976E+04 -1.6976E+04
0000334   1.5834E+04 -5.3672E+03  5.2516E+03
0000335   1.9054E+04 -9.6507E+02  7.4911E+03
0000336   1.5167E+04  1.1189E+03  1.1304E+04
0000337   3.3842E+04  2.3416E+04 -1.6456E+04
0000338   3.3326E+04  1.0308E+04 -6.2060E+03
0000339   3.5014E+04 -6.4866E+03  2.0955E+04
0000340   2.5982E+04 -5.0408E+02 -1.6589E+03
0000341   1.7227E+04  3.1556E+03 -8.6676E+03
0000342   2.7046E+04  1.8270E+04  2.9641E+04
0000343   1.5118E+04  1.9686E+03  4.5587E+02
0000344   4.7390E+04 -1.9001E+04  1.6198E+04
0000345   3.2878E+03  8.9170E+03 -8.3820E+03
0000346   3.5194E+04  3.8686E+03 -4.0058E+03
0000347   2.7179E+04  1.7076E+04 -2.5282E+03
0000348   1.2674E+04 -3.3061E+03  3.4564E+03
0000349   4.3912E+04  7.7491E+03 -2.2965E+04
0000350   4.7462E+04 -1.6149E+04 -1.0649E+04
0000351   2.0919E+04  3.5770E+03 -2.8994E+02
0000352   1.4952E+04  8.5248E+03 -2.6073E+04
0000353   4.7811E+04  6.4894E+03  5.9081E+03
0000354   2.3725E+04  3.5121E+04  5.3220E+03
0000355   3.5217E+04  2.9852E+04 -8.7639E+03
0000356   6.7631E+04 -2.8317E+04 -5.0164E+03
0000357   3.6473E+04  2.0936E+04 -5.8055E+03
0000358   3.7515E+04 -4.6331E+03  1.3548E+04
0000359   7.6466E+03  3.1906E+04 -6.1941E+02
0000360   4.0519E+04 -2.0397E+03 -1.0353E+04
0000361   1.0784E+04 -3.7129E+03  7.8460E+03
0000362   1.8097E+04  2.2082E+04 -1.1943E+04
0000363   5.1627E+04 -1.4331E+04  2.9999E+03
0000364   1.7848E+04 -2.2072E+03 -7.3842E+02
0000365   3.0408E+04 -1.0264E+04  5.8916E+03
0000366   6.7207E+03  2.9330E+03  7.2386E+03
0000367   1.9846E+03 -2.0743E+03  1.6105E+03
0000368   1.5244E+04 -1.6528E+04 -2.0603E+04
0000369   9.5326E+03 -9.1773E+02  2.6497E+03
0000370   3.5252E+04 -1.5199E+03  4.1031E+03
0000371   3.1411E+04 -3.6000E+03 -1.1888E+04
0000372   3.7568E+04  3.7944E+04 -6.9007E+03
0000373   8.6954E+03  1.1917E+04  2.7627E+03
0000374   1.1800E+04  3.4605E+03 -1.2448E+04
0000375   2.0012E+04 -4.3250E+03  1.2592E+04
0000376   8.0862E+03  5.0438E+03  2.3450E+03
0000377   7.8935E+03 -1.8362E+03 -1.0767E+04
0000378   3.1134E+04 -3.6862E+03 -3.1978E+03
0000379   1.1912E+04 -4.2490E+03 -1.3913E+04
0000380   2.7948E+04  6.9868E+03 -8.0400E+03
0000381   2.0932E+04  2.8985E+04 -1.1168E+04
0000382   4.5132E+04  3.6112E+04  2.3744E+03
0000383   4.1917E+04  9.7314E+03  1.0467E+04
0000384   5.1936E+04  3.9003E+03  2.1655E+04
0000385   1.7387E+04 -2.6517E+03  2.7194E+03
0000386   4.9551E+04  1.0135E+04 -1.3935E+04
0000387   2.6255E+04 -2.3409E+04 -2.1428E+04
0000388   5.3491E+04 -1.3117E+04 -2.3014E+04
0000389   2.5640E+04 -5.7295E+03 -2.5963E+03
0000390   1.7594E+04  8.0360E+02 -2.0615E+03
0000391   3.1603E+04  1.6096E+04  2.0313E+04
0000392   4.1314E+04 -9.3414E+03 -1.6882E+03
0000393   1.5382E+04 -1.1430E+04 -2.4598E+03
0000394   2.3425E+04 -3.9329E+03 -2.9883E+03
0000395   1.5304E+04  1.2825E+04 -7.4307E+03
0000396   9.3288E+03  5.3061E+03 -2.3669E+04
0000397   3.8661E+04 -2.5429E+03 -1.0241E+04
0000398   5.2414E+04 -2.3203E+03 -4.6032E+03
0000399   3.7251E+04  1.3058E+04  9.1958E+03
0000400   2.4753E+04  4.8201E+02 -3.0837E+03
0000401   1.6503E+04 -9.8333E+03  6.0944E+02
0000402   5.8361E+04  8.1441E+03 -1.2382E+04
0000403   1.1727E+04  6.5534E+03 -4.6448E+03
0000404   3.1417E+04  1.2703E+04 -2.5363E+03
0000405   5.7995E+03  3.2652E+03  2.3316E+03
0000406   3.4240E+04  1.1481E+04 -1.3625E+04
0000407   2.2450E+04 -1.4511E+03 -2.4208E+03
0000408   4.5202E+04 -2.8053E+04  1.3935E+04
0000409   6.8957E+04  2.1555E+04  6.3129E+03
0000410   3.6148E+04 -5.0439E+03  2.0182E+04
0000411   2.6469E+04 -2.4149E+03  1.5772E+04
0000412   2.0554E+04 -1.4406E+03 -7.9359E+03
0000413   1.2986E+04 -4.7716E+03 -3.0178E+03
0000414   3.6649E+04 -1.2146E+04  9.1352E+03
0000415   3.0594E+04 -8.5219E+02 -2.1912E+02
0000416   2.8928E+04 -7.0592E+03 -4.7123E+03
0000417   1.0776E+04  1.4513E+03 -7.4069E+03
0000418   4.2949E+04  2.1971E+03  1.2094E+04
0000419   2.3236E+04 -8.4796E+03  8.1006E+03
0000420   5.0254E+04  4.3577E+03  1.7219E+04
0000421   5.8760E+03 -1.4671E+03  2.3136E+03
0000422   6.9843E+03 -6.6526E+03  3.2529E+04
0000423   4.5028E+04 -3.8742E+03  6.9569E+03
0000424   1.8644E+04  3.5352E+03 -1.0528E+04
0000425   2.2921E+04 -3.4385E+03 -6.0122E+03
0000426   2.3501E+04  2.1326E+04 -1.1555E+04
0000427   5.1494E+04  1.3375E+04  5.0745E+03
0000428   1.0241E+04 -1.5264E+03  3.8721E+03
0000429   7.0173E+03 -1.0838E+03  4.0451E+02
0000430   7.8761E+03  9.1951E+03  1.7054E+04
0000431   3.5058E+04 -3.8356E+03  6.7146E+03
0000432   1.9567E+04  1.9218E+04 -2.4628E+03
0000433   1.9232E+04  2.3374E+03 -1.9381E+04
0000434   9.9314E+03  8.6263E+03  9.5320E+03
0000435   3.3561E+04  1.7122E+03 -2.8854E+04
0000436   2.8572E+04  3.7280E+03 -2.3958E+03
0000437   4.1940E+04  6.4160E+03 -8.5197E+03
0000438   5.7779E+04  4.7982E+03 -3.6695E+03
0000439   2.8813E+04  2.5226E+04 -4.2276E+03
0000440   3.3873E+04 -2.0405E+04  1.3034E+04
0000441   4.2820E+04 -2.7312E+04 -2.1868E+04
0000442   2.2105E+04 -1.2545E+04  4.1057E+03
0000443   3.1638E+04 -2.5917E+03 -7.0115E+03
0000444   1.2374E+04  3.1246E+03  2.3034E+03
0000445   6.3948E+02  1.2758E+04 -1.8726E+04
0000446   1.1523E+04 -2.6431E+03 -4.0581E+03
0000447   4.0043E+04  1.2976E+03 -1.2072E+03
0000448   9.1352E+03 -1.4906E+02  3.9703E+03
0000449   1.4166E+04  5.5679E+03 -1.3500E+04
0000450   4.2162E+04 -4.5602E+03  3.1808E+03
0000451   1.6147E+04  7.7300E+03 -2.6245E+03
0000452   3.3110E+04  9.2837E+03 -1.1990E+03
0000453   1.0283E+04 -6.1705E+03 -2.1870E+03
0000454   5.9749E+04  6.5755E+02  1.0776E+04
0000455   3.8435E+04 -8.1998E+03  2.0204E+03
0000456   2.7308E+04  8.3365E+03 -1.9639E+02
0000457   8.6916E+03  1.1347E+04 -1.0898E+04
0000458   1.9743E+04 -1.4044E+04 -9.7858E+03
0000459   5.5850E+04  2.2520E+03 -4.1258E+03
0000460   2.2132E+04 -3.0443E+03 -2.3248E+04
0000461   3.9251E+04 -5.1053E+03 -1.0518E+04
0000462   7.2524E+03  1.8733E+03 -3.5639E+03
0000463   2.8779E+04  8.8949E+03  5.2716E+03
0000464   3.0539E+04 -4.4642E+03 -7.9902E+03
0000465   2.6992E+04 -6.8440E+03  7.3725E+03
0000466   4.0071E+04  5.3347E+03 -2.1093E+04
0000467   1.6300E+04  1.4299E+04 -4.4541E+03
0000468   3.1359E+04 -1.8696E+04  1.4239E+04
0000469   1.7439E+04  9.1885E+03  4.7021E+03
0000470   4.2559E+04 -1.0504E+04  3.3416E+03
0000471   4.5844E+04  5.4920E+03  9.8016E+03
0000472   3.4927E+04  1.5332E+04  1.1804E+04
0000473   3.5264E+04 -4.4772E+03  8.2167E+02
0000474   3.3357E+04 -4.1881E+02 -1.8986E+04
0000475   1.8870E+04  1.6539E+04 -9.0304E+03
0000476   2.9065E+04  2.4710E+04 -1.3896E+04
0000477   3.3628E+04 -4.0061E+03  2.6839E+04
0000478   2.5501E+04  1.0477E+04  3.2032E+04
0000479   8.2339E+03  1.5719E+03  5.6323E+03
0000480   2.1970E+04  1.2541E+04 -1.4841E+04
0000481   3.2177E+04 -8.3733E+03 -3.7098E+03
0000482   4.6163E+04  9.5704E+03 -8.3078E+03
0000483   2.1450E+04  9.0954E+03 -7.0811E+03
0000484   8.4458E+03  4.2432E+02 -5.5971E+03
0000485   3.0935E+04 -1.8397E+03 -1.2920E+04
0000486   1.6902E+04 -3.0462E+03 -6.8568E+03
0000487   1.5828E+04  2.8936E+04  4.1315E+03
0000488   1.7440E+04 -1.1979E+03 -1.2540E+04
0000489   1.8990E+04 -1.1539E+04 -9.6411E+03
0000490   4.2356E+04 -2.4967E+04  1.6187E+04
0000491   1.3870E+04  1.9249E+02 -4.6524E+03
0000492   2.4758E+04  1.0482E+04  5.6055E+03
0000493   4.0919E+04  3.0126E+03  8.9691E+03
0000494   1.8312E+04 -7.4508E+03  5.1335E+03
0000495   3.1261E+04 -3.1134E+03  2.8506E+03
0000496   1.5881E+04 -1.0145E+03  6.6068E+03
0000497   2.3892E+04 -5.0895E+03  6.7979E+03
0000498   2.4099E+04 -5.2212E+03  2.0307E+02
0000499   1.0825E+04  8.0056E+03  2.4793E+04
0000500   4.3109E+04  4.8309E+03 -1.5210E+04
0000501   5.0969E+04 -6.9912E+03  5.4264E+03
0000502   3.1348E+04 -2.5397E+03 -2.2767E+04
0000503   3.5396E+04 -4.0892E+03  5.2092E+03
0000504   4.9476E+04 -1.3740E+04  3.4974E+03
0000505   2.4325E+04 -1.5582E+03 -1.1606E+04
0000506   2.0348E+04 -6.4043E+03 -1.2838E+04
0000507   4.1095E+04 -2.0971E+04  1.2496E+04
0000508   1.7686E+04 -3.2862E+03 -5.0382E+02
0000509   4.6362E+04  2.3644E+03  1.6953E+04
0000510   1.8679E+04  3.1954E+04  2.4180E+04
0000511   1.2867E+04  3.1076E+03  4.1439E+03
0000512   3.1081E+04 -1.4290E+03 -1.3280E+04
0000513   1.7372E+04  7.6235E+03 -1.4319E+04
0000514   1.9584E+04 -4.0619E+03 -1.3706E+04
0000515   7.5859E+04  1.5292E+04 -4.6267E+03
0000516   2.0997E+04  1.1990E+04 -1.3197E+04
0000517   3.9666E+04 -8.6690E+03  2.5400E+03
0000518   2.4914E+04 -3.5262E+03  8.2285E+03
0000519   2.4222E+04 -1.2712E+04 -3.2324E+02
0000520   7.0519E+03 -1.6374E+03 -1.0607E+04
0000521   3.7535E+04 -1.4167E+04  6.9499E+03
0000522   2.5777E+04 -3.1683E+02  7.0090E+03
0000523   4.4524E+04  3.5703E+03  2.0138E+04
0000524   3.3807E+04 -4.4899E+04  1.9709E+04
0000525   2.8188E+04  5.9124E+03 -1.8747E+03
0000526   4.9540E+02  2.1919E+02 -1.3134E+04
0000527   1.7493E+04 -1.5563E+04 -9.1752E+03
0000528   6.8667E+03 -4.0689E+03 -7.9457E+03
0000529   4.1974E+04  2.7204E+03 -3.0304E+02
0000530   3.5457E+04  1.0301E+04 -9.3787E+03
0000531   1.9726E+04  4.5948E+03 -6.1674E+03
0000532   3.5475E+04 -2.5500E+03  3.1442E+04
0000533   2.7033E+04  8.5097E+03  2.4242E+04
0000534   2.1479E+04  7.9294E+03  4.4187E+03
0000535   1.2539E+04  7.3643E+03  8.5905E+03
0000536   1.0392E+04 -3.5849E+03 -1.8564E+04
0000537   2.5108E+04  7.2704E+03  1.3001E+03
0000538   2.9803E+04  7.4642E+03 -3.6749E+03
0000539   1.0323E+04  4.5900E+03  7.2968E+03
0000540   3.5391E+04 -1.2865E+04  2.3530E+03
0000541   5.0818E+04  2.2832E+04  7.6019E+03
0000542   1.3502E+04  1.3782E+04  2.2076E+02
0000543   1.7673E+04  3.2046E+03  9.9088E+03
0000544   1.9441E+04  6.1187E+03  2.6584E+03
0000545   3.1447E+04  4.5281E+03  1.2133E+04
0000546   1.5628E+04 -1.0196E+04 -1.3346E+04
0000547   1.9312E+04 -1.6906E+04  5.4422E+03
0000548   3.9179E+04 -1.2160E+04  1.9770E+04
0000549   4.8368E+04 -9.8217E+03 -9.8905E+03
0000550   2.7337E+04 -7.4396E+03 -2.9546E+03
0000551   3.3681E+04  2.6936E+03 -1.3749E+04
0000552   2.7926E+04 -2.8859E+03  4.0768E+03
0000553   3.6360E+04  1.4555E+03  4.0886E+03
0000554   2.2291E+04 -9.6638E+03  6.6125E+03
0000555   2.7056E+04 -5.5588E+02  3.1861E+03
0000556   1.4211E+04 -1.0810E+04 -7.3734E+03
0000557   4.1095E+04  2.1130E+03  4.9845E+03
0000558   3.1958E+04  4.0174E+03  2.3090E+04
0000559   1.6955E+04  7.4887E+03  6.3011E+03
0000560   1.9036E+04  1.8637E+04  2.0556E+04
0000561   1.5410E+04 -1.0168E+04 -7.3951E+03
0000562   2.3589E+04  7.8024E+03  4.4828E+03
0000563   3.9311E+04  2.5191E+04 -5.7356E+03
0000564   2.0660E+04  4.6898E+03  1.6367E+03
0000565   5.9594E+04 -8.0639E+02 -9.2976E+03
0000566   8.2765E+03 -1.0763E+04  1.7255E+02
0000568   1.9196E+04 -1.1789E+03  5.3541E+02
0000569   3.6196E+04 -7.4440E+03 -1.8461E+04
0000570   2.5084E+04  1.9251E+04 -1.4821E+04
0000571   1.3053E+04  5.5407E+03  1.6076E+03
0000572   3.5075E+04 -1.5135E+04  1.0772E+04
0000573   1.3838E+04 -3.3794E+03  7.6060E+02
0000574   2.2691E+04 -3.3061E+03 -1.5734E+04
0000575   1.9738E+04 -2.2582E+04 -4.3859E+03
0000576   2.1985E+04  2.4838E+04  2.8589E+03
0000577   1.2680E+04  5.8092E+03  4.4743E+02
0000578   4.3096E+04 -3.4800E+04  1.0817E+04
0000579   2.5529E+04  3.3370E+03  1.2495E+04
0000580   2.8904E+04 -2.3947E+03  7.0803E+03
0000581   3.8725E+04  3.7806E+03  1.1259E+04
0000582   2.7608E+04  3.1729E+02 -4.7267E+03
0000583   1.5985E+04  1.5365E+04 -2.1945E+04
0000584   2.8539E+04  1.6348E+04  4.4802E+03
0000585   5.0807E+04  3.3799E+03 -5.8658E+03
0000586   4.4620E+03  8.1969E+03 -8.5942E+03
0000587   3.9317E+04 -5.6053E+03 -3.5815E+03
0000588   1.3924E+04 -3.8629E+03 -5.2336E+03
0000589   4.3840E+04 -1.4065E+04  2.7210E+03
0000590   2.8863E+04  1.6685E+04 -7.4302E+03
0000591   2.4826E+04  1.0627E+04 -1.4647E+04
0000592   1.8776E+04 -1.9229E+04 -1.4138E+04
0000593   1.1914E+04  3.0438E+02 -4.0476E+03
0000594   1.5448E+04 -1.5503E+04  8.6944E+03
0000595   1.3974E+04  3.1816E+03 -1.4331E+04
0000596   1.3085E+04 -1.0575E+02  1.5086E+03
0000597   1.6115E+04 -1.1160E+04  4.5020E+03
0000598   3.0118E+04  6.0570E+03 -5.9025E+03
0000599   2.7896E+04 -3.2396E+03  6.2834E+03
0000600   1.3996E+04  2.3505E+03  9.8381E+03
0000601   8.8801E+03 -1.3746E+04 -3.4329E+04
0000602   4.3543E+04 -3.0497E+03 -1.1531E+04
0000603   3.2797E+04  1.4885E+02  1.5858E+04
0000604   2.2799E+04 -7.4069E+02 -1.0998E+04
0000605   2.0858E+04  1.2085E+03  2.2056E+04
0000606   5.6739E+03 -5.3108E+03  7.9214E+03
0000607   2.6172E+04  3.6824E+03  4.3032E+03
0000609   3.8866E+04 -2.4226E+03  9.8324E+03
0000610   9.9392E+03 -1.7624E+04  7.5248E+02
0000611   2.3239E+04 -1.6698E+03 -3.2878E+03
0000612   3.6717E+04 -1.5525E+02 -5.0959E+03
0000613   1.4128E+04  1.6273E+03  1.0463E+04
0000614   2.4766E+04 -1.4418E+04 -1.5527E+04
0000615   7.2748E+03 -2.8547E+03 -1.2763E+03
0000616   4.3730E+04 -1.4172E+04 -3.6925E+03
0000617   3.7273E+04  1.8998E+03 -1.4249E+04
0000618   3.0387E+04 -9.7002E+03  2.9160E+03
0000619   1.1767E+04  1.6677E+04  7.4185E+03
0000620   1.6631E+04  6.8374E+03 -4.9065E+03
0000621   2.4646E+04  7.6494E+03  1.8845E+04
0000622   5.5576E+04  6.3282E+03 -6.1904E+03
0000623   3.0144E+04  4.8163E+03 -1.4223E+04
0000624   2.6901E+04  6.1007E+03  7.9076E+03
0000625   2.2399E+04  3.0528E+03  5.6791E+03
0000626   3.5989E+04 -9.7047E+03 -5.1245E+03
0000627   2.8981E+04 -6.0785E+03 -9.0454E+03
0000628   1.8069E+04 -1.9921E+04  6.6515E+03
0000629   2.6232E+04 -1.6742E+03 -5.0971E+03
0000630   5.0445E+04  2.2548E+04 -1.3776E+04
0000631   3.8819E+04  2.1895E+04 -1.4164E+04
0000632   2.6763E+04  8.0012E+03  3.0968E+03
0000633   2.6618E+04 -3.3829E+03  1.3723E+04
0000634   1.1719E+04 -4.9520E+03 -5.4172E+03
0000635   3.3950E+04  5.2815E+03  8.9607E+03
0000636   2.1934E+04  8.7715E+03 -1.2645E+04
0000637   3.1937E+04  1.8520E+04  1.1645E+04
0000638   8.0433E+03  4.9530E+03 -6.5724E+03
0000639   4.0478E+04  7.8620E+03  1.1981E+04
0000640   1.8757E+04  5.8048E+03  3.0042E+02
0000641   4.8338E+04  3.3248E+03  1.2718E+04
0000642   4.4658E+04  9.4321E+03  5.2031E+03
0000643   2.6526E+04 -1.5847E+04  2.9009E+03
0000644   1.9243E+04 -4.7858E+03  1.2110E+04
0000645   2.0053E+04  1.0107E+04  6.4602E+03
0000646   3.2709E+04  6.1782E+03  9.9028E+03
0000647   3.8837E+04 -3.2954E+03  8.1280E+03
0000648   2.6244E+04 -9.9130E+03 -1.7441E+03
0000649   2.2456E+04 -2.6939E+03 -2.4322E+03
0000650   1.7247E+04 -4.8553E+03  1.4935E+04
0000651   1.5022E+04 -1.4527E+03  3.5418E+03
0000652   3.4181E+04  1.6919E+04  1.3223E+04
0000653   4.2419E+04  4.4399E+03  4.7921E+03
0000654   2.3171E+04 -2.3781E+04  8.1651E+03
0000655   5.4283E+04  1.7223E+04  1.5631E+04
0000656   6.4720E+04 -2.3807E+04  6.2827E+03
0000657   3.0190E+04 -5.5807E+03 -1.1905E+04
0000658   1.3976E+04  3.8606E+03 -1.2390E+04
0000659   3.9174E+04 -9.2607E+03 -4.7113E+03
0000660   2.0711E+03 -1.6133E+04 -8.4775E+03
0000661   3.0463E+04  5.2416E+03 -5.8698E+02
0000662   1.3642E+04  7.3480E+02  1.0812E+04
0000663   5.6347E+04  4.5969E+03 -2.9609E+04
0000664   4.0341E+04 -1.0641E+04  4.0448E+03
0000665   3.1105E+04 -5.1768E+03 -7.0769E+03
0000666   3.3960E+04  1.3345E+04 -2.8749E+02
0000667   4.0912E+04 -1.1972E+04  2.3274E+04
0000668   3.7391E+04  1.0540E+04 -1.4258E+04
0000669   2.3396E+04  1.9421E+03  5.1990E+03
0000670   1.8838E+04 -1.5096E+04  5.0739E+03
0000671   1.3927E+04  6.2524E+03  4.9009E+03
0000672   2.2283E+04 -3.6862E+03  5.8408E+03
0000673   4.8548E+04 -3.2182E+03  1.9621E+03
0000674   5.1242E+03 -5.1306E+03  1.6319E+04
0000675   1.2907E+04 -2.7314E+03 -2.3496E+03
0000676   2.5413E+04  9.4754E+03  1.3085E+03
0000677   1.7248E+04 -1.3563E+04 -1.2499E+04
0000678   3.1767E+04  1.0582E+04 -4.0113E+03
0000679   2.8958E+04  7.8153E+03  6.4179E+03
0000680   5.7786E+04 -1.0399E+04  6.6436E+03
0000681   2.1209E+04  8.0003E+03  1.4549E+04
0000682   3.9234E+04 -1.6354E+04 -1.0319E+04
0000683   3.2254E+04  1.6228E+04  1.6943E+04
0000684   2.8017E+04 -7.2242E+03  6.7355E+03
0000685   2.3689E+04  8.3420E+03 -1.2529E+04
0000686   2.2135E+04 -7.8039E+03 -1.0851E+04
0000687   8.3442E+03  1.4428E+04  9.0332E+03
0000688   2.5298E+04 -9.7865E+03  3.6172E+03
0000689   1.5906E+04 -6.4167E+03  8.5872E+02
0000690   1.1162E+04  5.3774E+03  1.4069E+02
0000691   2.5303E+04  3.9891E+03 -1.5482E+04
0000692   4.8381E+04  2.6837E+04 -8.4759E+02
0000693   4.8111E+04  3.3378E+04 -4.5403E+03
0000694   4.2244E+04  9.4799E+03 -7.3196E+03
0000695   2.9609E+04 -6.0217E+03  2.7263E+03
0000696   3.9033E+04  2.3090E+04 -2.0124E+04
0000697   2.3293E+04 -2.2144E+04 -4.7728E+03
0000698   3.1938E+04 -1.7266E+04  8.4332E+02
0000699   3.7271E+04  1.6495E+04 -1.4698E+04
0000700   4.1287E+03  5.0427E+03 -8.3874E+01
0000701   3.8512E+04 -2.3352E+03 -9.4008E+03
0000702   3.1078E+04 -5.6933E+03 -8.7498E+03
0000703   1.6949E+04 -2.1835E+04 -1.3251E+04
0000704   3.2072E+04 -9.1293E+03  1.1908E+04
0000705   2.7354E+04  2.5519E+02 -3.9159E+03
0000706   1.0674E+04 -7.7280E+03 -3.5304E+02
0000707   4.9637E+04  9.7101E+03  4.3387E+04
0000708   2.4102E+04 -2.1615E+04  1.8781E+03
0000709   4.4216E+04 -5.0357E+02  1.4448E+04
0000710   5.5850E+04 -4.3412E+03 -8.0436E+03
0000711   2.7551E+04 -6.4637E+03 -4.3756E+03
0000712   1.8014E+04  4.0973E+02  3.3531E+03
0000713   4.7786E+04 -1.1360E+04 -1.2507E+04
0000714   5.6224E+04  2.6643E+03 -6.5822E+03
0000715   1.4735E+04 -1.6246E+04  4.6808E+03
0000716   4.0392E+04  8.2066E+03  1.5713E+04
0000717   3.2605E+04  8.1497E+03 -1.5984E+04
0000718   3.4645E+04  2.9727E+03  2.0692E+04
0000719   4.6563E+03 -1.8496E+04  1.5215E+04
0000720   2.8059E+04 -2.0135E+04 -8.7251E+03
0000721   3.6703E+04 -1.0959E+04  8.1869E+03
0000722   1.1606E+04 -6.9269E+02 -8.3858E+03
0000723   4.9285E+04  2.1034E+03 -7.6747E+03
0000724   4.4710E+04 -4.6604E+02  5.2652E+03
0000725   7.8757E+03  6.1532E+03 -7.4661E+03
0000726   1.5659E+04  9.9499E+03  3.0342E+04
0000727   8.1963E+03 -2.1047E+03  2.4129E+03
0000728   6.6253E+03 -1.4807E+03 -9.9673E+02
0000729   2.1949E+04  8.6246E+02  1.9519E+04
0000730   1.1257E+04 -7.4724E+02 -1.8796E+03
0000731   2.9601E+04  9.6001E+03 -3.4282E+03
0000732   5.0595E+04 -5.9214E+03  3.0637E+04
0000733   2.4770E+04 -5.4268E+03 -2.0696E+04
0000734   5.6489E+04  1.6459E+04  1.3837E+03
0000735   1.7784E+04  7.1348E+03 -6.7349E+03
0000736   8.3545E+02  2.2186E+03  7.1293E+03
0000737   1.8909E+04  1.4184E+03 -6.5905E+03
0000738   3.4036E+04 -1.3530E+04  5.6808E+02
0000739   3.8651E+04 -7.9585E+03 -5.5678E+02
0000740   3.0446E+04  6.3025E+03  1.8746E+04
0000741   1.9247E+04 -5.5878E+03 -3.9768E+02
0000742   6.9617E+03 -1.0970E+04 -1.3339E+04
0000743   3.2582E+04  9.5225E+00  1.4981E+04
0000744   3.5108E+04  5.1305E+02 -2.6596E+03
0000745   1.1796E+04 -5.6040E+03  1.3296E+04
0000746   9.4844E+03  1.6080E+04  6.0189E+03
0000747   9.6800E+03  1.1703E+04 -1.3853E+04
0000748   3.2537E+04 -3.6650E+03  3.5924E+03
0000749   1.5045E+04  2.8533E+04  1.6852E+03
0000750   2.9208E+04  6.5051E+03 -7.5569E+03
0000751   4.3340E+04  1.1310E+04  1.8269E+04
0000752   3.3531E+04  2.5260E+03  2.2994E+04
0000753   1.5621E+04 -1.1015E+04  1.1640E+04
0000754   1.7991E+04 -1.0286E+04 -1.8146E+04
0000755   1.7907E+04 -4.1067E+03  5.0657E+03
0000756   2.9936E+04 -1.7952E+04 -1.4377E+04
0000757   2.1183E+04 -2.5550E+04  1.6380E+04
0000758   1.4331E+04  1.1818E+04 -2.6284E+04
0000759   1.5943E+04  8.3537E+03 -2.0558E+04
0000760   1.5029E+04  1.0668E+04 -2.0818E+04
0000761   2.3092E+04 -3.3515E+03 -6.9610E+03
0000762   2.4576E+04  6.2935E+03  1.8653E+04
0000763   3.4191E+04 -2.8320E+02 -1.6082E+04
0000764   5.5524E+04 -1.4807E+03  7.8324E+03
0000765   3.1849E+04 -1.4528E+04 -2.5170E+04
0000766   8.7169E+03 -3.3790E+03  1.9164E+03
0000767   2.3502E+04 -6.9503E+03  9.9943E+02
0000768   9.6907E+03  4.7862E+03 -2.4094E+03
0000769   2.8664E+04 -3.0084E+04  9.2750E+03
0000770   2.0617E+03  1.4629E+03  5.4206E+03
0000771   1.5311E+04 -1.7130E+04  2.5265E+03
0000772   4.3128E+04 -3.9976E+03  5.3545E+03
0000773   4.9522E+04  1.3396E+04 -2.3910E+04
0000774   1.5454E+04  4.3340E+03  2.3387E+03
0000775   3.0785E+04 -5.6004E+03 -1.3522E+04
0000776   3.5385E+04  1.5508E+04 -4.2021E+04
0000777   2.6992E+04 -1.7806E+04 -1.2622E+03
0000778   9.5574E+03 -1.1244E+04  6.0987E+03
0000779   3.4733E+04 -7.9380E+03  3.3905E+03
0000780   2.6243E+04 -6.6925E+03  2.3097E+03
0000781   1.0318E+04  2.1521E+03 -1.5121E+04
0000782   9.4159E+03 -1.1444E+04 -8.7846E+03
0000783   9.8365E+03  3.8112E+03 -6.2595E+03
0000784   2.6808E+04  6.3919E+03 -8.1823E+02
0000785   2.3639E+04 -1.2942E+03  6.5700E+03
0000786   3.6852E+04 -6.8492E+03 -4.8932E+03
0000787   6.4764E+04  1.6391E+04 -1.5080E+04
0000788   4.3030E+04  9.0948E+03 -1.3129E+04
0000789   6.5240E+04 -2.7868E+04 -2.4394E+04
0000790   6.6263E+04 -3.7333E+03  7.5332E+03
0000791   6.7847E+04  1.0017E+04 -2.0975E+04
0000792   3.4854E+04  1.6151E+03  1.0455E+04
0000793   2.4150E+04  8.0805E+03 -1.9871E+04
0000794   6.6906E+03  1.4104E+04  9.9473E+03
0000795   2.9568E+04  8.4934E+03  6.8840E+03
0000796   4.1579E+04  6.5817E+03  6.0066E+03
0000797   2.3788E+04 -3.0708E+04 -1.1992E+04
0000798   2.3282E+04 -1.4995E+03 -8.0964E+02
0000799   3.6460E+04  1.7988E+04 -2.0946E+04
0000800   2.0960E+04 -1.5037E+04  1.3444E+04
0000801   6.5381E+04 -1.5540E+04 -2.4147E+04
0000802   2.6922E+04  4.2620E+03  7.7373E+03
0000803   5.2179E+04 -3.4883E+03  8.8803E+03
0000804   4.9431E+04  7.3416E+03  1.0776E+04
0000805   2.8522E+04  1.6517E+04  9.3601E+03
0000806   4.3464E+04 -4.6551E+03 -7.0010E+03
0000807   2.4948E+03  1.6816E+03 -9.4506E+03
0000808   3.4954E+04 -2.1123E+03  3.9082E+03
0000809   2.8757E+04 -1.4763E+04 -1.3246E+04
0000810   3.4486E+04  1.0385E+04 -5.4643E+03
0000811   3.5825E+04 -5.9586E+03 -9.2123E+02
0000812   4.3336E+04 -5.4376E+03  5.8258E+03
0000813   3.7514E+04  1.1590E+04 -1.0678E+04
0000814   9.6115E+03 -7.7056E+03 -3.8180E+03
0000815   3.7958E+04  2.6520E+03  9.4061E+03
0000816   7.4644E+03  3.8456E+03 -1.0169E+04
0000817   2.0225E+04 -3.3381E+03 -4.0974E+03
0000818   2.5805E+04 -3.2333E+03  1.3532E+04
0000819   2.9045E+04 -2.4408E+03  1.2834E+04
0000820   8.1702E+03  2.2616E+03 -1.8492E+04
0000821   4.8313E+04  1.8324E+04 -4.3873E+03
0000822   3.5556E+04 -1.4837E+04  1.2420E+04
0000823   2.5078E+04  7.8263E+03  1.5719E+04
0000824   2.4317E+04 -5.7500E+03 -8.6775E+03
0000826   1.3075E+04 -6.0039E+02 -1.8132E+03
0000827   4.0356E+04 -8.9107E+03  6.9361E+03
0000828   9.7676E+03 -3.3753E+03  9.0232E+03
0000829   4.6728E+04 -1.7253E+03  8.3072E+03
0000830   4.0372E+04 -8.0454E+03 -3.8752E+03
0000831   1.2161E+04 -7.2403E+03  1.1298E+04
0000832   4.9833E+03 -2.1927E+03  1.9016E+03
0000833   4.2681E+04  4.4846E+03  1.9016E+04
0000834   1.5536E+04  9.3256E+03  1.8401E+02
0000835   5.3668E+04 -1.9572E+03 -3.8986E+03
0000836   2.2766E+04 -7.5347E+03  9.1818E+03
0000837   2.3759E+04 -5.3495E+03  1.5186E+04
0000838   1.5286E+04 -1.6660E+03 -2.5538E+03
0000839   2.6643E+04 -9.8471E+03  7.1010E+03
0000840   2.4302E+04  1.4876E+04  1.8330E+04
0000841   2.4410E+04  1.8198E+04  8.1610E+03
0000842   1.3623E+04  1.5962E+04  6.2608E+03
0000843   1.3066E+04  1.3326E+03  6.6431E+03
0000844   3.1836E+04  5.3102E+03  3.3404E+03
0000845   1.2816E+04  1.0920E+04  5.1308E+03
0000846   3.5727E+04  5.3262E+03  1.2483E+04
0000847   2.7387E+04  2.6178E+04 -1.7196E+04
0000848   1.3653E+04  2.6975E+03  3.1994E+03
0000849   1.4048E+04 -8.7516E+03 -5.3813E+03
0000850   3.0507E+04  2.5241E+03 -1.3628E+03
0000851   3.5278E+03 -2.5605E+03  1.0526E+04
0000853   2.9213E+04  6.1887E+03  1.1621E+04
0000854   3.6815E+04 -1.7845E+04 -7.5410E+03
0000855   2.4149E+04 -5.0567E+03 -5.0716E+03
0000856   6.4658E+02  9.9572E+02  4.7819E+03
0000857   2.9838E+04  1.2027E+04 -1.8063E+04
0000858   1.2346E+04 -1.1730E+04  5.1449E+03
0000859   2.1262E+03 -7.0938E+02 -2.3309E+03
0000860   3.5862E+04 -5.4839E+03 -1.4204E+03
0000861   5.6175E+04  3.0021E+03 -7.1688E+03
0000862   1.5135E+04 -1.2753E+04 -5.1797E+03
0000863   1.1885E+04 -1.1391E+04  1.5900E+04
0000864   2.2846E+04  8.9482E+01  6.8094E+03
0000865   1.3346E+04  1.3868E+04 -2.5589E+03
0000866   3.8496E+04  3.0065E+03  3.3275E+02
0000867   2.5162E+04 -6.6901E+03 -1.1361E+04
0000868   3.4805E+04 -1.9230E+04  3.8006E+04
0000869   2.1971E+04 -6.0382E+03 -1.8151E+03
0000870   9.5946E+03  2.2619E+03 -5.7989E+03
0000871   2.5191E+04 -2.6026E+04  9.6791E+03
0000872   2.6665E+04 -1.2282E+04 -1.2791E+04
0000873   2.8467E+04 -2.7322E+03  2.6645E+04
0000874   5.4477E+04 -1.4225E+04  4.6475E+03
0000875   9.8482E+03  8.8218E+03  4.8798E+03
0000876   2.7897E+04  2.1535E+04 -5.2756E+00
0000877   4.1918E+04  2.4961E+04 -2.4938E+04
0000878   2.6249E+04  1.1138E+04 -6.1826E+02
0000879   2.4257E+04  1.7056E+04 -9.3280E+02
0000880   6.5823E+04 -1.6088E+04 -1.7883E+04
0000881   9.5831E+03  3.0929E+03  9.2519E+03
0000882   1.4764E+04 -1.0356E+03  4.7126E+03
0000883   3.1557E+04 -8.7555E+02 -1.5348E+03
0000884   2.5731E+04  2.1289E+04 -6.7028E+03
0000885   2.3176E+04  8.8657E+03 -6.6621E+03
0000886   1.3925E+04 -5.3591E+02 -1.6828E+03
0000887   2.9028E+04 -1.3098E+03  6.4224E+02
0000888   6.6981E+03 -2.3653E+04  2.4271E+04
0000889   3.9484E+04 -5.7604E+03 -1.4078E+04
0000890   1.6738E+04 -5.5754E+03  4.4234E+03
0000891   3.5510E+04  1.5247E+04  1.0050E+04
0000892   2.1528E+04  8.0697E+03  8.6907E+03
0000893   3.8805E+04  1.9487E+03  4.3471E+02
0000894   4.7541E+04  1.1618E+04 -5.1583E+02
0000895   2.2035E+04  2.7616E+03 -1.0781E+04
0000896   3.4502E+04  1.1567E+04  1.3979E+04
0000897   4.4085E+04  8.2902E+03  9.1852E+02
0000898   1.1179E+04  3.8830E+03  4.3253E+03
0000899   4.6441E+04 -9.4998E+03 -1.1537E+04
0000900   2.2014E+04 -2.1114E+03  4.5819E+03
0000901   4.3394E+04 -9.7611E+03  1.1082E+04
0000902   4.7755E+04 -4.9817E+02  3.3459E+03
0000903   1.7129E+04  1.8604E+04  1.1488E+04
0000904   1.4291E+04 -3.2151E+03  5.2477E+03
0000905   6.0583E+04 -3.5496E+03 -1.8074E+04
0000906   4.2636E+04  8.0455E+03  1.6538E+04
0000907   2.6379E+04  1.2131E+03  8.8608E+03
0000908   1.8268E+04  1.2335E+03 -9.5717E+02
0000909   2.8733E+04 -6.6263E+03  9.2624E+03
0000910   2.0311E+04  1.3553E+04 -7.1301E+03
0000911   2.0478E+04  5.6116E+03 -5.3065E+03
0000912   2.7314E+04 -2.2815E+04 -8.3159E+03
0000913   2.4701E+04 -3.6021E+03 -9.7534E+03
0000914   3.0916E+04 -8.9519E+03  1.4988E+03
0000915   6.7822E+03  1.3304E+04 -4.7785E+03
0000916   1.2463E+04 -1.5470E+03  2.6477E+04
0000917   3.2532E+04  1.5612E+04  1.0819E+04
0000918   7.0744E+03 -3.7943E+03 -2.7829E+04
0000919   2.5006E+03  7.6240E+02 -2.1424E+03
0000920   6.2477E+04 -1.3627E+04  4.8902E+03
0000921   2.6333E+04 -5.0904E+03  2.4681E+04
0000922   2.9205E+04 -1.8370E+04 -1.0346E+04
0000923   3.9141E+04  2.2763E+04  2.7276E+04
0000924   2.7382E+04 -1.1897E+04 -1.6900E+02
0000925   5.3103E+04 -3.8715E+03 -1.2866E+04
0000926   5.5124E+04 -1.2983E+04 -8.1122E+03
0000927   2.1148E+04  1.7478E+04 -1.7285E+04
0000928   3.3137E+04 -4.1270E+03 -1.5509E+04
0000929   2.9324E+04  2.3102E+04 -6.5202E+03
0000930   5.4732E+03 -5.3786E+03 -1.5679E+04
0000931   1.8934E+04 -1.9876E+04 -9.4415E+02
0000932   3.4972E+04  1.8106E+04  1.2954E+04
0000933   2.8747E+04 -2.1798E+04 -1.7391E+04
0000934   2.4883E+04  2.0394E+04  2.4272E+04
0000935   1.8414E+04  3.3071E+02 -6.5865E+03
0000936   3.5641E+04  1.0707E+04 -1.1377E+03
0000937   1.0958E+04  1.4005E+03 -4.7934E+02
0000938   4.3565E+04  8.5027E+02  1.8783E+04
0000939   3.8485E+04  1.2196E+03  1.4021E+04
0000940   3.4344E+04  1.2621E+04  4.1650E+03
0000941   3.6227E+04  4.7920E+01  1.6527E+03
0000942   1.9070E+04  3.7881E+03 -3.5429E+03
0000943   2.2449E+04  2.1000E+03 -2.5800E+04
0000944   1.5965E+04  1.3053E+04 -1.0048E+04
0000945   2.3953E+04 -1.3890E+03 -1.7370E+04
0000946   1.5045E+04  2.3276E+03  7.1746E+02
0000947   2.5211E+04  1.6278E+04  1.4745E+04
0000948   7.6018E+03  7.4006E+03  4.5036E+03
0000949   3.6945E+04 -5.1124E+03  1.0102E+04
0000950   3.7622E+04  2.3783E+04  6.5618E+03
0000951   2.3352E+04 -2.1729E+04  9.7374E+03
0000952   1.8298E+04  1.6429E+02  1.1949E+04
0000953   5.7487E+04 -1.4089E+04 -1.2363E+04
0000954   3.0500E+04  6.9506E+02  1.4620E+04
0000955   3.1779E+04 -1.3559E+04 -1.1418E+04
0000956   2.5793E+04  2.1993E+03 -1.4033E+04
0000957   6.3111E+03 -2.3412E+03  8.4025E+03
0000958   2.9483E+04  5.9075E+03 -4.2120E+03
0000959   3.3871E+04 -3.1522E+03  4.2342E+03
0000960   1.8695E+04 -1.2043E+04 -5.1632E+03
0000961   1.5875E+04  3.6902E+02 -8.8841E+03
0000962   4.4225E+04 -1.2037E+04  4.3850E+03
0000963   1.4079E+04  7.6602E+03  7.3951E+03
0000964   8.5694E+03 -2.0691E+03 -1.2777E+03
0000965   2.4498E+04  7.7747E+03 -3.4895E+02
0000966   3.1660E+04 -2.6857E+03 -6.6376E+03
0000967   1.9899E+04 -1.1790E+04 -4.8979E+03
0000968   1.4736E+04 -1.3814E+04 -1.2314E+04
0000969   2.5588E+04 -4.8454E+03  9.2712E+03
0000970   5.1413E+04 -2.0074E+04  9.8714E+02
0000971   2.3898E+04 -1.2336E+04  3.2608E+03
0000972   1.3983E+04  8.0711E+03  1.7809E+04
0000973   1.8755E+04 -1.1624E+03  1.4331E+03
0000974   1.4253E+04  4.2535E+02  4.4105E+03
0000975   3.7694E+04  1.5511E+03 -5.1667E+03
0000976   4.3252E+04  7.1631E+01 -2.8072E+03
0000977   3.8642E+04 -2.1141E+03 -4.5215E+03
0000978   3.3402E+04  1.7743E+04 -7.2982E+03
0000979   2.8049E+04  9.4932E+03 -4.7249E+02
0000980   4.2257E+04 -3.1474E+03 -2.7609E+03
0000981   2.8345E+04  1.1277E+04  5.6535E+03
0000982   2.4189E+04 -3.7122E+03 -9.3816E+02
0000983   1.8607E+04 -7.3069E+03  2.5134E+04
0000984   1.6991E+04 -2.3913E+03 -7.6082E+03
0000985   4.7560E+04  1.3467E+04  7.2081E+03
0000986   4.6943E+04 -1.4361E+03  9.5738E+03
0000987   5.6303E+04  3.7367E+03 -1.3205E+04
0000988   3.3055E+04 -1.6753E+04 -1.6896E+03
0000989   1.2636E+04  2.3121E+03 -3.5129E+03
0000990   3.1496E+03 -2.9040E+03 -9.9030E+03
0000991   4.8783E+04 -2.7742E+04 -8.3353E+03
0000992   1.1026E+04 -1.2336E+04  6.5830E+03
0000993   2.1933E+04 -1.4969E+03 -3.8089E+03
0000994   2.0721E+04 -4.4187E+03  1.0574E+04
0000996   4.4899E+04 -1.8841E+04 -2.9939E+04
0000997   1.8755E+04 -2.7091E+03  3.3329E+03
0000998   3.2065E+04  2.3718E+04  8.5868E+02
0000999   4.5547E+04 -2.5204E+04 -1.8515E+03
0001000   1.4947E+04 -8.4173E+03 -6.4660E+03
