============================== SRIM-2013.00 ==============================
==============================================================================
====== SRIM Outputs\RANGE_3D.txt : File of Final Ion Positions =====

Ion = Ar (18)   Ion Mass= 039.9620
Energy  = 2023590.E-04 keV
Ion Angle to Surface = 00.0 degrees
==================== TARGET =======================
  Layer # 1 - Layer 1
  Layer # 1 - Bottom Depth=500000.E+02 A
  Layer # 1 - Density =0000.0178 g/cm3
  Layer # 1 -  100 % of Ar
様様様様様様様様様様様様様様様様様様様様様様様様様様
                                            
Ion       Depth  X   Lateral Y   Lateral Z  
Number    (Angstrom) (Angstrom)  (Angstrom) 
-------  ----------- ----------- -----------
0000001   5.5017E+05  2.5332E+05  2.8115E+05
0000002   4.3916E+05 -8.5526E+04 -1.0984E+05
0000003   6.0598E+05 -4.5696E+04 -1.4905E+05
0000004   5.7853E+05 -8.3220E+04  2.5323E+04
0000005   2.9407E+05 -1.0496E+05 -4.9309E+03
0000006   2.7863E+05 -1.1382E+05 -1.5506E+04
0000007   3.1204E+05 -2.1191E+05 -4.1413E+04
0000008   2.9412E+05 -2.5855E+04 -4.6220E+04
0000009   4.6799E+05  1.7437E+05 -1.2589E+05
0000010   3.0689E+05 -8.3167E+04 -8.9634E+04
0000011   4.1883E+05 -4.0600E+04 -6.7837E+04
0000012   4.6291E+05  1.8298E+04  9.6636E+03
0000013   3.1839E+05 -1.8580E+04 -3.4482E+04
0000014   6.5982E+05 -2.1070E+05  1.2045E+05
0000015   3.8410E+05 -8.8190E+04  1.0693E+05
0000016   5.2041E+05  6.4478E+04 -6.9335E+04
0000017   4.3191E+05  1.3929E+05 -1.2295E+05
0000018   5.1405E+05  1.5959E+05 -1.0140E+05
0000019   7.0647E+05  1.7719E+05 -2.4302E+05
0000020   3.5629E+05 -4.3129E+04 -1.8092E+05
0000021   4.4562E+05  1.4217E+04 -6.7292E+04
0000022   5.0616E+05 -3.5091E+04 -2.0919E+05
0000023   6.8227E+05 -4.9570E+04 -7.6546E+04
0000024   2.4070E+05  1.1651E+05  1.0815E+05
0000025   1.8871E+05  9.8912E+03 -1.0192E+04
0000026   3.0373E+05 -1.7392E+05 -7.2860E+04
0000027   6.9247E+05 -2.6971E+04  2.9785E+05
0000028   3.8322E+05  1.0864E+05 -1.3854E+04
0000029   4.9718E+05  1.5377E+05 -9.3419E+04
0000030   2.7447E+05  1.2200E+05  6.0682E+04
0000031   3.9507E+05  2.1484E+05 -2.0941E+05
0000032   4.7844E+05 -2.7522E+05  7.8973E+04
0000033   2.9585E+05 -1.6749E+05  1.0849E+05
0000034   5.4271E+05 -5.1933E+04  8.4657E+04
0000035   3.9014E+05  7.2450E+04 -2.3134E+05
0000036   5.5152E+05 -1.6046E+05 -1.7328E+05
0000037   4.5352E+05  1.3363E+05 -1.1689E+05
0000038   4.3173E+05  8.4064E+04  1.6114E+05
0000039   3.2555E+05 -1.7455E+05 -2.0935E+04
0000040   1.6294E+05 -1.5764E+05  2.3318E+05
0000041   1.5899E+05  1.1327E+05 -8.3025E+04
0000042   4.0520E+05  8.3415E+04  9.8678E+04
0000043   2.2891E+05 -9.4534E+04  2.5635E+04
0000044   6.4482E+05 -1.7122E+05  1.5222E+05
0000045   2.7089E+05 -1.0712E+05 -1.4916E+05
0000046   5.8940E+05 -9.7517E+04 -4.9651E+03
0000047   5.0532E+05  1.2872E+05  5.2302E+03
0000048   6.0100E+05  5.3174E+04  1.9632E+05
0000049   5.0966E+05  9.3038E+03  1.3006E+05
0000050   5.2844E+05  1.6249E+05  1.2913E+05
0000051   2.3294E+05 -3.3895E+04  2.1068E+05
0000052   2.0693E+05 -2.8662E+05  1.3428E+05
0000053   9.0798E+04 -1.6870E+05 -1.8736E+05
0000054   3.5430E+05 -2.5365E+05 -1.3419E+05
0000055   4.0027E+05 -8.0859E+03  2.1352E+05
0000056   5.1157E+05 -5.4750E+04 -2.2743E+05
0000057   3.2568E+05  1.2136E+04  4.5240E+03
0000058   4.9942E+05  2.0582E+04 -9.6185E+04
0000059   3.7785E+05  1.2013E+05 -1.9654E+05
0000060   5.7555E+05 -1.1549E+05 -2.7618E+04
0000061   5.0784E+05 -1.5191E+05 -1.7357E+05
0000062   4.4838E+05 -9.7752E+04  9.4764E+04
0000063   3.4999E+05  1.4766E+05 -5.8875E+04
0000064   5.6501E+05 -1.4495E+05  1.2451E+05
0000065   3.9618E+05 -3.7186E+04  9.2386E+04
0000066   4.8957E+05  6.1909E+04  2.3952E+05
0000067   5.3400E+05 -5.3796E+04  1.6674E+04
0000068   5.4696E+05 -3.8662E+04  1.4728E+05
0000069   2.5565E+05  1.7939E+05 -5.8200E+04
0000070   7.4835E+05  5.9195E+04 -1.7622E+05
0000071   2.5738E+05  1.0729E+05  1.4349E+05
0000072   2.6966E+05  7.9438E+04  9.2495E+04
0000073   1.7818E+05  2.5380E+05 -6.8964E+04
0000074   2.6762E+05 -2.0276E+05  8.5807E+04
0000075   3.0627E+05 -1.3839E+05 -5.3902E+04
0000076   4.6237E+05  4.9196E+04 -1.6720E+05
0000077   4.4792E+05 -1.9800E+05 -1.1708E+03
0000078   5.2365E+05  9.6880E+04 -3.1783E+04
0000079   5.0925E+05 -2.1633E+04  1.8450E+05
0000080   4.3568E+05  6.9284E+04  1.2077E+05
0000081   4.1287E+05  3.9943E+04 -3.7882E+05
0000082   2.2531E+05  4.7662E+04 -6.1568E+04
0000083   3.3865E+05 -3.5574E+04  1.0739E+05
0000084   3.7669E+05  9.8337E+04 -2.1065E+04
0000085   5.0306E+05  2.3241E+05 -9.3455E+04
0000086   3.5888E+05 -4.4490E+04  3.1705E+04
0000087   3.2579E+05  4.2817E+04 -5.2212E+04
0000088   9.2471E+04  8.2636E+03 -4.4045E+04
0000089   3.8000E+05 -3.0659E+05  2.5906E+05
0000090   5.4225E+04 -2.1250E+04 -1.2777E+04
0000091   7.3523E+05  2.3293E+04 -1.6234E+05
0000092   2.7697E+05 -6.1293E+03  7.1630E+04
0000093   7.1396E+04  1.0197E+05  5.0637E+04
0000094   6.0202E+05 -6.6285E+04 -4.5831E+04
0000095   3.9941E+05 -5.9009E+04 -2.0673E+04
0000096   1.4629E+05 -2.9899E+03 -4.0267E+04
0000097   4.4251E+05  1.5363E+05 -1.7494E+05
0000098   6.4306E+04  2.1374E+04 -3.9541E+04
0000099   7.1046E+05  2.5978E+05 -1.1713E+05
0000100   4.0743E+05  1.2287E+05 -1.0887E+05
0000101   4.2640E+05  1.4020E+05 -3.1629E+04
0000102   3.1704E+05 -2.3264E+05 -3.5241E+04
0000103   4.4857E+05  8.1925E+04  9.5683E+04
0000104   4.3290E+05  2.6227E+04  1.4733E+05
0000105   5.1381E+05 -9.3639E+04  1.2067E+03
0000106   2.1762E+05 -1.1675E+05 -3.1804E+04
0000107   2.9772E+05  5.0376E+04 -7.2271E+04
0000108   4.8601E+05  8.5615E+04 -6.7270E+04
0000109   4.5834E+05  3.6549E+04 -5.7770E+04
0000110   4.2879E+05 -7.9825E+04  7.9527E+04
0000111   2.9291E+05 -7.1108E+04 -3.7552E+05
0000112   2.8357E+05 -3.3798E+04 -1.9334E+05
0000113   4.1552E+05 -5.3817E+03  8.3548E+03
0000114   4.1726E+05  8.1686E+04 -3.0769E+05
0000115   5.7211E+05 -1.0257E+05  1.4801E+04
0000116   4.6535E+05  3.8092E+05  1.1855E+04
0000117   3.1433E+05  1.5447E+05 -2.9243E+05
0000118   4.2088E+05 -6.4966E+04 -2.2269E+05
0000119   3.0534E+05  9.4437E+04 -1.9981E+05
0000120   5.4425E+05 -1.6477E+02  6.1899E+04
0000121   1.7255E+05 -1.5142E+05 -1.3670E+05
0000122   4.6488E+05 -1.3049E+04  7.7990E+04
0000123   2.7448E+05  2.2317E+04  4.2130E+04
0000124   3.2749E+05  1.0149E+05  1.2708E+05
0000125   5.6769E+05  7.6492E+04 -7.0839E+04
0000126   4.0017E+05 -2.2147E+05  8.2361E+04
0000127   4.5519E+05 -1.8413E+05 -1.6277E+04
0000128   1.8707E+05  1.1269E+05  4.0323E+04
0000129   4.2109E+05  2.6727E+05  7.8129E+04
0000130   4.5651E+05  2.9006E+04  6.4031E+04
0000131   2.1042E+05  1.3505E+05  8.3122E+04
0000132   3.1558E+05 -7.7421E+04 -1.1748E+05
0000133   3.8651E+05  9.3645E+04  1.1939E+05
0000134   4.2201E+05 -2.5724E+05  5.2389E+04
0000135   4.4464E+05 -3.0786E+04  6.3570E+03
0000136   2.1782E+05 -1.6533E+04 -8.5429E+04
0000137   4.9816E+05  5.0147E+04 -9.8001E+03
0000138   3.7205E+05  2.2779E+05 -1.3625E+05
0000139   6.2561E+05  5.8553E+04  4.3513E+04
0000140   3.6317E+05 -2.4030E+04  5.8669E+04
0000141   6.7552E+05  1.9606E+05 -4.1404E+04
0000142   4.4849E+05  2.1529E+04  1.4296E+05
0000143   7.2019E+05 -1.3051E+05  1.1228E+05
0000144   3.4097E+05 -1.9766E+04  1.5585E+05
0000145   5.2831E+05 -1.6201E+05  2.4959E+05
0000146   6.3703E+05  6.9533E+04  1.9394E+05
0000147   2.8754E+05 -3.6387E+03  1.8721E+04
0000148   3.5532E+05  7.3235E+04  2.3186E+05
0000149   2.8967E+05  6.9301E+04 -2.0556E+05
0000150   4.0419E+05  4.1915E+04  2.5505E+04
0000151   6.0062E+05  3.8283E+05 -1.7983E+05
0000152   3.2495E+05 -3.0815E+03 -6.4928E+03
0000153   5.3719E+05 -1.8990E+05 -2.2061E+05
0000154   3.0486E+05 -4.7449E+04  2.6250E+04
0000155   3.9466E+05 -2.0382E+05  2.3487E+05
0000156   1.6614E+05  1.1040E+03  1.3464E+05
0000157   4.8336E+05 -1.7767E+05  5.3443E+04
0000158   6.4026E+05  1.5422E+05  1.8154E+03
0000159   5.3566E+05 -4.4107E+04  7.9631E+04
0000160   4.2172E+05 -1.7688E+04 -9.8357E+04
0000161   2.1241E+05 -1.0674E+05 -1.3160E+05
0000162   3.3107E+05  1.8589E+04  2.2800E+05
0000163   4.7886E+05  2.0230E+05 -1.3792E+05
0000164   2.5059E+05  2.7687E+04 -2.4335E+05
0000165   5.3738E+05 -5.2975E+04  3.9002E+04
0000166   5.5922E+05  5.1470E+03  6.4225E+04
0000167   3.6617E+05 -2.1608E+04  6.2527E+04
0000168   3.9957E+05 -2.8959E+04 -2.9428E+05
0000169   3.2235E+05 -4.9229E+04 -4.7945E+04
0000170   5.0074E+05 -2.5494E+05  2.3696E+05
0000171   4.5199E+05 -1.2619E+05 -4.0459E+04
0000172   3.4952E+05  2.5736E+03  3.1319E+05
0000173   4.6368E+05 -6.9839E+03 -2.9435E+04
0000174   2.6577E+05  5.6454E+04 -8.6133E+04
0000175   2.7421E+05 -2.4147E+04 -1.4451E+04
0000176   6.0707E+05  2.7812E+05  1.3580E+05
0000177   6.4596E+05  1.3307E+05  1.4384E+05
0000178   5.9446E+05 -3.9155E+03  2.9118E+05
0000179   4.6684E+05  5.0787E+04 -3.8125E+04
0000180   3.5805E+05 -1.3905E+04  6.3488E+04
0000181   5.0478E+05  1.9206E+04 -1.5026E+05
0000182   1.5289E+05 -9.6426E+04 -3.1776E+04
0000183   4.6201E+05  1.3021E+05  6.4765E+04
0000184   4.5478E+05 -1.0362E+05 -1.1896E+05
0000185   5.3585E+05  2.2092E+05  7.9321E+04
0000186   4.8106E+05 -1.1047E+05  5.6311E+04
0000187   5.2969E+05 -1.0280E+05 -4.4251E+04
0000188   4.2930E+05  9.9247E+04 -9.2447E+04
0000189   4.2793E+05 -1.4606E+05  6.4351E+04
0000190   3.8309E+05  2.0250E+03  1.6265E+05
0000191   4.0505E+05  2.6747E+05 -1.7849E+05
0000192   3.7832E+05  9.8986E+04 -2.2635E+04
0000193   4.0023E+05 -9.7269E+04  6.3793E+04
0000194   5.0609E+05  2.5354E+05  2.1595E+05
0000195   4.0231E+05  9.6278E+04  2.1220E+05
0000196   3.7576E+05 -2.2696E+05 -5.6517E+03
0000197   3.6252E+05  2.7756E+05  1.9673E+05
0000198   3.0628E+05 -1.0270E+05 -1.6475E+05
0000199   2.6908E+05  4.7717E+04  2.1287E+04
0000200   5.1196E+05  9.9630E+04  6.1032E+04
0000201   3.1416E+05  1.9650E+05 -2.1984E+05
0000202   5.5797E+05 -2.4221E+05 -1.1778E+05
0000203   4.5595E+05 -1.0009E+05  2.0069E+05
0000204   3.5503E+05  1.1971E+05 -1.0990E+05
0000205   1.5188E+05 -1.7782E+05 -2.9035E+05
0000206   3.4663E+05  1.4443E+04 -1.4366E+05
0000207   3.2729E+05  1.3372E+05  8.7748E+04
0000208   4.8028E+05  1.6853E+05  1.2837E+05
0000209   3.9105E+05 -4.0295E+04  4.8702E+04
0000210   4.7238E+05  5.4332E+04  1.2882E+05
0000211   4.2834E+05 -1.1641E+05  4.2636E+05
0000212   6.4099E+05 -2.5223E+05 -1.4730E+03
0000213   6.1656E+05 -9.1670E+04  3.1178E+05
0000214   5.0517E+05  2.6159E+05 -3.2558E+05
0000215   5.1075E+05  6.3222E+04  1.5492E+04
0000216   1.5010E+05 -1.2948E+05  1.2388E+04
0000217   3.2271E+05 -3.5543E+05  2.5004E+04
0000218   3.6685E+05 -2.2392E+04 -6.7586E+04
0000219   5.1913E+05  1.8061E+05 -1.1383E+05
0000220   2.5194E+05  1.9129E+04 -1.5359E+05
0000221   2.2653E+05  3.5179E+04  1.6909E+05
0000222   2.3654E+05  2.6185E+04  1.1084E+05
0000223   2.6100E+05  3.0843E+05 -2.6023E+04
0000224   5.9665E+05  1.6432E+05 -5.8760E+04
0000225   2.6006E+05 -7.8880E+04 -1.0455E+04
0000226   2.5746E+05 -1.1827E+05 -1.4378E+05
0000227   5.2536E+05  1.7342E+05  1.8010E+05
0000228   5.2885E+05  1.2053E+05  5.6325E+04
0000229   4.3013E+05  9.2672E+03 -4.8994E+03
0000230   4.9534E+05 -2.1616E+05  1.3423E+04
0000231   1.6261E+05 -4.5002E+04 -1.3068E+05
0000232   2.5896E+05 -3.8099E+04  8.5942E+04
0000233   3.2459E+05 -2.3916E+03 -7.0984E+04
0000234   1.6544E+05 -8.8822E+04  7.5375E+04
0000235   4.6293E+05 -7.6497E+04  2.9022E+04
0000236   2.4308E+05  1.8791E+05 -3.6975E+04
0000237   4.8448E+05  2.0397E+04  2.0238E+05
0000238   1.9546E+05  1.1506E+04 -2.1984E+04
0000239   2.0946E+05  9.2101E+04  2.5568E+05
0000240   5.3163E+05 -2.2247E+04  1.0696E+05
0000241   4.0944E+05 -2.1175E+05 -7.2003E+04
0000242   2.6599E+05  3.2754E+05 -7.1531E+03
0000243   4.8695E+05  1.2110E+05 -1.6241E+05
0000244   2.4015E+05 -1.1802E+05  6.1458E+04
0000245   6.2636E+05  4.2338E+04 -1.4544E+05
0000246   1.9675E+05 -3.2772E+04  5.8730E+03
0000247   5.4264E+05 -1.7760E+05 -8.1196E+04
0000248   2.3572E+05  9.5542E+04 -9.8487E+04
0000249   5.8405E+05 -5.5742E+04  2.8431E+05
0000250   4.2779E+05  5.9466E+04  1.0687E+05
0000251   6.2367E+05  4.9611E+04  9.4936E+04
0000252   5.0804E+05 -1.5227E+05  1.4026E+05
0000253   3.6040E+05 -2.7117E+05 -2.4386E+04
0000254   4.1738E+05  1.3533E+05  1.5753E+05
0000255   6.3865E+05 -6.0506E+04  5.5739E+03
0000256   3.1088E+05 -3.2954E+04 -9.3093E+04
0000257   6.8861E+05  4.4971E+04 -1.2541E+05
0000258   6.2324E+05 -7.0140E+04 -1.9856E+05
0000259   3.2576E+05 -9.4082E+04 -9.9436E+04
0000260   3.6337E+05  7.6638E+04  1.4163E+05
0000261   3.1834E+05  8.9766E+04 -3.2706E+04
0000262   2.2370E+05  2.4963E+04 -1.5141E+05
0000263   5.2920E+05 -8.7946E+03 -1.9843E+04
0000264   4.5892E+05 -5.3442E+03  2.3144E+05
0000265   5.5609E+05  3.2549E+05  1.1788E+05
0000266   4.8057E+05  1.3407E+05  7.9419E+04
0000267   4.7466E+05  2.1560E+05 -1.8257E+05
0000268   4.9543E+05 -1.2796E+05  2.2204E+04
0000269   8.1116E+05 -2.3649E+04 -1.7818E+05
0000270   5.0415E+05  1.2066E+05 -2.1726E+05
0000271   4.9810E+05 -2.3604E+05  1.1482E+05
0000272   3.6842E+05 -1.8224E+05 -3.6357E+05
0000273   3.0613E+05  3.8434E+04 -6.3797E+04
0000274   5.9805E+05  5.0566E+04 -1.3680E+05
0000275   3.7515E+05 -7.4994E+04  7.6588E+04
0000276   1.4099E+05 -4.4512E+04  1.7073E+02
0000277   1.6426E+05 -6.1306E+04  1.1857E+05
0000278   5.2354E+05  1.1205E+05 -2.0451E+05
0000279   5.3485E+05  2.9557E+05  3.2554E+04
0000280   1.3383E+05 -8.4547E+04  9.7213E+04
0000281   5.2709E+05 -6.5319E+04 -1.6047E+05
0000282   5.0492E+05 -1.7970E+05  1.2976E+05
0000283   4.6742E+05 -1.3200E+05  1.3892E+05
0000284   4.2263E+05  6.2649E+04  1.4282E+05
0000285   3.0969E+05  5.8897E+04 -3.7452E+04
0000286   2.8465E+05 -1.2548E+05  4.1327E+04
0000287   3.1666E+05 -1.6682E+05  7.3883E+04
0000288   3.4235E+05 -2.7148E+04  2.8510E+04
0000289   3.3285E+05  1.4955E+04  2.0561E+05
0000290   5.0218E+05 -2.3705E+04  6.5356E+04
0000291   3.9301E+05 -1.9144E+05 -1.6137E+05
0000292   5.4953E+05 -4.9211E+04  1.7135E+05
0000293   4.7571E+05  1.8010E+04 -1.2189E+04
0000294   4.2949E+05 -1.4244E+05  2.6617E+04
0000295   2.3220E+05 -1.0906E+04  6.7469E+04
0000296   4.2722E+05  9.4261E+04 -7.0932E+04
0000297   5.5870E+05 -9.9733E+04 -9.0861E+04
0000298   2.7340E+05  1.6518E+05  1.5075E+05
0000299   4.7019E+05  7.8669E+04  8.8680E+04
0000300   6.6536E+05 -1.0440E+05 -1.6823E+05
0000301   4.1941E+05  2.5225E+05 -2.1543E+05
0000302   6.1871E+05  1.7969E+05  2.2438E+05
0000303   4.3439E+05 -2.4481E+05 -1.3028E+05
0000304   2.3799E+05 -6.8357E+04 -6.1312E+04
0000305   4.3040E+05 -1.8326E+04  1.4492E+04
0000306   2.1723E+05 -9.4200E+04  3.1522E+03
0000307   3.5691E+05 -3.2193E+05 -2.8796E+02
0000308   4.7906E+05  5.0010E+04 -2.5775E+04
0000309   3.6009E+05 -7.1639E+04 -6.1674E+03
0000310   1.5488E+05  1.5956E+05  1.7437E+05
0000311   4.7277E+05 -7.9079E+04  2.0586E+05
0000312   3.1761E+05  1.6039E+05  1.9190E+05
0000313   3.5616E+05 -9.0656E+03  8.0113E+04
0000314   3.5214E+05  1.9345E+05 -7.3930E+04
0000315   3.4869E+05 -9.2413E+04 -1.3896E+05
0000316   2.8924E+05  4.4288E+05  1.7492E+05
0000317   3.3864E+05  4.7473E+04  1.2652E+05
0000318   3.9275E+05 -2.0860E+05 -2.0882E+05
0000319   5.1796E+05  1.3203E+05  6.4763E+04
0000320   5.4564E+05 -3.9812E+04  1.6161E+05
0000321   2.9934E+05 -2.0706E+05 -5.1184E+04
0000322   3.6558E+05  2.7991E+04  1.8367E+05
0000323   1.7360E+05  1.2167E+05  1.2934E+04
0000324   8.9809E+04  6.2509E+04 -2.1625E+04
0000325   4.1650E+05 -1.0794E+05 -1.9478E+05
0000326   4.1836E+04 -1.0239E+05 -8.3024E+04
0000327   2.9544E+05  1.3878E+04  2.0496E+05
0000328   2.8855E+05 -4.2373E+04  6.2016E+04
0000329   5.1961E+05 -1.4257E+05 -1.1544E+05
0000330   4.3419E+05  9.7455E+04 -6.2857E+04
0000331   3.6707E+05  1.8314E+05 -3.5502E+04
0000332   5.3779E+05  1.4395E+05  1.5690E+05
0000333   5.6194E+05 -1.0803E+05  3.8057E+04
0000334   2.9895E+05  2.0645E+04 -2.3729E+04
0000335   3.8199E+05  7.0970E+04  1.0444E+05
0000336   4.0030E+05 -2.2135E+04 -1.7760E+05
0000337   4.9797E+05  1.1684E+05 -1.0208E+05
0000338   1.7272E+05  6.4684E+04  1.7161E+04
0000339   6.8899E+05 -1.1139E+05  1.9366E+04
0000340   1.7386E+05 -9.6956E+04 -8.6872E+04
0000341   4.2912E+05 -7.3865E+04 -7.0759E+04
0000342   5.9188E+05 -2.1000E+05 -1.3579E+05
0000343   5.8567E+05  2.0242E+05 -3.5195E+04
0000344   1.7536E+05 -9.9766E+04 -1.1207E+05
0000345   1.9810E+05  8.6362E+02 -6.1441E+04
0000346   4.4491E+05 -5.6890E+04 -4.6078E+04
0000347   3.2303E+05  1.3851E+04  1.4087E+05
0000348   5.8549E+05  2.6479E+05  6.7195E+04
0000349   4.6191E+05 -2.3500E+04 -3.0446E+05
0000350   2.3321E+05 -1.1410E+05 -1.7162E+05
0000351   4.1962E+05 -6.0067E+04 -1.1133E+05
0000352   6.0047E+04  1.2951E+04 -4.8233E+04
0000353   2.1014E+05  1.6591E+05 -9.6495E+04
0000354   1.9025E+05 -5.4195E+01  2.2136E+05
0000355   5.1830E+05 -6.5057E+03 -2.4059E+05
0000356   3.8628E+05 -1.8570E+05 -1.9232E+05
0000357   3.7826E+05 -5.2971E+04  1.3814E+05
0000358   5.9150E+05 -6.4004E+04 -2.6429E+04
0000359   4.1032E+05 -3.5014E+04 -1.3371E+05
0000360   1.7379E+05 -1.0778E+05 -4.0957E+03
0000361   2.4736E+05 -2.8829E+04 -9.4929E+04
0000362   3.5707E+05  1.1429E+05 -4.2162E+04
0000363   2.9344E+05  1.1080E+05 -2.2654E+03
0000364   5.9652E+05  1.2621E+04 -7.8068E+04
0000365   5.9063E+05  2.6698E+05 -1.4417E+04
0000366   4.1814E+05 -2.3316E+05 -1.9503E+04
0000367   5.0653E+05 -2.2916E+05  5.3902E+04
0000368   6.2233E+05 -1.3162E+04 -7.3306E+04
0000369   3.8727E+05  8.7917E+04  1.4163E+05
0000370   3.5361E+05  6.4126E+04  6.9271E+04
0000371   1.8383E+05 -1.4106E+05  6.5755E+04
0000372   3.1512E+05  7.8597E+04 -1.1141E+05
0000373   4.1999E+05  1.6409E+05  4.6917E+04
0000374   3.8141E+05  1.1633E+05  3.4078E+05
0000375   3.8610E+05  3.2132E+04 -2.0456E+04
0000376   7.5836E+05 -3.2624E+04 -3.2710E+04
0000377   3.1503E+05  1.2839E+05 -5.4056E+04
0000378   4.9061E+05  3.9182E+04  2.8227E+04
0000379   3.1692E+05 -2.0377E+05 -7.0104E+04
0000380   7.9113E+05  1.3246E+04  2.8222E+05
0000381   1.5821E+05 -1.0385E+05 -1.4924E+05
0000382   2.1666E+05  4.6952E+04  5.8551E+04
0000383   2.5242E+05 -1.1258E+05 -1.9518E+05
0000384   5.0876E+05  8.0850E+04  1.7258E+05
0000385   4.6096E+05 -1.5924E+05 -2.5683E+05
0000386   2.6983E+05  1.8164E+05  8.6991E+02
0000387   3.6637E+05 -3.0743E+05 -2.2673E+05
0000388   3.2853E+05 -4.5351E+04  3.9345E+04
0000389   3.1629E+05 -2.8984E+04  7.1360E+04
0000390   3.4426E+05 -2.9102E+04  2.1302E+05
0000391   5.9266E+05 -9.5162E+04 -4.4861E+03
0000392   4.2289E+05  1.0002E+05 -1.7787E+05
0000393   8.5270E+05  3.9795E+04  2.0600E+05
0000394   4.6981E+05 -6.9137E+04 -5.2592E+04
0000395   4.0061E+05  8.9457E+04  5.4351E+04
0000396   4.0677E+05 -4.1196E+04  6.8517E+04
0000397   1.0717E+05  1.2709E+05  4.0254E+04
0000398   4.4702E+05 -1.4288E+05 -2.4988E+05
0000399   4.8115E+05 -9.3310E+04 -9.5568E+04
0000400   3.3030E+05 -1.7023E+05 -2.1530E+05
0000401   2.5844E+05  3.2720E+04  2.2248E+05
0000402   5.8935E+05 -2.1973E+05  1.2034E+05
0000403   4.9692E+05  3.2508E+03  8.9924E+04
0000404   3.2894E+05 -2.7317E+05  3.1075E+05
0000405   4.1318E+05  9.7787E+04  4.9956E+04
0000406   3.8731E+05 -2.7525E+05  2.7341E+05
0000407   6.3618E+05  2.7660E+04 -3.7361E+04
0000408   1.2542E+05  3.7952E+02 -1.9122E+04
0000409   2.9076E+05  2.5402E+05  2.2163E+05
0000410   2.6199E+05 -1.9947E+05  7.2501E+04
0000411   6.2752E+05  2.0196E+05 -3.6794E+04
0000412   2.4606E+05  5.4359E+04  8.6745E+04
0000413   2.2944E+05  1.3887E+04 -9.2715E+04
0000414   4.2616E+05 -1.0012E+05 -1.2735E+05
0000415   5.3480E+05  9.4901E+04  1.3410E+05
0000416   6.0159E+05 -3.0329E+05  1.4246E+05
0000417   3.2841E+05  1.6878E+05  7.6633E+04
0000418   2.5418E+05 -1.1892E+05  1.0853E+05
0000419   6.0481E+05 -6.1009E+04 -2.1186E+05
0000420   7.8158E+04 -5.4016E+03  1.4282E+05
0000421   4.9548E+05  5.9341E+04  2.1395E+05
0000422   6.1767E+05 -9.4385E+04  3.4975E+04
0000423   5.3418E+05 -1.2620E+05 -3.4047E+03
0000424   6.5851E+05  1.6007E+05 -2.5530E+05
0000425   6.3376E+05  2.7235E+04  2.7260E+05
0000426   3.9682E+05 -9.3328E+04  9.7969E+04
0000427   3.1151E+05  6.7545E+04 -8.5176E+04
0000428   7.4797E+05 -1.3651E+05 -1.4118E+05
0000429   1.6439E+05 -4.7658E+04 -2.7974E+04
0000430   4.2232E+05 -5.8417E+04  1.3911E+04
0000431   3.4836E+05  6.0560E+04 -1.0217E+05
0000432   4.7324E+04 -3.0219E+04 -2.2336E+04
0000433   2.7057E+05  1.4332E+05  2.8069E+05
0000434   4.3929E+05  2.0821E+05  2.0342E+05
0000435   3.0730E+05 -1.1597E+04  3.2874E+05
0000436   3.7364E+05 -1.2175E+04 -1.5247E+05
0000437   7.7670E+05 -1.3056E+04 -9.1512E+04
0000438   6.2456E+05 -1.7357E+05  5.7038E+04
0000439   2.8809E+05  9.6056E+04 -1.5047E+05
0000440   5.3578E+05  2.0118E+03 -7.9345E+04
0000441   5.3964E+05  1.0380E+05 -3.2397E+04
0000442   9.6335E+04 -3.7222E+04  2.8229E+04
0000443   1.6986E+05  6.3113E+04  7.2739E+03
0000444   4.1205E+05 -3.7260E+04 -7.5466E+04
0000445   3.2653E+05 -8.5555E+04 -4.7780E+04
0000446   3.5013E+05  1.5079E+05  2.0653E+05
0000447   2.7450E+05 -2.5936E+05 -6.0535E+04
0000448   1.6928E+05 -5.5339E+04  4.1490E+04
0000449   2.6226E+05  2.0686E+05  1.6412E+05
0000450   7.3879E+05  9.7098E+03  9.2640E+03
0000451   3.4998E+05  2.1985E+05 -1.0883E+05
0000452   4.9248E+05  6.4431E+04  1.9446E+05
0000453   2.4899E+05 -4.2366E+03  1.1433E+05
0000454   2.4531E+05 -6.4661E+03  6.3402E+04
0000455   3.6638E+05  6.7053E+03  1.6151E+05
0000456   4.1637E+05  8.7729E+04  1.1125E+05
0000457   6.2050E+05  7.5369E+03 -6.9638E+04
0000458   4.0331E+05 -2.4423E+04  1.9851E+05
0000459   3.5303E+05 -2.1541E+04 -1.5426E+05
0000460   4.9775E+05 -1.8891E+04 -1.1130E+05
0000461   5.3613E+05 -7.5368E+04 -2.3350E+04
0000462   1.9357E+05  1.8532E+05  2.4764E+05
0000463   3.2339E+05  2.1888E+05 -4.5205E+03
0000464   2.9548E+05 -3.8883E+02 -1.7184E+05
0000465   5.0225E+05  1.9486E+05  1.0995E+05
0000466   2.8830E+05 -6.8281E+03 -5.2213E+04
0000467   6.6230E+05  7.1025E+03  1.0493E+05
0000468   5.2974E+05 -1.6192E+05  2.7628E+05
0000469   2.0090E+05  1.2267E+05  1.1393E+05
0000470   1.9352E+05 -3.6182E+04  1.2719E+04
0000471   6.1870E+05 -2.7841E+05 -1.4288E+05
0000472   1.2495E+05 -2.4666E+04  3.8776E+04
0000473   3.7253E+05  1.3878E+05 -9.7355E+03
0000474   2.7381E+05  2.2768E+05  1.0762E+05
0000475   5.8345E+05 -1.4933E+05  4.4008E+03
0000476   4.9473E+05  9.3977E+04  7.5055E+04
0000477   4.7567E+05 -9.1542E+04 -3.3094E+03
0000478   3.5309E+05 -1.5093E+05  2.0907E+05
0000479   4.1963E+05 -7.2173E+04  1.5230E+05
0000480   4.8036E+05  2.3027E+05 -1.2638E+05
0000481   1.2214E+05  4.0122E+04  2.5726E+04
0000482   1.8884E+05  2.3522E+04 -1.4874E+04
0000483   6.1684E+05  1.9708E+05 -1.5089E+05
0000484   3.3998E+05 -6.3977E+04  1.4816E+04
0000485   3.5404E+05  1.2323E+05  5.2847E+04
0000486   5.1210E+05  8.9826E+04 -1.9652E+05
0000487   4.2130E+05 -1.1265E+05 -1.8552E+05
0000488   2.2400E+05 -9.3525E+04  8.1297E+04
0000489   5.2398E+05 -7.4246E+03 -2.5010E+04
0000490   3.4948E+05 -9.1171E+03  1.1100E+05
0000491   4.5709E+05  2.9244E+05  2.1512E+05
0000492   7.0883E+05 -4.5108E+04 -7.4698E+04
0000493   4.4940E+05  5.3168E+04 -1.1488E+05
0000494   3.8939E+05  1.8646E+05  1.0014E+05
0000495   2.7817E+05  1.4757E+04  1.7047E+05
0000496   3.8255E+05 -3.6774E+05 -1.0826E+05
0000497   4.0943E+05  6.3976E+03 -2.6144E+05
0000498   2.9059E+05 -1.0508E+05 -4.5528E+04
0000499   3.0144E+05  1.7148E+05 -1.4606E+04
0000500   7.0484E+05  3.6316E+04 -4.1641E+05
0000501   4.4940E+05 -2.5219E+05 -3.5518E+04
0000502   5.8185E+05 -5.5062E+04  2.4474E+05
0000503   5.8655E+05  6.7439E+04 -1.6006E+05
0000504   4.5935E+05 -2.2343E+05  8.6307E+04
0000505   3.3686E+05  3.2465E+05  2.3505E+05
0000506   2.6767E+05 -7.1304E+04 -1.1352E+04
0000507   2.3865E+05 -2.4084E+04  2.6505E+05
0000508   7.2955E+05 -1.4452E+05 -1.4378E+05
0000509   2.2325E+05  8.9623E+04  6.1243E+04
0000510   3.6043E+05 -2.0941E+05  7.6907E+04
0000511   3.3923E+05  1.2650E+04  2.7493E+05
0000512   2.9848E+05 -2.4512E+04  6.4322E+04
0000513   4.4883E+05  1.7699E+05  6.2415E+03
0000514   4.2036E+05 -2.5120E+05  1.2240E+05
0000515   5.8904E+05  3.0606E+04 -6.7504E+04
0000516   4.3176E+05  1.9170E+05 -9.4053E+04
0000517   4.6340E+05  1.2993E+05 -1.5401E+05
0000518   3.9916E+05  1.9575E+03  1.1147E+05
0000519   1.2224E+05  5.1335E+04 -5.7321E+04
0000520   4.6028E+05 -4.5608E+04  1.2822E+05
0000521   4.2549E+05  6.9066E+04 -5.4725E+04
0000522   5.6962E+05  1.9879E+05  9.4564E+04
0000523   4.5447E+05  9.1107E+03  1.4527E+05
0000524   6.8175E+05  1.4305E+05  1.8477E+05
0000525   2.8280E+05  1.3229E+05 -2.1122E+05
0000526   6.0790E+05  1.0868E+05 -2.9864E+04
0000527   2.4817E+05 -2.9796E+04 -3.5473E+05
0000528   3.6164E+05 -1.7659E+05 -1.4633E+05
0000529   3.3601E+05  1.2540E+05  2.7170E+05
0000530   4.1503E+05 -1.9958E+05  1.2663E+04
0000531   2.5585E+05 -2.6612E+04  1.9913E+05
0000532   1.0786E+05 -1.6904E+05 -2.0813E+04
0000533   5.5653E+05  3.0250E+05 -4.5581E+04
0000534   4.2359E+05 -2.8209E+04  5.9513E+04
0000535   3.8498E+05 -1.8424E+04  9.1068E+04
0000536   1.1106E+05  4.4587E+04 -8.0878E+04
0000537   3.3504E+05  2.8958E+03  3.4365E+04
0000538   1.5437E+05 -7.0168E+04 -8.0538E+04
0000539   4.2203E+05 -2.7856E+05  2.8660E+05
0000540   3.9195E+05 -2.1143E+04 -1.1699E+04
0000541   2.6998E+05  5.0324E+04  2.8040E+05
0000542   4.9269E+05 -6.6304E+04  8.5819E+04
0000543   4.2361E+05  9.7649E+04 -2.3762E+05
0000544   5.4943E+05  9.5462E+04 -3.1057E+03
0000545   2.4754E+05 -1.9278E+05 -6.6043E+04
0000546   4.4938E+05  1.3461E+05  6.1431E+04
0000547   5.4300E+05  9.6182E+04 -1.5083E+05
0000548   3.8690E+05  6.2457E+04  2.3529E+04
0000549   5.7486E+05 -1.9027E+05  1.3604E+05
0000550   5.7241E+05 -2.3916E+04  1.6703E+05
0000551   2.6393E+05  2.7924E+05  1.3367E+05
0000552   4.7636E+05  3.9079E+03 -1.1557E+05
0000553   2.0160E+05 -2.1061E+05 -2.9135E+03
0000554   3.6200E+05  2.4331E+04  3.0065E+04
0000555   5.3474E+05  7.5762E+04 -1.3827E+05
0000556   2.6114E+05  6.6160E+04  4.2282E+04
0000557   3.3477E+05  1.6217E+05  1.4719E+04
0000558   5.5774E+05  1.6022E+05  1.4698E+05
0000559   2.0967E+05 -5.4988E+04 -9.0089E+04
0000560   1.9807E+05 -1.9482E+05  6.4715E+04
0000561   3.1424E+05  1.8388E+05  4.3611E+04
0000562   4.3839E+05  5.6725E+04  1.7926E+05
0000563   2.5018E+05 -2.5096E+05 -4.1012E+03
0000564   1.2380E+05 -3.4851E+04  7.2553E+04
0000565   7.0775E+05  1.2023E+05  1.7819E+05
0000566   3.1644E+05  3.9906E+05 -2.1224E+04
0000567   1.3143E+05  7.0446E+04 -3.6420E+05
0000568   3.2229E+05 -1.6190E+05 -2.5700E+04
0000569   5.0042E+05 -1.8744E+05 -4.9349E+04
0000570   3.7384E+05  5.2379E+04  1.7504E+05
0000571   4.2788E+05  1.9955E+05  4.1207E+05
0000572   2.0759E+05  4.6057E+04 -1.1019E+05
0000573   5.8081E+05  1.3842E+05  3.7701E+04
0000574   7.4433E+05 -1.0215E+05 -9.5377E+04
0000575   7.8152E+04  9.0021E+04  9.6933E+04
0000576   4.3153E+05 -1.5163E+05  1.1344E+05
0000577   3.3282E+05  1.2378E+05 -8.7007E+04
0000578   3.7142E+05 -1.9341E+05  2.8642E+05
0000579   3.4336E+05 -8.0453E+04  2.3563E+05
0000580   6.4772E+05  9.8414E+04 -7.5249E+04
0000581   5.2014E+05 -1.7004E+05  1.3347E+05
0000582   5.0709E+05 -1.2003E+05  2.9000E+04
0000583   5.2972E+05 -3.1307E+04 -7.4574E+04
0000584   7.1673E+05 -2.1646E+05 -2.0355E+05
0000585   5.0661E+05 -4.1547E+04  1.0774E+05
0000586   2.2842E+05 -4.2278E+04 -1.4725E+05
0000587   9.1935E+04  1.5482E+04  1.0680E+05
0000588   5.0021E+05  1.7572E+05  8.9225E+04
0000589   3.4341E+05 -1.2592E+05 -8.9929E+04
0000590   4.9708E+05 -2.8160E+04 -1.6170E+05
0000591   4.0634E+05 -3.1851E+04  1.4099E+05
0000592   1.2010E+05  3.5684E+05  4.9017E+04
0000593   5.5895E+05 -1.6821E+05  6.5306E+04
0000594   4.9351E+05  2.1820E+03  2.6971E+05
0000595   2.4992E+05 -1.1453E+05  6.6812E+04
0000596   1.8718E+05 -2.3898E+05  4.9098E+04
0000597   5.9225E+05 -1.1363E+05 -1.5970E+05
0000598   4.6365E+05  4.2582E+05  8.0038E+04
0000599   6.1512E+05  1.1596E+05  2.7813E+05
0000600   2.7943E+05  1.5652E+05 -2.8005E+04
0000601   3.8355E+05  4.6740E+04  9.0636E+04
0000602   2.3631E+05 -3.5763E+05  2.5953E+05
0000603   4.6425E+05 -7.4081E+04 -7.1807E+04
0000604   5.1735E+05  8.1523E+04  3.6642E+04
0000605   2.6751E+05  5.2179E+04  7.8750E+04
0000606   5.1347E+05 -6.0891E+04 -1.9388E+05
0000607   5.4393E+05  1.2289E+05  5.7743E+04
0000608   3.4865E+05 -6.3081E+03  6.7933E+04
0000609   3.8887E+05 -2.2948E+04  2.3260E+05
0000610   2.0139E+04 -9.2334E+04 -1.1799E+05
0000611   4.4128E+05 -1.4108E+05  1.4275E+05
0000612   5.5524E+05 -2.4176E+04 -1.0424E+05
0000613   2.8305E+05  1.7361E+05 -2.1559E+05
0000614   5.2656E+05 -2.6703E+05 -9.1147E+04
0000615   6.2945E+05 -5.9034E+04 -1.4258E+05
0000616   5.3778E+05 -1.1219E+04 -1.4656E+05
0000617   2.2147E+05  2.5354E+05 -8.0930E+04
0000618   3.6758E+05  1.0606E+04 -3.7011E+04
0000619   4.2233E+05  7.7979E+04  2.0336E+05
0000620   3.4440E+05 -1.7670E+04  1.2894E+05
0000621   4.3661E+05  2.1058E+04 -5.6349E+04
0000622   5.1760E+05  9.0122E+04  1.9302E+05
0000623   6.4395E+05 -9.9529E+04  6.7835E+04
0000624   3.9184E+05  2.5421E+05 -1.3341E+05
0000625   7.2424E+05 -1.2132E+04  1.4081E+05
0000626   2.5828E+05 -7.1601E+04 -6.5107E+04
0000627   1.6083E+05 -6.3685E+04  1.0940E+05
0000628   5.6201E+05 -5.4010E+04  1.2853E+05
0000629   6.9658E+05 -2.6550E+05 -5.0167E+04
0000630   2.1803E+05  1.0402E+05  1.6695E+05
0000631   2.1549E+05 -1.5998E+04 -1.6454E+05
0000632   4.2095E+05  2.6974E+05 -9.6235E+04
0000633   2.0426E+05 -1.3766E+05 -2.3167E+05
0000634   3.1364E+05  1.4360E+04  6.0820E+04
0000635   3.9854E+05  1.1057E+05  1.2917E+05
0000636   4.8940E+05  1.0073E+05 -8.8829E+04
0000637   4.2394E+05 -6.4003E+04  2.1122E+05
0000638   4.1653E+05  1.7965E+03  4.3155E+05
0000639   5.3068E+05 -1.7420E+05 -5.6047E+04
0000640   7.1439E+05 -9.1896E+04 -2.0238E+04
0000641   3.9699E+05  2.5831E+04  2.3735E+05
0000642   3.7902E+05  6.7133E+04 -1.3176E+05
0000643   2.7713E+05 -8.9588E+03 -1.1174E+05
0000644   2.2411E+05  2.0359E+05  1.0049E+04
0000645   6.5972E+05 -5.9229E+04  1.1019E+03
0000646   3.4887E+05 -1.3492E+05 -1.2666E+05
0000647   5.8190E+05  7.1262E+04 -1.4842E+05
0000648   3.3306E+05  3.1611E+04  1.3754E+05
0000649   2.7717E+05 -5.9926E+04  1.0573E+05
0000650   4.3908E+04  5.1601E+04  3.3654E+04
0000651   5.8813E+05  1.3035E+05  1.3286E+05
0000652   3.6050E+05  1.3375E+05 -9.6734E+04
0000653   3.2640E+05 -4.8997E+04  1.4486E+05
0000654   3.8088E+05 -1.0512E+05 -9.3723E+04
0000655   5.3161E+05 -7.3867E+04 -1.0628E+05
0000656   3.9390E+05 -1.6608E+05 -1.1299E+05
0000657   5.3236E+05 -2.2666E+03  5.8537E+03
0000658   3.6387E+05 -1.3271E+05 -1.2808E+04
0000659   5.6628E+05 -2.8734E+05  1.0867E+05
0000660   4.8446E+05 -3.0444E+04  1.0913E+05
0000661   2.2616E+05  1.4598E+05  5.3884E+04
0000662   4.6782E+05 -5.0436E+04  1.1182E+05
0000663   5.2293E+05 -9.8573E+04  5.8470E+04
0000664   5.4150E+05  1.5730E+05  2.5732E+05
0000665   4.5380E+04  1.7713E+04  2.4051E+04
0000666   4.2372E+05  2.6724E+05 -1.9727E+05
0000667   3.4886E+05  1.1605E+04 -4.3714E+04
0000668   5.3011E+05  8.5924E+04  9.0554E+04
0000669   4.4957E+05 -2.5179E+05 -4.8341E+04
0000670   4.6779E+05  5.7749E+04 -2.5740E+04
0000671   6.2153E+05  2.7640E+05 -7.9444E+04
0000672   2.9584E+05 -1.4071E+05  9.0260E+04
0000673   2.0667E+05 -5.8153E+04  6.3073E+04
0000674   4.3527E+05 -1.8639E+05  8.5722E+04
0000675   4.1272E+05 -1.8162E+05 -1.9798E+04
0000676   6.1887E+05  8.5240E+04  9.9902E+04
0000677   3.2064E+05  8.1167E+04 -5.1825E+04
0000678   3.3382E+05  1.3273E+03 -2.0867E+05
0000679   5.2594E+05 -1.5069E+05 -1.3299E+05
0000680   6.9443E+05  1.6956E+05  1.4814E+05
0000681   5.2220E+05 -6.8796E+04  8.7298E+04
0000682   5.5067E+05  2.8218E+04  1.5126E+05
0000683   4.4506E+05 -6.9531E+04  7.3705E+04
0000684   5.4325E+05 -7.4823E+04 -1.0468E+05
0000685   3.7916E+05 -3.1732E+04  5.3358E+04
0000686   4.4482E+05 -1.9759E+05 -2.9915E+05
0000687   4.8885E+05 -1.2187E+05  2.0389E+05
0000688   3.2777E+05 -4.3976E+04  7.4010E+04
0000689   3.6788E+05  4.6024E+04 -1.1756E+05
0000690   3.1596E+05  6.6331E+04  1.1534E+05
0000691   3.3733E+05 -1.2508E+05 -2.1180E+05
0000692   5.1459E+05  9.3972E+04  4.9239E+04
0000693   3.9235E+05 -1.0663E+05 -2.1799E+05
0000694   5.1401E+05 -1.9315E+05  2.5902E+05
0000695   4.2861E+05 -2.9223E+05 -3.1329E+03
0000696   2.6741E+05  1.3247E+05  2.1164E+05
0000697   4.4241E+05  1.1336E+04 -7.7960E+04
0000698   2.9324E+05 -4.2970E+04 -6.7416E+04
0000699   1.4172E+05  3.5887E+04  1.1111E+04
0000700   6.0122E+05 -5.7121E+04 -9.9496E+04
0000701   2.1034E+05 -8.8108E+04 -8.5168E+04
0000702   4.6633E+05 -1.0174E+05 -2.9646E+04
0000703   1.4060E+05 -1.3789E+05 -6.3298E+04
0000704   2.5834E+05 -5.3880E+04 -3.6148E+04
0000705   3.0299E+05  6.5955E+03  5.9187E+04
0000706   3.5088E+05  1.4655E+05 -2.1213E+05
0000707   5.1952E+05  9.0302E+04  1.9316E+05
0000708   3.1965E+05 -4.8392E+04  4.0576E+04
0000709   5.4378E+05 -1.2735E+05  7.7265E+04
0000710   2.6967E+05 -1.0086E+05  1.4794E+05
0000711   4.1357E+05 -9.7960E+03  1.4282E+05
0000712   2.3265E+05  1.8160E+05  6.7297E+04
0000713   5.1018E+05  9.0053E+04 -8.6357E+04
0000714   2.3575E+05 -3.0834E+05  1.4080E+05
0000715   4.4783E+05 -1.8865E+05  5.2397E+04
0000716   5.1904E+05 -1.6169E+05 -3.6058E+04
0000717   2.9749E+05 -2.4802E+05 -1.7717E+04
0000718   2.3160E+05 -2.8540E+04 -3.0388E+03
0000719   2.9697E+05  1.3074E+05  5.6138E+04
0000720   5.0256E+05 -1.1319E+05 -3.9379E+04
0000721   5.4369E+05 -2.0298E+05 -1.8555E+05
0000722   2.1418E+05 -2.0338E+03  6.8223E+03
0000723   4.3190E+05  1.4174E+04 -1.7677E+05
0000724   9.8724E+04 -7.0995E+04  1.2032E+01
0000725   4.7300E+05 -1.1036E+05 -4.4190E+04
0000726   2.3850E+05  2.7802E+05 -4.9349E+04
0000727   2.7352E+05  1.6399E+05 -9.8998E+04
0000728   6.3038E+05 -1.1337E+05 -1.9472E+05
0000729   3.9749E+05 -1.4298E+04  2.7620E+04
0000730   1.7821E+05  1.4640E+05 -1.9460E+04
0000731   5.3686E+05 -2.8223E+05 -1.9548E+03
0000732   6.4467E+05  6.4012E+03 -6.7707E+04
0000733   1.1335E+05  8.1220E+04 -1.7271E+05
0000734   1.8316E+05 -1.5401E+04  1.3887E+05
0000735   5.3007E+05  3.1754E+05 -3.8830E+04
0000736   4.4130E+05  3.7624E+04 -1.3781E+05
0000737   2.7544E+05 -1.6110E+05  1.1893E+05
0000738   2.7209E+05 -2.1580E+05  1.5907E+05
0000739   4.4384E+05  1.2698E+05 -1.9984E+05
0000740   4.4862E+05  1.0217E+05 -1.9050E+05
0000741   4.3914E+05 -1.4355E+05  2.1244E+04
0000742   3.5626E+05  6.9628E+04 -1.0980E+04
0000743   5.3066E+05 -1.3643E+05 -1.1108E+04
0000744   3.9614E+05  6.0763E+04  2.7320E+05
0000745   3.5670E+05  3.4666E+04  9.1335E+04
0000746   5.9875E+05  3.8714E+04 -9.4029E+04
0000747   2.4113E+05 -1.2542E+04 -6.2100E+04
0000748   3.2698E+05  9.7263E+04  4.6563E+04
0000749   3.3144E+05  9.9218E+04 -5.6395E+04
0000750   5.0614E+05 -5.6778E+04  2.8437E+05
0000751   5.1537E+05 -1.4453E+05  5.5564E+04
0000752   1.2117E+05 -4.5503E+04  5.9825E+04
0000753   4.9079E+05 -1.3669E+05  1.0570E+05
0000754   2.2242E+05 -2.4517E+04 -1.1069E+05
0000755   4.9366E+05  1.6893E+05  8.8659E+04
0000756   5.1993E+05 -1.8230E+05  1.7427E+05
0000757   3.8811E+05 -6.1390E+04 -5.9302E+04
0000758   1.9111E+05 -4.0352E+04 -1.5251E+05
0000759   2.2864E+05  7.3054E+04  1.5906E+05
0000760   3.5149E+05  3.8210E+04  1.9509E+05
0000761   1.2854E+05 -5.3122E+03 -5.3188E+04
0000762   4.9841E+05  1.1595E+04 -3.3024E+05
0000763   4.4303E+05  1.5944E+05  6.4551E+04
0000764   5.5507E+05  1.7429E+05  6.0032E+04
0000765   4.6333E+05 -2.0301E+05 -2.8198E+04
0000766   4.4282E+05 -3.0233E+05 -1.0914E+05
0000767   4.7448E+05  9.9097E+04 -3.6146E+04
0000768   3.4432E+05 -3.9959E+04  1.8965E+05
0000769   3.6716E+05 -1.4103E+05 -5.3844E+04
0000770   5.6117E+05 -2.8524E+04 -1.2526E+05
0000771   5.2779E+05 -1.0518E+05 -2.6765E+04
0000772   2.2899E+05  2.6476E+04  9.8214E+03
0000773   2.2733E+05 -4.4274E+04  7.9772E+04
0000774   5.8171E+05  9.8823E+04  1.2037E+05
0000775   3.1141E+05 -8.5264E+04  2.3143E+05
0000776   5.3843E+05  8.7067E+04 -2.2377E+04
0000777   4.4652E+05  3.8116E+04  2.3673E+04
0000778   2.4954E+05  1.2196E+04  1.0619E+05
0000779   4.1574E+05 -1.0309E+05  2.5954E+04
0000780   3.2353E+05 -1.8428E+05  2.8006E+05
0000781   2.1963E+05 -5.7325E+04 -1.1785E+04
0000782   3.7784E+05 -7.3214E+04  2.3555E+05
0000783   2.0799E+05 -1.9596E+04  3.9207E+04
0000784   5.0348E+05 -1.1442E+05  1.4623E+05
0000785   3.5150E+05  1.8487E+05  1.2094E+05
0000786   3.7532E+05  2.4331E+05  1.9179E+05
0000787   3.3540E+05 -1.0253E+05 -1.5428E+04
0000788   3.6679E+05  3.9335E+04  2.8047E+04
0000789   4.9744E+05 -2.2478E+04  1.1529E+05
0000790   5.3224E+05  6.2012E+04 -6.4845E+03
0000791   4.3282E+05 -4.9344E+04  1.8214E+05
0000792   4.4679E+05 -2.3349E+04 -1.1792E+05
0000793   5.2584E+05  1.1954E+05 -3.5472E+02
0000794   2.5267E+05  1.8252E+05  6.1051E+04
0000795   4.7747E+05  2.4381E+04  1.2275E+05
0000796   4.6476E+05 -1.2264E+04  2.7215E+05
0000797   5.1640E+05 -1.5575E+05 -8.7220E+04
0000798   1.9142E+05  1.4157E+05  5.7392E+04
0000799   6.8031E+05 -2.9042E+05  2.6414E+04
0000800   4.8122E+05  3.3568E+05 -2.1218E+05
0000801   3.4254E+05  1.4450E+05 -2.3532E+04
0000802   4.8980E+05 -1.4034E+05  4.3855E+04
0000803   6.6242E+05  3.5162E+04 -7.8177E+04
0000804   6.5512E+05 -1.4547E+05 -7.0281E+03
0000805   3.7822E+05  2.0260E+05  1.1440E+05
0000806   5.3922E+05  2.8727E+05  9.7066E+04
0000807   6.8373E+05  4.7731E+04 -1.3868E+05
0000808   1.8562E+05  5.2410E+03  1.4439E+05
0000809   5.1853E+05  4.6373E+04  1.2652E+05
0000810   4.8617E+05  4.2272E+04 -1.7911E+05
0000811   4.3163E+05  2.0360E+05 -1.9042E+05
0000812   5.0907E+05  2.8062E+04 -3.5578E+04
0000813   5.4156E+05 -2.7226E+05 -7.7553E+04
0000814   2.8497E+05  1.2613E+04  6.8093E+04
0000815   3.4448E+05  3.5389E+04 -8.4020E+04
0000816   3.5270E+05 -7.7312E+04 -9.8249E+04
0000817   5.0691E+05 -3.2176E+04 -1.5799E+05
0000818   4.9627E+05  1.0800E+05 -4.0296E+04
0000819   4.8167E+05  1.7432E+05 -6.3328E+04
0000820   1.7255E+05 -5.5889E+04 -1.8702E+03
0000821   2.9437E+05 -4.4575E+04  2.2171E+05
0000822   2.1970E+05 -1.8039E+04 -1.1286E+05
0000823   3.4585E+05 -8.6829E+04  1.5557E+05
0000824   5.3328E+05 -1.5648E+04  1.2132E+03
0000825   3.6481E+05  1.7817E+05 -7.6859E+04
0000826   3.0462E+05 -2.2574E+04 -1.4666E+04
0000827   5.5495E+05 -1.2913E+05  1.6457E+05
0000828   2.4541E+05 -4.2825E+04 -6.2226E+04
0000829   1.7108E+05  3.5156E+04  3.9019E+04
0000830   5.2161E+05  2.7504E+04 -1.6684E+05
0000831   5.3655E+05 -2.3790E+05  4.2134E+04
0000832   6.5195E+05  1.0872E+05  7.1019E+04
0000833   3.8999E+05 -2.9013E+05 -8.8679E+04
0000834   3.0394E+05  1.4360E+04  2.1183E+04
0000835   6.7990E+05  1.1357E+05  1.2222E+05
0000836   2.0396E+04  7.4060E+04 -4.1430E+04
0000837   5.1387E+05 -6.3447E+03  4.3635E+04
0000838   4.7729E+05  1.8588E+05 -1.2579E+05
0000839   6.5414E+05  8.7965E+04  4.3469E+04
0000840   3.9944E+05  8.3468E+03  7.0131E+04
0000841   3.2871E+05  1.0030E+05  1.2248E+05
0000842   2.5920E+05  1.1072E+05  8.9634E+04
0000843   3.9506E+05 -7.6609E+04  2.1416E+04
0000844   3.3140E+05 -8.3901E+03 -5.2725E+04
0000845   4.6851E+05  4.8917E+04  1.1384E+05
0000846   2.3167E+05  8.4693E+04  1.4865E+05
0000847   3.1239E+05  7.0879E+04 -7.5917E+04
0000848   2.9349E+05 -6.3354E+04  1.6451E+05
0000849   2.6477E+05  5.4830E+04 -6.1868E+04
0000850   3.9427E+05  1.8445E+05 -1.5191E+04
0000851   4.0530E+05  3.3594E+05 -2.4593E+04
0000852   6.2407E+05  4.4775E+03  1.7238E+05
0000853   2.2807E+05  8.8116E+04  1.4521E+05
0000854   5.2401E+05  6.4284E+04 -5.6774E+04
0000855   4.4627E+05 -1.8375E+05 -1.2979E+05
0000856   6.0652E+05 -1.1101E+05 -8.2070E+04
0000857   5.3379E+05 -2.9001E+05 -1.6541E+05
0000858   2.1850E+05  8.6860E+04 -1.5421E+05
0000859   5.0397E+05  3.4464E+05 -1.1795E+04
0000860   5.3346E+05 -3.1378E+04  1.3101E+05
0000861   4.7063E+05  3.6169E+04 -8.0635E+04
0000862   2.4076E+05  6.4397E+04  1.3659E+04
0000863   1.1951E+05  7.0044E+04 -8.2477E+04
0000864   3.8193E+05  1.6612E+04  4.9212E+04
0000865   2.9022E+05 -6.8636E+04 -1.9745E+05
0000866   2.5408E+05  1.1688E+05  2.3817E+05
0000867   1.2915E+05 -1.0609E+05 -9.2431E+03
0000868   2.4371E+05  2.0576E+04  1.1196E+05
0000869   4.0893E+05  2.5999E+04 -2.1820E+05
0000870   3.8782E+05 -7.9812E+04 -1.3990E+05
0000871   3.9960E+05  2.0739E+04  1.9503E+04
0000872   3.9299E+05 -1.5418E+05 -4.2258E+04
0000873   3.5936E+05 -2.1453E+05 -1.5755E+03
0000874   5.0988E+05  1.2206E+05 -3.1255E+04
0000875   3.4081E+05  5.7790E+04 -5.7323E+04
0000876   4.7037E+05  5.0188E+04  1.6763E+05
0000877   3.5882E+05 -4.0270E+04  5.3297E+04
0000878   6.2836E+05 -4.4924E+03  2.8137E+04
0000879   5.2212E+05  2.1170E+04  4.3785E+04
0000880   3.3596E+05  4.5160E+03 -1.3994E+05
0000881   5.4136E+05 -5.5768E+04  1.0076E+05
0000882   1.1173E+05 -8.2766E+04 -2.2081E+04
0000883   3.5461E+05  8.9465E+04  2.2953E+05
0000884   4.5966E+05  1.7044E+05  5.2377E+04
0000885   6.8438E+05  1.7934E+05 -8.6937E+04
0000886   2.5687E+05 -9.9830E+04  5.3581E+04
0000887   2.2952E+05 -1.8249E+05 -6.3060E+04
0000888   3.9339E+05  1.4919E+04  2.4085E+05
0000889   5.1923E+05  5.2554E+04  9.0561E+04
0000890   4.8663E+05  1.3329E+05  1.7462E+05
0000891   2.7578E+05 -3.8212E+03 -1.7379E+05
0000892   6.7143E+05  1.2142E+05 -3.5256E+05
0000893   5.2605E+05  1.6648E+05  2.3449E+02
0000894   4.1619E+05  8.2265E+04  2.6543E+04
0000895   3.8967E+05  4.7402E+04 -8.8032E+04
0000896   4.0553E+05 -8.4650E+04 -4.2576E+05
0000897   3.6718E+05  1.8880E+05 -1.4104E+05
0000898   3.1505E+05  1.8011E+05 -1.3459E+05
0000899   5.2100E+05  1.1676E+05  8.5370E+04
0000900   5.7584E+05 -2.6942E+05 -1.2206E+05
0000901   2.3625E+05 -9.6940E+03 -6.0017E+04
0000902   5.1784E+05 -1.5891E+05 -1.8154E+04
0000903   4.9925E+05  1.8638E+05  1.0134E+05
0000904   1.4894E+05 -3.9181E+04 -6.0194E+04
0000905   3.4859E+05 -1.3009E+05 -5.1742E+04
0000906   1.9522E+05 -5.3208E+04 -1.2068E+05
0000907   4.6566E+05  1.4010E+05  1.8092E+05
0000908   6.5055E+05  6.5237E+04  8.0258E+04
0000909   5.8107E+05  1.2454E+05 -4.9340E+04
0000910   4.6643E+05 -6.3197E+04  3.1909E+04
0000911   5.6727E+05  1.5859E+05 -1.2185E+05
0000912   5.6391E+05  1.1405E+05  1.3978E+05
0000913   4.3921E+05 -1.1576E+03 -1.0882E+05
0000914   4.3454E+05  1.2214E+05  1.4697E+05
0000915   6.7313E+05  1.0149E+05 -1.6359E+04
0000916   7.6796E+05 -8.2506E+04 -5.7888E+04
0000917   6.9820E+05 -4.6756E+04  2.0233E+05
0000918   5.4054E+05  9.9380E+04 -2.4732E+05
0000919   2.5900E+05  9.0993E+03  1.5673E+04
0000920   3.6651E+05 -2.7345E+04  1.1200E+05
0000921   1.9982E+05 -6.7016E+04 -1.9830E+05
0000922   4.8096E+05 -6.8076E+03  1.4377E+05
0000923   4.0169E+05  2.8227E+05  6.6533E+04
0000924   1.9058E+05  1.1279E+05  8.2769E+03
0000925   3.1186E+05  4.8828E+04  1.9409E+05
0000926   3.0835E+05 -1.1601E+04 -5.3941E+04
0000927   5.1785E+05 -1.9338E+04  1.1198E+05
0000928   4.0651E+05  4.0249E+05 -1.0051E+05
0000929   1.6431E+05  6.7831E+04  1.9802E+04
0000930   5.1540E+05  1.1296E+05 -2.1231E+05
0000931   4.3649E+05  1.7454E+05  1.7111E+05
0000932   4.8892E+05 -7.5342E+04 -1.3977E+04
0000933   5.4628E+05 -9.1149E+04  8.0564E+04
0000934   3.4523E+05 -4.4150E+04 -1.0806E+05
0000935   3.8995E+05 -1.3185E+05 -1.2740E+05
0000936   4.4382E+05 -6.1395E+04  9.2543E+04
0000937   6.1547E+05  6.5485E+04 -1.8326E+04
0000938   3.8421E+05  1.0577E+05 -2.9318E+04
0000939   3.9650E+05  2.1001E+05  2.2271E+05
0000940   5.1459E+05  1.0524E+05 -1.0496E+05
0000941   3.3471E+05 -2.5060E+04  1.2149E+05
0000942   4.8365E+05  2.1441E+05  5.9563E+04
0000943   1.7478E+05 -1.3777E+04 -1.7527E+05
0000944   4.3282E+05  5.8239E+04  2.0164E+05
0000945   4.6571E+05 -1.8328E+05  8.7868E+04
0000946   1.2216E+05 -1.8448E+03 -3.8629E+04
0000947   3.8493E+05 -3.3698E+03 -3.9020E+04
0000948   4.8151E+05 -1.1400E+05 -1.7147E+05
0000949   3.1957E+05 -3.5487E+04 -1.5304E+05
0000950   5.4555E+05 -9.2183E+04  1.7560E+05
0000951   4.7738E+05 -2.5995E+04 -2.3362E+05
0000952   2.7372E+05 -1.4087E+05  2.5594E+05
0000953   4.7566E+05 -2.2462E+05 -2.8450E+04
0000954   5.1987E+05 -1.8088E+05 -7.6912E+04
0000955   6.3333E+05 -1.3875E+05 -9.3825E+03
0000956   2.2802E+05 -1.6261E+05  7.5471E+04
0000957   3.9853E+05  1.0301E+05  6.0852E+04
0000958   2.9547E+05 -6.6815E+04 -9.5394E+04
0000959   3.3709E+05  2.1869E+05  8.8439E+04
0000960   3.0906E+05  7.4137E+04 -5.3371E+03
0000961   6.7082E+05  1.6430E+05  2.7581E+03
0000962   2.8834E+05 -7.8429E+03  5.4945E+04
0000963   2.9766E+05  1.3205E+05 -3.1436E+04
0000964   2.7333E+05  4.2570E+04 -2.0756E+04
0000965   3.6188E+05  7.6000E+04 -7.2344E+04
0000966   4.6837E+05  2.2831E+05 -8.3507E+04
0000967   3.4411E+05 -9.6950E+04 -1.7476E+04
0000968   4.4039E+05 -1.0262E+05  1.3393E+05
0000969   4.6402E+05 -5.9111E+04 -1.6642E+05
0000970   4.7680E+05 -6.6063E+04  8.6780E+04
0000971   6.5896E+05  8.3667E+03  1.5690E+05
0000972   5.4221E+05  8.7121E+04  2.4037E+05
0000973   4.3894E+05 -2.5482E+04 -2.1957E+04
0000974   4.4668E+05 -3.6125E+04  5.7084E+04
0000975   4.6279E+05 -6.1012E+03 -9.9594E+04
0000976   3.7268E+05 -1.4804E+05 -4.9488E+04
0000977   2.7241E+05  3.6777E+04 -1.4844E+05
0000978   3.3651E+05 -2.2536E+04 -3.2356E+04
0000979   4.3853E+05  2.0119E+05  1.3185E+05
0000980   2.7453E+05 -9.1843E+04  7.5104E+04
0000981   5.4912E+05 -2.6846E+04  2.5683E+04
0000982   4.7920E+05 -1.1488E+05  2.1744E+05
0000983   4.9308E+05 -1.0933E+05 -1.3618E+05
0000984   5.9214E+05 -6.8519E+04 -1.7318E+05
0000985   3.6753E+05  1.0238E+05  1.1036E+05
0000986   4.6868E+05 -2.1836E+05 -2.1951E+05
0000987   5.5303E+05 -1.4320E+04 -1.2542E+05
0000988   3.7317E+05  8.1365E+04 -1.9993E+05
0000989   5.2100E+05  5.2307E+04 -1.4589E+05
0000990   3.9216E+05  7.0966E+04  1.8389E+05
0000991   4.1115E+05 -1.8763E+05 -2.2747E+05
0000992   4.9963E+05 -2.4479E+04  3.2513E+04
0000993   3.3099E+05  6.8387E+04  1.9694E+05
0000994   1.9689E+05  2.1977E+05  7.5947E+04
0000995   5.0820E+05  4.8164E+05 -4.7443E+04
0000996   2.9797E+05  2.7193E+05 -1.5640E+05
0000997   2.5087E+05 -1.6813E+04  5.0275E+04
0000998   2.4386E+05  3.5398E+04  7.5023E+04
0000999   4.9580E+05  7.8151E+03 -7.3034E+04
0001000   4.4373E+05 -8.9562E+04  9.2282E+04
