============================== SRIM-2013.00 ==============================
==============================================================================
====== SRIM Outputs\RANGE_3D.txt : File of Final Ion Positions =====

Ion = Ar (18)   Ion Mass= 039.9620
Energy  = 3556480.E-04 keV
Ion Angle to Surface = 00.0 degrees
==================== TARGET =======================
  Layer # 1 - Layer 1
  Layer # 1 - Bottom Depth=500000.E+02 A
  Layer # 1 - Density =0000.0178 g/cm3
  Layer # 1 -  100 % of Ar
様様様様様様様様様様様様様様様様様様様様様様様様様様
                                            
Ion       Depth  X   Lateral Y   Lateral Z  
Number    (Angstrom) (Angstrom)  (Angstrom) 
-------  ----------- ----------- -----------
0000001   8.1039E+05  2.2688E+05  4.8207E+05
0000002   9.8017E+05 -1.4786E+05  2.0560E+05
0000003   8.7400E+05  1.1024E+05 -4.6508E+05
0000004   6.0211E+05  1.8224E+05  1.1839E+05
0000005   7.3343E+05 -1.7591E+05 -3.3012E+05
0000006   7.7855E+05  1.1271E+05  2.1393E+05
0000007   8.1347E+05 -1.6511E+05  4.7902E+04
0000008   6.2404E+05  4.5801E+04  1.6662E+04
0000009   3.8231E+05  2.7745E+03  1.6006E+05
0000010   1.2734E+05 -6.8284E+04  1.1625E+05
0000011   3.4249E+05 -2.1723E+05  3.0568E+05
0000012   8.6578E+05 -1.9634E+05  2.5941E+04
0000013   5.9586E+05 -4.3240E+04 -1.1356E+05
0000014   9.1988E+05  7.8608E+04 -6.6014E+05
0000015   5.8537E+05  5.0658E+05  6.8604E+03
0000016   7.4635E+05  1.0605E+05  6.3096E+04
0000017   9.1633E+05 -4.6745E+04  1.8871E+05
0000018   6.0238E+05 -5.4704E+04 -2.3181E+05
0000019   7.0986E+05 -7.9663E+04 -2.0346E+05
0000020   7.5895E+05  2.7265E+04  1.4833E+05
0000021   7.0986E+05 -3.2318E+04  9.0884E+04
0000022   7.3344E+05 -2.3682E+04  1.7917E+05
0000023   9.1826E+05  1.7244E+04 -6.1554E+04
0000024   7.9265E+05  3.6093E+05 -9.6928E+04
0000025   7.0715E+05 -8.8996E+04  3.0915E+05
0000026   5.9210E+05 -5.9573E+04 -4.4344E+05
0000027   7.1171E+05 -3.5271E+05 -1.9233E+05
0000028   7.4018E+05 -1.0157E+05  8.7358E+05
0000029   9.8162E+05  3.4788E+05 -2.9804E+04
0000030   7.6067E+05 -2.4205E+05 -4.4706E+04
0000031   5.2357E+05  2.4105E+05 -7.3182E+04
0000032   9.1234E+05 -3.5155E+05  4.1900E+04
0000033   7.7497E+05 -1.9956E+05 -4.3576E+04
0000034   8.2388E+05  1.1446E+05  3.2056E+05
0000035   8.2228E+05 -1.9780E+05  5.1054E+04
0000036   7.3760E+05 -5.7535E+04  6.8849E+04
0000037   7.6114E+05 -1.2160E+04 -8.9439E+04
0000038   7.9365E+05 -1.9319E+05  2.6963E+05
0000039   8.9276E+05  1.1195E+05 -2.9995E+05
0000040   7.2358E+05 -3.4410E+05  1.5153E+03
0000041   8.7134E+05  6.7358E+04  2.8495E+04
0000042   1.0694E+06  2.7578E+05 -8.0746E+04
0000043   8.9688E+05  3.3137E+05 -1.1390E+05
0000044   8.2377E+05  3.7977E+05  9.9274E+04
0000045   8.0262E+05 -1.1424E+05  2.4681E+05
0000046   6.3673E+05  7.9262E+04  1.5161E+05
0000047   9.6851E+05  1.3915E+05 -3.7237E+04
0000048   6.3756E+05 -2.6370E+05 -1.6070E+05
0000049   4.1706E+05  1.3464E+05  4.2587E+04
0000050   8.2211E+05  2.7266E+05 -4.5156E+02
0000051   3.5676E+05 -1.3855E+05  1.0566E+05
0000052   8.0052E+05 -2.5642E+05  1.8408E+05
0000053   5.7136E+05  1.8209E+05  2.0410E+04
0000054   1.1476E+06 -4.4489E+04 -1.2251E+05
0000055   1.1170E+06 -1.9277E+05 -2.1264E+05
0000056   5.9193E+05 -1.2166E+05 -9.3818E+04
0000057   3.9951E+05 -5.6930E+05 -3.4795E+05
0000058   3.9144E+05 -6.4812E+04  1.5242E+05
0000059   8.0541E+05  6.1706E+04 -2.6762E+04
0000060   7.7729E+05  1.1400E+05  1.2387E+05
0000061   8.3893E+05  9.7098E+04  3.0143E+05
0000062   2.9546E+05 -5.2375E+02 -1.7812E+05
0000063   7.2879E+05  8.3848E+03  4.0313E+05
0000064   6.0837E+05 -2.3253E+05 -3.5285E+05
0000065   8.9415E+05 -5.2086E+04  8.9913E+03
0000066   6.0490E+05  1.8617E+05 -4.0240E+04
0000067   9.6285E+05  3.6318E+04 -3.4408E+04
0000068   3.2936E+05 -3.9566E+05  3.8221E+05
0000069   5.6373E+05 -2.9371E+05  1.7532E+05
0000070   9.0562E+05 -2.1499E+05  2.9357E+05
0000071   8.2906E+05 -1.8585E+05  3.2972E+05
0000072   8.1688E+05 -2.5031E+05  5.8946E+04
0000073   4.2795E+05  2.0771E+04 -2.6343E+04
0000074   8.3772E+05  6.5200E+04  1.6421E+04
0000075   5.2400E+05 -5.3352E+04 -1.7336E+05
0000076   9.0525E+05  1.7881E+05  1.6477E+05
0000077   9.2517E+05  1.0242E+05  8.1661E+04
0000078   7.6777E+05  5.2999E+04 -2.4926E+05
0000079   6.1790E+05 -1.1956E+04  6.2241E+04
0000080   6.0093E+05 -1.3904E+05 -2.2977E+05
0000081   7.5830E+05 -3.2022E+05 -5.2006E+05
0000082   5.2118E+05 -3.4719E+04 -2.9967E+05
0000083   8.0440E+05 -3.7096E+05  2.7793E+05
0000084   1.0264E+06 -1.4685E+05 -1.8619E+05
0000085   7.9063E+05 -2.8769E+05 -1.4850E+05
0000086   6.4723E+05 -7.6210E+04 -9.9405E+04
0000087   5.1713E+05  7.5195E+04  5.0916E+04
0000088   6.3656E+05  4.6781E+05  1.1975E+05
0000089   4.9431E+05  6.2982E+04  9.9949E+04
0000090   6.5894E+05  1.6447E+05  1.1849E+04
0000091   6.9258E+05 -1.8076E+05 -1.3912E+04
0000092   6.4601E+05 -2.1755E+04 -5.6697E+04
0000093   5.3895E+05 -1.1204E+05  7.7844E+04
0000094   7.4463E+05  6.1797E+04  4.4290E+05
0000095   5.2432E+05  4.3546E+04 -1.1532E+05
0000096   4.0803E+05 -2.6744E+05 -1.0368E+05
0000097   1.0131E+06 -2.4542E+05  2.8640E+05
0000098   8.5929E+05  1.0241E+05 -1.9356E+05
0000099   1.0593E+06  3.7501E+04  8.1142E+04
0000100   1.0075E+06 -9.1451E+03 -2.5970E+04
0000101   7.5373E+05  2.8397E+04 -5.7846E+04
0000102   9.2520E+05  5.1611E+04 -4.6414E+05
0000103   1.0509E+06 -1.6579E+05  1.6076E+05
0000104   3.7670E+05 -1.3763E+05 -1.3233E+05
0000105   3.0766E+05  2.6383E+05  5.9447E+05
0000106   7.4916E+05  1.6975E+05  1.4403E+05
0000107   9.1709E+05 -2.6616E+05  9.8101E+04
0000108   1.8286E+05  1.3461E+05  5.2022E+03
0000109   9.2778E+05  2.1859E+05 -6.4164E+04
0000110   1.0122E+06  9.9357E+04  1.3438E+05
0000111   5.5606E+05 -1.3226E+05 -3.3542E+05
0000112   8.9166E+05 -1.9127E+05 -2.8444E+03
0000113   6.5601E+05 -1.6461E+05  4.8431E+05
0000114   8.3415E+05  1.3378E+05 -2.6952E+05
0000115   1.0100E+06  2.2152E+05 -1.9346E+03
0000116   9.9405E+05 -2.9238E+04  4.7727E+04
0000117   5.9316E+05  1.6483E+05 -3.1950E+05
0000118   9.2801E+05  4.7360E+04 -8.3533E+04
0000119   1.0335E+06 -1.5827E+05 -9.2001E+04
0000120   9.1237E+05  3.6833E+04  9.9142E+04
0000121   3.5193E+05 -5.1099E+05  3.1402E+05
0000122   7.1353E+05 -3.7476E+05 -5.6017E+04
0000123   9.1759E+05  1.9298E+05 -1.4391E+05
0000124   7.4207E+05 -3.4920E+05  6.2812E+04
0000125   1.1134E+06  1.4901E+05 -2.1237E+04
0000126   6.9252E+05  1.7121E+05 -1.3978E+05
0000127   9.9904E+05 -3.7504E+05 -7.2114E+04
0000128   3.3241E+05  1.5135E+05  5.3654E+05
0000129   7.2780E+05 -9.4496E+04  4.6426E+04
0000130   9.4049E+05  1.8921E+05 -8.3884E+04
0000131   7.1078E+05 -2.2254E+05  2.5706E+04
0000132   1.0041E+06  1.7665E+05  4.7170E+04
0000133   7.3028E+05  5.9429E+04 -1.4976E+05
0000134   7.3823E+05  3.1843E+05 -2.2274E+05
0000135   1.0551E+06 -7.7029E+04  1.8186E+04
0000136   5.9276E+05 -2.0426E+05  2.4279E+05
0000137   5.0625E+05  5.8635E+04 -1.1746E+05
0000138   1.0827E+06 -3.7225E+05  1.2440E+05
0000139   6.9419E+05 -1.0324E+05  1.1792E+05
0000140   6.4133E+05 -2.7724E+05 -8.7392E+04
0000141   8.5388E+05 -2.1181E+05  1.0021E+05
0000142   5.5437E+05 -2.9833E+05  2.0369E+05
0000143   4.4088E+05 -4.3921E+05 -1.1100E+05
0000144   7.6661E+05 -1.7772E+05  4.2904E+05
0000145   7.1658E+05  2.5099E+05  6.4575E+03
0000146   1.0201E+06  4.9100E+04  3.6165E+05
0000147   5.4975E+05  3.5100E+05  1.6058E+04
0000148   5.3259E+05  4.2172E+04  2.2215E+05
0000149   6.3231E+05 -2.3073E+05  1.2888E+05
0000150   6.4557E+05 -1.7916E+05  4.2074E+05
0000151   8.2604E+05  4.5401E+04  1.3325E+05
0000152   5.0395E+05 -1.8895E+04 -6.6133E+04
0000153   7.0126E+05 -4.7098E+05 -1.4410E+05
0000154   7.3471E+05  6.5821E+04 -6.0347E+05
0000155   4.6570E+05  1.8419E+05  1.0238E+05
0000156   5.7369E+05 -2.9621E+05 -2.3859E+05
0000157   9.2843E+05 -3.1663E+05  3.3978E+05
0000158   9.6744E+05 -6.0904E+04 -1.5570E+04
0000159   1.0980E+06 -2.2642E+05  2.5359E+05
0000160   9.1650E+05 -1.4018E+03  6.3583E+04
0000161   1.0451E+06 -1.0850E+05 -1.3812E+05
0000162   2.6786E+05 -2.2504E+05 -9.9155E+04
0000163   1.2029E+05 -2.3268E+05 -2.1191E+05
0000164   8.9785E+05 -3.4958E+05  2.4076E+05
0000165   6.5263E+05  3.6219E+05  2.9942E+04
0000166   9.9407E+05 -1.7637E+05 -2.5509E+05
0000167   5.1128E+05  4.3117E+05 -1.3176E+05
0000168   6.1314E+05 -7.1979E+04 -2.9917E+05
0000169   4.2190E+05 -4.3645E+05 -3.9265E+05
0000170   7.4921E+05  8.0294E+04 -3.5196E+05
0000171   7.7176E+05  1.1456E+05  1.0890E+05
0000172   3.8482E+05 -9.2371E+04  2.5779E+05
0000173   9.6233E+05  1.7825E+05 -1.2290E+05
0000174   4.0857E+05 -8.6816E+04  1.2184E+04
0000175   8.5974E+05  9.3716E+04  6.7528E+04
0000176   9.9443E+05 -3.6888E+05 -9.4601E+04
0000177   8.1891E+05  3.9512E+05  1.1955E+05
0000178   8.4266E+05  1.5912E+05 -2.4589E+05
0000179   9.3772E+05  2.5968E+05 -1.2285E+05
0000180   3.4940E+05 -4.4482E+04 -5.5780E+04
0000181   7.5472E+05  1.6630E+05  4.4032E+05
0000182   7.5589E+05  2.5250E+05  2.8629E+05
0000183   7.0004E+05  1.2799E+05 -4.2137E+04
0000184   5.9895E+05  8.1580E+03  1.4045E+05
0000185   2.6469E+05 -6.9840E+04  5.2386E+05
0000186   9.0768E+05  3.4976E+05 -6.4694E+04
0000187   7.7826E+05 -1.0436E+05  2.4822E+05
0000188   6.3683E+05 -6.1647E+05  5.0474E+05
0000189   7.4210E+05 -1.0036E+05 -8.1145E+04
0000190   6.4738E+05  1.4702E+05 -2.7409E+05
0000191   3.4361E+05  2.0106E+05 -6.2298E+05
0000192   1.0007E+06 -4.5072E+04 -1.1973E+05
0000193   7.3153E+05  2.0717E+05  3.2757E+04
0000194   4.1673E+05  1.1557E+05  7.9349E+04
0000195   5.8966E+05 -2.1591E+05  2.2750E+05
0000196   5.6057E+05 -1.9138E+05  2.1195E+05
0000197   8.2170E+05  1.2822E+05  3.9135E+05
0000198   6.9516E+05 -3.2716E+05  8.2121E+04
0000199   6.5315E+05  9.1751E+04 -5.3905E+05
0000200   7.8161E+05 -2.0356E+05 -4.0244E+05
0000201   5.4614E+05  1.7914E+04 -4.5826E+05
0000202   9.2075E+05  7.7484E+04 -1.3558E+05
0000203   8.8895E+05 -5.8105E+04  6.3698E+04
0000204   7.1720E+05 -1.2085E+05  4.9536E+04
0000205   9.2463E+05  8.5978E+04  3.2478E+05
0000206   6.9275E+05 -1.6723E+05  6.2912E+04
0000207   3.5340E+05  4.6341E+04  7.9614E+03
0000208   1.0272E+06 -3.2253E+04  8.9958E+04
0000209   8.6961E+05 -2.8882E+05 -5.3919E+04
0000210   1.1141E+06  2.1942E+05 -5.0970E+04
0000211   6.4129E+05 -1.6921E+05  2.8850E+05
0000212   4.9647E+05 -4.9553E+05  1.3972E+04
0000213   3.1337E+05  2.3007E+05  2.2666E+05
0000214   8.0048E+05  2.9517E+03  1.7248E+05
0000215   8.8221E+05  3.8650E+05 -2.7703E+05
0000216   7.2478E+05 -4.6895E+03  1.8551E+05
0000217   3.9749E+05 -3.2235E+05 -1.6212E+05
0000218   8.4988E+05 -2.9531E+04 -2.4208E+05
0000219   5.2672E+05 -3.3741E+03 -7.0315E+04
0000220   5.5731E+05 -3.8574E+04 -1.5400E+04
0000221   4.8310E+05  4.2312E+05  7.7183E+04
0000222   1.0335E+06 -1.9927E+04  6.1889E+03
0000223   1.0025E+06  2.3763E+05 -3.5519E+05
0000224   7.8245E+05  4.5981E+04  1.9478E+05
0000225   3.0280E+05  3.0057E+05 -3.6019E+05
0000226   8.1167E+05 -2.2173E+05  6.6214E+04
0000227   6.7981E+05 -2.4041E+05  3.0473E+05
0000228   4.2553E+05 -1.5683E+05 -5.6843E+04
0000229   6.7992E+05  3.9282E+05 -1.8736E+04
0000230   4.7646E+05  1.9956E+05 -3.0276E+05
0000231   4.9686E+05 -1.5461E+05 -1.5001E+05
0000232   1.0224E+06 -2.1193E+05 -2.0814E+05
0000233   7.4686E+05 -4.7888E+03 -2.0717E+04
0000234   8.6096E+05  4.0610E+05 -3.6385E+05
0000235   9.9171E+05 -5.0507E+04  3.4241E+05
0000236   8.1562E+05 -1.3355E+05 -2.2945E+05
0000237   5.1959E+05  2.5722E+05  2.8607E+04
0000238   9.5283E+05 -3.8798E+04 -1.2982E+05
0000239   6.1629E+05 -2.7394E+05  3.3578E+05
0000240   4.8721E+05  3.6577E+05 -9.4305E+03
0000241   6.3919E+05 -5.3036E+04 -5.1926E+04
0000242   8.6071E+05  3.0494E+05 -1.7039E+04
0000243   7.9266E+05  1.9017E+03  1.2459E+05
0000244   8.8376E+05 -5.1689E+04  2.2553E+05
0000245   7.2954E+05 -1.8480E+03  2.2592E+05
0000246   3.9669E+05 -4.0937E+05  6.2184E+04
0000247   4.7878E+05 -1.0861E+05 -9.2154E+04
0000248   6.5827E+05  2.4827E+05  1.2056E+05
0000249   7.9573E+05  3.0707E+05  1.1242E+05
0000250   7.1856E+05 -9.1460E+04  1.4520E+05
0000251   4.0247E+05 -2.2136E+05 -1.2844E+04
0000252   4.1772E+05 -1.0172E+05  3.9032E+04
0000253   4.7356E+05  9.2733E+04  5.2425E+05
0000254   7.2513E+05  3.0633E+05 -9.4535E+04
0000255   1.0041E+06  2.9458E+05 -1.6482E+05
0000256   1.0751E+06 -1.2833E+05  1.9849E+05
0000257   7.6490E+05  1.9616E+05  1.1226E+05
0000258   9.4098E+05 -4.2114E+05 -1.4328E+05
0000259   5.2355E+05  3.2622E+05 -4.7322E+04
0000260   5.3808E+05  2.4183E+05  2.4603E+05
0000261   5.9487E+05 -4.9998E+05 -7.3950E+04
0000262   9.8449E+05 -2.0460E+05 -2.8376E+05
0000263   4.9088E+05  1.4624E+05 -2.7775E+04
0000264   5.7556E+05  7.4587E+04  1.7502E+03
0000265   1.1697E+06  6.0963E+04  3.8672E+05
0000266   2.3488E+05  2.4115E+05 -1.5711E+05
0000267   2.9912E+05 -1.3614E+05 -3.3423E+05
0000268   7.6830E+05  8.4470E+04 -2.5010E+05
0000269   3.9627E+05 -1.0328E+05 -1.5682E+05
0000270   5.0344E+05 -1.2112E+05  2.8111E+05
0000271   7.7231E+05 -2.7784E+05  2.3577E+05
0000272   1.0046E+06 -2.1950E+05 -3.1818E+04
0000273   7.4166E+05 -1.4431E+05 -3.7731E+05
0000274   8.7036E+05 -7.4999E+04  8.1941E+02
0000275   1.0538E+06 -1.6816E+05  7.0636E+04
0000276   8.8456E+05  1.5481E+05  1.5137E+05
0000277   8.2338E+05  2.0400E+05  6.8347E+04
0000278   2.9381E+05  2.4069E+05 -5.5874E+05
0000279   5.1755E+05 -2.1869E+04  2.2710E+05
0000280   8.1659E+05  1.1173E+05  4.7994E+05
0000281   8.8929E+05 -1.5551E+04  1.1912E+05
0000282   6.7947E+05 -1.5079E+05 -6.9334E+04
0000283   6.1936E+05  4.1025E+05 -1.6920E+05
0000284   8.3834E+05  2.2957E+05  3.8233E+05
0000285   5.6788E+05  9.1482E+04 -1.2171E+05
0000286   6.7861E+05 -1.2887E+05  8.9838E+04
0000287   1.0541E+06 -1.2497E+05 -1.7204E+05
0000288   8.4458E+05  1.1350E+05 -1.2424E+05
0000289   7.3260E+05 -1.9238E+05 -3.3809E+05
0000290   8.7059E+05 -2.2832E+05 -4.0009E+05
0000291   4.0845E+05  7.4629E+04 -4.7072E+05
0000292   3.6408E+05 -3.4621E+05 -1.9282E+05
0000293   5.1225E+05 -4.8021E+04 -1.8627E+04
0000294   7.6298E+05  4.4916E+04  9.6075E+04
0000295   1.0806E+06  5.0135E+03  1.2187E+05
0000296   8.5997E+05  3.2807E+05 -5.3921E+05
0000297   7.5205E+05 -4.1063E+05  1.7810E+05
0000298   1.0361E+06 -2.4166E+05 -5.5979E+04
0000299   9.2901E+05  1.5544E+04 -1.5606E+05
0000300   7.4555E+05 -1.7041E+05  2.7531E+05
0000301   5.1259E+05 -4.4842E+04  1.3720E+05
0000302   5.6216E+05 -1.3420E+05  2.7175E+05
0000303   6.2263E+05  3.5374E+05  1.1841E+05
0000304   6.1738E+05 -7.5700E+04 -1.7106E+05
0000305   6.9267E+05  5.1252E+05 -9.7488E+04
0000306   5.7670E+05  2.7085E+05  1.1208E+04
0000307   5.6460E+05 -3.2640E+05 -1.2765E+05
0000308   6.2459E+05 -1.1296E+05  3.7890E+04
0000309   8.0852E+05 -4.9373E+04 -1.2737E+05
0000310   7.3190E+05  2.5776E+05  1.5193E+05
0000311   5.5072E+05  1.5474E+05 -2.3719E+05
0000312   6.1035E+05  1.2604E+05  3.7968E+05
0000313   4.6904E+05  2.0490E+05 -7.6898E+04
0000314   9.5667E+05 -1.2213E+05  4.4529E+04
0000315   4.6731E+05 -5.6330E+05 -8.4342E+04
0000316   8.2868E+05  1.1360E+05 -2.2277E+05
0000317   6.0129E+05 -1.0837E+05 -1.8845E+04
0000318   8.1464E+05 -1.2821E+05 -3.4057E+05
0000319   8.9347E+05  6.9516E+04  7.8018E+04
0000320   7.3892E+05 -4.7900E+05 -3.8469E+05
0000321   8.9355E+05  2.0590E+04 -2.6424E+05
0000322   6.9594E+05  1.8673E+05  1.2333E+05
0000323   6.6579E+05 -2.6207E+03 -9.8867E+04
0000324   6.0244E+05 -7.1988E+03 -2.6518E+03
0000325   4.9971E+05  3.1637E+04  4.7843E+04
0000326   4.7137E+05 -4.2425E+04 -2.0555E+04
0000327   9.6907E+05  4.4716E+05 -2.4531E+05
0000328   4.0843E+05  1.1399E+04  2.0764E+05
0000329   6.9278E+05  2.7335E+05  1.1216E+05
0000330   8.2091E+05 -3.2304E+05  6.2758E+03
0000331   8.3275E+05  2.0552E+05 -3.2747E+04
0000332   9.0696E+05 -3.1224E+05  1.9209E+05
0000333   8.5516E+05  2.7983E+05 -6.6008E+05
0000334   7.4295E+05  1.2237E+05  5.5855E+04
0000335   6.8329E+04 -2.3896E+04  2.4160E+04
0000336   6.6797E+05  6.4453E+04 -2.6171E+05
0000337   7.4657E+05  2.6995E+05 -1.8387E+05
0000338   6.9484E+05 -2.0777E+05  1.7646E+05
0000339   4.4731E+05 -3.5358E+04 -7.6912E+04
0000340   6.2175E+05  1.3960E+05 -6.2793E+04
0000341   7.8558E+05 -2.2105E+04  2.4568E+05
0000342   9.0206E+05  5.0049E+04 -3.4759E+05
0000343   8.2706E+05 -1.8198E+04 -1.6558E+04
0000344   9.1256E+05  3.5306E+05 -4.1811E+05
0000345   3.5837E+05  9.8605E+04 -2.1848E+05
0000346   8.4832E+05  3.3039E+05  2.8579E+05
0000347   8.5237E+05 -6.4720E+04  5.0842E+04
0000348   8.8648E+05 -2.6222E+05  5.8236E+05
0000349   9.9640E+05 -8.2737E+04  1.3495E+05
0000350   1.1004E+06  2.3533E+05  1.8093E+05
0000351   8.7836E+05  1.7773E+05  1.2371E+04
0000352   7.8311E+05 -2.8346E+05  2.1891E+04
0000353   8.5038E+05 -1.5200E+05 -2.1404E+05
0000354   9.0587E+05 -4.4814E+05  8.0997E+04
0000355   1.2029E+05 -1.8239E+05 -6.2488E+04
0000356   9.3165E+05 -8.1436E+04 -3.7077E+05
0000357   9.0195E+05  5.3247E+04 -2.0188E+05
0000358   7.9223E+05 -1.7202E+05 -1.0134E+05
0000359   6.9186E+05 -1.8090E+05 -1.8788E+05
0000360   9.3513E+05  5.6207E+04 -1.2202E+05
0000361   6.7731E+05  1.6786E+05  4.8329E+04
0000362   6.8241E+05 -3.2357E+04 -1.9276E+05
0000363   8.8958E+05 -2.0598E+05  3.1176E+05
0000364   5.5171E+05  1.8585E+05 -6.6563E+04
0000365   5.7141E+05 -1.8357E+04 -1.9660E+05
0000366   8.5030E+05 -1.7436E+05  2.6998E+05
0000367   9.4787E+05 -8.2731E+04 -2.6747E+05
0000368   6.3101E+05 -3.5305E+05  1.4578E+05
0000369   9.1967E+05 -1.1792E+05  5.6797E+04
0000370   4.6375E+05  1.0422E+05  2.3271E+05
0000371   7.9626E+05 -6.5685E+04 -4.3163E+04
0000372   7.4395E+05  1.3475E+05 -1.7367E+05
0000373   5.4767E+04 -1.1923E+05  9.2033E+04
0000374   9.9236E+05  1.7246E+05  5.3279E+04
0000375   8.0049E+05  1.5013E+05 -1.1413E+05
0000376   6.3853E+05 -4.2640E+05  1.2205E+05
0000377   8.5480E+05 -1.7871E+05  8.7298E+04
0000378   6.5829E+05 -1.2536E+04 -3.7411E+04
0000379   1.0198E+06  1.0027E+05 -9.9501E+04
0000380   7.7130E+05 -1.5551E+05 -1.4293E+05
0000381   4.6283E+05 -3.7012E+05 -2.9315E+05
0000382   9.0171E+05  1.3194E+05 -1.5634E+05
0000383   5.6811E+05  1.8042E+04 -5.6684E+05
0000384   8.8345E+05 -1.6902E+05 -4.9587E+05
0000385   7.6031E+05 -3.1117E+05  1.4721E+05
0000386   6.5976E+05  1.4533E+05 -1.1717E+05
0000387   4.6984E+05  1.4799E+05  3.3909E+04
0000388   7.0991E+05  4.2682E+04 -3.7231E+04
0000389   3.9793E+05  1.3890E+05  1.4867E+05
0000390   7.9368E+05  1.2235E+05 -2.1627E+05
0000391   6.4543E+05  6.9542E+03  4.4735E+05
0000392   2.9802E+05 -1.0975E+05  1.9125E+05
0000393   7.2415E+05  1.6034E+05  1.3783E+05
0000394   5.2472E+05 -1.4323E+05  2.5855E+05
0000395   6.7913E+05  1.4447E+05 -3.5328E+04
0000396   8.7173E+05 -6.6401E+05 -3.4364E+05
0000397   5.7701E+05  1.4293E+05  1.0992E+05
0000398   6.8988E+05 -2.7939E+05 -2.6630E+05
0000399   1.4848E+05  9.9054E+04 -1.4185E+05
0000400   7.4650E+05  9.7109E+04 -4.5869E+05
0000401   4.8151E+05  2.3282E+05 -3.4953E+04
0000402   6.9058E+05  8.4302E+04  8.5989E+04
0000403   5.8450E+05  1.3909E+05  1.0178E+05
0000404   1.5042E+05  1.9656E+05 -7.1177E+04
0000405   1.0244E+06 -1.5127E+05  4.1810E+05
0000406   5.2117E+05 -5.2036E+05 -1.0713E+05
0000407   7.2203E+05 -2.2789E+04 -1.4818E+05
0000408   6.2844E+05  1.1839E+05 -5.4816E+04
0000409   1.0337E+05 -8.3990E+04 -6.4477E+04
0000410   7.4705E+05 -5.8607E+04 -6.8964E+04
0000411   1.1261E+06 -7.8613E+03 -3.5984E+04
0000412   3.4839E+05  1.3655E+05 -1.9042E+05
0000413   3.1326E+05  9.3196E+04 -3.3376E+05
0000414   1.1389E+06  1.2268E+05  2.7911E+05
0000415   6.4232E+05  2.9936E+05 -7.6799E+04
0000416   6.5687E+05 -1.2742E+05  2.1622E+05
0000417   1.1868E+06  8.1790E+04  1.6202E+05
0000418   8.2521E+05 -2.4692E+05 -2.1868E+04
0000419   3.4311E+05 -1.4165E+05  6.2294E+04
0000420   2.5297E+05  3.0847E+05 -1.6107E+05
0000421   6.1397E+05  1.9104E+05 -1.7896E+04
0000422   9.3978E+05 -7.6103E+04 -1.4436E+05
0000423   1.0237E+06 -9.3602E+04  3.4611E+05
0000424   6.1891E+05  1.2926E+05  8.3237E+04
0000425   8.3180E+05  2.8337E+05  3.9382E+05
0000426   8.3384E+05 -4.5173E+05 -1.1182E+03
0000427   2.5282E+05 -1.0706E+04  1.7166E+04
0000428   9.0162E+05  2.2896E+05  1.0099E+05
0000429   6.2462E+05 -1.0985E+05 -8.6045E+04
0000430   5.5765E+05  1.3585E+05  2.3440E+05
0000431   9.1069E+05 -9.3881E+04  4.7345E+05
0000432   7.3833E+05  1.8272E+05 -3.3154E+05
0000433   7.7593E+05  3.4956E+05 -2.7487E+05
0000434   7.5354E+05 -1.7682E+04  4.3269E+04
0000435   1.0148E+06 -1.4081E+04  9.0977E+04
0000436   7.0512E+05 -2.9938E+04 -7.8421E+04
0000437   7.3713E+05  2.0347E+05  1.5228E+05
0000438   9.7054E+05  1.8877E+05  5.6360E+04
0000439   9.4819E+05 -3.0251E+05 -8.0918E+04
0000440   1.0809E+06 -2.0980E+05  1.4401E+05
0000441   8.8675E+05 -1.3891E+05  3.1123E+05
0000442   3.3897E+05  1.5815E+05  3.1820E+05
0000443   8.0606E+05  3.5459E+05 -7.5753E+04
0000444   9.6719E+05 -2.1325E+05 -2.9835E+04
0000445   4.1214E+05 -4.9873E+04 -3.5643E+05
0000446   6.9713E+05  1.3732E+05 -2.2506E+05
0000447   6.9614E+05  8.3094E+03  7.5551E+04
0000448   5.1666E+05  2.5999E+04  1.9653E+05
0000449   8.6584E+05  9.3270E+04  5.2437E+05
0000450   1.0075E+06  7.4322E+04  1.3306E+05
0000451   9.2980E+05 -2.4865E+04 -1.3820E+04
0000452   8.2078E+05 -6.0971E+04 -2.0593E+05
0000453   9.8441E+05  8.8161E+04 -1.4998E+05
0000454   5.6075E+05  2.7593E+05 -2.1624E+05
0000455   8.5671E+05 -1.9388E+04  2.6075E+05
0000456   2.5733E+05 -2.8609E+05  1.0144E+04
0000457   5.4234E+05 -2.5954E+05 -2.5092E+05
0000458   7.0529E+05 -4.2832E+05 -2.3964E+05
0000459   1.8081E+05  8.7592E+04 -1.0387E+05
0000460   6.9470E+05  8.3271E+04  8.8510E+04
0000461   4.1592E+05 -6.4846E+05  2.4394E+05
0000462   9.7414E+05  4.6226E+04  3.8747E+05
0000463   5.0425E+05 -2.2405E+05 -1.0162E+05
0000464   9.9463E+05 -1.1947E+05  1.0094E+03
0000465   8.8223E+05 -3.8331E+05  1.4981E+05
0000466   9.7389E+05  1.3431E+05  2.7535E+04
0000467   1.0136E+06  5.9903E+04 -3.4830E+05
0000468   8.2812E+05 -3.3751E+05  5.2039E+05
0000469   4.5340E+05 -3.3036E+05 -3.5734E+05
0000470   7.7209E+05  9.8689E+04  2.7553E+05
0000471   8.9188E+05  2.6892E+05 -5.6922E+05
0000472   3.6989E+05 -2.4817E+05 -1.3878E+05
0000473   4.8286E+05 -1.8311E+05  8.3269E+04
0000474   5.1523E+05 -1.1427E+04  2.8466E+05
0000475   7.3577E+05 -1.2096E+05 -4.7869E+04
0000476   7.1223E+05 -3.1171E+05 -7.6465E+04
0000477   7.8864E+05 -8.0041E+04 -2.9208E+05
0000478   3.5572E+05  1.2862E+05  9.1842E+04
0000479   9.5819E+05 -2.2404E+05  1.5794E+05
0000480   8.1276E+05 -1.5007E+05 -2.2823E+05
0000481   9.9481E+05 -1.5421E+05  1.6007E+05
0000482   8.9612E+05  1.6733E+05  2.7008E+05
0000483   5.3786E+05  4.6625E+05  2.0691E+05
0000484   3.9398E+05 -3.0689E+05  1.5387E+05
0000485   6.1059E+05  2.1824E+05  1.9561E+05
0000486   3.1410E+05  5.0315E+04  8.4306E+04
0000487   9.4433E+05  7.1629E+04  2.3817E+04
0000488   5.7587E+05 -6.9819E+04 -4.4233E+05
0000489   7.6117E+05  2.8989E+05 -1.6346E+05
0000490   1.0676E+06  2.1209E+04 -4.7345E+05
0000491   3.4494E+05  2.0787E+05 -1.3095E+05
0000492   6.5761E+05  7.5670E+04  9.2440E+04
0000493   3.7408E+05  3.8550E+05  3.3259E+04
0000494   9.6092E+05 -4.0123E+04 -2.1249E+05
0000495   7.2713E+05 -7.4549E+04 -4.9662E+04
0000496   6.4389E+05 -1.1651E+05 -1.3197E+05
0000497   3.2000E+05 -2.8207E+05 -1.9978E+05
0000498   1.1098E+06  1.0150E+05 -6.7383E+05
0000499   9.0443E+05  1.8354E+05  3.4526E+05
0000500   6.2329E+05 -5.2231E+05 -2.6448E+04
0000501   5.1145E+05 -3.1888E+05 -1.1749E+05
0000502   8.2564E+05  1.1301E+05  2.5704E+05
0000503   7.8819E+05 -4.4731E+05 -1.0910E+05
0000504   2.7427E+05  8.0241E+04 -1.1095E+05
0000505   6.1244E+05 -1.2171E+05 -1.0896E+05
0000506   7.0719E+05 -2.1500E+03  3.8565E+05
0000507   4.6382E+05  6.0006E+04 -1.3040E+05
0000508   5.6484E+05  4.6251E+05  9.6888E+04
0000509   3.2325E+05 -1.0042E+05  5.5922E+04
0000510   6.2027E+05 -2.3347E+05 -2.0141E+04
0000511   8.5462E+05  5.7209E+04  5.5149E+04
0000512   9.4937E+05 -3.7480E+05 -2.2684E+05
0000513   1.0969E+06 -1.7409E+05 -1.3208E+05
0000514   6.3006E+05  8.6868E+04 -2.0313E+05
0000515   1.1847E+06 -3.6126E+05 -1.9829E+05
0000516   7.6423E+05 -2.2952E+05 -1.7706E+05
0000517   9.8109E+05  9.1384E+04  1.5510E+05
0000518   7.3785E+05 -1.4971E+05 -3.9239E+04
0000519   5.5035E+05  9.3860E+04  5.3747E+04
0000520   8.2633E+05  2.1598E+05 -2.5185E+05
0000521   8.1489E+05 -1.6501E+05 -4.4604E+04
0000522   3.7438E+05 -3.0254E+05 -3.6948E+04
0000523   5.2947E+05 -8.9678E+04 -1.6488E+04
0000524   8.5904E+05 -2.6155E+05  2.7962E+05
0000525   5.8381E+05  2.1790E+05 -2.9193E+05
0000526   8.2472E+05 -1.6569E+04 -2.3237E+02
0000527   9.8837E+05  2.1407E+05  2.7679E+05
0000528   6.3256E+05 -3.6492E+05 -2.9348E+04
0000529   5.3625E+05  1.0910E+05 -3.6823E+05
0000530   4.6204E+05 -1.0528E+05  1.3799E+05
0000531   8.6737E+05 -1.4272E+05  5.1199E+04
0000532   7.5761E+05  4.4201E+05 -2.9838E+05
0000533   1.0293E+06  3.2299E+05 -4.9828E+05
0000534   6.4175E+05  3.5538E+05  5.2537E+04
0000535   4.5447E+05 -3.3724E+04  7.3666E+04
0000536   6.8557E+04  1.0652E+05 -1.1449E+05
0000537   1.0493E+06  1.4406E+05 -7.5191E+03
0000538   7.3865E+05 -1.4968E+05  7.0665E+04
0000539   9.9320E+05 -3.2296E+05  3.1287E+05
0000540   5.0954E+05 -2.6435E+05 -1.7167E+05
0000541   4.1998E+05  1.4985E+05 -2.2906E+04
0000542   4.6797E+05 -1.5707E+05  9.6620E+04
0000543   6.9774E+05 -4.4677E+05 -1.4597E+05
0000544   6.6944E+05 -1.5617E+05 -2.8094E+05
0000545   3.7893E+05  7.4004E+04 -3.3289E+05
0000546   7.8825E+05  3.3106E+05  4.8943E+05
0000547   1.0276E+06 -1.6395E+05  1.2379E+04
0000548   5.9923E+05 -3.3266E+04 -2.9141E+05
0000549   7.1832E+05  1.1062E+05 -1.3619E+05
0000550   6.6332E+05  3.6959E+05  1.8458E+05
0000551   7.1992E+05 -1.4987E+05  1.0857E+05
0000552   8.9854E+05  3.0372E+04 -2.3843E+05
0000553   7.7727E+05 -2.7732E+05  1.1292E+05
0000554   9.8695E+05 -1.4864E+04  2.2760E+05
0000555   2.2378E+05  1.8945E+05  7.5905E+04
0000556   8.6779E+05  2.3125E+05 -1.9230E+05
0000557   7.0954E+05  1.1494E+04  1.4113E+05
0000558   5.3443E+05  3.0588E+05 -4.6463E+05
0000559   7.6216E+05  1.5035E+05 -2.1134E+05
0000560   4.8733E+05  3.9698E+05  9.9774E+04
0000561   9.7758E+05 -1.0666E+05  3.1737E+05
0000562   3.8601E+05 -2.9463E+05  2.8233E+05
0000563   8.7238E+05 -4.0281E+05 -2.3548E+05
0000564   6.1814E+05 -2.3062E+05 -3.6989E+05
0000565   7.8864E+05  1.6952E+05 -1.6926E+05
0000566   1.0638E+06  9.5619E+04  2.1331E+02
0000567   7.0455E+05  3.4427E+05 -5.6672E+03
0000568   7.2717E+05  2.2422E+04 -4.6673E+05
0000569   1.0393E+06  5.4458E+04 -4.3701E+05
0000570   1.0067E+06  4.3049E+05 -3.5116E+05
0000571   1.0324E+06  4.8043E+05  7.3785E+04
0000572   6.2590E+05 -3.5454E+05 -3.5400E+04
0000573   8.0595E+05  5.9880E+04 -5.6042E+04
0000574   7.2423E+05  1.6418E+05 -2.3433E+04
0000575   7.3419E+05  1.1556E+05 -2.3197E+05
0000576   4.2339E+05 -1.2432E+04  2.0807E+05
0000577   7.1180E+05  2.6134E+05  3.7682E+04
0000578   8.6827E+05  3.1980E+05  2.7121E+04
0000579   9.2742E+05 -4.3376E+05  1.4411E+05
0000580   6.7416E+05 -2.9728E+05  5.4042E+05
0000581   5.9900E+05 -1.7267E+04  5.1692E+05
0000582   8.8800E+05  5.3968E+04  3.9231E+04
0000583   1.1254E+06 -2.5769E+05  2.4033E+05
0000584   9.1568E+05  1.9063E+05 -2.9702E+05
0000585   7.0687E+05 -3.3938E+05  2.2774E+04
0000586   9.6264E+05 -4.4768E+03  1.2799E+05
0000587   1.0815E+06 -2.4635E+05  4.0914E+05
0000588   1.2692E+06  7.5832E+04 -1.1712E+05
0000589   4.2750E+05 -1.5471E+05 -4.9046E+05
0000590   3.9193E+05 -1.0347E+05 -4.0528E+05
0000591   3.5372E+05  1.4331E+05 -7.7526E+04
0000592   5.2371E+05  2.2647E+04  1.1788E+05
0000593   7.0583E+05  8.8220E+04 -5.3212E+05
0000594   8.4501E+05 -2.9404E+04 -1.9540E+05
0000595   8.6916E+05 -2.0155E+05 -2.6668E+05
0000596   1.1887E+06  2.3804E+05 -9.5127E+04
0000597   6.3743E+05  1.1031E+05  2.9649E+05
0000598   4.0004E+05 -1.4738E+05  1.1770E+05
0000599   4.9549E+05  2.5174E+05 -2.4534E+05
0000600   1.0229E+06 -3.4831E+05 -3.2927E+05
0000601   3.8456E+05  8.8937E+04 -4.5999E+05
0000602   8.7793E+05  6.1244E+04  1.6056E+05
0000603   8.4768E+05  2.8736E+05 -2.6737E+05
0000604   3.3640E+05 -1.0596E+05  2.8365E+05
0000605   3.8243E+05 -6.4808E+04  3.9599E+05
0000606   6.4097E+05 -5.0946E+05 -1.0572E+04
0000607   7.8334E+05  5.3454E+05 -1.1937E+05
0000608   7.9438E+05 -5.3155E+04 -2.0644E+05
0000609   5.6388E+05 -7.1672E+04 -1.0044E+04
0000610   8.3134E+05  4.3192E+05 -1.1086E+05
0000611   5.3883E+05  1.7329E+05  2.2097E+05
0000612   7.9956E+05  4.1992E+05 -1.6285E+05
0000613   7.1843E+05  1.5773E+05  4.8164E+05
0000614   1.0000E+06 -1.4304E+05  1.4483E+05
0000615   2.8420E+05 -2.1031E+04 -1.4206E+04
0000616   6.3575E+05  2.0062E+05  5.5294E+03
0000617   7.1777E+05 -6.2800E+04 -1.5552E+05
0000618   6.2179E+05 -1.6982E+05  1.6758E+03
0000619   8.0664E+05  4.6955E+05  3.4429E+04
0000620   6.9162E+05  2.2194E+05 -1.4599E+05
0000621   7.6054E+05  7.1128E+05 -3.4294E+05
0000622   7.5510E+05 -8.4906E+04 -6.5406E+04
0000623   4.4982E+05 -1.3571E+05  2.1911E+05
0000624   5.2822E+05  3.3394E+05 -1.0822E+05
0000625   5.8828E+05  1.4380E+05  3.3428E+05
0000626   7.6333E+05  1.0685E+05 -3.3696E+05
0000627   1.2738E+06  4.3820E+04  1.7071E+05
0000628   7.6898E+05 -3.1163E+05 -9.1728E+04
0000629   1.1796E+06  7.1699E+04 -2.2148E+05
0000630   3.2983E+05  3.7788E+04  7.4310E+04
0000631   7.2410E+05  4.2292E+05  9.5002E+04
0000632   6.1555E+05 -9.1162E+04 -1.7851E+05
0000633   3.2711E+05  1.7120E+04 -2.2957E+05
0000634   6.7204E+05  1.8968E+05  3.4019E+05
0000635   5.8672E+05 -9.9895E+04 -3.8743E+04
0000636   6.5565E+05  3.3199E+05  8.5026E+04
0000637   6.8434E+05 -3.5665E+05  2.0897E+05
0000638   7.9499E+05 -2.3115E+05  2.3033E+05
0000639   5.6851E+05 -3.4103E+05  3.0243E+05
0000640   8.4456E+05  3.7357E+05 -9.6432E+04
0000641   1.0086E+06 -1.1467E+05  1.3791E+05
0000642   9.2440E+05 -2.5152E+05  9.0565E+04
0000643   1.0201E+06  5.2473E+04  1.5514E+05
0000644   4.7871E+05  2.0742E+04  2.4889E+04
0000645   7.9579E+05  5.3811E+05  3.1215E+05
0000646   8.5726E+05 -1.5123E+03 -3.4085E+04
0000647   5.2764E+05  3.5824E+05 -3.9003E+05
0000648   4.9816E+05  2.0064E+05 -4.8634E+03
0000649   1.0111E+06  2.6033E+05  2.8421E+04
0000650   5.0803E+05  1.0574E+05 -7.6420E+04
0000651   3.0771E+05  6.7769E+04  7.4949E+04
0000652   6.9655E+05  2.1895E+05  7.1998E+04
0000653   6.2032E+05  8.6913E+03 -2.8550E+05
0000654   5.1286E+05  9.5725E+04 -3.8243E+05
0000655   8.6236E+05 -4.6197E+04  6.7367E+04
0000656   7.3602E+05 -5.4699E+05 -1.8366E+05
0000657   1.1734E+06  1.3172E+04 -1.6301E+05
0000658   8.0248E+05 -3.7318E+04 -2.8951E+05
0000659   6.8993E+05 -2.8812E+05  1.8725E+05
0000660   7.2316E+05 -1.8331E+04  2.9602E+04
0000661   4.3821E+05 -4.4317E+05 -1.4236E+05
0000662   5.7035E+05 -2.1908E+05 -1.3492E+05
0000663   8.9515E+05  1.9076E+04  2.6909E+05
0000664   4.1195E+05 -8.7566E+04 -7.2168E+03
0000665   8.8198E+05  1.0330E+05 -2.5748E+05
0000666   6.6812E+05 -7.1175E+04  2.0191E+05
0000667   7.1265E+05 -2.6591E+05  2.3055E+05
0000668   5.6919E+05 -3.2313E+05  2.3286E+05
0000669   9.1962E+05  6.0272E+04 -1.2985E+05
0000670   7.0871E+05 -2.6034E+04 -2.7865E+04
0000671   6.8318E+05 -3.6631E+04  3.2127E+04
0000672   8.0578E+05 -1.3633E+05 -2.1550E+05
0000673   8.0405E+05 -1.8137E+05  4.1545E+05
0000674   7.6557E+05 -1.1702E+05  2.4511E+04
0000675   7.4786E+05  1.4558E+05 -1.3447E+05
0000676   4.8348E+05 -4.4178E+04 -5.1099E+04
0000677   5.0311E+05 -9.1220E+04 -4.9735E+04
0000678   7.1818E+05 -4.8249E+04  3.4863E+05
0000679   1.0493E+06 -1.5627E+04 -1.0909E+05
0000680   9.3414E+05 -1.8932E+05  1.6927E+04
0000681   8.3938E+05 -2.0253E+05 -8.5241E+04
0000682   3.5193E+05  2.8406E+04  9.5134E+04
0000683   1.1907E+06  6.0236E+04  3.4361E+05
0000684   9.1192E+05 -2.1091E+05 -1.1327E+05
0000685   1.0004E+06 -2.5018E+04  2.9213E+05
0000686   1.1294E+06  2.4995E+05 -1.7055E+05
0000687   3.0059E+05  3.2075E+05  3.3413E+05
0000688   9.1940E+05 -1.5213E+05  3.3558E+05
0000689   1.0070E+06 -8.5297E+04  2.0407E+05
0000690   8.0403E+05  6.4007E+04  2.9630E+05
0000691   9.5338E+05 -1.3678E+05 -1.4190E+05
0000692   9.8534E+05 -2.8528E+05  1.4249E+05
0000693   3.3806E+05 -4.3677E+03  3.5035E+05
0000694   4.8504E+05 -1.0156E+05  4.2683E+05
0000695   7.1643E+05  9.0113E+04  1.3443E+05
0000696   7.5331E+05 -1.2331E+04 -2.1057E+05
0000697   7.6018E+05  4.1071E+05 -1.2486E+05
0000698   1.0521E+06  2.4038E+05  2.3550E+05
0000699   7.0937E+05 -6.2071E+04  1.2500E+05
0000700   5.4304E+05  8.6548E+04  3.5335E+05
0000701   1.0234E+05  4.2422E+04 -4.0171E+05
0000702   3.3912E+05 -3.9172E+04 -2.8234E+05
0000703   8.8670E+05 -2.0399E+05 -9.4833E+04
0000704   9.9261E+05 -5.4273E+05  9.7643E+04
0000705   5.0417E+05  9.7810E+04 -8.8202E+04
0000706   7.3431E+05  2.4453E+05  3.8791E+05
0000707   7.6807E+05  1.2809E+05 -1.5805E+05
0000708   8.7030E+05  1.9035E+05  9.4319E+04
0000709   9.7661E+05 -5.2126E+05 -2.6433E+05
0000710   6.6192E+05 -5.9873E+05  4.5137E+05
0000711   8.2430E+05  1.8975E+05  1.3326E+05
0000712   5.2837E+05  5.1746E+04 -3.3374E+05
0000713   1.0324E+06  4.7828E+05  1.3398E+05
0000714   6.1315E+05  2.4638E+05 -3.1010E+05
0000715   5.6999E+05 -3.7350E+04 -7.9247E+04
0000716   3.2280E+05  3.5970E+05 -2.5224E+04
0000717   3.5512E+05 -4.0756E+04 -2.2245E+04
0000718   4.1828E+05  8.6748E+02 -4.8338E+05
0000719   9.3722E+05 -1.0142E+05  3.5147E+04
0000720   6.4650E+05 -8.2128E+04 -1.7200E+05
0000721   1.0045E+06 -9.4596E+04 -1.2387E+05
0000722   7.7867E+05 -2.2410E+05 -3.3085E+05
0000723   1.0043E+06  2.2953E+05 -2.1250E+05
0000724   1.0276E+06 -1.2227E+04 -7.0756E+04
0000725   9.8068E+05  5.4132E+04  2.7253E+05
0000726   3.5120E+05  1.6858E+05  5.1225E+04
0000727   1.1314E+06 -1.2059E+05  6.9729E+04
0000728   8.9987E+05  8.5423E+04  7.4936E+02
0000729   5.7123E+05  5.3818E+04 -2.3496E+05
0000730   8.2105E+05 -6.9695E+04  2.4227E+05
0000731   6.9303E+05  2.7928E+03  3.0415E+04
0000732   6.8158E+05 -1.0407E+05  1.1796E+05
0000733   8.3938E+05  7.9962E+04 -2.9114E+05
0000734   8.8611E+05  2.4047E+05 -1.6649E+05
0000735   5.7818E+05  1.4800E+05 -5.2138E+04
0000736   6.6059E+05 -4.3692E+04 -5.7346E+05
0000737   8.7651E+05 -2.7054E+05 -1.3117E+05
0000738   7.3158E+05  2.3977E+05  2.7295E+04
0000739   6.6266E+05  2.2469E+05 -1.5891E+05
0000740   7.1618E+05  3.7666E+05  4.0440E+05
0000741   9.5888E+05 -1.3095E+05  4.0169E+04
0000742   8.1602E+05  1.7715E+05  1.4127E+05
0000743   9.2303E+05 -1.8561E+05  3.0797E+05
0000744   8.4386E+05  4.6036E+05  2.9007E+04
0000745   8.5567E+05 -1.1202E+05 -1.5022E+05
0000746   5.1660E+05  1.8145E+05  2.9563E+05
0000747   7.4091E+05 -5.2008E+05  2.3292E+05
0000748   2.2697E+05  4.3649E+04 -5.7343E+04
0000749   7.1546E+05  1.9451E+05  1.3149E+05
0000750   9.6996E+05  1.2506E+05 -1.4999E+05
0000751   5.5964E+05  1.0163E+05  2.7969E+05
0000752   5.2991E+05 -2.7826E+05 -1.7890E+05
0000753   7.0852E+05 -1.8774E+04 -1.0942E+05
0000754   7.7881E+05 -1.3135E+05 -1.9631E+05
0000755   7.8197E+05  4.7779E+04 -1.7890E+04
0000756   1.0176E+06 -3.4251E+04  1.2635E+05
0000757   7.0244E+05  2.3562E+05  2.7315E+04
0000758   8.7378E+05  7.8083E+03  2.3115E+05
0000759   5.3594E+05 -1.5120E+05  2.9676E+05
0000760   8.4167E+05 -9.8816E+04 -1.4627E+05
0000761   6.2845E+05  5.6947E+05  2.1918E+05
0000762   8.0489E+05 -4.7777E+05 -1.7566E+05
0000763   6.1578E+05 -4.2458E+05  2.1180E+05
0000764   5.4811E+05  1.6057E+05  1.2676E+05
0000765   7.5586E+05  1.1042E+04  3.2856E+05
0000766   8.7788E+05 -4.8337E+04 -3.8822E+05
0000767   7.1006E+05 -4.2415E+05 -4.9132E+05
0000768   3.2733E+05  2.2337E+05 -1.0624E+05
0000769   1.0637E+06  2.1239E+05  1.7915E+05
0000770   7.6504E+05  2.7727E+04 -2.0611E+05
0000771   1.0511E+06  9.6581E+03 -3.5312E+05
0000772   9.4889E+05 -2.0569E+05  2.4196E+05
0000773   6.9548E+05  2.3832E+05 -3.2029E+05
0000774   1.0226E+06 -4.4750E+05 -4.0939E+04
0000775   5.4535E+05 -1.7376E+05 -1.5441E+05
0000776   4.2837E+05  1.1463E+05  2.2294E+05
0000777   1.0304E+06 -1.8615E+05  2.5785E+05
0000778   7.9420E+05  4.9449E+04 -2.5464E+05
0000779   8.3022E+05 -3.1322E+04  5.7894E+04
0000780   8.0912E+05  3.9067E+05  1.4398E+05
0000781   1.2176E+06 -2.6251E+05  1.2182E+05
0000782   6.6017E+05 -1.3104E+04  4.1601E+04
0000783   6.9118E+05  3.9902E+04  2.6211E+03
0000784   7.4660E+05  1.4664E+05 -1.7461E+05
0000785   4.3870E+05 -1.0364E+05  1.6835E+05
0000786   6.9352E+05 -1.6253E+04 -3.6036E+05
0000787   7.2627E+05 -3.1585E+05  2.2508E+04
0000788   1.0016E+06  3.3384E+05  1.5340E+04
0000789   1.8205E+05  1.2713E+05  9.8318E+04
0000790   8.7933E+05 -3.2561E+04 -2.3195E+05
0000791   6.7800E+05 -9.7004E+04  9.1261E+04
0000792   9.0480E+05 -2.1214E+05 -3.7229E+05
0000793   1.0528E+06  1.2367E+05 -2.3289E+04
0000794   5.4009E+05  4.0121E+04 -1.2258E+05
0000795   7.4028E+05 -1.5398E+05 -2.9996E+05
0000796   8.4773E+05 -4.7972E+04 -5.5902E+04
0000797   9.1936E+05  5.1387E+05  2.2615E+03
0000798   7.6826E+05 -5.0777E+05 -1.1711E+05
0000799   7.7451E+05 -1.2670E+05  7.2434E+04
0000800   6.3750E+05  4.4867E+05  4.5009E+05
0000801   7.2604E+05  2.9178E+05  6.6638E+04
0000802   3.7047E+05  9.3497E+03 -1.3229E+05
0000803   4.2484E+05 -4.6446E+05 -2.6373E+05
0000804   7.5880E+05 -7.8931E+04  2.0862E+05
0000805   4.1076E+05  1.5915E+05  2.0807E+05
0000806   1.0196E+06  1.0481E+05 -1.2752E+05
0000807   4.7789E+05 -3.0892E+05  1.1490E+05
0000808   6.7816E+05 -1.5641E+05  7.0661E+04
0000809   1.0146E+06 -8.7957E+04  1.5811E+05
0000810   3.9760E+05 -4.2080E+04  2.9574E+05
0000811   7.6235E+05  1.9052E+05  2.8636E+05
0000812   5.6369E+05  1.1811E+05  1.6543E+05
0000813   8.6061E+05 -6.6429E+04 -1.0926E+05
0000814   7.4517E+05  1.2303E+05  1.8285E+05
0000815   5.6640E+05 -1.5379E+05 -5.5288E+04
0000816   1.0994E+06  1.0670E+05 -7.3841E+04
0000817   5.8778E+05  3.4976E+05  2.0995E+05
0000818   5.2450E+05 -1.6108E+05 -3.4828E+05
0000819   8.8552E+05  1.2268E+05 -9.8244E+04
0000820   4.2880E+05  2.6661E+05 -3.8224E+05
0000821   6.9209E+05  2.0666E+05  2.5117E+05
0000822   7.9352E+05  4.8641E+04 -2.2243E+05
0000823   6.6895E+05 -3.1038E+05 -9.8317E+02
0000824   4.6085E+05 -1.7202E+05  1.9817E+05
0000825   8.1748E+05 -3.4595E+05  2.9858E+04
0000826   6.5528E+05  5.9114E+04  4.6872E+05
0000827   5.9445E+05  1.2359E+05  1.5789E+05
0000828   6.6113E+05  3.1690E+05  1.7525E+05
0000829   6.3323E+05 -2.4588E+05 -4.1782E+05
0000830   9.6627E+05  5.2071E+05  4.6055E+04
0000831   9.3407E+05 -4.4450E+05  2.7133E+05
0000832   6.5525E+05  5.3919E+04 -6.5302E+03
0000833   6.5938E+05  1.5782E+05  5.3147E+05
0000834   2.2008E+05 -5.6774E+05 -1.6013E+05
0000835   1.4579E+05 -1.4314E+04 -6.5626E+03
0000836   6.3632E+05 -3.4314E+05  1.8815E+05
0000837   7.5746E+05 -1.9415E+05  5.5169E+04
0000838   8.4507E+05  4.4584E+04  4.0484E+05
0000839   4.7397E+05  9.4119E+04 -2.4051E+05
0000840   6.9052E+05  2.2039E+05 -2.9682E+04
0000841   6.8251E+05 -3.6196E+05 -8.0440E+03
0000842   5.0065E+05  1.0611E+05 -1.3688E+05
0000843   7.8003E+05  3.1096E+05  3.5279E+05
0000844   5.6071E+05  2.5126E+05  2.7848E+05
0000845   1.3487E+06  1.0133E+05 -1.3865E+05
0000846   7.7225E+05 -1.3400E+05  1.7761E+05
0000847   9.0772E+05  6.5175E+04  2.2934E+04
0000848   3.5019E+05  1.5947E+05 -1.1438E+05
0000849   9.7041E+05  2.5546E+05 -2.3001E+04
0000850   7.2480E+05  1.7939E+05  6.1574E+04
0000851   4.9033E+05  1.6707E+05 -2.1252E+05
0000852   5.1617E+05  2.2674E+05 -3.7249E+04
0000853   8.8068E+05 -1.5882E+05  1.4419E+05
0000854   5.5769E+05 -3.8715E+05  4.2318E+05
0000855   7.1441E+05 -7.9569E+04  1.7882E+04
0000856   9.1029E+05  8.0126E+04  1.9820E+05
0000857   9.2671E+05  2.1637E+05  4.1989E+05
0000858   5.6214E+05  6.3434E+04 -1.0512E+05
0000859   7.5258E+05 -4.1630E+05  1.9680E+05
0000860   2.2127E+05  6.5471E+04 -1.0612E+05
0000861   6.7400E+05  1.2570E+05 -1.7920E+05
0000862   3.6746E+05  2.9539E+04  3.4320E+04
0000863   1.1028E+06  4.9070E+05 -1.3988E+04
0000864   8.8037E+05  2.9990E+04 -4.8796E+05
0000865   4.0355E+05 -3.4145E+05  8.3627E+04
0000866   5.2442E+05 -2.6880E+05  1.7466E+05
0000867   5.6896E+05  1.2783E+05  1.8816E+05
0000868   7.6675E+05  2.0307E+05 -8.8431E+04
0000869   7.5518E+05 -8.9586E+04 -6.7320E+03
0000870   5.5283E+05  3.4174E+05 -3.6841E+05
0000871   8.0510E+05  4.4774E+05  1.0570E+05
0000872   7.4483E+05 -1.9414E+05 -3.4658E+04
0000873   6.9116E+05 -1.0601E+05  1.7675E+05
0000874   9.2421E+05  3.2007E+05 -5.3267E+04
0000875   4.6258E+05 -1.6537E+05  2.5178E+05
0000876   5.0310E+05 -9.2189E+02 -1.4209E+05
0000877   1.1129E+06  3.6180E+05  2.5162E+05
0000878   4.7421E+05 -1.6276E+05 -1.7126E+05
0000879   7.1212E+05  2.2781E+05 -2.0714E+05
0000880   5.1366E+05 -1.9062E+05 -4.0823E+05
0000881   6.7086E+05  2.2250E+05  3.6741E+05
0000882   8.6895E+05 -1.8994E+04  4.0398E+05
0000883   7.3566E+05  2.0940E+04  1.3698E+05
0000884   4.9996E+05  1.6026E+05  3.0892E+05
0000885   5.7914E+05 -1.3746E+05  3.2706E+05
0000886   2.4993E+05  2.0684E+04 -8.1885E+04
0000887   8.0267E+05 -8.0553E+04  3.1089E+05
0000888   5.9437E+05 -1.7040E+05  1.7961E+05
0000889   1.0675E+06  3.0041E+05  6.8337E+04
0000890   5.4062E+05  1.9695E+05  7.5918E+04
0000891   7.0211E+05  1.5090E+05 -3.2817E+05
0000892   5.1045E+05  1.4475E+05  2.9984E+05
0000893   1.0108E+06  2.4225E+05  5.1995E+05
0000894   7.6871E+05 -5.8667E+03 -8.8360E+04
0000895   7.5177E+05 -3.2036E+05 -4.0044E+05
0000896   8.8360E+05 -8.3931E+03  1.1116E+05
0000897   5.2530E+05  4.1168E+04  2.7727E+05
0000898   7.1968E+05  1.7017E+05  1.6776E+05
0000899   5.6542E+05 -9.0781E+04  4.0180E+05
0000900   7.1613E+05  1.3475E+05  9.3580E+04
0000901   5.0101E+05 -1.7527E+05 -3.9512E+05
0000902   5.8633E+05 -1.4682E+05  2.4756E+05
0000903   5.7860E+05  5.3047E+05 -9.8745E+04
0000904   1.0340E+06 -5.1298E+04  3.4004E+05
0000905   1.0479E+06 -2.9948E+05  2.6214E+04
0000906   1.2101E+06  4.6399E+04  4.9179E+05
0000907   1.2078E+06  1.6693E+05 -3.4767E+04
0000908   3.2473E+05  1.3931E+05 -3.7216E+04
0000909   2.6350E+05 -3.0415E+05  5.3492E+04
0000910   1.0365E+06  1.7200E+05  6.8112E+04
0000911   9.1669E+05  2.3774E+05 -6.4434E+04
0000912   7.4166E+05 -4.1778E+05 -1.1730E+05
0000913   8.4536E+05 -1.1869E+05  1.7173E+05
0000914   7.9863E+05  7.2786E+04  3.2010E+05
0000915   3.4247E+05 -5.1338E+04 -9.0611E+04
0000916   7.6437E+05  3.5317E+04  1.1963E+05
0000917   8.7473E+05  1.6117E+05  4.6475E+05
0000918   1.0924E+06 -1.2690E+05  1.3217E+05
0000919   5.0302E+05  3.4713E+05 -1.8705E+05
0000920   9.8857E+05 -4.0908E+04  3.4766E+05
0000921   6.5166E+05 -6.9591E+04 -1.2037E+05
0000922   8.0204E+05 -8.1157E+03 -7.5985E+04
0000923   9.7035E+05 -1.2145E+05 -5.0734E+05
0000924   7.3317E+05  7.3155E+03 -7.4241E+04
0000925   1.6372E+05 -8.2979E+04 -4.3975E+03
0000926   8.2173E+05  1.8825E+05 -1.2667E+04
0000927   5.0866E+05 -3.0383E+05 -1.8825E+05
0000928   9.5109E+05 -3.3238E+04 -3.9739E+04
0000929   7.6862E+05 -2.2774E+05  6.9032E+04
0000930   4.3045E+05 -3.0695E+04  1.0262E+03
0000931   7.5895E+05 -1.1813E+05  3.0757E+05
0000932   4.9272E+05  3.1627E+05  2.9018E+05
0000933   8.1822E+05  2.0719E+05 -1.7813E+03
0000934   3.6742E+05  3.1225E+05  4.3896E+05
0000935   4.8546E+05  1.4878E+04  2.6158E+04
0000936   8.9806E+05  1.3947E+05 -6.0065E+04
0000937   4.3109E+05  2.4963E+05  1.6824E+05
0000938   7.2683E+05  5.9453E+05 -1.1445E+04
0000939   8.4954E+05  3.1823E+05 -5.9286E+04
0000940   1.0358E+06  3.6593E+05  2.8875E+05
0000941   1.9953E+05 -1.6944E+05 -1.4714E+05
0000942   8.4914E+05 -7.8984E+04  1.5756E+05
0000943   9.9503E+05  1.9518E+05  1.0212E+04
0000944   8.2257E+05  9.6052E+04  2.0019E+05
0000945   4.3811E+05  2.0122E+05 -1.1921E+05
0000946   1.1176E+06  5.9604E+04 -2.7614E+05
0000947   8.9749E+05  2.2388E+05  9.3846E+04
0000948   7.3334E+05 -7.5770E+04 -3.7920E+04
0000949   1.1796E+06  1.0506E+05  1.2008E+05
0000950   3.0789E+05 -4.9274E+05 -1.0852E+05
0000951   7.2405E+05 -5.2958E+05 -1.9963E+05
0000952   5.5611E+05  1.1982E+05 -5.5925E+05
0000953   7.5590E+05  8.2526E+05 -4.4866E+04
0000954   1.6460E+05 -3.3326E+05 -4.1958E+05
0000955   2.7309E+05 -8.1332E+04 -1.7440E+05
0000956   5.7711E+05 -1.0016E+04 -1.1175E+05
0000957   9.8387E+05  4.0038E+05  4.3978E+05
0000958   8.0902E+05  5.2877E+04  2.7889E+05
0000959   8.4969E+05 -5.5065E+04 -2.0509E+05
0000960   1.8328E+05 -3.5739E+04  2.4865E+04
0000961   8.4175E+05  9.7180E+04 -2.3368E+05
0000962   4.6705E+05  1.2274E+04  1.8464E+05
0000963   5.6115E+05  5.1718E+05 -1.4567E+05
0000964   9.6466E+05 -8.0705E+04  4.3529E+05
0000965   4.9697E+05  4.4702E+04 -3.8623E+05
0000966   4.2981E+05  6.3582E+05  3.4260E+05
0000967   1.1298E+06 -2.9795E+05 -1.0491E+05
0000968   6.1915E+05  2.4934E+05 -1.3285E+05
0000969   9.6753E+05  2.3058E+05 -3.2094E+05
0000970   1.0920E+06 -2.9033E+05  6.9472E+04
0000971   7.6297E+05 -1.1650E+05  2.8574E+05
0000972   9.5809E+05  2.2819E+05  4.5486E+05
0000973   5.3119E+05 -1.6137E+05  1.3360E+05
0000974   6.8477E+05 -1.0906E+05 -1.4651E+05
0000975   1.0479E+06  1.6870E+05 -1.8945E+04
0000976   7.4041E+05  1.0554E+05  7.8669E+04
0000977   9.2180E+05  3.2006E+04  1.0725E+05
0000978   7.1391E+05 -2.6886E+05 -2.7953E+05
0000979   9.1157E+05  2.9949E+05  1.1404E+05
0000980   5.6555E+05 -2.9624E+05  1.8048E+05
0000981   6.3062E+05  2.0984E+05  2.1976E+05
0000982   7.9604E+05  2.9619E+05 -4.4564E+04
0000983   7.0209E+05 -6.2928E+04  1.0571E+05
0000984   8.3730E+05 -5.4298E+04 -2.0984E+05
0000985   6.0226E+05 -3.0656E+05 -7.1430E+04
0000986   9.0904E+05  1.2925E+05 -2.2330E+05
0000987   8.4324E+05  5.0087E+04  1.0007E+05
0000988   9.5101E+05  7.0049E+04  8.8460E+03
0000989   2.0986E+05  4.0975E+04  1.4469E+05
0000990   7.0697E+05 -2.4478E+05  1.6743E+05
0000991   8.2528E+05 -1.4076E+03  2.0105E+05
0000992   1.1125E+06 -2.8147E+05 -3.4852E+05
0000993   5.7751E+05 -1.0737E+05 -3.3685E+05
0000994   6.0516E+05  1.5559E+05 -3.0446E+04
0000995   6.2896E+05 -2.8519E+04  3.4572E+05
0000996   9.6974E+05 -2.4801E+05  3.4634E+04
0000997   7.1853E+05  2.3914E+05  1.9844E+05
0000998   1.1618E+05  7.0611E+03 -1.9240E+04
0000999   6.6688E+05 -1.4355E+05  6.5502E+04
0001000   8.2637E+05 -4.2444E+04 -1.0308E+05
