============================== SRIM-2013.00 ==============================
==============================================================================
====== SRIM Outputs\RANGE_3D.txt : File of Final Ion Positions =====

Ion = Ar (18)   Ion Mass= 039.9620
Energy  = 3906940.E-04 keV
Ion Angle to Surface = 00.0 degrees
==================== TARGET =======================
  Layer # 1 - Layer 1
  Layer # 1 - Bottom Depth=500000.E+02 A
  Layer # 1 - Density =0000.0178 g/cm3
  Layer # 1 -  100 % of Ar
様様様様様様様様様様様様様様様様様様様様様様様様様様
                                            
Ion       Depth  X   Lateral Y   Lateral Z  
Number    (Angstrom) (Angstrom)  (Angstrom) 
-------  ----------- ----------- -----------
0000001   7.8293E+05  5.6586E+05  1.8635E+05
0000002   9.8406E+05 -2.4691E+05 -5.5351E+05
0000003   8.1232E+05  2.6858E+05 -2.0791E+05
0000004   7.4231E+05 -9.6230E+04 -5.2388E+05
0000005   8.1927E+05 -4.2162E+05 -1.7601E+05
0000006   8.9438E+05 -1.1216E+05  2.1063E+05
0000007   7.2314E+05 -9.8266E+04  7.1099E+04
0000008   7.9325E+05  2.5319E+05  2.7220E+05
0000009   4.7018E+05 -8.4296E+04 -2.9050E+05
0000010   1.0953E+06 -8.1012E+04 -3.0999E+05
0000011   1.1909E+06 -1.2543E+05 -4.6094E+05
0000012   1.5156E+05  1.5408E+05  1.0284E+05
0000013   8.6528E+05  7.6428E+04 -3.2037E+05
0000014   1.1335E+06 -1.1430E+05 -1.0951E+05
0000015   8.1418E+05 -1.0950E+05 -2.9668E+04
0000016   8.1055E+05  8.0849E+04  8.1736E+04
0000017   7.3217E+05 -1.4587E+04  1.9998E+05
0000018   6.7976E+05 -1.9807E+05  2.4149E+05
0000019   8.3848E+05 -5.5048E+04  1.0728E+05
0000020   9.2409E+05 -8.1558E+04 -5.2459E+04
0000021   9.3780E+05 -2.4525E+05  2.7912E+05
0000022   7.7038E+05 -6.9783E+05  3.6863E+03
0000023   1.0204E+06 -2.4453E+05 -2.8233E+05
0000024   1.3519E+06  2.0858E+05  2.8842E+05
0000025   5.3346E+05  3.7049E+05  2.5733E+05
0000026   4.7487E+05  7.8759E+04  2.9824E+05
0000027   3.5159E+05 -5.3395E+04  1.0350E+05
0000028   5.4427E+05  3.1878E+04 -2.0494E+05
0000029   7.5663E+05  3.8552E+05 -2.1415E+05
0000030   8.7788E+05  8.3118E+04 -1.6986E+05
0000031   9.5466E+05  8.6199E+04 -3.2530E+05
0000032   1.1580E+06  1.5723E+04  1.2257E+05
0000033   7.2889E+05  3.5726E+05  9.9963E+04
0000034   6.9505E+05  1.7377E+05  1.2588E+05
0000035   1.2812E+06  1.5277E+05 -1.3144E+05
0000036   1.0565E+06  2.4860E+05  2.7084E+05
0000037   1.0825E+06 -9.5649E+04 -4.7532E+04
0000038   9.8931E+05  1.4365E+05  2.8956E+04
0000039   9.0445E+05 -2.0205E+05  5.1988E+05
0000040   9.1208E+05  3.5251E+05  5.4963E+04
0000041   7.0648E+05  5.3709E+04  2.3374E+05
0000042   7.5641E+05  5.1914E+04 -3.8175E+04
0000043   1.0181E+06 -9.8220E+04  3.3670E+04
0000044   7.2610E+05  2.2105E+05  6.9421E+04
0000045   2.9613E+05  1.1221E+05  8.7441E+04
0000046   8.0820E+05 -1.9420E+05 -4.1121E+04
0000047   4.1842E+05  2.7538E+05  1.8968E+05
0000048   6.8788E+05 -1.8191E+05  1.5244E+05
0000049   1.1167E+06 -1.4821E+05  1.8600E+05
0000050   5.2819E+05 -4.3684E+05  1.7343E+05
0000051   7.5382E+05 -1.6087E+05 -1.1274E+05
0000052   4.8799E+05  8.1978E+03  2.0131E+05
0000053   9.5418E+05 -1.2423E+05 -2.0153E+05
0000054   8.3495E+05 -4.1557E+05 -1.2600E+05
0000055   7.5614E+05  6.9011E+04  1.6401E+05
0000056   6.8106E+05 -1.6864E+05 -2.2855E+04
0000057   8.1813E+05  7.9767E+04 -3.2734E+04
0000058   5.8585E+05  1.0783E+05  1.5322E+05
0000059   7.7570E+05  9.0071E+04  4.6774E+05
0000060   5.2392E+05 -3.5318E+05 -5.2666E+05
0000061   1.1139E+06 -2.5592E+04  1.7815E+05
0000062   8.4949E+05  1.2759E+04 -9.8566E+04
0000063   3.1462E+05  2.6313E+05  1.8372E+05
0000064   1.0852E+06  5.1047E+05  1.5772E+04
0000065   6.4934E+05  2.4055E+05  8.6955E+04
0000066   8.8505E+05 -3.3068E+05  5.7556E+04
0000067   6.2079E+05 -1.9209E+05 -1.1863E+05
0000068   6.0884E+05 -1.1227E+05  4.1821E+04
0000069   2.3484E+05  5.5595E+04  5.6406E+04
0000070   8.1028E+05 -2.2397E+05  1.5547E+05
0000071   3.4414E+05 -2.6889E+05 -7.6919E+04
0000072   8.2655E+05  1.2779E+05  1.6078E+05
0000073   9.5795E+05  1.1264E+05 -1.4908E+05
0000074   8.7206E+05  3.6836E+05  2.5082E+05
0000075   6.1581E+05  5.4495E+05 -3.0385E+05
0000076   6.6139E+05  3.4030E+05  1.9715E+05
0000077   5.2404E+05  1.5818E+05  4.9796E+05
0000078   7.6429E+05  1.5536E+05 -1.8942E+05
0000079   7.9949E+05  3.0987E+05 -2.2018E+04
0000080   6.0566E+05  1.0905E+04  2.5772E+05
0000081   5.5273E+05 -6.2442E+04 -5.0989E+05
0000082   6.8179E+05  3.0412E+05 -1.2457E+05
0000083   4.7853E+05 -6.1100E+05  4.0739E+05
0000084   3.7907E+05  1.0387E+05 -2.8085E+04
0000085   1.0443E+06  9.2822E+04  4.9219E+05
0000086   7.1851E+05 -3.5075E+04 -2.1425E+05
0000087   4.3601E+05  1.9370E+05  2.2684E+05
0000088   6.3898E+05  2.8239E+05 -1.4864E+05
0000089   8.1081E+05  4.2257E+04 -1.4268E+05
0000090   1.2515E+06  4.1462E+04  4.1271E+05
0000091   1.0331E+06  2.7604E+05  8.9853E+04
0000092   9.8424E+05 -3.5326E+05 -3.0767E+05
0000093   7.7690E+05  3.2268E+05  1.1245E+05
0000094   7.8554E+05  2.9419E+05 -1.9402E+05
0000095   1.0044E+06 -2.0559E+05 -3.6287E+04
0000096   1.1436E+06 -2.4277E+05 -3.7077E+05
0000097   4.5098E+05  1.5385E+05  2.3111E+05
0000098   8.3975E+05 -2.7994E+05 -2.5403E+05
0000099   6.6329E+05  1.4368E+05 -3.1092E+05
0000100   9.3971E+05  6.1668E+05  7.5905E+04
0000101   7.5441E+05 -4.1028E+05  2.4203E+05
0000102   9.0844E+05 -1.2592E+05  6.0781E+04
0000103   1.0477E+06  2.0099E+04  2.4095E+04
0000104   8.9793E+05  1.9326E+05 -1.6618E+05
0000105   1.0103E+06 -4.4434E+05 -1.4314E+05
0000106   9.1799E+05 -1.6708E+03  4.5399E+05
0000107   7.5874E+05  4.5507E+04  1.4881E+05
0000108   9.0873E+05  3.4559E+04 -1.9939E+04
0000109   9.6874E+05  1.9887E+05 -8.5793E+04
0000110   4.1236E+05 -2.6951E+05 -1.9192E+05
0000111   1.1904E+06 -2.0394E+05  4.1461E+04
0000112   9.0876E+05  9.5831E+04  1.4720E+05
0000113   7.6859E+05 -3.1353E+05 -3.3687E+05
0000114   5.2463E+05  1.3299E+05 -3.0549E+05
0000115   8.0640E+05 -3.1295E+05 -4.4148E+04
0000116   8.1558E+05 -2.0858E+05  3.9176E+05
0000117   9.6062E+05 -1.3737E+05  8.6701E+04
0000118   9.1293E+05  1.9105E+05 -1.3199E+03
0000119   6.2226E+05 -3.4974E+05  7.1727E+04
0000120   5.9645E+05  9.4614E+03 -3.0622E+05
0000121   7.3698E+05 -9.1030E+04  3.7852E+05
0000122   4.6387E+05 -8.9209E+04 -3.4121E+05
0000123   1.0382E+06  7.9165E+04 -1.4684E+04
0000124   1.0535E+06 -3.2400E+04  2.2178E+05
0000125   6.1549E+05 -8.8840E+04  3.2949E+05
0000126   7.7981E+05 -1.9237E+05  1.8475E+05
0000127   9.3888E+05  9.4812E+04  1.7179E+05
0000128   7.9552E+05  2.8941E+04  3.4155E+05
0000129   1.1444E+06 -1.9395E+05  3.4846E+05
0000130   7.3518E+05  2.7659E+05 -1.1856E+05
0000131   3.0482E+05 -1.0279E+05 -1.4519E+04
0000132   5.8896E+05  1.4342E+05 -1.3350E+04
0000133   1.0019E+06  1.7045E+05 -1.7932E+05
0000134   6.6483E+05  3.8657E+05 -1.3097E+05
0000135   1.0146E+06 -5.1688E+04  2.7327E+05
0000136   5.8104E+05 -1.9381E+05 -2.4821E+05
0000137   6.6748E+05  8.9684E+04  1.7507E+05
0000138   6.5593E+05  4.0792E+04 -1.5188E+05
0000139   4.8540E+05  7.0576E+04  2.6341E+05
0000140   1.0733E+06 -4.0581E+05  2.1453E+05
0000141   8.5781E+05  3.5436E+05  2.8008E+05
0000142   8.3840E+05 -4.3191E+05  1.3532E+05
0000143   9.8170E+05  1.6418E+05 -2.1126E+04
0000144   3.1642E+05 -6.5343E+04 -1.6118E+05
0000145   4.8187E+05 -1.9368E+05  2.0433E+05
0000146   7.9568E+05  2.8568E+04  8.9531E+04
0000147   6.1278E+05 -2.6754E+05  1.8861E+04
0000148   8.6327E+05  1.3251E+05  6.3562E+05
0000149   8.9404E+05  2.0141E+04 -3.9064E+05
0000150   6.0116E+05 -5.6297E+04  3.5335E+04
0000151   6.8805E+05 -1.2567E+05 -3.2958E+05
0000152   7.5433E+05  1.1261E+05 -2.3468E+05
0000153   9.6600E+05  2.0519E+05 -5.2265E+04
0000154   5.1425E+05  1.0002E+05  1.3121E+05
0000155   2.6410E+05  9.4852E+04 -2.2023E+05
0000156   6.5261E+05  2.0642E+05  6.8848E+04
0000157   4.5402E+05  1.8134E+05 -2.5693E+05
0000158   9.9457E+05  3.8943E+04  6.0596E+05
0000159   9.6989E+05  3.7517E+04  2.7468E+05
0000160   8.7643E+05  4.3612E+05 -1.2054E+05
0000161   8.6641E+05 -2.8302E+04 -4.9757E+05
0000162   1.0441E+06 -1.9513E+05  4.6955E+05
0000163   9.3205E+05 -2.6026E+04  1.4031E+05
0000164   5.4594E+05 -3.5855E+05  2.9778E+05
0000165   8.1305E+05 -1.4946E+05 -1.6294E+05
0000166   1.1004E+06  3.2151E+04  1.1109E+05
0000167   5.8699E+05  2.3938E+05  1.8545E+05
0000168   8.6992E+05 -4.6216E+05 -4.8829E+04
0000169   1.0651E+06 -1.6207E+05 -4.1095E+04
0000170   4.8398E+05  8.5854E+05  1.6261E+05
0000171   8.3397E+05  3.4759E+05 -6.9740E+04
0000172   8.3127E+05  1.9978E+05 -6.8301E+05
0000173   4.9164E+05  3.2214E+05  7.5185E+04
0000174   7.0940E+05  5.5964E+04  5.8262E+04
0000175   4.1495E+05 -1.0995E+05  2.4162E+05
0000176   4.7200E+05  6.8809E+05  1.8232E+05
0000177   5.1925E+05 -1.0190E+05  4.6788E+05
0000178   8.4055E+05 -3.6198E+05  1.6527E+05
0000179   9.9843E+05  3.4746E+05  2.0279E+05
0000180   5.7050E+05  3.3204E+05 -6.0403E+04
0000181   7.8257E+05 -7.9826E+04 -9.2414E+04
0000182   4.1266E+04  1.0441E+05 -9.6070E+04
0000183   5.6994E+05 -1.8696E+05 -1.6818E+05
0000184   6.5301E+05 -2.9878E+05  1.7404E+05
0000185   7.4005E+05 -3.1492E+04 -1.0821E+05
0000186   3.3343E+05  2.0866E+03  1.6137E+04
0000187   3.8827E+05 -6.3653E+03  1.0907E+05
0000188   7.4592E+05  2.2118E+04  4.5676E+05
0000189   7.9247E+05  1.0740E+05 -4.7601E+05
0000190   8.4397E+05 -3.2137E+05  6.2276E+05
0000191   7.9121E+05 -1.3861E+05 -2.7835E+05
0000192   1.1102E+06  4.6254E+04  1.5099E+05
0000193   6.1459E+05  2.8454E+05 -3.3223E+05
0000194   8.6487E+05 -4.2926E+05 -6.8272E+04
0000195   1.1678E+06 -4.6827E+04  8.4360E+04
0000196   5.9954E+05  2.5394E+05  1.5675E+05
0000197   2.1545E+05 -2.6725E+04  2.0458E+04
0000198   7.9045E+05 -1.5872E+05  4.9871E+04
0000199   8.8482E+05  1.8359E+05  1.9510E+05
0000200   9.5966E+05 -1.8799E+05 -1.4127E+05
0000201   8.3161E+05 -3.0992E+05  4.2526E+05
0000202   1.0440E+06 -4.8778E+04 -3.7937E+05
0000203   7.2100E+05 -1.6478E+05 -3.3633E+04
0000204   6.5636E+05  4.6087E+05 -1.6440E+05
0000205   2.0294E+05  1.8569E+04  3.6915E+05
0000206   8.6877E+05 -1.5533E+04 -2.1096E+05
0000207   1.1415E+06 -3.6076E+05 -2.1748E+05
0000208   5.1054E+05 -2.1907E+05  1.0238E+05
0000209   1.1571E+06  3.5213E+05  1.3888E+05
0000210   6.3064E+05 -3.2013E+04 -6.2732E+03
0000211   1.1205E+06  7.1674E+04 -5.0893E+04
0000212   7.8454E+05  6.3370E+05 -2.5185E+05
0000213   5.4320E+05  3.9250E+05  1.5558E+04
0000214   7.0185E+05  8.8166E+04 -6.7913E+04
0000215   9.2847E+05  2.4355E+05  2.6442E+03
0000216   8.3528E+05 -4.4271E+05  2.3870E+05
0000217   3.9105E+05  1.2888E+05  1.8573E+05
0000218   7.5587E+05 -2.8281E+05  6.8849E+02
0000219   9.6168E+05 -7.0843E+03 -1.0085E+04
0000220   4.8860E+05 -8.4479E+04 -3.6067E+05
0000221   1.0674E+06 -5.2375E+04  8.7558E+04
0000222   9.7532E+05  7.2646E+04  3.6117E+05
0000223   8.5365E+05 -5.6642E+04 -1.0001E+05
0000224   8.6900E+05 -2.4523E+05 -4.8358E+05
0000225   1.1230E+06  2.6298E+05  1.0916E+05
0000226   6.1845E+05  1.7828E+05  4.8684E+05
0000227   8.8709E+05 -4.0477E+05  2.4444E+05
0000228   5.7600E+05 -3.2815E+05 -2.5730E+05
0000229   8.9875E+05 -5.1229E+04  1.9996E+05
0000230   6.7516E+05  1.8108E+05 -1.2583E+05
0000231   1.2290E+06 -1.3865E+05 -4.2267E+05
0000232   7.3773E+05  1.3930E+04  5.0191E+05
0000233   7.6163E+05 -5.5088E+04  9.1613E+04
0000234   4.4247E+05  2.8105E+05 -2.8347E+05
0000235   8.3458E+05 -2.5885E+05  3.5778E+05
0000236   6.2631E+05 -4.1299E+05  5.4423E+05
0000237   6.5725E+05 -2.8196E+05 -4.7607E+05
0000238   8.0295E+05 -6.3028E+04  4.6910E+04
0000239   5.0315E+05  1.4444E+05  2.1877E+05
0000240   1.8137E+05  6.5500E+04  6.0393E+04
0000241   1.1311E+06  1.1775E+05 -4.0563E+05
0000242   9.9774E+05  7.9388E+04 -1.4031E+05
0000243   1.0239E+06  8.3232E+04  2.2210E+05
0000244   1.1467E+06 -4.0463E+05 -2.2879E+04
0000245   6.0619E+05 -3.1601E+05 -3.5751E+05
0000246   3.1537E+05  4.4313E+04 -2.1728E+05
0000247   7.7626E+05  3.4025E+05 -4.5252E+04
0000248   8.4605E+05  3.6413E+05  2.0007E+05
0000249   9.3018E+05 -4.6496E+05 -1.7544E+05
0000250   2.7195E+05  5.3665E+04  5.4702E+05
0000251   8.0963E+05  1.3963E+04  1.2430E+04
0000252   1.0725E+06 -1.4689E+05 -2.8898E+05
0000253   4.8610E+05  2.7366E+04  6.4532E+05
0000254   6.4549E+05  1.0512E+04 -2.8076E+05
0000255   6.9935E+05  2.1855E+05  9.9901E+04
0000256   4.9530E+05  1.2771E+05  7.3033E+04
0000257   2.4256E+05 -7.9454E+04  1.5068E+04
0000258   6.9505E+05  2.8394E+05 -1.1742E+04
0000259   8.1243E+05  2.0987E+04 -4.1208E+05
0000260   8.8294E+05  2.3902E+05  2.4323E+05
0000261   5.8822E+05 -1.8288E+05 -4.2008E+05
0000262   8.3030E+05 -3.3465E+05  3.1137E+03
0000263   1.0405E+06 -1.8770E+05  3.3394E+05
0000264   7.5119E+05 -9.7182E+04  2.4707E+05
0000265   4.0088E+05 -3.8523E+05  4.8229E+05
0000266   7.9724E+05  2.0190E+05 -1.5022E+05
0000267   5.0861E+05  4.4375E+05  7.1873E+03
0000268   9.8851E+05  1.0924E+05  1.8284E+05
0000269   6.6521E+05  1.4329E+04 -9.9119E+04
0000270   5.3208E+05 -1.8628E+05 -2.0247E+05
0000271   9.3244E+05 -6.5695E+05 -2.0531E+05
0000272   9.6153E+05  4.7228E+04  1.0153E+05
0000273   6.8802E+05  2.3417E+05  8.8692E+04
0000274   7.2470E+05  3.5027E+05  3.2197E+02
0000275   7.0512E+05  2.0713E+05 -1.4288E+05
0000276   8.6536E+05  1.1717E+05  2.1989E+04
0000277   7.7496E+05 -4.2175E+05 -2.0208E+05
0000278   8.1576E+05 -3.0928E+05 -3.6403E+05
0000279   6.3483E+05 -2.4513E+05 -4.3574E+05
0000280   1.5330E+05 -1.1667E+05 -1.9511E+05
0000281   9.3703E+05  4.0081E+04  7.8708E+04
0000282   1.0537E+06  1.2773E+05 -1.8670E+05
0000283   8.8562E+05 -4.2572E+05  2.0005E+05
0000284   7.5793E+05 -9.4477E+04 -2.1429E+05
0000285   4.4495E+05  1.3198E+05  2.6073E+05
0000286   6.4911E+05  5.2996E+03 -1.9204E+05
0000287   3.0608E+05  3.0182E+05 -6.6310E+04
0000288   5.1011E+05 -1.3624E+05 -1.3478E+05
0000289   5.8312E+05  1.6179E+05  3.4291E+05
0000290   7.0827E+05  5.8022E+04 -1.7010E+05
0000291   8.8241E+05  1.9140E+05  4.3299E+05
0000292   7.9890E+05  2.4095E+05 -2.3039E+05
0000293   1.0106E+06 -3.7799E+05  5.2506E+05
0000294   1.3155E+06 -1.2226E+05 -7.5052E+04
0000295   3.8541E+05  1.1581E+05  1.2150E+05
0000296   9.7853E+05 -9.4844E+04  1.9146E+05
0000297   4.3010E+05 -4.1616E+04  5.0098E+05
0000298   5.8043E+05 -2.0323E+05  2.0952E+05
0000299   7.8929E+05  9.3927E+04  2.9114E+05
0000300   9.9609E+05  8.9469E+04 -2.2964E+05
0000301   6.0541E+05 -1.6512E+05  3.6965E+05
0000302   9.1069E+05 -1.9484E+05 -1.7205E+05
0000303   8.1410E+05 -3.6564E+05  4.0641E+05
0000304   8.3415E+05  3.9437E+05  5.7461E+04
0000305   5.7453E+05 -1.3438E+05 -2.9424E+04
0000306   9.6771E+05  1.3574E+05 -2.9631E+05
0000307   1.0244E+06 -1.9334E+05 -3.0779E+03
0000308   5.7102E+05  2.8543E+05 -2.5420E+05
0000309   1.0281E+06  2.0415E+04 -4.9715E+05
0000310   7.9170E+05  3.9636E+05 -1.5697E+05
0000311   8.3632E+05 -6.4809E+04 -3.8330E+05
0000312   3.9120E+05 -1.2042E+05 -3.4449E+04
0000313   6.7909E+05  1.0207E+05 -2.4946E+05
0000314   4.1040E+05  3.8314E+04  1.2217E+04
0000315   8.1806E+05 -3.2958E+03  1.0184E+05
0000316   1.3562E+05 -6.8601E+04 -2.1121E+05
0000317   5.7957E+05  3.4669E+05 -2.5813E+05
0000318   1.2028E+06  3.0723E+05  1.3372E+05
0000319   6.6082E+05 -4.0803E+04 -2.4478E+05
0000320   6.0649E+05  6.0066E+03  3.0780E+03
0000321   7.7055E+05 -2.0001E+05  6.6787E+04
0000322   9.5467E+05  4.4012E+05  1.1665E+05
0000323   7.3679E+05  7.3984E+04  2.5744E+05
0000324   1.0886E+06  1.2005E+05 -2.4363E+05
0000325   9.3730E+05 -6.5503E+04 -9.6513E+04
0000326   5.0472E+05  6.8637E+05 -2.3773E+05
0000327   9.6158E+05 -9.4382E+04  3.8890E+05
0000328   9.9584E+05 -2.4792E+05  4.2204E+05
0000329   2.8197E+05  3.1929E+05 -1.7266E+05
0000330   7.2222E+05  2.6062E+05 -4.5697E+05
0000331   9.4046E+05 -1.6641E+04  5.1735E+04
0000332   1.2421E+06 -1.3503E+05  2.5015E+05
0000333   8.3058E+05  7.1015E+04  4.4134E+05
0000334   1.1245E+06  4.2454E+04 -3.0287E+05
0000335   5.3836E+05  1.2829E+05  2.5980E+05
0000336   8.9698E+05  1.3600E+05  5.8480E+05
0000337   8.8472E+05  3.8081E+05 -3.9924E+05
0000338   7.0956E+05  2.5514E+05  8.2374E+04
0000339   5.9884E+05 -4.0059E+05  4.0090E+05
0000340   7.1643E+05 -2.5446E+05 -2.1690E+05
0000341   1.2649E+06 -2.6096E+05  1.1082E+04
0000342   1.2573E+06  7.4440E+03 -1.3128E+05
0000343   7.7783E+05  1.3671E+05 -1.9709E+05
0000344   1.0586E+06 -1.3217E+05 -8.1517E+03
0000345   9.4101E+05 -1.6642E+05  2.2753E+05
0000346   9.0568E+05 -6.1304E+05  1.0090E+05
0000347   7.3339E+05  1.8653E+05  5.6623E+04
0000348   9.5993E+05  8.9815E+04 -2.0655E+05
0000349   5.6049E+05  2.3899E+04  1.9586E+05
0000350   9.0397E+05  2.3294E+05 -3.5086E+05
0000351   8.7962E+05 -4.9584E+03 -9.2585E+03
0000352   6.6112E+05  1.2778E+05  9.1592E+04
0000353   8.5991E+05  3.4028E+04 -1.8454E+05
0000354   9.2283E+05 -1.5048E+05 -3.2650E+05
0000355   7.4893E+05  1.2510E+05  4.2519E+04
0000356   1.0480E+06 -1.9056E+04  6.3388E+04
0000357   9.3337E+05  6.2198E+04 -2.8093E+05
0000358   1.1854E+06 -3.7409E+04  1.1273E+04
0000359   6.8366E+05 -2.8318E+05  2.3804E+05
0000360   7.7701E+05 -7.2427E+04 -4.2243E+04
0000361   6.0506E+05  6.2390E+04 -1.0415E+05
0000362   5.7829E+05  5.9588E+05 -6.7352E+05
0000363   4.0482E+05  2.5951E+05  7.3611E+04
0000364   8.7077E+05  3.3504E+05  1.7084E+05
0000365   9.0853E+05  5.8583E+04 -2.9304E+04
0000366   9.3435E+05  2.1618E+05  3.9171E+05
0000367   6.5836E+05  1.0965E+05  9.2364E+04
0000368   9.3845E+05  6.1510E+05  7.1555E+04
0000369   3.1728E+05 -1.4491E+05  2.8757E+05
0000370   5.0433E+05 -3.8626E+05 -3.1983E+05
0000371   5.9410E+05  3.7087E+05  2.9949E+05
0000372   5.3546E+05  3.8356E+05  2.5444E+05
0000373   7.8161E+05  6.7962E+04 -5.6988E+05
0000374   7.8466E+05  1.4188E+04  2.1254E+05
0000375   1.0124E+06  4.4073E+05 -2.0146E+05
0000376   8.4415E+05  1.2486E+05 -5.4568E+05
0000377   6.1329E+05  5.7787E+05  4.0754E+05
0000378   5.8729E+05 -2.0717E+05 -5.5921E+05
0000379   5.9296E+05 -8.7673E+04 -3.3751E+05
0000380   1.0290E+06 -1.6221E+05 -3.7326E+05
0000381   1.2397E+06 -2.6990E+05 -6.3632E+04
0000382   4.3259E+05  8.6845E+04 -3.1087E+05
0000383   6.4670E+05  2.6635E+05  1.8809E+05
0000384   7.7699E+05 -5.7906E+04 -1.0379E+05
0000385   8.3926E+05  1.2817E+05 -1.2442E+05
0000386   7.6271E+05  4.4789E+05 -3.1843E+05
0000387   9.0713E+05 -1.6968E+04 -1.6301E+05
0000388   7.6425E+05 -3.6747E+05  6.9197E+04
0000389   3.5370E+05  6.8189E+04  3.3733E+05
0000390   1.0329E+06  2.4390E+05  1.6318E+04
0000391   4.0201E+05 -2.3021E+05 -1.6631E+05
0000392   6.0091E+05 -2.9005E+05  6.9431E+04
0000393   1.3901E+06  1.7780E+05 -1.8011E+05
0000394   9.7376E+05  1.5917E+05 -3.2311E+05
0000395   5.8914E+05  6.0779E+04  2.7729E+05
0000396   9.3574E+05  2.8114E+05  2.2562E+05
0000397   8.5397E+05 -1.3916E+05 -3.2846E+05
0000398   8.1624E+05  2.4262E+05  2.3049E+04
0000399   8.4379E+05 -1.8401E+05 -4.9172E+05
0000400   9.4070E+05  1.9845E+05  2.5594E+05
0000401   6.6016E+05 -1.3470E+05 -2.5889E+05
0000402   1.0680E+06  1.1245E+05 -9.6656E+04
0000403   6.7147E+05 -1.3986E+05  3.5889E+04
0000404   6.4663E+05  2.6109E+05 -1.8495E+05
0000405   8.6300E+05 -4.0151E+05  2.4667E+05
0000406   7.1002E+05  3.2579E+05  2.4075E+05
0000407   8.3943E+05  3.4162E+05 -3.1578E+05
0000408   7.6482E+05 -1.7094E+05  6.4545E+04
0000409   9.3385E+05  5.6044E+03 -1.0091E+05
0000410   6.2014E+05  5.7853E+04  1.7828E+05
0000411   7.7683E+05 -1.5660E+05 -2.3007E+05
0000412   9.0709E+05  1.1302E+05 -3.2832E+05
0000413   7.8425E+05  1.9364E+05 -5.1481E+05
0000414   9.8067E+05 -3.8642E+05 -3.0322E+04
0000415   9.3786E+05  3.0064E+05 -6.1949E+05
0000416   9.7708E+05 -1.3690E+05  2.3962E+05
0000417   1.0120E+06  2.0601E+05 -1.0305E+05
0000418   6.1314E+05 -7.0392E+04 -2.0493E+05
0000419   8.2602E+05  1.5437E+05 -3.1144E+05
0000420   6.9899E+05  4.1424E+03  7.6075E+04
0000421   6.3312E+05  1.9822E+05  4.0516E+05
0000422   9.3723E+05 -5.7592E+05  2.1137E+04
0000423   9.2103E+05 -1.9100E+05 -1.0328E+05
0000424   1.0285E+06  1.0802E+05  9.7857E+04
0000425   1.0238E+06  3.7781E+04  3.4452E+03
0000426   5.2065E+05  5.0749E+04 -3.5782E+04
0000427   6.4984E+05  2.0939E+05 -2.7783E+05
0000428   1.1102E+06  2.9129E+04  1.1865E+05
0000429   2.7372E+05  4.8454E+04  3.2551E+05
0000430   7.6023E+05  7.0798E+05 -1.8689E+05
0000431   2.5810E+05  9.6526E+04  1.4103E+05
0000432   8.7836E+05  7.3466E+04 -2.4430E+05
0000433   5.4080E+05 -3.4802E+05  3.6114E+05
0000434   8.7589E+05  5.7430E+04 -2.0824E+05
0000435   8.2892E+05  1.0310E+05  2.4946E+05
0000436   9.4145E+05 -9.9738E+04 -8.3774E+04
0000437   9.4693E+05  5.0259E+04  3.4996E+05
0000438   1.0019E+06  1.7561E+05 -6.0877E+04
0000439   5.1723E+05  2.0301E+04  8.6103E+04
0000440   6.5131E+05 -1.7741E+05 -2.5933E+04
0000441   5.4638E+05 -1.7910E+05  5.6542E+05
0000442   1.0676E+06 -3.7740E+05 -1.8728E+05
0000443   9.0632E+05 -1.0140E+05  6.2906E+04
0000444   8.3155E+05 -1.9889E+05 -3.4442E+04
0000445   1.4338E+05 -4.8134E+05 -1.6734E+05
0000446   4.5676E+05 -3.0729E+03  1.9396E+05
0000447   8.6808E+05 -1.1108E+05 -4.2066E+05
0000448   8.2368E+05 -2.8883E+04  3.8353E+05
0000449   6.0185E+05  3.8009E+05 -5.7247E+02
0000450   7.4936E+05  1.9633E+05 -7.4373E+05
0000451   3.0794E+05  1.8265E+05 -1.6949E+05
0000452   8.2200E+05  8.7823E+04  3.7065E+05
0000453   8.8674E+05  2.4228E+05 -2.0740E+05
0000454   9.5854E+05 -1.3050E+05  1.7345E+05
0000455   4.1864E+05 -3.9056E+05  2.9088E+05
0000456   4.2848E+05 -2.9579E+05 -7.4116E+04
0000457   6.8275E+05  1.2290E+05  2.6151E+05
0000458   2.5801E+05  1.0253E+05  1.3328E+05
0000459   8.0428E+05 -1.5491E+05  1.3773E+05
0000460   7.1772E+05 -1.6997E+05  3.4955E+05
0000461   9.0232E+05  4.2888E+05 -1.8319E+05
0000462   1.0846E+06 -4.5475E+05  7.8329E+03
0000463   6.6566E+05  2.5280E+05  1.1290E+05
0000464   7.4307E+05 -1.6938E+05  1.1811E+05
0000465   5.0734E+05 -2.0174E+05 -1.3786E+05
0000466   9.6896E+05  4.1727E+04  1.4519E+05
0000467   7.5791E+05 -2.2031E+03  1.9358E+05
0000468   6.9081E+05 -1.5356E+05  1.6869E+05
0000469   7.0911E+05  2.6937E+05  3.1021E+05
0000470   1.3528E+06 -4.1596E+05 -7.8785E+04
0000471   9.1945E+05 -4.7328E+04 -1.2108E+05
0000472   8.3940E+05  2.6778E+05 -5.4916E+05
0000473   1.1722E+06  4.5029E+05 -2.1204E+05
0000474   7.4006E+05  1.4525E+05  1.5066E+05
0000475   5.7201E+05  4.5712E+05 -1.4400E+05
0000476   5.8125E+05 -7.9744E+03 -2.8287E+04
0000477   8.1253E+05 -6.6993E+04 -2.6530E+05
0000478   6.8218E+05 -4.7632E+04  2.0006E+05
0000479   2.0874E+05  1.1816E+05 -9.4059E+04
0000480   9.4357E+05 -2.3313E+05 -7.2490E+04
0000481   8.6270E+05  5.0134E+02 -2.0404E+05
0000482   8.2709E+05 -1.4707E+04  6.9075E+04
0000483   9.4358E+05  7.6166E+04 -2.7553E+05
0000484   1.2159E+06 -3.8598E+04 -2.5277E+05
0000485   2.4844E+05 -2.3204E+05 -3.9695E+05
0000486   1.0980E+06  1.2425E+05 -1.2382E+05
0000487   1.0052E+06 -1.4685E+05  3.7101E+04
0000488   2.1445E+05 -7.4737E+04 -3.4053E+04
0000489   7.8319E+05  5.5307E+04 -3.3349E+05
0000490   5.7680E+05 -2.1157E+05  4.1109E+05
0000491   9.1924E+05  2.0972E+05  3.2452E+05
0000492   9.8687E+05  3.0748E+05  5.6991E+04
0000493   1.6441E+05 -2.1509E+05 -1.2242E+05
0000494   4.2154E+05  1.9736E+05 -1.4813E+05
0000495   9.0607E+05 -6.9638E+04 -2.0209E+05
0000496   6.4673E+05 -2.0640E+05  6.0227E+05
0000497   8.6523E+05 -5.7422E+04 -9.9736E+04
0000498   9.6790E+05 -2.5907E+05 -4.2932E+04
0000499   3.6847E+05  5.4084E+05 -2.9592E+05
0000500   6.9028E+05 -1.9666E+05  1.3176E+05
0000501   4.3178E+05 -2.6827E+05  4.0140E+05
0000502   7.3354E+05  2.3903E+05 -5.4633E+05
0000503   9.2080E+05  2.7078E+05 -3.8533E+05
0000504   6.6183E+05 -3.6465E+04  2.2212E+05
0000505   5.7513E+05 -1.5831E+05 -3.2952E+03
0000506   1.1375E+06  1.4743E+05  1.4040E+04
0000507   8.9442E+05  1.3640E+05  1.3814E+05
0000508   9.8791E+05 -3.7763E+05  1.9873E+05
0000509   5.4663E+05  2.0331E+05 -2.1010E+05
0000510   5.2069E+05  1.5180E+05 -1.4874E+05
0000511   8.7055E+05 -4.6671E+05  4.4548E+04
0000512   9.4934E+05 -6.3157E+04 -5.7936E+04
0000513   5.8725E+05  2.2588E+05 -1.3856E+05
0000514   1.1664E+06  2.0787E+05  1.2968E+05
0000515   8.1486E+05 -6.6749E+04  1.1135E+05
0000516   9.0721E+05  1.6837E+04 -6.5361E+04
0000517   8.2623E+05  1.1284E+05  8.4655E+04
0000518   1.0805E+06  2.6718E+05  8.1556E+04
0000519   9.5509E+05 -1.0677E+05 -4.5846E+05
0000520   1.0782E+06 -4.1538E+05 -5.1661E+04
0000521   7.5781E+05  4.0583E+05 -2.7477E+05
0000522   8.5857E+05  2.5437E+05 -5.7539E+04
0000523   9.1319E+05  1.9520E+05 -3.2278E+05
0000524   8.6752E+05 -2.6850E+05  2.5830E+05
0000525   1.0374E+06 -1.5648E+05 -2.0529E+05
0000526   7.4369E+05 -2.1812E+05  2.6410E+05
0000527   2.9955E+05  1.8520E+05  3.0192E+05
0000528   5.6892E+05  3.4693E+05  1.5322E+05
0000529   6.2560E+05 -2.5446E+05 -4.1271E+05
0000530   5.4371E+05 -5.5630E+05  2.4613E+05
0000531   7.0699E+05 -1.5397E+05  3.2677E+05
0000532   9.0664E+05  1.4005E+05  2.4063E+05
0000533   8.4366E+05 -1.9318E+05 -1.6672E+05
0000534   9.2729E+05  6.5811E+05 -2.6733E+05
0000535   9.5167E+05 -3.2670E+05 -1.8114E+05
0000536   6.2213E+05 -4.7375E+05 -1.0515E+05
0000537   6.6678E+05  1.5566E+04 -1.0494E+05
0000538   1.3310E+06 -5.8618E+04  1.2982E+05
0000539   1.0711E+06 -2.1909E+05 -1.6118E+04
0000540   9.7097E+05  1.6944E+05  3.7356E+05
0000541   7.7810E+05 -4.7273E+05 -2.2602E+05
0000542   9.3195E+05  5.1256E+04 -5.3517E+04
0000543   7.5260E+05 -1.8400E+04  2.6215E+05
0000544   7.4962E+05 -2.0073E+05  3.8811E+05
0000545   9.9877E+05  2.3651E+05  2.4381E+05
0000546   9.5969E+05 -1.8802E+04  4.1361E+04
0000547   5.9537E+05  1.3110E+05 -2.2105E+04
0000548   4.5505E+05  2.0199E+05 -5.7694E+04
0000549   1.0422E+06 -4.7112E+05 -2.8369E+04
0000550   6.5496E+05 -9.9386E+04 -5.0847E+05
0000551   7.6825E+05  1.9487E+05  3.2763E+05
0000552   1.2533E+06  1.0434E+05  9.7090E+04
0000553   1.2642E+06 -3.9087E+05  1.1204E+05
0000554   1.4545E+06 -1.4334E+05  2.9131E+05
0000555   4.5805E+05  3.6078E+05 -3.5538E+05
0000556   2.4703E+05 -7.9205E+04 -2.5651E+05
0000557   6.2310E+05 -3.2982E+03 -1.2149E+05
0000558   8.2775E+05  2.3529E+04 -2.9060E+05
0000559   1.0555E+06  7.0456E+04  3.1435E+05
0000560   7.8998E+05  5.6863E+04  2.9944E+05
0000561   2.0683E+05 -1.7516E+05 -1.6180E+05
0000562   8.3319E+05  1.9229E+05  7.0282E+05
0000563   7.4186E+05 -9.5517E+04 -1.3701E+05
0000564   3.4220E+05 -2.1805E+05 -4.6316E+04
0000565   1.0436E+06 -4.9655E+05  1.4486E+05
0000566   7.9064E+05  1.7569E+05  1.3920E+05
0000567   8.4177E+05  4.1361E+05  2.9415E+05
0000568   9.5641E+05  9.3895E+04 -6.0293E+04
0000569   5.4750E+05  6.6425E+04  5.7443E+04
0000570   3.1367E+05  1.2339E+05 -1.5549E+05
0000571   8.2975E+05 -2.8432E+05 -4.2260E+04
0000572   7.6099E+05  3.2390E+05  1.2749E+04
0000573   8.6962E+05 -2.0556E+05  3.9780E+05
0000574   7.0478E+05 -1.5246E+04 -2.8398E+05
0000575   9.2082E+05 -9.0502E+04  1.3364E+05
0000576   7.5119E+05  2.6565E+05 -3.8829E+05
0000577   7.7503E+05  1.7030E+04  6.4395E+04
0000578   9.8726E+05 -1.6933E+05 -2.4345E+05
0000579   8.5948E+05 -5.6896E+05  1.2981E+05
0000580   6.1940E+05 -3.0999E+05 -3.5989E+05
0000581   8.7105E+05  8.3770E+04  1.4390E+05
0000582   2.1689E+05 -4.2675E+05  1.9618E+05
0000583   9.8495E+05 -5.2138E+04  1.6572E+05
0000584   7.6646E+05  7.4041E+04 -4.0875E+05
0000585   8.4252E+05 -8.3851E+04 -2.0361E+05
0000586   7.3518E+05  8.6137E+05  3.2779E+05
0000587   9.1932E+05  5.2131E+04 -1.9070E+05
0000588   3.4051E+05 -4.2795E+04 -1.0467E+05
0000589   7.4121E+05 -3.7265E+05 -1.1145E+05
0000590   4.6987E+05  1.2383E+05  1.4518E+05
0000591   2.6990E+05 -7.6326E+04 -1.5566E+05
0000592   3.3439E+05  6.0209E+04  3.2032E+04
0000593   1.0920E+06 -1.5072E+05 -3.8274E+04
0000594   6.6257E+05 -3.4039E+05  2.4455E+05
0000595   8.7056E+05  2.2799E+05  3.5625E+05
0000596   9.5862E+05  7.0088E+04  1.5617E+05
0000597   1.0989E+06 -3.6132E+05  3.7247E+05
0000598   9.0618E+05 -1.7273E+05 -3.3043E+04
0000599   9.3499E+05  4.0745E+04 -1.1703E+05
0000600   4.6035E+05  1.5115E+05  4.1303E+04
0000601   7.5849E+05  1.7587E+05 -1.7785E+05
0000602   1.0024E+06  8.9766E+04  9.8266E+04
0000603   1.1600E+06  3.4538E+05  2.5697E+05
0000604   7.1646E+05  1.0139E+05  2.4276E+05
0000605   1.3460E+06  1.5200E+05 -4.2715E+05
0000606   7.9730E+05  6.1952E+04  3.7521E+05
0000607   1.1098E+06  1.0510E+05 -8.9874E+04
0000608   8.8466E+05 -7.3510E+04  1.5293E+05
0000609   1.0214E+06  6.1938E+05 -3.7268E+04
0000610   6.7880E+05 -2.1211E+04  4.6642E+04
0000611   9.1437E+05 -2.0694E+05 -5.6745E+04
0000612   1.0796E+06  1.4265E+05 -1.2007E+05
0000613   7.2141E+05  1.6418E+05 -6.4755E+04
0000614   2.5878E+05  1.1060E+05  1.2291E+04
0000615   7.6610E+05  1.5390E+05  2.3344E+05
0000616   7.5570E+05 -3.3153E+05  4.7982E+04
0000617   8.9939E+05  2.0618E+05 -1.0810E+05
0000618   8.1662E+05  4.9991E+04 -9.3061E+04
0000619   6.0783E+05  4.1365E+05 -2.2777E+05
0000620   1.4288E+06  1.0830E+05  2.1197E+05
0000621   4.8481E+05 -2.5343E+05  7.0959E+04
0000622   8.4391E+05 -1.3985E+04  4.1057E+04
0000623   1.1627E+06  7.7776E+04 -3.3146E+03
0000624   7.7031E+05 -1.5492E+05 -1.6404E+05
0000625   1.1067E+06 -5.4298E+05  5.9160E+04
0000626   5.7744E+05 -8.0861E+04  5.9565E+04
0000627   3.5931E+05  3.8686E+05  2.7848E+05
0000628   7.6887E+05  1.2043E+05 -4.3373E+05
0000629   8.2707E+05  1.9366E+05 -2.2695E+05
0000630   1.0800E+06  2.5865E+05  1.4424E+05
0000631   1.0396E+06 -1.0152E+05 -3.6270E+05
0000632   5.4246E+05  1.6478E+05 -1.3182E+05
0000633   1.1901E+06 -3.2579E+04  1.7698E+05
0000634   4.5889E+05  2.3404E+05 -2.7847E+05
0000635   5.5019E+05 -1.9759E+05 -8.6317E+04
0000636   6.5886E+05  1.1535E+05 -1.2548E+05
0000637   6.1110E+05 -3.0095E+05 -4.3665E+04
0000638   8.7169E+05  2.6023E+05  4.7029E+04
0000639   7.5525E+05 -3.1143E+05  9.0683E+04
0000640   1.0820E+06  8.4261E+04 -9.5024E+04
0000641   4.6808E+05 -1.6529E+05 -5.1473E+04
0000642   5.6129E+05  3.0518E+05  8.3079E+03
0000643   8.0835E+05 -8.6760E+04  3.9553E+05
0000644   1.0623E+06 -1.4425E+05 -1.0348E+05
0000645   9.5501E+05  1.0173E+05  1.0333E+05
0000646   9.7754E+05  2.8014E+05  7.3695E+04
0000647   1.0296E+06  4.3002E+04  1.3014E+04
0000648   3.6663E+05  2.4070E+05  2.7506E+05
0000649   1.1013E+06 -1.1081E+05 -2.3401E+05
0000650   6.4276E+05  1.5001E+05 -5.8713E+05
0000651   1.0634E+06  2.4550E+05 -1.7483E+05
0000652   1.0251E+06  2.5686E+05  4.6740E+04
0000653   5.4468E+05 -1.0512E+05  8.9150E+04
0000654   9.7403E+05 -4.2955E+04 -1.1842E+04
0000655   9.1505E+05  5.1165E+05  1.7122E+05
0000656   9.6074E+05  2.3039E+05  2.9663E+04
0000657   7.7579E+05 -1.4530E+05  2.7831E+05
0000658   9.9376E+05  2.8567E+03  3.9791E+05
0000659   7.0102E+05 -5.8708E+04  2.8748E+04
0000660   6.5578E+05 -8.8495E+04  1.8138E+05
0000661   5.8479E+05  1.8992E+05 -1.1839E+05
0000662   9.1814E+05  1.1009E+05  2.3017E+05
0000663   1.2650E+06 -7.9906E+04  2.5940E+05
0000664   8.5463E+05  1.7870E+05  2.9382E+05
0000665   1.0683E+06  4.4711E+05  2.7912E+04
0000666   9.2124E+05 -7.7698E+04  2.4138E+05
0000667   8.5700E+05 -4.0532E+05 -3.5775E+05
0000668   5.8942E+05  5.8960E+04  1.8951E+05
0000669   1.1277E+06 -2.0799E+05  2.4600E+04
0000670   8.9567E+05 -2.2118E+04 -6.7871E+05
0000671   8.1872E+05  1.4203E+05  2.6846E+04
0000672   3.9572E+05 -2.3288E+05 -2.8965E+04
0000673   8.5155E+05 -1.0972E+05  6.5586E+05
0000674   1.0590E+06  2.4026E+05 -1.3020E+05
0000675   8.6425E+05 -8.4418E+04 -1.1759E+05
0000676   1.2925E+06  4.3209E+04  4.2460E+05
0000677   1.0455E+06 -6.8124E+04 -1.3360E+05
0000678   8.4234E+05 -4.0517E+05 -6.4716E+04
0000679   8.2216E+05  5.4743E+05 -6.8615E+04
0000680   7.6938E+05  4.0455E+05 -2.7418E+05
0000681   8.8566E+05  1.6065E+05 -1.1542E+05
0000682   9.2188E+05  8.3260E+04 -3.2040E+05
0000683   6.1249E+05  2.6439E+05 -6.3704E+05
0000684   5.2322E+05 -5.9514E+04 -1.9210E+05
0000685   7.4717E+05 -1.5828E+04 -4.3196E+05
0000686   8.5269E+05  1.5832E+05 -2.7805E+05
0000687   6.8828E+05  3.1891E+05 -3.2736E+05
0000688   9.4187E+05  4.1031E+04  8.3871E+04
0000689   1.1645E+06  2.6657E+05 -8.1427E+04
0000690   8.1388E+05  1.6857E+05 -6.4113E+04
0000691   7.8519E+05  5.9588E+04  1.5482E+04
0000692   7.3260E+05 -2.7057E+04 -2.1579E+05
0000693   8.7880E+05  1.6535E+05  4.3661E+05
0000694   9.9943E+05 -2.9077E+05 -6.9069E+04
0000695   1.2483E+06 -4.9807E+05  5.5944E+03
0000696   7.0448E+05 -4.0544E+05 -1.2504E+05
0000697   9.2005E+05  1.2128E+05 -7.3585E+04
0000698   7.9010E+05 -2.1416E+05 -6.4732E+04
0000699   8.1773E+05 -3.7882E+04 -1.6119E+05
0000700   9.3941E+05  3.7438E+05 -9.6441E+04
0000701   8.0400E+05  5.2395E+05 -1.2103E+05
0000702   5.3781E+05  1.3169E+05  1.0951E+05
0000703   6.5876E+05 -5.5108E+04 -1.9773E+05
0000704   1.1347E+06 -3.9744E+04  9.1917E+04
0000705   2.9756E+05 -1.4849E+05  9.0943E+04
0000706   8.2541E+05  1.1828E+05  2.6621E+05
0000707   4.8074E+05 -1.6964E+05 -5.2564E+05
0000708   7.4716E+05 -1.7086E+05  3.1407E+05
0000709   6.8624E+05  2.7896E+05  3.3039E+05
0000710   1.1448E+06  1.4151E+05 -2.0819E+05
0000711   1.0700E+06 -1.9526E+05 -1.4927E+05
0000712   7.7290E+05  2.9677E+05  2.8094E+05
0000713   7.8393E+05  1.1521E+05 -3.4310E+05
0000714   7.9896E+05  3.4287E+04 -2.0083E+05
0000715   6.8489E+05  7.1553E+04  3.8764E+05
0000716   7.9734E+05  5.0930E+04  3.4713E+05
0000717   8.8709E+05 -8.8175E+04  3.1897E+05
0000718   9.7464E+05  3.5692E+05  6.7792E+04
0000719   1.1192E+06  1.9302E+04 -2.9086E+04
0000720   8.9323E+05  3.4289E+05 -5.3444E+05
0000721   9.1544E+05 -4.6188E+05 -7.5135E+04
0000722   8.9057E+05 -1.9368E+05  1.7148E+05
0000723   1.7936E+05  2.2569E+05 -2.2406E+05
0000724   6.5308E+05 -3.1014E+04  3.6949E+05
0000725   5.6896E+05  4.2219E+04  3.8816E+04
0000726   8.5739E+05  1.1478E+05  2.3476E+04
0000727   1.0985E+06  7.3373E+04 -1.5392E+05
0000728   8.3171E+05  1.6772E+05 -2.6244E+05
0000729   6.6735E+05 -1.2223E+05 -1.5880E+05
0000730   8.3552E+05  1.5544E+03  5.3414E+05
0000731   8.1574E+05 -5.0451E+03  1.5086E+05
0000732   5.2649E+05  4.7845E+05  1.2787E+05
0000733   8.1556E+05  4.3513E+04 -2.5185E+05
0000734   1.1339E+06  9.3240E+04 -2.7022E+05
0000735   9.7391E+05  1.2446E+05  2.7249E+05
0000736   1.2136E+06  5.5748E+04  2.0952E+05
0000737   6.8096E+05  4.3140E+04  4.2876E+04
0000738   8.1880E+05  3.3757E+05 -2.9787E+05
0000739   7.6689E+05  1.3082E+05  2.1829E+05
0000740   4.4981E+05  3.3890E+05 -4.6483E+05
0000741   1.0393E+06  3.1193E+05 -4.2935E+05
0000742   1.1111E+06 -1.3842E+02 -3.0040E+05
0000743   9.8199E+05  4.0489E+04  7.3988E+04
0000744   6.6074E+05 -9.3077E+04  3.0120E+04
0000745   9.1334E+05 -1.1162E+05  3.0585E+05
0000746   1.0895E+06  1.5268E+05 -1.9122E+05
0000747   3.5911E+05  1.0488E+05 -2.3008E+05
0000748   8.7348E+05  8.8176E+04  3.4468E+05
0000749   1.1544E+06  2.3885E+04  9.2188E+04
0000750   1.1955E+06  3.8258E+05 -1.0617E+05
0000751   4.1471E+05  4.6109E+05 -5.8440E+04
0000752   8.0692E+05  8.5385E+04  4.7805E+05
0000753   7.5314E+05 -2.6024E+03 -2.7937E+05
0000754   9.0578E+05 -1.0958E+05 -6.6064E+04
0000755   7.2013E+05 -3.2078E+05  1.3381E+05
0000756   4.9935E+05  7.4497E+03 -1.9837E+05
0000757   4.9186E+05 -3.4819E+05  7.7363E+04
0000758   6.9775E+05  4.3914E+04 -1.6045E+05
0000759   8.1178E+05 -1.2671E+05  4.2840E+05
0000760   7.1868E+05 -7.9912E+04 -1.5147E+05
0000761   1.0511E+06 -1.6083E+05 -5.3207E+04
0000762   9.8139E+05 -5.6149E+04 -7.8373E+04
0000763   8.3713E+05  1.8428E+04  1.6533E+05
0000764   7.2182E+05  1.2556E+05  2.1107E+05
0000765   6.3856E+05 -1.2050E+05 -7.7765E+04
0000766   8.4462E+05 -2.1837E+04  1.5005E+05
0000767   7.8250E+05 -9.7839E+04 -1.9514E+05
0000768   6.6353E+05 -1.3652E+05 -3.4192E+03
0000769   9.2878E+05  1.6486E+05 -1.5444E+05
0000770   6.1812E+05 -4.8205E+05 -3.2614E+05
0000771   1.0524E+06 -1.1050E+05 -7.6098E+04
0000772   8.1240E+05 -3.0994E+05  1.1165E+05
0000773   8.6187E+05 -1.4263E+05 -3.1773E+05
0000774   6.1140E+05  1.8690E+05  3.5412E+04
0000775   5.5435E+05  4.2129E+05  1.4183E+05
0000776   4.8188E+05  5.8732E+04  1.9142E+05
0000777   7.5819E+05  2.5003E+04 -1.6877E+05
0000778   9.8543E+05 -2.6484E+04 -3.4198E+04
0000779   1.1780E+06  2.6871E+05 -3.2420E+05
0000780   1.1856E+06  1.4801E+05  1.0138E+04
0000781   1.0902E+06  4.1657E+04  2.5468E+05
0000782   7.7228E+05  1.1656E+05 -1.0965E+04
0000783   8.5414E+05 -3.0365E+05 -6.4444E+04
0000784   2.4899E+05  2.0825E+05 -2.1779E+05
0000785   6.7451E+05 -1.0552E+05 -2.3747E+05
0000786   9.0754E+05  1.3276E+05  4.9071E+04
0000787   7.6590E+05 -1.5807E+05  7.7286E+04
0000788   8.5315E+05 -2.4498E+05 -4.3424E+05
0000789   1.0226E+06  3.0649E+05  4.7474E+04
0000790   2.1036E+05  2.9864E+05 -2.0844E+05
0000791   9.9640E+05  1.4295E+05  7.9882E+04
0000792   9.4795E+05 -1.0868E+05  2.9818E+05
0000793   2.3807E+05  9.1203E+04  1.4504E+05
0000794   1.0119E+06  2.5461E+05  1.1975E+05
0000795   1.0596E+06  6.4093E+04 -1.4858E+05
0000796   1.0632E+06  9.0509E+04 -1.1376E+05
0000797   3.2753E+05 -1.6170E+05  2.0730E+05
0000798   1.0862E+06  1.2132E+05 -2.6843E+05
0000799   3.6241E+05 -1.9541E+05  2.5314E+05
0000800   8.8232E+05 -1.2642E+05  6.3133E+05
0000801   7.2289E+05 -5.1924E+04  1.2353E+05
0000802   8.3353E+05 -6.4835E+04  8.6106E+05
0000803   8.5706E+05 -1.3319E+05  3.4506E+04
0000804   5.2721E+05  5.4492E+05 -2.3951E+05
0000805   9.1039E+05  2.4096E+04  6.5227E+04
0000806   5.6330E+05  8.1952E+04 -6.0031E+04
0000807   4.3711E+05  9.6093E+04 -2.0813E+05
0000808   8.2874E+05  2.9627E+05 -8.5230E+04
0000809   5.8233E+05 -1.8431E+05  6.9999E+04
0000810   7.5092E+05 -9.0793E+04  5.1585E+05
0000811   1.0635E+06  5.7086E+05  2.1770E+04
0000812   1.2868E+06  6.0031E+04  1.0341E+05
0000813   1.0889E+06  9.7858E+04  2.4863E+05
0000814   5.7879E+05  1.2482E+05 -4.9582E+04
0000815   9.1282E+05 -2.7608E+05 -1.4692E+05
0000816   8.6218E+05 -3.9767E+04 -4.1586E+04
0000817   6.3089E+05 -1.8639E+05  1.3153E+05
0000818   2.7321E+05  2.5841E+05  4.2492E+05
0000819   1.1026E+06 -3.1459E+05 -4.0841E+03
0000820   6.6418E+05 -8.9794E+04 -3.1562E+04
0000821   8.9649E+05 -4.1855E+05  1.8860E+05
0000822   8.2900E+05  2.1093E+05 -7.8148E+04
0000823   8.3220E+05 -1.2499E+05 -6.1820E+04
0000824   8.8529E+05 -6.2138E+04 -1.8057E+05
0000825   9.7680E+05 -4.2572E+05  3.5977E+05
0000826   5.2162E+05  1.5265E+05 -1.1297E+05
0000827   1.2245E+06 -1.7342E+05  2.5435E+04
0000828   1.0796E+06 -3.4224E+04 -1.7195E+05
0000829   6.6332E+05  1.5742E+05 -1.3603E+05
0000830   5.5428E+05 -1.9285E+05  1.0746E+04
0000831   7.1603E+05 -1.1846E+05  4.0779E+05
0000832   1.0131E+06 -2.8392E+05 -4.8321E+04
0000833   6.2378E+05  9.4122E+04 -3.7677E+05
0000834   9.6678E+05  5.1294E+04  1.5653E+05
0000835   9.0464E+05 -6.0288E+04  1.3447E+03
0000836   9.0369E+05  1.3395E+05 -2.0607E+05
0000837   5.9216E+05 -9.6149E+04  3.7575E+05
0000838   1.0830E+06 -8.4663E+04  4.1901E+05
0000839   8.1277E+05 -7.6364E+04 -4.6438E+03
0000840   1.0544E+06 -2.5053E+05 -3.8577E+05
0000841   7.0676E+05  1.5690E+05 -1.0463E+05
0000842   4.9574E+05 -2.7698E+05 -1.8699E+05
0000843   8.3828E+05  1.1728E+05  1.8273E+05
0000844   6.2858E+05  3.4465E+05 -2.3185E+05
0000845   7.0553E+05  2.3669E+05  1.9078E+05
0000846   6.4585E+05  1.2013E+05  2.6807E+05
0000847   4.9558E+05  2.9832E+05 -4.4547E+05
0000848   8.7493E+05 -1.4568E+05 -4.6557E+05
0000849   1.3441E+06  1.2642E+04 -2.2299E+04
0000850   1.0921E+06  4.7439E+05 -1.4071E+05
0000851   8.0158E+05  4.0922E+05 -3.3368E+05
0000852   9.0090E+05 -4.0905E+04  2.2113E+04
0000853   5.3152E+05 -2.1947E+05  7.5811E+03
0000854   3.5002E+05 -3.2988E+05 -8.5485E+04
0000855   9.6832E+05  2.6378E+05  8.3225E+04
0000856   8.8172E+05  1.4921E+05 -3.7596E+05
0000857   9.5312E+05 -2.5344E+05  1.0311E+05
0000858   9.1105E+05 -4.3920E+04 -6.0796E+04
0000859   1.1866E+06 -2.0324E+05 -3.7205E+05
0000860   1.0093E+06  1.2425E+05 -2.1752E+05
0000861   9.5377E+05  5.9365E+04  4.6988E+05
0000862   9.6961E+05 -4.5221E+05  7.0905E+04
0000863   2.3377E+05 -1.5758E+05 -2.5020E+05
0000864   1.4458E+05 -1.0865E+04 -6.7515E+03
0000865   1.0720E+06  1.9808E+05 -3.9033E+05
0000866   7.1624E+05 -5.4377E+04  3.0796E+05
0000867   5.2012E+05 -2.5512E+05  3.0669E+04
0000868   1.1560E+06  2.4243E+05 -2.0955E+05
0000869   1.0203E+06 -1.2697E+05 -4.6336E+04
0000870   6.0678E+05  4.4287E+05  2.3375E+05
0000871   7.9851E+05 -1.1777E+05  3.3052E+05
0000872   8.4198E+05  5.1295E+04  5.5512E+04
0000873   1.0721E+06  1.1110E+05 -3.0180E+04
0000874   4.1469E+05 -5.5431E+04  3.2599E+04
0000875   1.0655E+05  1.4516E+04 -1.0994E+05
0000876   1.2386E+06 -3.3106E+04  1.8494E+05
0000877   9.8649E+05 -1.7004E+01 -4.8879E+05
0000878   1.3707E+05  2.1906E+04 -9.4067E+04
0000879   5.1971E+05  3.3317E+05 -2.8257E+05
0000880   7.9635E+05  5.1603E+04 -2.9220E+05
0000881   1.2251E+06  5.7404E+05 -1.7624E+05
0000882   7.2566E+05 -2.7226E+05  7.1677E+05
0000883   1.1448E+06 -2.9205E+05 -2.5153E+05
0000884   1.0256E+06 -2.3828E+05 -6.2138E+04
0000885   3.0244E+05  6.0169E+04  1.8544E+05
0000886   1.0732E+06  2.3252E+05  3.8007E+02
0000887   6.8869E+05 -3.0559E+04 -1.9294E+05
0000888   7.4025E+05  1.2640E+05  5.4161E+04
0000889   5.7523E+05  1.3423E+05 -2.5416E+05
0000890   1.1019E+06 -1.1945E+05 -8.3902E+04
0000891   4.6035E+05  1.8941E+05 -2.5366E+04
0000892   4.6611E+05  3.5150E+04 -1.8968E+04
0000893   1.0039E+06  2.5806E+05  2.3210E+05
0000894   1.1835E+06  1.2529E+05 -8.5377E+03
0000895   8.0969E+05  4.0508E+04  2.6677E+05
0000896   1.0609E+06 -9.9117E+04 -5.5439E+01
0000897   6.4737E+05 -7.7340E+05  2.9181E+05
0000898   1.6454E+05 -1.2679E+05  1.0346E+05
0000899   6.9246E+05 -1.1383E+05 -7.9608E+04
0000900   4.2442E+05 -2.2426E+05  1.6788E+05
0000901   2.5213E+05 -2.9060E+05 -3.3293E+05
0000902   4.7629E+05  3.6304E+05  2.8974E+05
0000903   7.8550E+05  3.4832E+05 -6.5381E+05
0000904   6.4866E+05  3.5340E+05 -2.5873E+05
0000905   7.3454E+05 -1.7550E+05 -1.1325E+05
0000906   7.9665E+05 -3.1774E+05 -2.4781E+05
0000907   6.4177E+05 -5.8609E+05  1.0860E+05
0000908   6.9963E+05  4.5937E+02 -3.6350E+05
0000909   4.2322E+05 -2.3169E+05 -1.9891E+05
0000910   8.4645E+05  5.2235E+05 -3.3001E+05
0000911   6.7631E+05  5.4042E+05  5.1379E+05
0000912   7.8416E+05  1.1510E+05  1.4176E+04
0000913   6.0936E+05  8.5081E+04 -4.1537E+05
0000914   5.2016E+05  4.3852E+04  8.9097E+04
0000915   9.6874E+05  1.3404E+05 -1.1680E+05
0000916   7.2900E+05 -1.6224E+05 -3.1263E+05
0000917   1.0070E+06 -2.8134E+05 -3.5091E+05
0000918   6.7247E+05  3.4192E+05 -3.4046E+05
0000919   8.1712E+05  3.6094E+05 -1.0653E+05
0000920   1.1261E+06 -5.1185E+04  1.3905E+05
0000921   8.2160E+05  2.6940E+05  2.1866E+05
0000922   4.6632E+05  8.4755E+04 -6.4456E+04
0000923   7.5030E+05  3.0830E+05 -5.1825E+04
0000924   8.8668E+05  3.5765E+05  1.2407E+05
0000925   8.2043E+05 -1.2290E+05  1.6240E+05
0000926   8.3969E+05  1.7284E+05  2.5843E+05
0000927   9.9513E+05  2.2091E+05  6.1121E+04
0000928   6.7374E+05  1.0213E+05  3.0597E+05
0000929   6.1524E+05  2.0007E+04  2.1511E+05
0000930   9.8130E+05 -5.3140E+05  1.2601E+05
0000931   7.8984E+05 -1.5025E+05 -7.9957E+04
0000932   1.0561E+06 -3.0620E+05 -4.8050E+03
0000933   9.7460E+05  7.7990E+04 -2.8473E+05
0000934   6.2617E+05  3.8507E+04  1.7010E+04
0000935   9.0378E+05  5.1578E+04  3.8060E+05
0000936   8.3490E+05 -4.2433E+05  4.1355E+05
0000937   7.7390E+05  2.5910E+05  2.6430E+05
0000938   4.1560E+05 -1.0877E+04  1.6683E+05
0000939   8.5012E+05  2.7248E+05  1.1375E+05
0000940   1.0544E+06  1.3479E+04  1.9176E+05
0000941   8.3360E+05  9.5754E+04  1.0473E+05
0000942   5.2695E+05  7.3503E+04 -6.3696E+04
0000943   1.0260E+06  2.7811E+05  3.5781E+05
0000944   7.8717E+05  3.7058E+05  2.9657E+05
0000945   6.4712E+05 -5.1144E+04  2.1491E+05
0000946   1.1546E+06  4.2442E+05  3.1003E+04
0000947   9.7320E+05  5.3615E+04  8.1871E+04
0000948   8.4675E+05 -3.4213E+05  1.1915E+05
0000949   6.2250E+05 -5.3437E+05 -1.9706E+05
0000950   5.4772E+05  2.7656E+05  1.4677E+04
0000951   7.6585E+05  2.9134E+05 -1.3945E+05
0000952   3.9389E+05  6.8348E+03  4.9418E+04
0000953   7.9282E+05  1.8895E+05  2.0061E+05
0000954   4.6099E+05  6.2982E+04  1.7633E+03
0000955   1.1373E+06  3.8333E+04 -2.0650E+04
0000956   1.0274E+06 -1.9347E+05 -1.8945E+05
0000957   6.8099E+05  1.4567E+05  3.0707E+05
0000958   9.2539E+05 -2.1139E+05 -9.5897E+04
0000959   7.2956E+05 -2.9726E+05  2.5284E+05
0000960   6.7331E+05 -1.0786E+05  4.1774E+04
0000961   1.0084E+06 -2.5648E+05  1.6639E+05
0000962   1.0557E+06  4.3088E+04  4.7441E+05
0000963   1.1406E+06  9.5344E+04 -3.3305E+05
0000964   5.9252E+05  6.4401E+04  7.7607E+04
0000965   3.8554E+05 -2.8643E+05 -3.7979E+05
0000966   6.2611E+05  8.8481E+04 -3.1570E+05
0000967   9.1510E+05  2.1369E+05  2.7307E+05
0000968   1.0839E+06 -3.6010E+05  4.1197E+05
0000969   7.7678E+05  2.2271E+05  1.2450E+05
0000970   1.0494E+06  1.1670E+05  2.5815E+04
0000971   1.0709E+06  5.5769E+04 -1.5004E+04
0000972   4.1316E+05 -2.2139E+05  1.3824E+05
0000973   8.1784E+05  1.3297E+04 -2.5155E+05
0000974   3.6893E+05 -2.2725E+05  1.2906E+05
0000975   3.4865E+05  2.2362E+05  3.6261E+05
0000976   1.0091E+06  1.7831E+05 -8.5769E+04
0000977   6.8920E+05  4.2140E+04  2.2875E+05
0000978   1.5857E+05 -1.9654E+05  1.4606E+05
0000979   9.7594E+05 -4.6703E+05  7.9678E+04
0000980   7.1973E+05 -9.6017E+04  3.3591E+05
0000981   7.5003E+05 -4.6449E+05 -3.2554E+05
0000982   8.5382E+05 -1.3493E+05  1.1702E+05
0000983   6.4113E+05  2.7924E+05 -4.4746E+05
0000984   9.6035E+05 -4.7988E+04  1.9170E+05
0000985   5.2672E+05 -5.7016E+04 -6.0911E+05
0000986   1.2488E+06 -2.3902E+05  8.1620E+04
0000987   7.6329E+05  3.6726E+05  3.6638E+04
0000988   9.3487E+05  1.7014E+05  3.2342E+05
0000989   5.5011E+05 -1.3803E+05  2.4279E+05
0000990   9.1419E+05  1.8772E+05  1.5328E+05
0000991   5.7588E+05  1.5829E+05 -6.3488E+04
0000992   3.4596E+05 -4.3852E+04 -3.7497E+04
0000993   5.9880E+05  6.3981E+03  1.2068E+05
0000994   1.3244E+06 -5.5484E+04 -5.5496E+04
0000995   8.4071E+05  1.2383E+05  2.7912E+04
0000996   4.6010E+05 -2.6008E+05  9.1853E+04
0000997   4.5205E+05  7.0490E+04 -1.0671E+05
0000998   7.4172E+05  4.0911E+04  1.4877E+05
0000999   9.1051E+05 -8.8230E+04 -8.6568E+04
0001000   1.1275E+06 -3.7241E+04  3.6648E+04
