============================== SRIM-2013.00 ==============================
==============================================================================
====== SRIM Outputs\RANGE_3D.txt : File of Final Ion Positions =====

Ion = Ar (18)   Ion Mass= 039.9620
Energy  = 8286428.E-04 keV
Ion Angle to Surface = 00.0 degrees
==================== TARGET =======================
  Layer # 1 - Layer 1
  Layer # 1 - Bottom Depth=500000.E+02 A
  Layer # 1 - Density =0000.0178 g/cm3
  Layer # 1 -  100 % of Ar
様様様様様様様様様様様様様様様様様様様様様様様様様様
                                            
Ion       Depth  X   Lateral Y   Lateral Z  
Number    (Angstrom) (Angstrom)  (Angstrom) 
-------  ----------- ----------- -----------
0000001   1.5800E+06 -5.9657E+05 -7.6171E+05
0000002   1.0602E+06  1.3667E+05  4.9291E+05
0000003   1.3962E+06 -4.1025E+05  2.4061E+05
0000004   1.7507E+06  2.3889E+05  3.3085E+05
0000005   1.2360E+06  3.3498E+05  3.4525E+05
0000006   1.4982E+06 -3.1964E+05  3.8599E+05
0000007   5.5083E+05  7.2799E+05 -5.8695E+04
0000008   2.0751E+06 -2.6823E+04 -3.6569E+05
0000009   1.6648E+06 -3.2347E+05  6.2557E+05
0000010   1.5922E+06 -2.0671E+05 -1.6892E+05
0000011   1.9964E+06  2.2324E+05 -4.4328E+05
0000012   1.8243E+06 -3.1585E+05 -2.0277E+05
0000013   1.8017E+06 -2.0696E+04  4.5178E+05
0000014   1.6648E+06  5.1216E+05  2.2993E+05
0000015   1.5430E+06  6.0362E+04 -1.8132E+05
0000016   2.0733E+06 -6.7755E+04 -4.9840E+05
0000017   1.9182E+06  6.9816E+05 -3.4695E+05
0000018   1.1706E+06 -3.3082E+04  6.9262E+05
0000019   1.7655E+06 -9.6618E+04  3.6879E+05
0000020   1.8639E+06  6.2137E+05  1.2992E+04
0000021   2.2984E+06  1.3442E+05 -1.8626E+05
0000022   1.1454E+06  5.1042E+05  3.5310E+05
0000023   9.0751E+05 -5.1421E+05 -8.0573E+05
0000024   1.7691E+06 -3.3122E+05 -3.4713E+05
0000025   1.9808E+06 -6.6434E+05 -1.5694E+05
0000026   1.8243E+06  1.8856E+05 -7.2009E+05
0000027   2.0914E+06  5.8905E+05  1.3797E+05
0000028   1.6005E+06  6.2475E+04 -5.0808E+05
0000029   1.8567E+06 -3.9108E+05 -2.4675E+05
0000030   1.4206E+06 -2.3889E+05  1.6048E+05
0000031   1.4839E+06  1.0968E+05 -3.5165E+05
0000032   9.8364E+05  4.8321E+05  1.9237E+05
0000033   1.5055E+06 -6.6355E+05  5.1283E+05
0000034   1.7260E+06  9.1562E+03 -1.5573E+04
0000035   1.1529E+06 -5.7304E+05 -1.8517E+05
0000036   7.3633E+05  2.7746E+05  8.2289E+04
0000037   1.3792E+06 -3.5104E+05 -1.5336E+05
0000038   2.0316E+06 -2.3808E+05 -3.0314E+05
0000039   7.7708E+05 -6.7651E+05 -7.0853E+05
0000040   1.6762E+06  2.3249E+05  1.5084E+05
0000041   2.1025E+06 -7.3515E+04 -7.8009E+04
0000042   1.9834E+06  2.0483E+05 -6.2434E+05
0000043   1.9859E+06 -6.1807E+04  1.3840E+05
0000044   1.6270E+06  2.8709E+05  6.6846E+03
0000045   1.0011E+06  2.0419E+05 -7.9827E+04
0000046   1.3584E+06 -3.3104E+05 -1.1550E+05
0000047   1.6155E+06  8.0656E+05  2.5360E+05
0000048   1.8339E+06 -5.1090E+04 -3.5489E+05
0000049   1.6534E+06 -1.6244E+05 -1.2536E+05
0000050   1.4642E+06  5.5698E+05 -1.1592E+06
0000051   1.1646E+06  8.4249E+05 -1.0938E+06
0000052   1.2273E+06 -5.9889E+05  5.8378E+04
0000053   1.0288E+06 -7.1730E+05 -4.0649E+05
0000054   1.5860E+06 -7.5633E+05  3.4076E+04
0000055   1.2885E+06 -1.2926E+05 -8.7254E+04
0000056   1.6159E+06 -4.0127E+05 -7.6277E+04
0000057   1.7938E+06 -1.0273E+05 -2.6586E+05
0000058   1.6977E+06  4.0684E+05  1.7439E+05
0000059   1.8781E+06  2.3049E+05 -5.0221E+05
0000060   1.7567E+06 -1.6377E+05  3.0004E+05
0000061   1.8453E+06  1.4203E+05 -4.6735E+05
0000062   6.9086E+05 -9.4163E+05 -1.8113E+05
0000063   1.6304E+06  6.8971E+05  9.9127E+04
0000064   1.3620E+06 -3.2306E+04 -1.1357E+05
0000065   1.1301E+06 -9.6316E+05 -2.1589E+05
0000066   1.3323E+06 -6.1988E+05 -1.5741E+05
0000067   2.0199E+06  1.2177E+05  2.6406E+05
0000068   1.9876E+06  2.4798E+05 -1.4302E+05
0000069   1.9875E+06 -2.9086E+05 -1.9260E+05
0000070   1.9036E+06  4.4792E+05 -3.3426E+04
0000071   1.9105E+06 -6.4266E+05  2.7470E+05
0000072   2.1757E+06 -7.3814E+04 -6.6792E+04
0000073   6.2467E+05  1.4073E+05 -5.4038E+05
0000074   1.6914E+06  2.3151E+05 -2.1971E+05
0000075   1.8752E+06 -3.2577E+05  5.9465E+04
0000076   1.6795E+06 -3.5268E+05  3.6159E+05
0000077   1.8444E+06 -6.6143E+05  5.0732E+05
0000078   1.9514E+06  2.1998E+05  4.0658E+04
0000079   9.2324E+05  3.4013E+04  6.1243E+05
0000080   1.4814E+06 -3.0686E+05  4.7790E+04
0000081   1.4773E+06  1.0822E+05  6.2708E+05
0000082   1.9776E+06 -4.0737E+04  4.3019E+05
0000083   1.3418E+06 -6.3015E+05 -4.0287E+04
0000084   1.1519E+06  2.4961E+05 -9.5007E+05
0000085   1.4673E+06 -5.2785E+05 -1.4695E+05
0000086   8.6002E+05  6.4718E+05  6.9069E+04
0000087   1.7781E+06 -5.7749E+05  8.1092E+03
0000088   6.8645E+05  3.1286E+05  1.0156E+05
0000089   1.6346E+06 -3.7086E+05 -9.1012E+04
0000090   4.0657E+05  4.7445E+04 -1.6767E+05
0000091   9.2116E+05 -2.4070E+05  5.3045E+05
0000092   1.6606E+06 -1.0248E+05  7.3605E+05
0000093   1.2668E+06  8.9277E+05  1.5219E+05
0000094   1.6789E+06  2.5037E+05  9.2454E+05
0000095   1.6504E+06  5.1102E+04 -7.3401E+05
0000096   1.4266E+06  6.0489E+05  9.8072E+05
0000097   1.0497E+06  4.1253E+05 -3.6860E+05
0000098   1.3952E+06 -3.4235E+05  9.9508E+04
0000099   1.2808E+06 -7.3972E+05 -3.2872E+05
0000100   2.0981E+06 -4.8283E+04 -3.4979E+05
0000101   1.8117E+06  2.6389E+05 -8.5630E+05
0000102   1.7123E+06  3.4497E+05  1.3392E+05
0000103   1.4073E+06 -5.6278E+05  2.0920E+04
0000104   5.1578E+05 -5.5712E+05 -9.2574E+04
0000105   1.4482E+06  3.4633E+05  4.4345E+05
0000106   9.6214E+05  4.6670E+05 -7.8460E+05
0000107   1.3242E+06 -4.5725E+05  5.0885E+05
0000108   1.4135E+06 -8.4133E+05 -4.0033E+05
0000109   1.9033E+06  4.0000E+05  9.0634E+05
0000110   1.1974E+06 -5.6159E+05  1.3995E+05
0000111   1.7100E+06 -4.1080E+05 -9.8022E+04
0000112   1.9391E+06  1.1111E+05 -7.6761E+05
0000113   1.9627E+06  2.5996E+05  3.4916E+05
0000114   1.9615E+06 -1.5115E+05  6.8159E+05
0000115   1.5509E+06 -4.9535E+05 -3.0519E+05
0000116   9.3393E+05  3.9730E+05 -6.3700E+05
0000117   8.5051E+05  3.2028E+05 -7.3686E+04
0000118   1.6585E+06  5.8321E+05  3.9303E+05
0000119   1.7373E+06 -5.3893E+04  6.3077E+05
0000120   1.6745E+06  6.2138E+05  5.7493E+05
0000121   1.4805E+06  1.6453E+05 -2.3568E+05
0000122   4.7672E+05 -3.5924E+05  6.5080E+05
0000123   1.6282E+06  7.2976E+04 -2.2260E+05
0000124   8.6696E+05 -3.8199E+05 -2.9934E+05
0000125   1.2531E+06 -1.5024E+04 -5.8184E+05
0000126   1.2672E+06 -1.1018E+04 -9.8369E+05
0000127   1.4473E+06 -4.2587E+04  6.9402E+05
0000128   8.4019E+05 -2.6098E+05 -2.7772E+05
0000129   1.3079E+06  2.5561E+03  1.6719E+05
0000130   1.9161E+06  7.8036E+04  2.6117E+05
0000131   1.9142E+06  6.1888E+05 -2.6779E+05
0000132   1.3248E+06 -1.8035E+05 -6.3264E+04
0000133   1.7378E+06  4.4841E+05  5.8130E+05
0000134   1.8289E+06  1.9288E+05  4.1896E+05
0000135   1.8248E+06 -3.1684E+05  3.7105E+05
0000136   1.2012E+06 -4.6877E+05  1.2956E+04
0000137   1.5777E+06  6.8688E+04 -4.2558E+05
0000138   1.8011E+06  3.7909E+05  2.0438E+05
0000139   8.3030E+04  5.9206E+04  3.4040E+04
0000140   1.9055E+06 -4.5582E+05 -5.6287E+05
0000141   2.1392E+06  2.8972E+05 -2.5583E+05
0000142   1.6176E+06  1.8399E+05 -4.9291E+05
0000143   1.4953E+06 -1.2681E+05  2.9543E+05
0000144   8.7626E+05 -4.2721E+04 -2.1373E+05
0000145   1.4145E+06 -8.3032E+04 -7.4678E+05
0000146   1.7773E+06  3.4105E+05  4.4270E+05
0000147   1.9299E+06 -1.1866E+05 -2.0419E+05
0000148   1.2502E+06 -5.3577E+04  1.8020E+05
0000149   2.0495E+06  9.5312E+04 -8.7305E+04
0000150   1.4688E+06  4.0677E+05  7.6679E+05
0000151   1.6795E+06  3.9543E+05  4.9860E+05
0000152   1.9305E+06 -1.6543E+05 -2.2533E+05
0000153   1.7688E+06  9.0179E+04  1.9566E+05
0000154   1.1811E+06  2.2058E+04  2.7006E+05
0000155   1.8674E+06 -4.1625E+05 -3.3267E+05
0000156   1.7545E+06 -3.1518E+05 -6.6572E+03
0000157   4.1992E+05 -4.8816E+05 -8.4908E+05
0000158   1.8636E+06  5.2582E+05 -1.0011E+05
0000159   2.0722E+06  1.5792E+05 -2.5780E+05
0000160   1.1594E+06  8.9853E+04 -1.5007E+05
0000161   8.0092E+05 -7.0868E+05 -3.4259E+05
0000162   1.8234E+06  1.8794E+05  2.2581E+05
0000163   2.0228E+06 -4.7202E+05 -3.1212E+05
0000164   1.4325E+06  4.7017E+04  3.5464E+05
0000165   9.4959E+05 -6.4232E+04 -2.1447E+05
0000166   1.2993E+06 -2.0513E+05  2.3644E+05
0000167   1.1183E+06  9.5290E+05 -2.9497E+05
0000168   1.2326E+06 -4.6242E+05 -8.6847E+05
0000169   1.4501E+06  2.9016E+05 -1.0582E+04
0000170   6.7639E+05 -3.9431E+05 -5.5693E+05
0000171   8.0434E+05 -1.1967E+05  6.5754E+05
0000172   1.5549E+06 -5.0754E+05 -3.7169E+05
0000173   1.0772E+06  1.7426E+05  4.7810E+04
0000174   1.4820E+06 -2.0061E+05 -1.5390E+05
0000175   1.1442E+06  2.3140E+05 -4.7433E+05
0000176   1.5086E+06  4.9676E+05 -7.0340E+04
0000177   1.6675E+06  3.5334E+05  3.1455E+05
0000178   1.4899E+06  4.5649E+05 -2.4892E+05
0000179   1.2032E+06  2.3291E+05  1.4414E+05
0000180   1.6392E+06  7.3546E+03  1.2586E+04
0000181   1.5192E+06 -9.4298E+05 -2.0604E+04
0000182   1.6981E+06 -6.8670E+04 -2.3772E+05
0000183   1.7813E+06  7.7745E+05  3.6286E+05
0000184   1.1573E+06  2.1434E+05 -2.1634E+05
0000185   7.1596E+05  9.0110E+05 -9.5758E+05
0000186   1.2830E+06  1.3212E+05 -7.7420E+04
0000187   2.0423E+06  3.5920E+05 -5.7348E+04
0000188   1.1597E+06  3.3930E+05  5.3558E+05
0000189   1.9238E+06  3.4477E+05 -1.3324E+05
0000190   1.7619E+06  1.5208E+05  4.6544E+05
0000191   1.1934E+06 -3.5267E+05  1.7959E+05
0000192   1.6354E+06 -1.8685E+05 -2.1932E+05
0000193   1.9724E+06 -4.4602E+05 -1.0032E+05
0000194   1.2347E+06  1.8002E+04  3.5886E+05
0000195   1.5439E+06 -3.0660E+05 -6.4403E+05
0000196   1.7066E+06 -1.7510E+05 -3.5965E+05
0000197   2.1932E+06 -4.0035E+05  3.8772E+05
0000198   1.4126E+06  5.1450E+03 -1.5227E+05
0000199   1.2200E+06 -3.3468E+05  6.9446E+05
0000200   1.4314E+06  1.0975E+05  2.8018E+05
0000201   8.2720E+05 -5.9160E+05 -6.9191E+05
0000202   1.6414E+06  1.7218E+05  6.9009E+05
0000203   1.5213E+06  4.4274E+05  1.2060E+05
0000204   1.5916E+06  3.0958E+05  1.4821E+05
0000205   1.3264E+06 -4.0938E+05  3.7258E+05
0000206   1.8807E+06 -2.2521E+05 -2.1342E+05
0000207   1.8170E+06 -1.2894E+05  2.7150E+05
0000208   1.1085E+06 -3.2028E+05 -4.9850E+05
0000209   1.3256E+06  8.5479E+04  1.8938E+05
0000210   1.8337E+06 -4.0379E+05 -5.3849E+05
0000211   1.7601E+06 -9.0113E+03  4.7022E+04
0000212   1.1628E+06 -6.2914E+05  5.3503E+05
0000213   2.0443E+06 -2.3601E+05 -5.8175E+05
0000214   1.7066E+06  3.6556E+05  4.1552E+05
0000215   1.7471E+06  3.0843E+05 -8.7355E+04
0000216   1.5375E+06 -4.9159E+04 -1.3576E+05
0000217   1.8633E+06 -4.6672E+04 -2.2053E+05
0000218   1.7092E+06  8.2781E+04 -3.0501E+05
0000219   1.7983E+06  3.1283E+05  4.8789E+04
0000220   1.6669E+06  1.1834E+06 -1.0527E+05
0000221   1.1151E+05  6.3348E+05  4.7626E+05
0000222   1.4807E+06  3.0827E+04 -3.7785E+05
0000223   1.7277E+06  5.4306E+05 -2.9911E+05
0000224   1.5023E+06 -1.1252E+06  3.5281E+04
0000225   1.8136E+06 -2.1390E+05 -1.3496E+05
0000226   1.5985E+06  5.1011E+05  3.3345E+05
0000227   1.5621E+06 -7.1453E+05  8.0815E+04
0000228   1.5260E+06 -3.3769E+05 -4.6555E+05
0000229   1.4761E+06 -4.3535E+05 -1.8991E+05
0000230   1.8216E+06 -1.9407E+05  2.3892E+03
0000231   1.5212E+06 -1.8118E+05 -2.4871E+05
0000232   1.7826E+06 -7.7745E+04 -5.9409E+02
0000233   2.1435E+06 -9.4528E+05 -1.9506E+05
0000234   1.8314E+06  3.3589E+05  8.4848E+05
0000235   1.8533E+06  4.4813E+05 -9.6451E+04
0000236   1.9355E+06  5.9098E+04  7.1472E+04
0000237   1.7159E+06 -3.9859E+05  4.4994E+04
0000238   1.5449E+06 -6.2058E+04  9.1638E+03
0000239   1.6659E+06 -1.6026E+05  1.6797E+05
0000240   8.9588E+05 -5.1694E+05 -5.5735E+05
0000241   1.9404E+06  2.3010E+04  2.9452E+05
0000242   1.2478E+06 -3.9164E+05 -1.3903E+04
0000243   1.2966E+06 -9.6265E+04  3.7369E+05
0000244   1.6487E+06  7.3830E+05  1.0769E+05
0000245   1.1432E+06 -3.0913E+05  1.2913E+06
0000246   1.3647E+06  4.5260E+05  9.6884E+04
0000247   1.4462E+06 -4.3323E+05  7.6552E+04
0000248   1.4331E+06  4.8614E+05  6.3969E+05
0000249   1.2397E+06 -4.7864E+05 -4.6093E+05
0000250   1.7349E+06 -4.2006E+05  7.1314E+05
0000251   1.5576E+06 -4.7838E+05  5.8399E+05
0000252   1.6589E+06  4.7456E+05  7.4567E+04
0000253   1.8341E+06  1.8035E+05 -7.1463E+05
0000254   1.0465E+06 -5.8426E+05  5.6058E+05
0000255   1.4282E+06 -6.3185E+05 -8.0587E+04
0000256   1.7559E+06 -6.3014E+05  3.9852E+05
0000257   1.7219E+06  2.1175E+05  6.8028E+04
0000258   1.4149E+06  8.9620E+05  6.2595E+05
0000259   1.5969E+06  6.0656E+05  5.6931E+05
0000260   1.4061E+06  1.6293E+05 -8.2925E+04
0000261   1.2009E+06 -5.1723E+05 -4.3948E+05
0000262   1.2328E+06 -4.5571E+05  3.9039E+05
0000263   1.5581E+06 -4.5604E+05  3.4754E+05
0000264   1.4121E+06  3.1563E+05 -3.0744E+05
0000265   2.0088E+06 -3.1773E+05 -2.7065E+05
0000266   1.0044E+06  2.5696E+05  3.9020E+05
0000267   2.2102E+06 -1.5783E+05  3.6847E+05
0000268   1.6994E+06  1.3977E+05 -6.8528E+05
0000269   1.7127E+06 -5.4723E+05  3.7110E+05
0000270   1.5253E+06 -2.2313E+05 -8.5014E+05
0000271   2.0452E+06  3.6534E+05  3.9304E+05
0000272   1.6614E+06  3.2296E+05  3.2410E+05
0000273   1.6203E+06  2.9638E+05  1.2026E+05
0000274   8.6569E+05 -9.7808E+05 -7.4047E+05
0000275   2.0592E+06  1.5953E+05 -3.3637E+05
0000276   1.3145E+06 -2.3647E+05 -1.6871E+05
0000277   1.5494E+06  4.2254E+05  7.9231E+04
0000278   1.6172E+06 -2.3987E+05 -8.1666E+05
0000279   1.6031E+06 -9.5869E+05 -3.3245E+05
0000280   4.8529E+04  4.2234E+04  6.7726E+04
0000281   1.4593E+06  1.3316E+04 -4.0317E+05
0000282   1.7160E+06  1.2597E+05  3.9423E+05
0000283   1.5190E+06  1.1227E+05  4.6948E+05
0000284   1.1549E+06  2.8250E+05  3.0186E+05
0000285   9.2039E+05  1.0445E+06  3.3751E+05
0000286   1.9957E+06 -1.6000E+05 -2.4770E+05
0000287   1.6965E+06 -2.9462E+05  3.5001E+05
0000288   9.1984E+05  1.0865E+05 -3.8457E+05
0000289   1.7843E+06 -1.0766E+05 -6.3224E+05
0000290   6.5970E+05  8.8543E+05 -3.9558E+05
0000291   1.6254E+06  1.2838E+05 -5.8726E+05
0000292   1.3840E+06  1.0463E+05  3.4831E+05
0000293   1.9193E+06  2.4360E+05  4.4989E+05
0000294   1.6465E+06  4.6268E+05 -5.2587E+05
0000295   1.4234E+06 -7.4425E+05 -8.3260E+05
0000296   1.7056E+06 -3.2393E+05  3.9197E+05
0000297   1.4067E+06  3.3587E+05 -8.7376E+05
0000298   1.1765E+06 -5.2306E+05  3.1154E+05
0000299   1.9000E+06  2.7914E+05  1.9361E+05
0000300   1.6663E+06 -2.7175E+05  2.1035E+05
0000301   1.4993E+06 -6.1571E+04 -1.9789E+05
0000302   1.7053E+06 -3.6812E+05 -4.8020E+05
0000303   7.9039E+05  3.7584E+05  1.5488E+05
0000304   1.0904E+06  3.9540E+05  1.9795E+05
0000305   1.6224E+06  2.9338E+05 -5.6388E+05
0000306   1.7178E+06 -3.1026E+05  1.7993E+05
0000307   1.1025E+06  4.6047E+05 -2.7613E+04
0000308   1.5461E+06 -2.2091E+05 -1.5766E+05
0000309   1.3115E+06  1.3308E+05  4.1220E+05
0000310   1.8116E+06  5.5629E+05 -2.8404E+05
0000311   2.0318E+06  6.7197E+04  1.7827E+05
0000312   1.5570E+06  5.1238E+04 -2.0639E+05
0000313   1.3737E+06 -6.4244E+05 -9.0547E+05
0000314   8.8550E+05  1.6506E+05  4.1977E+04
0000315   1.6260E+06  4.2767E+05  4.4957E+05
0000316   1.9686E+06  2.6746E+05 -3.6178E+05
0000317   1.5324E+06  1.0432E+05  1.2101E+05
0000318   9.7387E+05  6.3035E+05  1.7065E+05
0000319   1.8550E+06 -3.0346E+05 -3.1775E+05
0000320   1.0587E+06 -9.9017E+04 -1.1056E+05
0000321   7.8502E+05  3.2947E+04 -4.6656E+05
0000322   1.3872E+06 -3.1092E+05  1.5160E+05
0000323   9.5242E+05  5.6903E+05  1.1643E+05
0000324   1.4750E+06 -2.2070E+05  3.0604E+05
0000325   1.9597E+06  3.2253E+05  4.5612E+05
0000326   1.6996E+06 -5.5465E+04 -2.7983E+05
0000327   2.2076E+06  1.5197E+05 -5.5946E+05
0000328   1.4022E+06  4.2884E+05 -3.8998E+04
0000329   1.4466E+06 -1.6736E+05 -7.2403E+05
0000330   1.5026E+06  1.9192E+05  8.4680E+03
0000331   1.7075E+06 -1.3511E+05 -3.7973E+05
0000332   1.0412E+06 -3.3360E+05 -2.9660E+04
0000333   1.5105E+06 -8.1926E+04 -7.1999E+05
0000334   2.3256E+06  5.2105E+04  4.9351E+05
0000335   1.8647E+06  1.3915E+05  7.1895E+05
0000336   1.2451E+06  5.6993E+05 -3.5386E+04
0000337   1.3221E+06 -2.1207E+05 -1.0944E+06
0000338   1.3171E+06 -2.6070E+05 -9.5115E+03
0000339   1.4157E+06 -3.7222E+04 -7.7267E+04
0000340   1.8849E+06 -3.2082E+05  4.6800E+04
0000341   1.9108E+06  6.9901E+05  3.9064E+03
0000342   4.2255E+05 -4.6301E+05 -1.8932E+05
0000343   1.3305E+06 -4.4989E+05 -6.4934E+04
0000344   1.8345E+06 -2.0401E+05  6.4313E+04
0000345   1.2569E+06  3.7381E+05 -1.0552E+05
0000346   1.3924E+06  5.2397E+05  3.6524E+05
0000347   1.9237E+06  3.4056E+05  1.6850E+05
0000348   1.8216E+06  8.8311E+04  3.6562E+05
0000349   1.3169E+06 -1.3824E+05 -6.3907E+04
0000350   1.4013E+06  1.9167E+05  4.6692E+05
0000351   1.9156E+06 -2.6731E+05  1.2821E+04
0000352   1.9569E+06  1.3357E+05 -2.4657E+05
0000353   1.6943E+06  2.5654E+05  4.9240E+05
0000354   1.7973E+06  2.1574E+05 -4.2208E+05
0000355   1.7007E+06  6.6865E+05  6.7704E+04
0000356   1.4941E+06 -6.8089E+05 -2.9750E+05
0000357   1.7821E+06  1.9855E+05  1.7265E+05
0000358   1.7475E+06  8.5221E+04 -5.6631E+04
0000359   1.5640E+06 -4.3946E+05  1.1180E+06
0000360   1.7338E+06 -1.2912E+05  6.1691E+05
0000361   1.0763E+06  2.6078E+05  1.2362E+03
0000362   1.6555E+06 -3.3321E+05  1.9802E+05
0000363   1.1550E+06 -1.2390E+05 -6.8347E+02
0000364   1.5455E+06  1.3788E+05  2.8977E+05
0000365   1.5222E+06 -3.1966E+05  5.4943E+04
0000366   4.0771E+05  4.1585E+05 -8.5014E+04
0000367   1.2798E+06 -7.7288E+05 -1.3067E+05
0000368   1.5288E+06 -6.3771E+05  1.8855E+05
0000369   1.6027E+06 -3.7515E+05  5.2551E+05
0000370   2.2188E+06  6.0864E+05 -3.1027E+05
0000371   1.7651E+06 -4.7148E+05 -3.5470E+05
0000372   1.8086E+06 -1.5950E+05 -7.2649E+02
0000373   2.1135E+06  2.2719E+05  6.5346E+05
0000374   1.6956E+06  3.6199E+05 -2.1574E+05
0000375   8.2903E+05 -9.0382E+05 -4.1045E+05
0000376   1.2716E+06 -8.7079E+04 -2.0762E+05
0000377   1.7330E+06  3.8081E+05  8.8589E+05
0000378   1.3388E+06 -2.9211E+05  4.6812E+05
0000379   1.8902E+06 -2.5489E+05 -1.6075E+05
0000380   1.3541E+06 -3.7680E+04 -1.4525E+04
0000381   1.9636E+06 -4.0684E+05  3.9611E+05
0000382   1.3133E+06 -5.3685E+05 -7.3468E+05
0000383   1.7241E+06  3.9917E+05  3.9381E+05
0000384   7.8753E+05  2.7022E+05  1.0439E+06
0000385   1.2326E+06  4.1239E+05  5.2993E+05
0000386   1.4708E+06 -1.1575E+05 -6.6912E+05
0000387   1.8985E+06 -1.8914E+05 -5.8231E+04
0000388   1.8163E+06 -2.0234E+05 -3.8087E+03
0000389   5.2684E+05  5.1845E+05  4.0909E+05
0000390   2.1551E+06  8.9842E+04 -2.7332E+05
0000391   1.0711E+06  1.9357E+05  3.6057E+05
0000392   2.0476E+06  3.5285E+05  1.6077E+05
0000393   1.5220E+06 -6.2217E+03 -6.3422E+05
0000394   6.7460E+05 -9.2958E+05 -2.9872E+05
0000395   1.8892E+06 -4.6862E+05 -7.9129E+04
0000396   9.2035E+05 -1.1118E+05  4.6532E+04
0000397   1.6481E+06  2.8991E+04 -1.0571E+06
0000398   1.0356E+06  2.3097E+05  2.5373E+05
0000399   1.5229E+06  2.1131E+05  5.1173E+05
0000400   1.8973E+06 -3.2684E+05  1.4882E+05
0000401   1.0541E+06 -5.3569E+05  1.2165E+05
0000402   1.4362E+06  5.6076E+05  1.6783E+05
0000403   1.0914E+06 -9.3747E+04 -5.6873E+05
0000404   1.0509E+06  1.2889E+05 -4.0959E+05
0000405   1.7213E+06 -3.2198E+05  1.9438E+05
0000406   1.1749E+06  5.2957E+05 -5.7342E+05
0000407   1.2893E+06 -2.2130E+05 -8.9304E+05
0000408   1.7811E+06 -9.5130E+04  7.9542E+05
0000409   1.8443E+06  2.7269E+05  6.4144E+05
0000410   1.4876E+06 -3.0517E+05  2.6176E+05
0000411   1.3105E+06  1.9689E+05  3.5661E+05
0000412   1.6071E+06 -2.9900E+05  2.4936E+05
0000413   1.5544E+06 -7.2041E+05 -2.1009E+05
0000414   1.0801E+06  2.3981E+05 -4.8293E+04
0000415   1.7285E+06 -7.1069E+04 -4.5364E+05
0000416   1.4305E+06  2.1682E+04  7.6636E+05
0000417   1.4257E+06  1.3037E+04  5.0950E+05
0000418   1.9878E+06  2.5931E+05 -4.9877E+04
0000419   1.5772E+06  1.2421E+05  9.7279E+05
0000420   1.4294E+06  6.3117E+05  8.2309E+04
0000421   1.8014E+06  5.7744E+05  2.7998E+04
0000422   1.6552E+06  6.5273E+05  5.8545E+04
0000423   2.1021E+06  1.8554E+05  3.6825E+05
0000424   1.7419E+06  2.0901E+05  3.2582E+05
0000425   1.9259E+06  6.8042E+05 -1.6510E+04
0000426   1.7266E+06  1.7408E+05 -1.0654E+05
0000427   1.0073E+06  2.0163E+05  1.8855E+05
0000428   1.2350E+06  1.9801E+05  1.4309E+05
0000429   1.3530E+06 -5.1952E+04 -3.4059E+05
0000430   1.2320E+06 -5.7183E+05  5.2810E+05
0000431   1.7220E+06  1.7479E+05  6.6374E+04
0000432   1.1626E+06  3.3871E+04  6.2820E+05
0000433   9.8350E+05  1.6961E+05 -2.0506E+05
0000434   2.1142E+06 -9.3037E+04  2.9458E+05
0000435   2.0158E+06 -1.4656E+05  2.4354E+05
0000436   1.7418E+06 -1.4744E+05 -5.4874E+03
0000437   1.9049E+06  3.6715E+05  5.8524E+05
0000438   1.9114E+06 -4.6629E+05 -3.4502E+05
0000439   1.9714E+06 -3.2287E+05  3.1294E+05
0000440   1.7984E+06 -3.6015E+05  9.0138E+03
0000441   1.6984E+06 -4.9054E+05 -5.5155E+05
0000442   1.5360E+06 -1.4675E+05 -2.2224E+05
0000443   9.4504E+05 -5.0769E+05 -7.9572E+05
0000444   1.6121E+06  2.2930E+05  1.4215E+05
0000445   1.0885E+06  1.1766E+05  1.5337E+05
0000446   9.4509E+05  4.7382E+05 -5.8410E+05
0000447   1.9100E+06  3.2960E+05  4.8815E+05
0000448   1.7270E+06  4.7561E+04  5.3084E+04
0000449   1.0863E+06  4.6241E+04 -3.1035E+05
0000450   1.0199E+06 -1.7283E+05 -1.1769E+06
0000451   1.8568E+06  3.6624E+05 -4.9610E+05
0000452   2.0488E+06 -3.9425E+05  2.4304E+05
0000453   1.8421E+06  8.3714E+05 -5.8030E+05
0000454   1.5804E+06  1.3133E+05  6.1851E+04
0000455   1.4914E+06  1.2323E+06  4.2565E+05
0000456   1.6201E+06  1.6886E+05  3.9967E+05
0000457   1.7102E+06 -5.2474E+05 -3.8942E+05
0000458   2.0219E+06 -4.1004E+05 -5.2234E+05
0000459   1.7990E+06 -4.1709E+05 -8.2105E+04
0000460   9.5764E+05 -1.1248E+04 -9.8741E+05
0000461   1.6980E+06 -3.0999E+05 -4.6616E+05
0000462   1.6514E+06 -6.2313E+03 -3.4420E+05
0000463   1.7994E+06 -1.1906E+05 -4.3071E+05
0000464   2.2638E+06  1.6834E+05  8.8739E+05
0000465   1.5539E+06  2.7166E+05 -1.5736E+05
0000466   1.4481E+06 -5.0732E+05 -8.8851E+05
0000467   1.6772E+06 -3.2662E+05  4.7450E+05
0000468   1.5860E+06 -4.7197E+05  4.4943E+05
0000469   1.5270E+06 -2.1253E+05 -1.1372E+04
0000470   1.9616E+06 -5.9233E+05 -5.1517E+05
0000471   1.7646E+06  3.0727E+05 -5.9309E+05
0000472   1.4525E+06 -4.5677E+05  3.1922E+05
0000473   1.4752E+06 -4.0597E+05 -2.0010E+05
0000474   1.6160E+06 -2.7813E+05  4.7055E+05
0000475   1.6958E+06 -4.3104E+05  7.1155E+04
0000476   1.2055E+06 -7.6650E+05 -2.5879E+04
0000477   1.5304E+06 -2.5841E+05 -4.9673E+04
0000478   1.7219E+06 -5.4100E+04 -5.1720E+03
0000479   1.6124E+06 -9.4352E+04 -4.8407E+05
0000480   1.7205E+06 -1.3771E+05 -3.6929E+05
0000481   2.0519E+06 -4.7492E+04 -3.1868E+05
0000482   1.1806E+06  1.1257E+05 -2.0944E+05
0000483   1.8848E+06  2.9038E+05 -2.1699E+05
0000484   1.4873E+06 -2.5779E+05 -7.8055E+05
0000485   8.7074E+05 -1.9672E+05 -4.0188E+05
0000486   1.6512E+06  1.7755E+05  5.4969E+05
0000487   1.0056E+06  3.9535E+05 -9.0032E+05
0000488   1.1049E+06 -1.9144E+05 -1.3861E+05
0000489   2.1027E+06  6.3185E+05  3.1210E+05
0000490   1.6437E+06 -8.0856E+04 -1.7756E+05
0000491   1.1767E+06 -2.2128E+05 -3.1079E+05
0000492   8.8579E+05  1.2926E+05 -2.0074E+04
0000493   1.1148E+06  2.5513E+05 -1.3972E+05
0000494   5.8020E+05 -6.1938E+05 -7.3780E+03
0000495   1.9621E+06  4.1205E+05  5.7179E+04
0000496   1.3939E+06  1.0674E+05 -7.3288E+05
0000497   1.7748E+06 -3.1373E+05  2.2358E+05
0000498   1.5997E+06 -1.4607E+05 -8.3767E+04
0000499   1.1276E+06  3.3344E+05 -4.7931E+04
0000500   1.8612E+06 -5.5278E+05  3.0935E+05
0000501   1.6886E+06 -3.6291E+05 -2.9325E+05
0000502   1.8789E+06  2.6862E+02 -4.0851E+04
0000503   8.4276E+05 -2.8156E+05 -3.1227E+05
0000504   1.1808E+06  3.4227E+05  6.0453E+05
0000505   1.0668E+06 -2.9598E+05 -2.7899E+05
0000506   1.8837E+06 -1.4689E+04 -1.2626E+05
0000507   2.0731E+06  5.2504E+05 -4.5696E+05
0000508   1.0307E+06  3.1830E+05 -2.8382E+05
0000509   1.6773E+06  1.2609E+05  3.0516E+05
0000510   1.8512E+06  9.7157E+04  2.9324E+05
0000511   1.4419E+06 -3.6881E+05 -4.3645E+05
0000512   1.4417E+06  3.1216E+05 -2.2391E+05
0000513   1.5416E+06  7.2794E+04 -4.5038E+05
0000514   1.6573E+06 -6.2306E+05  9.1255E+04
0000515   1.9654E+06  6.7898E+04  4.5976E+05
0000516   1.2588E+06 -6.1946E+04  9.1605E+05
0000517   2.1413E+06 -2.3139E+04 -2.1340E+05
0000518   1.7714E+06 -1.6620E+05  3.3605E+05
0000519   1.2351E+06  1.0534E+04 -4.3610E+05
0000520   2.1334E+06 -3.3653E+03  2.3428E+05
0000521   1.8867E+06  2.1882E+05  9.4741E+04
0000522   1.6384E+06 -7.9006E+05  3.1110E+05
0000523   1.5576E+06  4.2191E+05 -4.9522E+04
0000524   1.4682E+06  2.3017E+05  4.3706E+05
0000525   2.0979E+06  3.2578E+05 -6.4030E+04
0000526   1.7277E+06  6.5018E+05 -2.5841E+04
0000527   2.0747E+06  1.6944E+05 -3.4519E+05
0000528   1.9316E+06 -4.2358E+04 -2.5608E+05
0000529   1.1344E+06  5.9402E+05  2.4571E+05
0000530   8.9431E+05 -9.0241E+04  1.0267E+05
0000531   1.7309E+06 -2.2914E+05 -1.8344E+05
0000532   1.9229E+06 -6.3979E+05  4.7100E+04
0000533   1.2664E+06  2.0994E+04 -4.3858E+05
0000534   1.9016E+06 -3.1228E+05  3.0419E+05
0000535   1.6034E+06 -5.8504E+04 -1.0128E+05
0000536   1.7013E+06  2.9643E+05  3.4989E+05
0000537   1.8671E+06 -3.7575E+05 -3.3116E+05
0000538   1.9668E+06  2.7417E+05  2.4391E+05
0000539   1.6027E+06 -6.9715E+05  4.4016E+05
0000540   2.0596E+06  5.2455E+05 -2.2022E+05
0000541   1.7942E+06  1.1944E+05 -2.1713E+05
0000542   1.4757E+06  1.5407E+05  3.6861E+05
0000543   9.7959E+05 -6.4066E+05 -4.0900E+05
0000544   1.4050E+06 -1.7184E+05  7.1988E+05
0000545   1.2950E+06 -1.3429E+05  2.4435E+05
0000546   1.0556E+06 -2.7009E+05  8.9642E+04
0000547   1.7899E+06 -3.2730E+04  5.8196E+05
0000548   1.5923E+06  1.8419E+05 -8.7158E+04
0000549   1.3478E+06 -6.3048E+05 -1.1098E+05
0000550   1.6683E+06 -4.0700E+05  3.3834E+05
0000551   1.7456E+06 -5.2268E+05  5.3313E+05
0000552   1.6614E+06 -1.1097E+04  1.0396E+05
0000553   1.7506E+06  3.8428E+03 -6.3258E+04
0000554   1.2956E+06 -6.5138E+04  6.4422E+04
0000555   1.7133E+06  3.5049E+03  1.0273E+05
0000556   1.7033E+06  1.0111E+05 -1.9544E+04
0000557   1.4819E+06  1.2598E+05 -5.4476E+05
0000558   2.0484E+06 -3.3908E+05  1.9448E+05
0000559   1.5080E+06  1.3051E+05 -2.9312E+04
0000560   1.4068E+06 -4.4010E+05  1.8786E+05
0000561   1.4050E+06 -5.2002E+05  2.3972E+05
0000562   1.8370E+06  4.5577E+05 -1.4189E+05
0000563   1.7869E+06 -4.6683E+05  8.8993E+04
0000564   1.7956E+06  3.6580E+05  2.8679E+05
0000565   1.7617E+06  5.3483E+05  1.0626E+05
0000566   1.4021E+06  3.3521E+05  1.1486E+05
0000567   1.3646E+06 -2.9804E+05  8.4144E+05
0000568   1.3396E+06 -2.0988E+05 -1.8048E+05
0000569   1.2573E+06 -6.9199E+05  2.0670E+04
0000570   1.7933E+06  1.5474E+05 -1.2282E+05
0000571   1.7418E+06 -6.5480E+05 -6.3835E+04
0000572   1.1803E+06 -1.0535E+05 -6.5886E+05
0000573   1.9057E+06 -6.6847E+04  2.4969E+05
0000574   1.6085E+06  9.7602E+03 -1.7750E+05
0000575   1.7909E+06 -6.3288E+05  1.8828E+04
0000576   1.2370E+06  1.4684E+05  4.5478E+05
0000577   1.0518E+06 -3.9151E+05 -1.8748E+05
0000578   1.9142E+06  5.1639E+03  3.1811E+05
0000579   1.7408E+06  3.2303E+05 -3.4981E+05
0000580   2.0758E+06  4.0291E+05 -1.9029E+05
0000581   1.4619E+06 -4.5629E+05  6.0449E+04
0000582   1.7187E+06  7.4401E+04  3.9516E+05
0000583   1.9940E+06 -6.1430E+05  2.2185E+05
0000584   1.8198E+06 -4.9937E+05  1.1184E+05
0000585   1.4571E+06  1.7956E+04 -7.7410E+05
0000586   1.9727E+06 -4.5736E+05 -6.1198E+05
0000587   1.7300E+06 -3.2930E+05 -3.6575E+05
0000588   1.4685E+06  1.5408E+05 -9.6104E+04
0000589   1.7701E+06  8.8444E+04 -3.5379E+05
0000590   8.3798E+05 -4.6195E+05  7.5381E+05
0000591   1.9128E+06 -3.5279E+05 -7.3884E+05
0000592   1.5982E+06  2.3586E+05 -8.5682E+04
0000593   1.1695E+06  3.1995E+05 -6.1316E+05
0000594   1.2446E+06 -4.6710E+05 -3.5544E+05
0000595   1.4200E+06 -3.9618E+04 -2.2642E+05
0000596   2.1439E+06 -2.8422E+05 -7.4212E+05
0000597   8.7190E+05 -3.5760E+05  2.7130E+05
0000598   1.5538E+06 -2.2542E+05  1.2733E+04
0000599   1.4024E+06 -8.1178E+04 -5.5446E+04
0000600   1.0646E+06 -5.1165E+05  1.2368E+05
0000601   1.1781E+06 -1.7257E+05  1.3382E+04
0000602   1.0394E+06 -4.7459E+05  2.8087E+04
0000603   2.1184E+06 -3.3654E+05  3.3781E+05
0000604   1.7225E+06  3.2239E+05  1.1727E+05
0000605   1.5810E+06 -5.7227E+05  3.9457E+05
0000606   1.3780E+06  1.0764E+06  6.6163E+05
0000607   9.7850E+05 -2.0578E+05 -4.9012E+05
0000608   8.6205E+05 -3.5733E+05  8.3950E+05
0000609   1.7389E+06 -1.0669E+06  2.1451E+05
0000610   1.1163E+06 -2.5558E+05  4.2005E+04
0000611   1.9459E+06  7.9416E+04  4.1915E+04
0000612   2.0914E+06 -3.5183E+04  4.1666E+05
0000613   1.2545E+06 -4.2789E+05  8.0751E+05
0000614   1.5295E+06  4.3425E+05  4.1033E+05
0000615   7.5657E+05  5.3842E+05  1.3352E+05
0000616   9.7920E+05 -1.8442E+05 -2.4484E+05
0000617   1.7427E+06 -8.4789E+04 -7.8463E+04
0000618   1.4791E+06 -1.0135E+06  3.8510E+05
0000619   1.0724E+06  2.5707E+05 -2.4447E+05
0000620   1.7444E+06  8.8298E+05  1.8145E+05
0000621   1.6121E+06  2.6787E+05 -1.0331E+05
0000622   1.9141E+06  1.1420E+05  9.9083E+04
0000623   1.4887E+06 -2.2218E+05  4.5256E+05
0000624   4.9978E+05 -4.6972E+04  5.7444E+04
0000625   1.8876E+06 -2.5051E+05 -3.5937E+05
0000626   1.7008E+06 -3.3078E+04 -2.0411E+05
0000627   1.3543E+06 -3.5782E+05  5.8156E+05
0000628   1.8713E+06  1.2309E+05 -1.6881E+05
0000629   1.5807E+06 -2.0567E+03  4.6726E+05
0000630   1.3211E+06  2.3943E+05  2.0522E+05
0000631   1.6809E+06 -1.6410E+05  1.5650E+05
0000632   1.1972E+06 -1.0055E+06 -6.4017E+04
0000633   1.2129E+06  6.2584E+04  8.1877E+05
0000634   1.6458E+06 -5.6585E+05 -1.6933E+05
0000635   1.4618E+06  5.0701E+05 -3.8420E+03
0000636   1.0432E+06  9.0065E+04  1.3912E+05
0000637   1.7044E+06 -3.2949E+04  1.0385E+05
0000638   1.7395E+06 -2.6778E+05  1.8258E+05
0000639   1.5655E+06  7.0489E+05  3.0351E+05
0000640   1.8224E+06 -1.3166E+05 -3.5827E+04
0000641   1.3780E+06 -5.0863E+05 -7.8788E+04
0000642   1.5183E+06  4.3458E+05 -4.1963E+05
0000643   1.4090E+06 -1.1626E+05  1.6460E+05
0000644   1.3175E+06  2.8226E+05  1.4080E+05
0000645   1.9630E+06  5.5022E+05  5.6878E+05
0000646   1.1660E+06 -4.8057E+05  4.3687E+05
0000647   1.7378E+06  5.4365E+05 -2.2648E+04
0000648   2.0101E+06  1.1431E+05 -4.8152E+05
0000649   1.8401E+06 -7.0318E+03  2.4358E+05
0000650   1.8049E+06 -5.0001E+05 -2.9873E+05
0000651   1.6081E+06 -2.7386E+05  3.0418E+05
0000652   1.2165E+06  5.1503E+05 -2.8965E+05
0000653   1.4053E+06  6.9363E+05 -4.6883E+05
0000654   1.7439E+06  6.9720E+05  5.8840E+04
0000655   2.2508E+06 -2.7099E+05  3.2422E+05
0000656   2.1294E+06 -3.9838E+05 -1.1312E+05
0000657   1.6463E+06 -2.2291E+05 -4.5099E+05
0000658   3.2439E+05 -4.8888E+05 -8.6028E+04
0000659   1.6992E+06 -2.6541E+05  3.0500E+05
0000660   1.1549E+06 -9.1836E+05 -5.1847E+05
0000661   1.4998E+06 -4.6099E+05 -1.2530E+05
0000662   1.6849E+06  4.9479E+05  1.3510E+05
0000663   1.0137E+06  5.0841E+03 -7.0111E+04
0000664   1.7032E+06  1.2300E+05  1.4004E+05
0000665   1.3668E+06  1.0333E+06  5.6165E+05
0000666   1.8922E+06  2.3567E+05  3.1370E+04
0000667   1.5764E+06 -2.4434E+05  1.8461E+05
0000668   1.6413E+06  2.6423E+05  5.3980E+05
0000669   1.8010E+06  8.1008E+02 -3.5222E+05
0000670   2.2742E+06  1.7321E+05  3.7056E+05
0000671   1.8523E+06  6.8938E+04 -1.7472E+05
0000672   1.2723E+06 -1.5508E+05 -1.6333E+05
0000673   2.1216E+06  1.1893E+05 -1.4080E+05
0000674   1.5694E+06  3.4133E+05  9.0576E+04
0000675   1.4937E+06  1.2212E+05 -9.6171E+04
0000676   1.1615E+06  4.9628E+05  3.7223E+05
0000677   1.4986E+06 -1.5631E+04  3.0458E+05
0000678   1.9673E+06  3.9274E+05 -2.0680E+05
0000679   1.7347E+06 -2.2707E+05 -1.3210E+04
0000680   1.6647E+06  1.1460E+05 -3.5138E+05
0000681   1.7495E+06 -1.7179E+04  5.0741E+05
0000682   1.6508E+06 -2.1698E+05  1.7832E+05
0000683   1.6235E+06 -2.9065E+05  6.0236E+05
0000684   1.7782E+06  3.8384E+05 -3.9499E+05
0000685   1.2992E+06  2.7340E+05  9.4622E+05
0000686   1.3904E+06 -1.5188E+05 -2.5133E+05
0000687   2.0084E+06 -7.3235E+05 -4.3781E+05
0000688   1.6025E+06 -3.4291E+05 -3.1725E+05
0000689   9.3003E+05  8.4717E+05  2.4330E+05
0000690   1.5712E+06 -4.1303E+05 -4.9555E+05
0000691   1.6513E+06 -4.4283E+05 -1.3541E+05
0000692   7.4193E+05  7.7049E+05  5.5717E+05
0000693   1.2906E+06  5.3078E+05 -5.1708E+05
0000694   1.2467E+06 -7.1737E+05  4.1224E+05
0000695   1.0763E+06 -6.8893E+05  2.7048E+05
0000696   1.4910E+06 -1.3350E+05 -1.7445E+05
0000697   1.7029E+06  6.5371E+05  2.8994E+05
0000698   1.3510E+06 -4.3625E+05  3.7389E+05
0000699   1.7291E+06 -1.5521E+05 -5.9806E+04
0000700   1.7936E+06  3.8143E+05  3.3129E+05
0000701   1.6827E+06  1.3764E+05  2.6661E+05
0000702   1.6102E+06 -4.7925E+04 -8.4586E+05
0000703   1.8573E+06  1.0399E+03 -4.6288E+05
0000704   1.2882E+06 -9.9675E+04 -5.2662E+05
0000705   1.5287E+06 -2.3230E+05 -8.3522E+03
0000706   1.6404E+06  5.8577E+05 -3.1619E+05
0000707   1.4855E+06 -6.9524E+05  2.7677E+05
0000708   1.2515E+06  3.9484E+05  2.2158E+05
0000709   1.7772E+06  3.0908E+05  7.9284E+05
0000710   1.5109E+06 -1.1431E+05 -4.4681E+04
0000711   1.8798E+06  1.5446E+05 -1.8961E+05
0000712   8.8135E+05 -2.5529E+05  1.5774E+05
0000713   1.3868E+06 -3.0454E+04 -3.1332E+04
0000714   1.5478E+06 -6.4875E+04 -7.6039E+05
0000715   1.6908E+06 -6.5226E+05  2.4364E+05
0000716   1.4978E+06  5.8603E+05  7.1214E+05
0000717   1.5789E+06  1.4279E+04 -1.6900E+05
0000718   1.8530E+06  2.3249E+05  2.3184E+05
0000719   1.8125E+06 -3.3479E+05 -3.4590E+05
0000720   1.1205E+06 -4.7463E+04 -1.7839E+05
0000721   1.6156E+06 -4.9351E+05 -7.1323E+05
0000722   1.3602E+06  3.8488E+05  1.5462E+05
0000723   1.8368E+06 -6.7207E+04  1.4741E+05
0000724   1.8936E+06 -3.2181E+05 -5.1930E+04
0000725   2.1479E+06 -1.8556E+04  4.0008E+05
0000726   9.8549E+05 -6.2263E+04  9.8124E+04
0000727   1.6971E+06  7.1909E+05  3.6358E+05
0000728   1.6506E+06  3.7023E+05  2.2549E+05
0000729   2.3192E+06  5.8271E+05  4.0898E+04
0000730   2.1266E+06 -5.0546E+04 -1.2089E+05
0000731   1.7963E+06  6.4510E+04 -8.1167E+03
0000732   2.0651E+06  1.5871E+04 -6.2952E+05
0000733   2.1136E+06 -6.2897E+05  2.2779E+05
0000734   1.2351E+06  2.4937E+04 -9.8397E+04
0000735   1.5086E+06 -2.6494E+05  4.9846E+05
0000736   1.7411E+06 -4.2047E+05  9.9357E+04
0000737   1.8331E+06  2.8073E+05 -2.3962E+05
0000738   1.6276E+06  3.4944E+05  6.8453E+05
0000739   1.4442E+06 -5.7109E+04  4.8676E+05
0000740   1.2528E+06  2.7337E+05 -1.7227E+05
0000741   1.8825E+06  9.3785E+03 -6.9132E+05
0000742   2.0858E+06 -2.6016E+05  2.3846E+05
0000743   1.7078E+06  4.2166E+04 -4.3727E+05
0000744   1.0593E+06 -4.1858E+05  6.1728E+05
0000745   1.2976E+06  8.1047E+05 -5.6996E+05
0000746   1.9538E+06  4.1995E+05 -7.2024E+05
0000747   1.2565E+06  2.8671E+05 -4.3189E+05
0000748   1.8729E+06 -1.6105E+05  2.0851E+05
0000749   1.5835E+06  3.3476E+05 -3.5487E+05
0000750   1.7774E+06  6.7939E+05  3.4769E+05
0000751   2.0465E+06 -5.3244E+05  1.8261E+05
0000752   2.1458E+06  3.3924E+04  3.5837E+05
0000753   1.7820E+06  1.1549E+05  2.1091E+05
0000754   1.4487E+06  8.1453E+05  1.3796E+05
0000755   1.5618E+06  3.7845E+05 -1.1603E+05
0000756   1.0071E+05 -1.4373E+04 -5.2274E+04
0000757   1.6775E+06  2.4877E+05 -2.9737E+05
0000758   1.8894E+06 -5.5526E+05 -4.9627E+05
0000759   2.0962E+06 -1.4314E+05  2.0578E+05
0000760   1.5933E+06 -6.4736E+05  1.9382E+05
0000761   1.6500E+06 -6.3412E+05 -1.7057E+05
0000762   9.8921E+05  5.4838E+05  2.6368E+05
0000763   1.3191E+06 -1.5655E+05 -9.8720E+04
0000764   2.0591E+06  2.2072E+05 -1.4912E+05
0000765   1.1836E+06  1.0778E+06 -4.4163E+03
0000766   1.4034E+06 -9.2075E+05 -3.5357E+05
0000767   1.5155E+06  3.5311E+05  3.5327E+04
0000768   8.5330E+05 -2.4671E+05  2.5486E+05
0000769   1.9341E+06  1.8137E+05  1.4283E+04
0000770   1.9146E+06 -4.7513E+05 -3.6290E+05
0000771   7.6851E+05 -5.7409E+05  1.2472E+05
0000772   1.5823E+06  8.1012E+05  1.7286E+05
0000773   2.2518E+06  2.4064E+05  1.1182E+05
0000774   1.0912E+06  1.6167E+05 -1.4355E+05
0000775   1.7499E+06  1.1764E+05 -5.0868E+05
0000776   1.6546E+06 -1.1883E+06 -9.7055E+04
0000777   1.8596E+06  4.4128E+04 -2.9402E+04
0000778   1.4686E+06 -2.5481E+05 -2.6808E+05
0000779   1.5846E+06 -2.8069E+04  3.8868E+05
0000780   1.0105E+06 -5.2928E+04 -2.2021E+05
0000781   1.8180E+06 -3.2252E+05 -1.1427E+05
0000782   2.0660E+06 -3.7300E+05  1.1239E+05
0000783   1.5321E+06  7.5030E+04 -3.9075E+05
0000784   1.8197E+06 -1.6826E+05 -8.2984E+05
0000785   1.4887E+06 -3.2172E+05  5.0025E+05
0000786   2.0493E+06 -1.0076E+05 -3.7740E+05
0000787   1.6888E+06 -4.6607E+05 -1.6728E+05
0000788   1.9427E+06  4.5915E+04  2.9597E+05
0000789   1.4852E+06 -2.9565E+05  1.0336E+05
0000790   1.5876E+06 -2.1404E+05  3.1091E+05
0000791   1.8596E+06  2.0337E+05 -2.4837E+05
0000792   1.6002E+06 -4.6149E+05  2.2047E+05
0000793   8.1159E+05 -2.8657E+05 -2.4076E+05
0000794   1.8063E+06 -5.2636E+05  3.9914E+04
0000795   1.2882E+06 -9.3454E+04 -3.4907E+05
0000796   1.6137E+06  1.7525E+05 -3.4976E+05
0000797   1.6173E+06  1.0374E+05  1.7483E+04
0000798   1.4751E+06  3.4178E+05  2.4605E+05
0000799   1.7486E+06  1.7640E+05  1.5130E+05
0000800   1.8857E+06 -8.3030E+04  2.5975E+05
0000801   1.9707E+06 -4.3120E+05 -9.3477E+04
0000802   1.5332E+06  1.0342E+06  3.2418E+05
0000803   1.7002E+06 -1.7787E+05  1.7963E+05
0000804   2.0395E+06  1.4918E+05 -7.5173E+05
0000805   8.6370E+05  1.8306E+05  5.7997E+05
0000806   1.7753E+06 -3.2506E+05  4.1152E+05
0000807   9.0177E+05  6.7173E+05  4.9085E+05
0000808   8.3838E+05  7.3805E+04  9.8226E+04
0000809   8.5673E+05  6.9999E+05 -4.1985E+05
0000810   1.8719E+06 -2.1853E+05  4.4110E+05
0000811   1.6020E+06  4.0273E+05 -8.4924E+04
0000812   1.6152E+06 -2.0580E+05 -7.5539E+04
0000813   2.1372E+06 -3.5173E+05 -3.2530E+05
0000814   1.6477E+06 -1.5718E+05 -5.3296E+05
0000815   1.5948E+06 -2.8469E+05 -4.2301E+05
0000816   1.5342E+06 -4.6786E+05  6.2890E+04
0000817   1.1764E+06 -2.7105E+04  2.7633E+05
0000818   1.6511E+06  2.8928E+05  5.6417E+05
0000819   1.1368E+06  1.6057E+05 -4.7683E+05
0000820   2.1851E+06  6.5011E+04  2.2848E+05
0000821   2.0436E+06  1.0162E+05 -3.7085E+05
0000822   1.0415E+06  5.7569E+04  6.5890E+04
0000823   1.4278E+06  6.6969E+05 -8.5671E+04
0000824   1.8332E+06  1.6415E+05 -3.7875E+05
0000825   1.3785E+06  7.4878E+05 -3.0738E+04
0000826   1.3943E+06 -1.7392E+04  8.6796E+05
0000827   1.6894E+06  2.6702E+05 -1.3021E+05
0000828   1.7069E+06  4.5296E+05  1.7170E+05
0000829   1.6634E+06  1.0034E+06  2.6649E+05
0000830   1.8536E+06 -5.6932E+04  6.0759E+05
0000831   1.8250E+06  2.1791E+05  3.7842E+05
0000832   2.3438E+06 -3.7057E+05 -9.3818E+04
0000833   1.8685E+06 -3.4380E+05  3.5636E+05
0000834   1.7137E+06  2.9441E+05 -2.2688E+04
0000835   2.0312E+06 -1.4628E+05  6.1534E+05
0000836   1.4927E+06 -2.3698E+05  3.6737E+05
0000837   7.6971E+05 -3.7693E+05 -1.3333E+05
0000838   1.4171E+06  7.6040E+05  4.0317E+05
0000839   1.2135E+06  1.5723E+05  6.8663E+04
0000840   1.5158E+06  5.1539E+05 -2.9484E+05
0000841   1.7709E+06 -1.1414E+05  5.9290E+04
0000842   2.0897E+06  2.8741E+05 -1.3086E+05
0000843   1.7552E+06  7.3188E+04 -6.8876E+05
0000844   1.6856E+06 -7.0194E+05 -3.9104E+05
0000845   1.4196E+06  3.7000E+05 -5.0820E+03
0000846   1.7843E+06 -3.5814E+05 -3.5945E+05
0000847   1.8048E+06 -9.0837E+04  5.0626E+05
0000848   7.2313E+05 -1.7822E+05  3.1208E+03
0000849   1.5554E+06 -4.3952E+05  8.7509E+04
0000850   1.1747E+06 -6.3041E+05 -3.5148E+04
0000851   1.7132E+06  1.5279E+05  9.0066E+03
0000852   1.4113E+06 -8.5393E+05 -1.6475E+05
0000853   1.8383E+06 -2.8938E+05  3.8587E+04
0000854   1.8222E+06  1.0238E+05  2.5407E+05
0000855   1.5476E+06 -2.6601E+04  9.2629E+04
0000856   8.4980E+05  4.9413E+05 -2.3966E+05
0000857   1.6451E+06  9.7343E+04 -8.7548E+05
0000858   1.5738E+06 -1.9900E+05  7.1156E+05
0000859   1.9194E+06 -5.4830E+05  5.9502E+05
0000860   1.6754E+06 -2.5770E+05 -4.0907E+05
0000861   1.3142E+06 -3.4068E+05  4.4770E+05
0000862   1.2780E+06  2.4730E+05 -5.1278E+05
0000863   2.1271E+06 -3.7865E+04  1.1992E+05
0000864   1.9667E+06 -1.6034E+05 -9.0141E+05
0000865   1.8274E+06 -4.5900E+05  3.6769E+04
0000866   1.9690E+06  3.9196E+05 -2.8169E+05
0000867   2.0649E+06  7.3528E+04  2.2380E+05
0000868   1.3577E+06  5.3767E+05 -3.5349E+04
0000869   1.4666E+06 -9.4450E+04 -4.2822E+04
0000870   1.7460E+06  1.0881E+05 -1.7861E+05
0000871   1.6247E+06 -1.7186E+05 -3.8472E+05
0000872   8.8042E+05 -1.6800E+05  4.2198E+05
0000873   1.9045E+06 -3.2812E+05  5.1957E+05
0000874   8.5450E+05 -3.4060E+05  2.3229E+05
0000875   1.7106E+06  1.4585E+05  6.9351E+05
0000876   1.6392E+06 -1.3919E+05 -2.1256E+05
0000877   1.2591E+06  3.2428E+05 -5.2994E+05
0000878   1.3883E+06  3.2039E+05  1.6112E+05
0000879   1.7341E+06 -5.4036E+05  2.5909E+05
0000880   7.2752E+05  1.4901E+05  2.7722E+03
0000881   1.4998E+06 -1.8096E+05 -4.7786E+05
0000882   1.8938E+06 -3.6425E+05 -7.7111E+04
0000883   1.8635E+06  8.9522E+04  4.5050E+05
0000884   1.3211E+06  4.0693E+05  1.5806E+05
0000885   7.7274E+05 -1.4325E+05 -1.0837E+06
0000886   1.4981E+06 -4.4050E+04 -6.3251E+05
0000887   1.5751E+06 -2.4203E+05 -3.6848E+05
0000888   2.2167E+06  1.6301E+05 -3.8418E+05
0000889   1.3518E+06  2.3880E+05  3.1498E+05
0000890   1.1051E+06 -3.2853E+05  4.9174E+05
0000891   1.6047E+06  2.9708E+05  8.1651E+05
0000892   1.4232E+06 -2.5972E+04 -4.5842E+05
0000893   1.7039E+06  4.6728E+05 -2.9323E+05
0000894   1.6515E+06  1.3157E+05  8.8564E+05
0000895   1.7407E+06  7.3231E+04  4.7680E+05
0000896   1.7383E+06 -1.2160E+06  1.6713E+05
0000897   1.1446E+06 -1.6457E+05  2.1721E+05
0000898   2.0043E+06  6.2616E+04 -3.2084E+04
0000899   1.4632E+06 -5.6784E+05  1.3979E+05
0000900   2.0518E+06  1.0976E+05  1.5331E+05
0000901   1.9372E+06 -5.8766E+04  1.5665E+05
0000902   1.4491E+06 -5.2400E+05  8.0950E+05
0000903   1.6407E+06  6.4903E+04  5.7590E+04
0000904   1.4793E+06  1.7380E+05  3.6817E+05
0000905   1.8662E+06  2.9242E+04 -3.0408E+05
0000906   1.1196E+06 -1.3485E+05  2.2227E+05
0000907   1.0237E+06 -1.4909E+05 -9.7647E+05
0000908   1.6634E+06  3.3624E+05 -1.2434E+05
0000909   1.2021E+06  1.0973E+05 -6.9102E+04
0000910   1.1942E+06  2.4440E+05  3.6154E+05
0000911   1.8682E+06 -2.3364E+04  2.7902E+05
0000912   1.7170E+06 -3.2106E+05 -5.4494E+05
0000913   1.4447E+06 -1.4669E+04  4.9955E+05
0000914   1.8697E+06 -2.6269E+05 -2.1952E+05
0000915   1.0174E+06 -3.7541E+05 -1.3132E+05
0000916   1.5877E+06  4.3818E+05 -4.3092E+05
0000917   1.5701E+06  3.1825E+05 -4.2228E+05
0000918   1.5398E+06 -4.9456E+05 -9.5403E+05
0000919   1.0628E+06  1.7111E+05 -2.6618E+04
0000920   1.7311E+06  3.3315E+05 -2.7647E+05
0000921   1.0211E+06  5.1640E+05 -1.4169E+05
0000922   7.3658E+05 -1.8615E+05  2.4654E+05
0000923   1.5949E+06  3.0850E+05 -4.0455E+05
0000924   1.4743E+06  4.8734E+05  8.6739E+05
0000925   1.0587E+06 -9.6622E+04  1.6559E+04
0000926   1.7326E+06  4.6015E+05  1.7298E+05
0000927   1.5016E+06 -1.3422E+05  2.6997E+05
0000928   1.9689E+06  1.8722E+05 -8.3428E+04
0000929   1.3177E+06  3.2601E+05  6.0380E+04
0000930   2.3010E+06 -3.2146E+05 -4.0281E+05
0000931   1.6044E+06 -2.2539E+05  2.8888E+05
0000932   1.5582E+06  1.6071E+05 -3.5851E+05
0000933   1.7046E+06 -1.4175E+04 -1.0262E+05
0000934   1.7511E+06 -4.6303E+05  2.8952E+05
0000935   1.8442E+06 -3.3700E+05 -4.9665E+03
0000936   1.5585E+06  2.7140E+05  9.1601E+04
0000937   1.9266E+06 -1.7851E+05 -3.1226E+05
0000938   1.0478E+06  1.4108E+05 -2.7593E+05
0000939   2.0361E+06  4.0603E+05  3.6058E+05
0000940   1.8041E+06 -2.5447E+05  6.8457E+05
0000941   1.7703E+06 -3.9166E+05 -8.6316E+04
0000942   1.8993E+06  3.7705E+05  3.4975E+05
0000943   1.9417E+06 -3.8996E+03 -5.0763E+05
0000944   1.3014E+06  3.9084E+05  4.3934E+05
0000945   1.7506E+06 -1.5027E+05  2.9081E+05
0000946   1.5568E+06  5.3435E+05  4.9205E+05
0000947   1.4088E+06 -2.0845E+05  8.0514E+04
0000948   1.5948E+06  7.8766E+05  6.7893E+04
0000949   1.5213E+06  6.4531E+05  5.2592E+05
0000950   1.7340E+06  1.5363E+05  2.7709E+05
0000951   1.4841E+06  2.9076E+05  4.3820E+05
0000952   2.0264E+06 -4.7337E+05  4.2648E+04
0000953   1.7900E+06  4.9764E+05 -2.8165E+05
0000954   1.8719E+06  8.8462E+04 -6.3393E+05
0000955   1.3401E+06 -1.8618E+05 -3.7515E+04
0000956   1.6283E+06  4.4920E+04 -1.6197E+05
0000957   1.3413E+06  8.4691E+05 -2.5646E+05
0000958   1.9283E+06 -2.6614E+05  6.2011E+05
0000959   6.9190E+05 -1.4125E+05 -5.3233E+05
0000960   1.1942E+06  5.7068E+05  4.0283E+05
0000961   1.9450E+06 -2.4329E+05 -2.7658E+03
0000962   1.6333E+06 -4.8738E+05  1.0828E+05
0000963   1.7093E+06 -4.6281E+05 -2.9337E+05
0000964   1.2549E+06  1.5297E+05  2.8877E+05
0000965   1.0792E+06  7.6230E+05  1.3738E+05
0000966   1.5216E+06 -5.9584E+04 -1.0480E+05
0000967   8.1888E+05 -7.2195E+05  4.5676E+05
0000968   1.7507E+06  3.0506E+05 -2.7112E+05
0000969   2.0027E+06  2.7203E+05  1.8380E+04
0000970   9.0156E+05 -2.2085E+05 -5.2068E+03
0000971   8.5768E+05  2.0937E+05  3.3733E+05
0000972   2.1372E+06 -3.2346E+05 -4.6012E+05
0000973   1.5314E+06 -2.8597E+05 -5.2618E+05
0000974   1.3567E+06  6.4787E+05 -1.6256E+05
0000975   1.4352E+06 -2.0955E+05 -1.3306E+05
0000976   1.5663E+06  2.6342E+05  7.1508E+05
0000977   1.9322E+06 -2.1927E+05  6.8337E+05
0000978   1.3617E+06 -7.5171E+05 -1.8564E+05
0000979   6.7972E+05 -6.4618E+04 -2.1137E+05
0000980   1.4444E+06 -3.7780E+05 -3.2678E+05
0000981   1.4263E+06 -5.7739E+04  3.4731E+04
0000982   2.0544E+06  2.8999E+05 -4.1066E+05
0000983   1.6661E+06  1.1257E+05  3.9126E+03
0000984   1.7812E+06 -8.0880E+05 -4.5262E+05
0000985   1.5101E+06 -3.7762E+05  1.4023E+05
0000986   1.6133E+06  1.9501E+05  4.3557E+05
0000987   1.5223E+06 -3.1516E+05 -5.9012E+05
0000988   1.4486E+06  7.5591E+04 -6.0174E+05
0000989   1.3184E+06 -5.2337E+05 -8.0565E+05
0000990   2.2178E+06 -1.4840E+05  6.8163E+05
0000991   1.2683E+06 -5.8801E+05 -4.1002E+05
0000992   1.4365E+06 -7.3569E+05  4.5540E+05
0000993   1.1791E+06  5.2618E+05  8.3488E+05
0000994   9.3333E+05  5.1716E+05  4.9403E+05
0000995   1.4859E+06  2.9907E+05  3.7452E+05
0000996   1.4174E+06 -2.2236E+05 -1.9705E+05
0000997   2.0448E+06  7.5805E+04  1.4725E+05
0000998   9.0782E+05 -5.2094E+05  6.3636E+05
0000999   1.3376E+06  2.8912E+05 -3.7658E+05
0001000   1.2773E+06  8.8734E+04 -2.8878E+05
