============================== SRIM-2013.00 ==============================
==============================================================================
====== SRIM Outputs\RANGE_3D.txt : File of Final Ion Positions =====

Ion = Ar (18)   Ion Mass= 039.9620
Energy  = 1325711.E-05 keV
Ion Angle to Surface = 00.0 degrees
==================== TARGET =======================
  Layer # 1 - Layer 1
  Layer # 1 - Bottom Depth=500000.E+02 A
  Layer # 1 - Density =0000.0178 g/cm3
  Layer # 1 -  100 % of Ar
様様様様様様様様様様様様様様様様様様様様様様様様様様
                                            
Ion       Depth  X   Lateral Y   Lateral Z  
Number    (Angstrom) (Angstrom)  (Angstrom) 
-------  ----------- ----------- -----------
0000001   2.1504E+04 -3.9518E+04 -1.4276E+04
0000002   2.9861E+04 -9.5271E+03 -3.4192E+03
0000003   2.1983E+04 -7.4117E+03  2.4483E+02
0000004   3.7396E+04  1.2474E+03  3.1345E+03
0000005   2.4445E+04  5.5108E+03  1.8652E+04
0000006   3.6850E+04  3.7151E+03 -2.6137E+04
0000007   1.5750E+04 -1.4804E+04 -1.8495E+04
0000008   1.7768E+04  2.5993E+01  1.3012E+04
0000009   3.5387E+04 -8.8189E+03  6.2009E+02
0000010   4.7571E+04  5.0695E+03 -1.0792E+04
0000011   2.9252E+04 -1.1412E+04  9.8998E+03
0000012   5.6683E+04  9.1003E+03 -1.4407E+04
0000013   2.8572E+04  3.3502E+03 -2.1274E+04
0000014   4.6872E+04 -1.2315E+04 -8.5721E+03
0000015   7.6681E+04 -5.1528E+03 -1.1367E+04
0000016   1.5740E+04 -2.6481E+03 -2.7718E+03
0000017   4.8504E+04  2.0475E+04  2.3628E+04
0000018   5.7660E+04 -1.5427E+04  4.7837E+04
0000019   4.0838E+04  5.6516E+03 -3.1468E+03
0000020   2.1238E+04  8.1892E+02  1.8429E+03
0000021   1.7749E+04 -2.1801E+04  1.4609E+04
0000022   6.7663E+04 -4.2399E+03 -3.2016E+02
0000023   2.8708E+04 -1.9590E+04 -2.5197E+04
0000024   2.4665E+04  5.0624E+03  1.9037E+04
0000025   3.6279E+04  1.7815E+04  2.9230E+04
0000026   3.6467E+04  2.2760E+04  1.3590E+04
0000027   3.8153E+04  1.2336E+04 -7.9744E+03
0000028   2.0739E+04  2.3949E+03  1.2720E+04
0000029   3.1425E+04  1.0127E+04 -8.6181E+03
0000030   2.3866E+04  1.0886E+03  3.6648E+02
0000031   2.0175E+04  1.1275E+04 -4.0183E+03
0000032   4.3579E+04  7.1664E+03  3.5951E+01
0000033   5.0974E+04  1.6584E+04 -6.7516E+03
0000034   1.9808E+04 -2.0286E+04 -6.7746E+03
0000035   4.5700E+04  1.1850E+04  3.0287E+04
0000036   4.2081E+04 -9.4981E+03 -5.7446E+03
0000037   2.7125E+04 -4.1456E+03  6.9811E+03
0000038   4.2418E+04  8.4273E+03 -7.5632E+03
0000039   3.5039E+04  2.3652E+04 -8.4919E+03
0000040   5.2078E+04 -1.8030E+04  2.2366E+04
0000041   7.1278E+04  1.0143E+04  1.1579E+04
0000042   4.1866E+03  2.5973E+03 -2.8496E+03
0000043   2.8757E+04 -3.0384E+03 -7.3656E+03
0000044   3.0330E+04  6.2300E+03  3.2050E+04
0000045   2.7293E+04 -8.5442E+03 -1.4837E+04
0000046   2.3029E+04  1.8357E+04  5.8081E+03
0000047   5.2419E+04  1.3028E+04 -1.6332E+04
0000048   1.8796E+04 -1.1442E+03 -3.6986E+02
0000049   1.8982E+04 -1.8060E+04  1.9396E+03
0000050   3.4040E+04 -8.5013E+03 -2.8511E+03
0000051   2.1706E+04 -1.9659E+04 -3.1027E+04
0000052   2.0453E+04 -2.1703E+02 -2.0038E+03
0000053   3.8289E+04 -2.9557E+04 -1.3830E+04
0000054   3.6685E+04  2.3973E+04 -2.2025E+04
0000055   2.8546E+04  2.0375E+02 -7.4269E+03
0000056   3.4477E+04 -1.8534E+04 -9.5683E+02
0000057   6.6098E+04  1.0957E+04  1.5290E+04
0000058   2.3179E+04  1.5546E+04  9.0544E+03
0000059   1.9137E+04 -2.6960E+04  4.8779E+03
0000060   4.1708E+04  9.5547E+03  1.7431E+04
0000061   3.5260E+04  1.3038E+03  1.0922E+04
0000062   5.4899E+04  9.5700E+03 -3.0364E+04
0000063   2.1652E+04 -1.7865E+04  2.7703E+03
0000064   2.8702E+04  3.8931E+03  2.3598E+03
0000065   1.0245E+04  1.1738E+04 -1.6449E+04
0000066   2.3698E+04 -2.4451E+03 -2.9723E+04
0000067   2.7018E+04 -3.5521E+03 -1.0966E+04
0000068   4.4162E+04  5.0804E+03 -7.4046E+03
0000069   4.1271E+04 -7.8678E+03  1.3377E+03
0000070   4.5527E+04 -2.4869E+04 -8.8744E+03
0000071   2.1643E+03 -4.5570E+02  1.1166E+03
0000072   9.8538E+03 -4.0175E+03  4.1157E+03
0000073   2.7771E+04 -1.3177E+04  4.4213E+03
0000074   2.6818E+04  2.3156E+04  1.6571E+04
0000075   3.8526E+04 -1.7308E+04 -2.5105E+03
0000076   5.5627E+04  7.5095E+03 -2.1618E+03
0000077   2.6154E+04  5.0562E+03  1.3429E+04
0000078   3.4503E+04 -8.9264E+03 -1.1309E+04
0000079   2.5991E+04 -1.0243E+04  1.4746E+04
0000080   2.9900E+04 -6.4183E+03 -1.4873E+04
0000081   4.1049E+04 -1.6844E+04  1.9733E+04
0000083   2.1665E+04  1.1182E+04 -3.1408E+03
0000084   5.3730E+04 -1.7403E+03 -2.9713E+04
0000085   3.6856E+04  5.0843E+04 -3.1007E+03
0000086   4.1621E+04 -1.7081E+04 -1.5478E+04
0000087   2.1937E+04 -1.0470E+04 -7.9092E+00
0000088   1.5269E+04  1.1358E+04  2.7679E+04
0000089   2.8401E+04  2.8592E+03  3.2111E+04
0000090   1.2082E+04  1.8934E+03  2.8117E+03
0000091   1.8419E+04  5.2373E+01 -6.2609E+01
0000092   4.2552E+04  5.2604E+03 -1.5389E+04
0000093   2.6088E+04  1.2446E+04  3.0847E+03
0000094   4.8344E+04  1.2451E+04 -1.8125E+04
0000095   2.9656E+04 -1.7510E+04 -9.0123E+02
0000096   1.3045E+04 -8.4839E+02 -1.1997E+04
0000097   4.1952E+04  2.0686E+04 -1.6247E+04
0000098   6.3253E+04  1.8705E+03  4.7842E+03
0000099   6.3221E+04 -2.9185E+04 -1.5270E+04
0000100   1.5942E+04 -1.5448E+04  1.2270E+04
0000101   4.6933E+04 -1.7977E+04  1.3087E+04
0000102   5.2611E+04  1.5058E+04 -1.2856E+04
0000103   2.2398E+04 -1.8112E+04  2.1121E+04
0000104   3.3713E+04 -1.2147E+03 -9.7317E+03
0000106   1.7744E+04 -2.1797E+03  3.5065E+02
0000107   2.7088E+04 -5.1911E+03  1.2708E+03
0000108   3.3603E+04  1.3007E+04 -2.2420E+03
0000109   3.4297E+04 -1.9929E+04 -3.1436E+03
0000110   3.2639E+04  1.1930E+04 -7.8861E+03
0000111   3.0594E+04  2.5248E+03  5.6508E+03
0000112   4.3887E+04 -3.2269E+04  7.5946E+03
0000113   6.5711E+04  1.8151E+04 -4.6189E+03
0000114   2.4905E+04 -3.5972E+03  4.7009E+02
0000115   4.0227E+04 -1.4383E+04 -2.8864E+04
0000116   3.8460E+04  6.9422E+03  1.6736E+04
0000117   5.4313E+04 -3.6133E+03 -2.0498E+04
0000118   2.8128E+04 -2.7010E+03 -7.4006E+03
0000119   1.5075E+04 -1.8775E+03 -1.7453E+04
0000120   4.6081E+04  1.6586E+04  6.1551E+03
0000121   4.1659E+04  1.1103E+04  6.5268E+03
0000122   1.4355E+04 -2.9122E+03 -4.7614E+02
0000123   3.5642E+04 -2.7921E+04 -1.1144E+04
0000124   2.5041E+04 -1.2647E+04 -2.7818E+04
0000125   2.6273E+04 -2.7746E+03  1.8778E+04
0000126   5.5444E+04  2.8623E+03  2.5440E+04
0000127   3.3357E+04  6.2305E+03  5.1753E+03
0000128   7.0135E+02 -2.3972E+03 -1.6331E+04
0000129   6.4947E+04  1.5202E+04  1.1510E+04
0000130   4.3309E+04 -6.0993E+02 -1.3223E+04
0000131   5.9976E+04 -3.7020E+04 -3.1074E+04
0000132   2.7822E+04 -8.4225E+02  1.6913E+04
0000133   3.7244E+04 -1.8707E+04 -1.1704E+04
0000134   5.6609E+03 -3.6631E+04  2.0769E+04
0000135   5.6865E+04  1.2534E+04 -1.3309E+04
0000136   2.4169E+04  1.2098E+04  8.2443E+03
0000137   2.5827E+04  1.5591E+04  6.6688E+03
0000138   3.3043E+04  1.6522E+04 -8.9267E+03
0000139   3.8485E+04  1.3689E+03 -9.0733E+03
0000140   3.3050E+04  1.6491E+04 -1.1130E+04
0000141   3.3965E+04 -3.0272E+04  5.7496E+03
0000142   2.6094E+04 -5.4318E+03 -1.4042E+04
0000143   2.3941E+04 -2.2478E+04 -6.8479E+03
0000144   1.2275E+04 -9.5475E+03  1.6471E+03
0000145   1.1504E+04 -1.1878E+04 -1.2047E+04
0000146   3.3155E+04 -4.3572E+03 -1.1193E+04
0000147   1.7400E+04  1.2573E+04  5.5493E+03
0000148   2.6153E+04 -2.3391E+04 -1.3974E+04
0000149   5.6131E+04  1.8248E+04  3.8740E+03
0000150   1.1595E+04  6.6178E+03 -4.8596E+03
0000151   4.9484E+04  4.3269E+03  1.4658E+04
0000152   2.6055E+04  2.5942E+04 -7.1448E+03
0000153   2.8731E+04 -1.1639E+03  3.2523E+03
0000154   5.0689E+04 -4.0350E+03  6.3615E+03
0000155   2.7629E+04  1.6009E+04  1.5980E+02
0000156   2.9478E+04 -1.3044E+04 -5.5735E+02
0000157   2.4839E+04  1.1079E+04  1.1653E+04
0000158   4.3998E+04  1.8808E+04 -1.5987E+03
0000159   3.0529E+04 -9.2555E+03  3.7575E+03
0000160   3.5992E+04  2.6009E+04  1.1526E+04
0000161   4.2513E+04 -4.1172E+03  9.4772E+03
0000162   2.7388E+04 -6.9262E+03  6.9727E+03
0000163   2.1449E+04 -1.3280E+04 -1.8887E+04
0000164   2.3817E+04  7.1334E+03 -2.3407E+03
0000165   1.7368E+04  1.8384E+03 -6.4881E+03
0000166   8.1974E+03  1.2545E+04  5.5164E+03
0000167   2.7313E+04  5.1230E+03 -9.4061E+03
0000168   4.9793E+04 -3.0634E+04  1.9871E+03
0000169   2.8260E+04 -2.6978E+04 -2.3585E+04
0000170   2.2435E+04  3.7010E+03 -3.5788E+04
0000171   2.8560E+04  2.2968E+04 -8.6574E+03
0000172   1.8639E+04  5.5097E+03  6.6828E+03
0000173   3.7673E+04  1.8833E+04  2.0848E+03
0000174   3.3468E+04  4.6452E+03 -2.2313E+03
0000175   9.6109E+03  1.0015E+04  4.9647E+03
0000176   3.6364E+04  1.1514E+04  3.0518E+04
0000177   4.4943E+04  3.6777E+03 -1.7214E+04
0000178   2.0166E+04  3.8085E+03  8.9883E+03
0000179   1.5961E+04 -6.3467E+03  2.6535E+04
0000180   6.2470E+04 -7.8211E+02  3.5030E+03
0000181   2.6253E+04 -1.3574E+04 -5.2190E+03
0000182   3.2655E+04  2.8160E+03 -5.7682E+03
0000183   3.8128E+04  1.4587E+04 -8.7064E+03
0000184   4.0212E+04  4.2130E+03 -7.5093E+03
0000185   4.5329E+04  1.2195E+04  1.0403E+04
0000186   3.4822E+04  2.1498E+04 -1.0423E+03
0000187   4.1822E+04 -6.2009E+03 -9.7348E+03
0000188   5.2114E+04  2.2699E+04 -1.0511E+04
0000189   2.6053E+04  1.7411E+04 -5.2033E+03
0000190   5.9078E+04 -1.6300E+03  1.0185E+04
0000191   1.9188E+04  7.1358E+03 -6.4293E+03
0000192   3.1980E+03 -8.3849E+03  5.0517E+03
0000193   2.9179E+04 -6.0279E+03  2.6562E+04
0000194   2.8314E+04 -1.6085E+04  1.9549E+04
0000195   1.4051E+04 -2.8603E+04 -2.4154E+04
0000196   5.5800E+04  3.1419E+02  1.0482E+04
0000197   2.7945E+04  3.1560E+03 -2.0817E+04
0000198   3.7509E+04 -2.6524E+03  8.7516E+03
0000199   2.3249E+04 -3.8942E+03 -2.3870E+03
0000200   1.0890E+04  3.4710E+03  5.2073E+03
0000201   2.5538E+04 -1.0504E+04 -7.0844E+03
0000202   1.5041E+04  3.3635E+03  2.0794E+03
0000203   3.4790E+04  4.6983E+03  9.2624E+03
0000204   4.1864E+04 -4.5340E+03 -2.7638E+04
0000205   5.2479E+04  1.2499E+03 -9.1050E+03
0000206   2.0796E+04 -2.2701E+03  1.1292E+04
0000207   6.3618E+04  2.2158E+04  2.1687E+03
0000208   2.4109E+04  1.7683E+04  1.9552E+04
0000209   1.5156E+04 -2.1717E+04 -5.5742E+03
0000210   3.5465E+04  5.9385E+03  1.0586E+03
0000211   6.2213E+04  4.1930E+03 -4.1374E+03
0000212   9.1189E+03 -1.8512E+04 -5.3667E+03
0000213   1.0584E+04 -1.6774E+04  7.2523E+03
0000214   2.2781E+04 -3.1522E+03  1.3092E+03
0000215   5.2258E+04 -4.7681E+03  1.1254E+03
0000216   3.1098E+04 -1.8035E+04  3.7389E+03
0000217   1.7407E+04  9.0021E+03 -1.2840E+04
0000218   3.3885E+04 -1.0400E+04 -6.3017E+02
0000219   3.1353E+04 -3.9636E+03  1.8457E+04
0000220   1.7260E+04 -1.4770E+04 -1.0082E+04
0000221   4.1100E+04  1.9576E+02  1.3641E+04
0000222   3.3226E+04 -2.1073E+04 -1.1312E+04
0000223   4.1270E+04  2.0154E+03  1.1296E+04
0000224   5.7426E+04  4.9597E+03 -1.8614E+04
0000225   3.6288E+04  5.5233E+03 -2.0882E+04
0000226   2.3213E+04 -1.4347E+04 -1.2766E+04
0000227   1.1218E+04 -1.8191E+02  1.2204E+04
0000228   4.2718E+04  5.3342E+03  7.4646E+03
0000229   4.9809E+04  7.6957E+03 -7.5157E+03
0000230   5.2268E+04  6.3024E+03 -1.4087E+04
0000231   2.0812E+04  2.4697E+03  1.5498E+03
0000232   2.9269E+04  4.6237E+03  2.5503E+04
0000233   1.4516E+04 -4.8911E+03  1.6559E+04
0000234   2.0189E+04  6.6499E+03 -1.0268E+03
0000235   4.8228E+03 -5.4729E+03 -1.3802E+04
0000236   4.0436E+04 -3.8275E+03 -4.7013E+03
0000237   4.4717E+04 -1.6317E+03 -5.3222E+03
0000238   2.0805E+04 -1.5975E+04 -8.9455E+03
0000239   3.7941E+04  1.9160E+03 -9.0930E+03
0000240   4.7271E+04  2.6676E+03  9.6304E+03
0000241   4.2917E+04  2.2992E+03 -1.0995E+04
0000242   1.8563E+04 -1.4433E+03 -7.4202E+03
0000243   2.4434E+04  4.4749E+03  2.0519E+03
0000244   2.6090E+04 -1.2216E+04  1.5317E+04
0000245   1.0740E+04 -8.4424E+03 -2.7553E+03
0000246   3.4031E+04  8.0614E+03 -6.1838E+03
0000247   5.8341E+04  2.9092E+03  3.0314E+01
0000248   1.5570E+04 -1.0827E+04 -1.4249E+04
0000249   3.3458E+04 -2.7451E+04 -9.6383E+03
0000250   5.6585E+04  7.3610E+03  1.3150E+04
0000251   8.1846E+04 -1.8819E+03 -1.5916E+04
0000252   1.7403E+04 -3.6143E+03  9.2332E+03
0000253   4.2632E+04  1.6880E+04  4.5337E+03
0000254   3.0008E+04 -2.1140E+04 -5.8005E+02
0000255   1.8120E+04  1.2801E+04 -8.6218E+03
0000256   1.9975E+04 -1.9878E+04  3.5094E+02
0000257   3.0394E+03 -1.0365E+03  4.0495E+03
0000258   9.7803E+03  1.3502E+04 -3.7877E+03
0000259   1.3701E+04  3.8751E+03 -9.3545E+03
0000260   3.3022E+04  6.9202E+03  1.9040E+04
0000261   4.1269E+04 -1.8156E+04 -7.2979E+03
0000262   3.0286E+04 -4.0773E+03  1.4129E+04
0000263   5.7927E+04  7.2689E+03 -1.9150E+03
0000264   2.6588E+04  7.4969E+02 -8.6008E+03
0000265   4.3247E+04 -2.3974E+04 -4.5654E+03
0000266   4.1041E+04 -2.1410E+04  1.3048E+04
0000267   2.0687E+04 -4.2889E+03  1.5492E+04
0000268   3.4802E+04 -7.1460E+03 -6.1180E+03
0000269   6.1001E+04 -3.7121E+03  2.6939E+04
0000270   2.4237E+04  5.2623E+03 -6.4054E+03
0000271   2.6343E+04 -2.2389E+03  5.4223E+03
0000272   2.8364E+04  4.4960E+03  6.8560E+03
0000273   3.3601E+03 -1.1463E+04 -2.5282E+04
0000274   5.3385E+04  4.3349E+03 -7.7950E+03
0000275   4.0159E+04 -7.8109E+03 -1.8421E+04
0000276   4.2248E+04 -3.7163E+04  7.6359E+03
0000277   2.6195E+04 -6.1102E+03  3.9267E+03
0000278   3.0571E+04 -1.3426E+04 -1.4610E+04
0000279   4.5513E+04  1.4677E+04  1.3656E+04
0000280   3.0709E+04  1.7017E+04  1.4284E+04
0000281   3.3978E+04  1.0259E+04 -1.9607E+03
0000282   1.4378E+04 -3.6440E+03  1.4029E+04
0000283   2.6160E+04 -9.9253E+03  1.8010E+04
0000284   2.8985E+04 -4.4126E+03  3.0681E+03
0000285   3.5266E+04  1.7658E+04 -9.9682E+03
0000286   3.5028E+04  2.1793E+04  2.2283E+04
0000287   3.1521E+04 -3.2612E+03  1.7469E+04
0000288   2.8957E+04  2.1532E+03 -7.8227E+03
0000289   3.1028E+04  2.3845E+04  6.7783E+03
0000290   3.5410E+04 -6.0805E+03 -2.5567E+04
0000291   2.9033E+04  2.0467E+04 -7.2657E+03
0000292   3.4272E+04  4.3463E+03  8.9350E+03
0000293   4.0724E+04  2.8150E+04 -4.7350E+04
0000294   2.5748E+04 -5.5335E+03  9.0626E+02
0000295   1.8938E+04  9.6681E+03 -1.9565E+04
0000296   3.6950E+04  9.2674E+03 -2.4914E+04
0000297   4.5356E+04 -1.3839E+04  1.6466E+04
0000298   3.8143E+04  2.2720E+04  1.2805E+03
0000299   1.9579E+04  1.0133E+04  4.7915E+03
0000300   3.5066E+04  4.7293E+03 -2.2970E+03
0000301   1.1716E+04  1.5436E+04  2.5783E+04
0000302   2.8450E+04  1.0243E+04 -1.4739E+04
0000303   1.7274E+03 -3.6447E+03 -2.0798E+04
0000304   6.4956E+04  2.3656E+03  4.2193E+03
0000305   3.0624E+04 -1.3275E+03 -7.8848E+03
0000306   5.2596E+04  2.3130E+04  1.0970E+04
0000307   2.3558E+04  2.6594E+04 -1.9279E+04
0000308   1.7150E+04  4.8478E+03 -1.2444E+03
0000309   4.7662E+04 -1.4857E+04  1.8292E+04
0000310   3.1501E+04 -4.4331E+03 -1.3923E+04
0000311   4.9246E+04  1.3624E+03 -1.0592E+04
0000312   3.5502E+04  4.9696E+02 -3.7643E+03
0000313   2.5225E+04  1.1301E+03  3.7656E+03
0000314   5.1838E+04  2.1069E+04 -9.2704E+03
0000315   5.7733E+04  9.2866E+03  3.3108E+04
0000316   3.3450E+04 -3.6956E+03 -6.3663E+03
0000317   1.0406E+04 -5.5517E+03  2.3837E+03
0000318   2.9497E+04 -1.3769E+04 -4.0740E+03
0000319   3.8635E+04  9.6500E+03  7.4193E+03
0000320   2.7662E+04 -6.5879E+03  1.2733E+04
0000321   5.5124E+04  1.6527E+04  4.8468E+03
0000322   3.1616E+04 -1.6910E+04  5.5332E+02
0000323   2.5330E+04  7.9716E+03  8.6157E+03
0000324   3.2253E+04  2.0906E+04 -2.1593E+04
0000325   1.4789E+04  2.1845E+03  2.0308E+04
0000326   3.8619E+04  9.0247E+03  1.0964E+04
0000327   1.7092E+04 -1.0076E+04  3.4340E+03
0000328   5.1314E+04 -4.0596E+03 -5.6244E+03
0000329   6.3503E+04  1.0130E+04  1.4205E+04
0000330   5.1865E+04 -3.0136E+03 -7.0130E+03
0000331   1.0547E+04  6.3145E+03 -1.7533E+03
0000332   5.2710E+04 -1.5640E+04 -1.5507E+03
0000333   3.5015E+04 -2.3273E+04  6.4310E+03
0000334   2.8142E+04  5.4390E+02  2.2962E+04
0000335   2.1406E+04  3.4204E+03 -6.6617E+02
0000336   3.3643E+04 -1.0167E+04  6.5166E+03
0000337   1.9169E+04 -2.5536E+03  6.9136E+03
0000338   4.0330E+04  3.4902E+04  3.7049E+03
0000339   2.8729E+04 -7.7773E+03  1.8033E+04
0000340   1.5924E+04  5.6760E+03  1.7416E+04
0000341   1.7368E+04  3.9545E+04  1.6516E+04
0000342   2.9139E+04 -1.0689E+03  3.1898E+03
0000343   2.9192E+04  5.3438E+03  6.6532E+03
0000344   1.5908E+04  3.0409E+04 -4.2227E+02
0000345   2.4777E+04 -3.5963E+02 -4.5662E+03
0000346   5.1163E+04  3.3409E+03  3.5066E+03
0000347   1.1641E+04 -1.3743E+03  1.4206E+03
0000348   4.0082E+04 -3.7580E+04 -6.4126E+03
0000349   1.9157E+04 -1.7319E+04 -6.8391E+03
0000350   4.7116E+04 -9.3411E+03  1.9321E+03
0000351   4.1406E+03 -1.5113E+04  4.0386E+03
0000352   3.7759E+04 -4.0685E+03 -5.6716E+03
0000353   5.5272E+03  1.7718E+04 -6.0091E+03
0000354   1.9035E+04 -2.3315E+04  1.0788E+04
0000355   3.5254E+04  5.1551E+03  1.2190E+04
0000356   2.0023E+04 -4.3617E+03 -1.0276E+04
0000357   2.2123E+04  1.2969E+04  3.6256E+03
0000358   3.1322E+04 -1.6399E+04  1.6695E+04
0000359   1.4540E+04  3.9575E+03  2.9345E+03
0000360   3.4916E+04  1.5243E+04 -4.5613E+03
0000361   1.6678E+04 -1.0292E+03  1.2450E+04
0000362   4.1355E+04  7.5584E+03 -2.4920E+04
0000363   3.1353E+04 -1.4428E+04 -1.5121E+03
0000364   1.4934E+04  2.3635E+04  1.3482E+04
0000365   4.4658E+04 -7.8505E+03 -1.1736E+04
0000366   7.3217E+04 -5.3114E+03  4.1110E+03
0000367   4.1160E+04 -3.5938E+03  9.4682E+03
0000368   4.8674E+04 -3.9558E+03  2.1483E+03
0000369   3.3538E+04 -7.4197E+03 -1.3078E+04
0000370   3.3373E+04 -2.9090E+04  1.4972E+03
0000371   3.8626E+04 -1.5205E+04  1.4341E+03
0000372   1.7075E+04 -4.4928E+03  3.9183E+03
0000373   4.3071E+04 -4.3104E+02 -1.7959E+04
0000374   4.1075E+04  1.2501E+04 -4.3436E+03
0000375   2.4530E+04 -1.2788E+04  1.5588E+04
0000376   4.1974E+04 -2.6000E+03  1.1075E+04
0000377   2.6853E+04  2.2280E+04 -5.1894E+04
0000378   2.6191E+04  5.6194E+03 -2.0355E+04
0000379   4.2430E+04  4.1052E+03  4.0344E+03
0000380   2.2426E+04 -5.0986E+03 -2.6292E+04
0000381   1.5591E+04  5.5949E+03 -2.2280E+03
0000382   3.3091E+04  9.9079E+03  1.4844E+04
0000383   5.0160E+04  6.9382E+03 -1.2554E+02
0000384   4.1824E+04  1.8107E+03 -3.2836E+04
0000385   1.0862E+04  4.4764E+03 -6.7776E+02
0000386   1.0816E+04  3.4551E+04  1.3701E+04
0000387   3.2498E+04 -1.9884E+03  3.6185E+03
0000388   4.9193E+04  1.8791E+04 -3.4049E+03
0000389   1.6674E+04 -1.0366E+04 -1.8649E+04
0000390   4.8012E+04  9.7104E+03  4.9532E+03
0000391   2.8866E+04 -6.6173E+03  2.2031E+03
0000392   4.3722E+04  1.0155E+04  2.3603E+04
0000393   2.4613E+04 -1.0682E+04  6.6742E+01
0000394   2.1882E+04 -9.8036E+03 -5.5784E+03
0000395   1.6631E+04 -1.6052E+04 -1.4331E+04
0000396   1.1662E+04  4.3263E+03 -2.1536E+03
0000397   5.1659E+03 -1.6005E+03  4.6938E+03
0000398   3.1734E+04  2.1536E+04  7.5444E+03
0000399   1.3150E+04  3.2128E+03 -6.3246E+00
0000400   6.0673E+04 -2.9990E+03  2.0143E+04
0000401   1.4884E+04  8.2748E+03 -1.2380E+04
0000402   3.5522E+04 -3.5531E+04  4.0017E+04
0000403   3.6999E+04  1.7639E+04 -7.7541E+03
0000404   4.8471E+04 -3.6306E+04 -1.4943E+04
0000405   3.1963E+04 -3.3703E+04 -1.8639E+04
0000406   4.7843E+04 -8.1820E+03 -1.6663E+04
0000407   3.6625E+04  1.5436E+03  1.2084E+04
0000408   2.6227E+04 -6.3191E+03  8.9778E+03
0000409   4.4250E+04 -1.1485E+03  9.7942E+03
0000410   5.2737E+04 -2.8306E+03 -1.1176E+04
0000411   6.4700E+03  1.3043E+04 -1.1299E+04
0000412   7.1488E+03 -7.8614E+02  3.9867E+03
0000413   2.7159E+04  1.4134E+04 -6.9523E+03
0000414   3.4460E+04 -1.9268E+04 -8.1618E+03
0000415   4.0652E+04  8.2022E+03 -1.6777E+04
0000416   7.0715E+03  7.2051E+03  3.2816E+02
0000417   2.0428E+04  3.1349E+03  5.0606E+03
0000418   2.6523E+04  1.3629E+04 -4.3254E+01
0000419   4.2296E+04 -9.8850E+01  8.5788E+03
0000420   2.3469E+04  2.2340E+04  8.5235E+03
0000421   5.2843E+04 -6.3476E+03  8.5483E+03
0000422   9.5434E+03 -8.6822E+03  7.3624E+03
0000423   2.4167E+04  4.4238E+03  2.0068E+04
0000424   2.1579E+04 -1.3778E+03  1.3467E+04
0000425   1.9131E+04  1.9462E+02 -5.4921E+02
0000426   5.7091E+04  2.7647E+04 -3.5226E+04
0000427   4.3176E+04 -4.8629E+03 -1.9868E+04
0000428   3.3480E+04 -4.1478E+03  1.9503E+01
0000429   2.1728E+04 -3.2542E+03  2.6468E+04
0000430   2.8340E+04  1.0861E+04  7.4447E+02
0000431   4.9680E+04  3.6033E+04 -9.8082E+03
0000432   3.5559E+04  1.3919E+04  6.8579E+03
0000433   2.4501E+04 -1.5171E+04  4.4601E+03
0000434   6.8762E+03  1.5859E+04  7.7447E+03
0000435   4.0839E+04  1.8174E+04 -3.3596E+04
0000436   1.4195E+04 -1.5103E+04  2.9278E+03
0000437   1.1570E+04  8.9200E+03 -1.3144E+04
0000438   5.2247E+04  2.7195E+04 -1.2597E+04
0000439   5.1065E+04 -2.8668E+04  3.5793E+03
0000440   2.1191E+04  6.7052E+03  3.2044E+03
0000441   2.3632E+04 -1.8817E+04 -7.1719E+03
0000442   1.6743E+04 -4.1683E+03  1.4867E+03
0000443   2.1884E+04 -8.4689E+03  5.5149E+02
0000444   3.1346E+02 -3.0524E+03 -5.9470E+03
0000445   3.4410E+04  1.3190E+04 -5.4555E+03
0000446   2.6585E+04  1.0408E+04  3.0868E+03
0000447   3.6232E+04  8.6605E+03  2.0914E+03
0000448   4.8613E+04 -8.9030E+03 -6.8547E+03
0000449   3.4163E+04  9.2078E+03  6.4014E+02
0000450   1.4065E+04  7.4574E+03 -8.0509E+03
0000451   2.5076E+04 -3.5393E+03  3.4790E+03
0000452   1.2174E+04  5.8860E+03  1.9008E+04
0000453   8.9106E+03  5.6016E+03  1.8455E+03
0000454   2.2358E+04 -4.6884E+02 -9.4819E+03
0000455   1.2512E+04  8.7505E+03  3.8785E+03
0000456   4.4512E+04 -8.0839E+03  4.1714E+04
0000457   5.7168E+04  1.6580E+04  3.8206E+04
0000458   5.8218E+04  9.0270E+03 -1.1526E+04
0000459   2.2240E+04 -5.9441E+02  5.6477E+03
0000460   1.8714E+04  5.6369E+03 -3.8564E+03
0000461   4.8862E+04  1.6968E+04  2.1251E+02
0000462   4.8184E+04 -1.5543E+04  1.7960E+04
0000463   3.7947E+04 -1.5921E+04  8.4149E+03
0000464   3.4912E+04  4.5596E+03 -2.5119E+04
0000465   2.9347E+04  5.8080E+03  3.1077E+03
0000466   5.3051E+04  1.8862E+04  1.0076E+04
0000467   3.5188E+04  3.1585E+04  3.2207E+04
0000468   1.9687E+04 -4.0056E+03  7.4385E+03
0000469   1.0402E+03  1.6432E+03 -6.3533E+03
0000470   6.5915E+04 -6.1577E+03 -1.2497E+03
0000471   2.9013E+04 -1.3875E+04  7.6445E+02
0000472   3.0058E+04 -6.5493E+03  2.6479E+03
0000473   5.1361E+04  6.9201E+03  1.5441E+04
0000474   5.7345E+04 -4.3875E+03  3.2499E+03
0000475   5.8224E+04  5.3020E+03  4.8074E+03
0000476   2.5689E+04  2.1122E+04 -2.1472E+03
0000477   4.1825E+04  1.3127E+04  6.1521E+03
0000478   3.7250E+04 -3.3440E+04 -1.2335E+04
0000479   1.7921E+04  1.7730E+04  3.1945E+03
0000480   5.4208E+04  3.5867E+04 -9.0853E+03
0000481   2.7585E+04 -2.3960E+04  2.7410E+04
0000482   3.1894E+04 -4.8907E+03 -1.8355E+04
0000483   4.7974E+04 -1.7281E+04  1.8644E+04
0000484   4.7981E+04  2.2293E+04  2.8137E+03
0000485   2.3900E+04 -5.3165E+03 -1.4807E+04
0000486   3.2715E+04 -4.5041E+03  5.8788E+03
0000487   6.2058E+04 -5.6005E+03  1.4507E+04
0000488   1.1073E+04  6.0371E+03 -1.8091E+03
0000489   2.8386E+03 -9.6935E+03  1.3226E+03
0000490   1.6665E+04  4.8210E+03  1.5602E+03
0000491   4.4410E+04 -1.7817E+03 -1.5772E+04
0000492   2.7509E+04  5.8895E+03 -8.3683E+03
0000493   2.0732E+04  1.7407E+03 -3.1555E+04
0000494   4.5400E+04 -8.0673E+03  2.0641E+04
0000495   3.3130E+03 -1.4547E+04 -1.5843E+04
0000496   1.9850E+04  3.0376E+03 -2.0483E+03
0000497   8.0352E+04  6.6869E+03 -1.3261E+04
0000498   5.4557E+04  2.3243E+04  2.5496E+04
0000499   2.2123E+04  1.2943E+03  1.0461E+04
0000500   2.8282E+04  6.6863E+03 -1.8991E+04
0000501   3.6564E+04 -1.6011E+04 -2.1549E+04
0000502   2.3306E+04 -1.9186E+03  1.2447E+03
0000503   2.1269E+04 -2.4414E+04  3.9990E+02
0000504   3.9032E+04  2.1256E+04  1.5640E+04
0000505   4.5548E+04 -3.2649E+03  1.3273E+03
0000506   1.6986E+04 -8.6813E+03 -1.0105E+04
0000507   4.0667E+04  6.1125E+03  1.5987E+04
0000508   3.0592E+04 -3.8999E+03  2.3899E+03
0000509   4.0906E+04  1.1692E+04  1.2465E+04
0000510   2.3459E+04 -1.2836E+04  4.0915E+03
0000511   1.9437E+04  1.6919E+04 -3.5137E+03
0000512   3.2476E+04  2.1746E+03 -1.3744E+04
0000513   1.6088E+04 -3.3298E+03 -1.1236E+04
0000514   3.1019E+04  3.6062E+03  3.7524E+02
0000515   4.4874E+04 -7.3004E+03 -5.7925E+03
0000516   2.4337E+04 -1.7373E+04 -2.7666E+03
0000517   3.5340E+04 -3.9551E+02 -2.3264E+04
0000518   3.8450E+04  2.6879E+02  2.1866E+04
0000519   3.9178E+04  5.0220E+03  1.1647E+04
0000520   3.4739E+04 -1.1755E+04  3.6937E+04
0000521   3.5956E+04  6.2620E+03 -2.1822E+04
0000522   4.2569E+04  2.0946E+04  2.6076E+04
0000523   2.6234E+04  8.2478E+01 -7.4909E+03
0000524   2.4146E+04 -8.8470E+03  3.7035E+03
0000525   7.0268E+04  2.6600E+04  1.7639E+04
0000526   2.9304E+04  3.3631E+03 -1.9848E+04
0000527   4.2345E+04 -3.5568E+04  9.3539E+03
0000528   2.8240E+04 -9.6042E+03 -1.3171E+04
0000529   5.0715E+04  1.9566E+04  2.0730E+04
0000530   3.8287E+04  1.5393E+03  3.4094E+04
0000531   3.0983E+04  2.1973E+04 -4.6337E+03
0000532   4.8147E+04  7.6017E+03  1.3962E+04
0000533   2.5662E+04  1.8094E+03  2.5021E+03
0000534   4.6159E+04 -1.0153E+04 -1.3918E+04
0000535   9.9166E+03 -8.7837E+03  1.7935E+04
0000536   1.7555E+04  1.8972E+03  7.9209E+03
0000537   2.9762E+04  1.6897E+04  2.3750E+04
0000538   2.3466E+04 -1.9201E+04  1.3262E+03
0000539   2.9208E+04 -4.5570E+02  4.1455E+03
0000540   1.8861E+04 -3.2452E+03  4.9843E+03
0000541   3.0373E+04 -3.7816E+04 -1.6139E+04
0000542   3.0860E+04  2.5301E+03  9.5183E+03
0000543   3.4093E+04  4.0689E+03 -2.9688E+03
0000544   3.3401E+04  6.3296E+03  2.5028E+04
0000545   2.5246E+04  8.9752E+03 -1.0083E+04
0000546   3.5637E+04  3.5699E+04  8.7226E+03
0000547   2.9521E+04  6.0517E+03 -1.5220E+04
0000548   2.6850E+04 -8.1083E+03 -1.7018E+04
0000549   2.2520E+04  3.1576E+04  1.4960E+04
0000551   4.5861E+04  3.6678E+02 -2.2022E+04
0000552   3.1209E+04  8.9525E+03  1.9269E+04
0000553   3.4339E+04 -9.1663E+03 -5.5266E+03
0000554   2.5801E+04  1.0315E+04 -8.7623E+03
0000555   3.1783E+04 -1.6312E+04 -7.6315E+03
0000556   3.7862E+04 -1.1072E+04 -2.9756E+04
0000557   3.2344E+04  2.6096E+04 -6.1199E+03
0000558   1.6485E+04  6.5360E+03  5.4317E+03
0000559   5.1406E+04  7.5273E+03  5.5489E+03
0000560   2.2390E+04 -3.6154E+03 -6.7909E+03
0000561   9.8558E+03  1.9176E+03 -4.0333E+03
0000562   3.7747E+04  1.0771E+03 -1.0917E+04
0000563   2.2890E+04 -1.6709E+04  1.3218E+04
0000564   9.0221E+03 -2.0559E+03  8.2515E+03
0000565   2.1118E+04  1.9531E+04 -4.1047E+03
0000566   1.8035E+04 -7.0960E+03  7.1308E+03
0000567   2.4549E+04 -1.3395E+04 -1.3006E+04
0000568   2.7424E+04  3.4474E+03 -1.2563E+04
0000569   2.6876E+04  2.8311E+04 -9.2422E+03
0000570   1.2134E+04 -6.7995E+03  4.0052E+03
0000571   1.8156E+04 -3.2100E+04 -1.1085E+03
0000572   2.4579E+04  2.8529E+04  2.8747E+04
0000573   2.6590E+04 -4.4748E+03  3.6754E+03
0000574   1.1271E+04 -8.2039E+03 -2.2176E+03
0000575   1.3812E+04  5.4348E+03  5.8853E+03
0000576   3.0582E+04 -3.8449E+02 -4.6914E+03
0000577   9.3968E+03 -9.0580E+03 -1.1412E+04
0000578   1.6722E+04  8.3678E+03 -7.8168E+03
0000579   3.8702E+04 -2.2734E+04  2.1312E+04
0000580   3.6270E+04  1.5713E+04  2.0888E+04
0000581   1.8473E+04 -3.4118E+03 -1.2169E+04
0000582   3.1674E+04 -2.4319E+03  3.4799E+03
0000583   3.7136E+04  2.4167E+04 -2.9161E+04
0000584   6.8137E+03  1.0749E+04  1.4542E+04
0000585   1.8785E+04 -1.2383E+04  3.3327E+02
0000586   4.2797E+04 -1.2556E+03 -1.3193E+04
0000587   2.4656E+04  1.6762E+04 -1.1385E+04
0000588   4.6125E+04  1.8020E+02  2.2065E+04
0000589   2.7497E+04 -4.8130E+03  5.1554E+03
0000590   1.3548E+04  7.4319E+03  1.5591E+04
0000591   2.5513E+04 -1.1803E+03 -5.7284E+02
0000592   3.8431E+04  3.3469E+04 -8.7933E+02
0000593   1.5226E+04  7.0803E+03  8.7899E+03
0000594   2.9727E+04  4.0358E+04  2.0396E+04
0000595   9.5311E+03 -3.6927E+03 -1.1000E+03
0000596   7.0804E+04 -2.8550E+04  1.3349E+04
0000597   5.0110E+03  2.4780E+04  9.7827E+02
0000598   3.0574E+04  3.0483E+04 -3.1841E+04
0000599   2.3437E+04 -1.1852E+04  4.2018E+02
0000600   6.5211E+04  1.0744E+04  8.3236E+03
0000601   3.8436E+04  4.2167E+03 -4.6482E+03
0000602   1.1573E+04  5.3631E+03  2.4102E+04
0000603   4.2235E+04  7.5977E+02 -3.9300E+03
0000604   5.5112E+04  1.5106E+04  2.6449E+03
0000605   5.4975E+04 -1.2159E+04 -2.3043E+03
0000606   1.3739E+04  3.4955E+03 -1.2614E+04
0000607   5.8288E+04  7.1576E+03 -1.2072E+03
0000608   3.0227E+04  2.8350E+04 -2.0742E+03
0000609   6.0554E+04  1.5087E+03  1.0822E+04
0000610   3.2773E+04 -1.2365E+04  1.6841E+04
0000611   2.4230E+04 -9.2434E+03  3.1665E+04
0000612   3.1534E+04 -3.0323E+03  5.0239E+03
0000613   1.2841E+04 -2.2052E+03  7.5121E+03
0000614   2.0675E+04 -2.8774E+03 -2.9380E+02
0000615   2.5540E+04 -7.3739E+03 -1.9043E+04
0000616   1.6631E+04 -7.0857E+03 -2.6214E+04
0000617   8.7749E+02 -9.0934E+03 -2.9420E+03
0000618   2.8398E+04 -5.5380E+03 -8.3565E+03
0000619   1.9186E+04  8.0939E+03 -2.0516E+04
0000620   3.4488E+04  5.4307E+03  8.9141E+03
0000621   3.0395E+04  4.5785E+03  1.9584E+04
0000622   4.5298E+04  6.4391E+03 -1.2816E+04
0000623   3.6645E+04 -5.9116E+03  1.3965E+04
0000624   3.1643E+04  1.4670E+03  2.2302E+03
0000625   6.1562E+04 -2.4847E+04 -2.3692E+01
0000626   1.4619E+04 -7.4124E+03 -1.3285E+03
0000627   3.5823E+04 -2.8336E+04  2.5317E+04
0000628   6.9206E+04 -1.7069E+04  2.3806E+04
0000629   4.5172E+03  5.6770E+03 -6.3566E+03
0000630   3.8098E+04 -8.7151E+03 -1.2490E+04
0000631   3.3670E+04  1.8656E+03 -2.7943E+04
0000632   3.9225E+04  1.9244E+04  8.6483E+03
0000633   3.1798E+04  2.3368E+03 -4.2520E+04
0000634   2.8965E+04 -1.3246E+04 -3.0632E+04
0000635   2.3339E+04  1.0330E+04 -4.7605E+03
0000636   5.3926E+04 -2.6827E+03  8.6638E+03
0000637   3.4820E+04  1.8150E+04  6.8697E+03
0000638   5.1244E+04  1.1754E+04  2.6703E+03
0000639   3.2662E+04 -2.7065E+04  3.0475E+04
0000640   2.3823E+04  2.3760E+02  9.3542E+02
0000641   7.1186E+04 -1.8750E+03  3.3185E+04
0000642   2.7695E+04  8.3910E+03 -1.5988E+04
0000643   2.6129E+04 -1.1434E+04  9.8361E+03
0000644   3.2296E+04  1.2606E+04  6.0467E+03
0000645   6.8211E+04  1.6028E+03 -2.3168E+03
0000646   4.9558E+04  2.3882E+04 -1.3182E+03
0000647   4.7297E+04 -6.1688E+03 -6.4299E+03
0000648   4.8097E+04 -6.5797E+03  2.2412E+04
0000649   3.4704E+04 -1.4519E+04  6.6394E+02
0000650   4.9283E+04  2.1927E+04 -1.5157E+04
0000651   3.1268E+04 -3.8705E+04 -1.6752E+04
0000652   1.9011E+04  2.4551E+04  3.5334E+04
0000653   2.2931E+04 -2.9682E+03  1.4920E+04
0000654   2.2287E+04 -8.0219E+03 -5.9290E+03
0000655   4.5300E+04  2.9262E+03 -1.8016E+03
0000656   1.7255E+04  9.7425E+03  3.4165E+03
0000657   1.4285E+04 -1.0629E+04 -7.3528E+03
0000658   2.2608E+04 -1.3089E+04 -3.0901E+04
0000659   3.5572E+04 -9.0783E+03  1.6127E+04
0000660   1.9993E+04  1.1193E+03  3.0258E+03
0000661   8.0729E+03  2.2644E+02  1.7344E+04
0000662   4.0645E+04  1.9389E+04  3.1858E+03
0000663   2.4973E+04 -1.3014E+04 -1.1548E+04
0000664   1.4046E+04 -7.1766E+03 -2.9140E+03
0000665   1.6162E+04 -1.1558E+04  1.0982E+04
0000666   4.2733E+04 -2.4602E+04  2.4440E+04
0000667   1.1754E+04 -8.3016E+03  2.7477E+04
0000668   3.1754E+04 -1.5766E+04 -9.6961E+03
0000669   5.0786E+04  3.1243E+04  3.0027E+03
0000670   3.7327E+04  1.5889E+04 -2.0417E+04
0000671   2.4457E+04  2.9597E+03 -5.9965E+02
0000672   5.2735E+04 -1.6056E+04  1.4584E+04
0000673   4.5371E+04 -1.2759E+04  2.9038E+03
0000674   2.7947E+04  6.8721E+03 -5.0263E+03
0000675   3.4842E+04 -3.1861E+04  9.8254E+03
0000676   4.3269E+04 -1.5107E+04  3.8434E+02
0000677   4.0614E+04 -1.1524E+03 -1.4261E+04
0000678   3.2926E+04 -9.6712E+02 -2.1175E+03
0000679   5.2601E+04  5.2124E+03  1.3277E+04
0000680   4.8581E+04  2.1217E+04  4.4286E+03
0000681   2.9229E+04  1.5077E+04 -2.5842E+04
0000682   5.2740E+04  2.9736E+04 -1.2230E+04
0000683   2.5532E+04  4.5272E+03 -1.2378E+04
0000684   5.2141E+03 -1.5220E+02  1.7447E+02
0000685   3.3193E+04 -2.5698E+04  7.5101E+03
0000686   2.9526E+04  9.3845E+03  1.3574E+03
0000687   5.3374E+04 -4.2725E+03  1.4973E+04
0000688   4.4462E+04 -8.7746E+02 -1.4556E+04
0000689   6.1230E+04 -3.0188E+03 -7.3809E+03
0000690   1.4682E+04 -1.5122E+04 -4.7100E+03
0000691   3.0184E+04  2.4850E+04 -9.6439E+03
0000692   2.9216E+04  6.8761E+03  4.6287E+01
0000693   3.5890E+04 -2.5724E+04  1.7875E+03
0000694   5.4478E+04 -3.6189E+02 -1.8137E+04
0000695   8.1945E+03  4.7144E+03  4.8027E+03
0000696   4.4321E+04 -2.6466E+04  4.5676E+03
0000697   4.6381E+04  3.4470E+04 -3.3728E+04
0000698   3.2920E+04  6.2738E+03  2.8211E+03
0000699   3.1932E+04  6.5064E+03  2.2503E+03
0000700   2.3849E+04 -5.8823E+03  4.1364E+03
0000701   4.6454E+04 -5.0678E+03  1.4634E+04
0000702   2.1533E+04  4.6813E+03 -8.8247E+03
0000703   4.3865E+04 -7.1773E+03 -6.3256E+03
0000704   5.3959E+04 -5.7919E+03 -1.2686E+04
0000705   1.4262E+04  1.0589E+04  5.3958E+03
0000706   4.6569E+04 -8.2421E+02 -1.4576E+03
0000707   2.8877E+04 -2.7386E+02  6.8407E+03
0000708   2.0181E+04  6.3220E+03 -4.3633E+03
0000709   3.4175E+04 -7.1964E+03  2.4103E+04
0000710   4.0571E+04  2.7155E+04  6.3861E+03
0000711   4.9519E+04  8.5492E+03  6.1823E+03
0000712   3.8968E+04 -4.5401E+03 -4.2741E+03
0000713   1.4507E+04 -3.2705E+03 -1.1655E+04
0000714   5.8437E+03  1.3972E+04 -2.3488E+03
0000715   3.0955E+04  6.0156E+04  2.3062E+04
0000716   9.7198E+03  2.4381E+04  9.3734E+03
0000717   5.3401E+04 -9.2474E+03 -1.8302E+04
0000718   2.3655E+04 -9.8670E+03 -3.1373E+04
0000719   4.6037E+03  2.6102E+03 -1.6794E+04
0000720   4.0889E+04  5.0471E+03  6.2107E+01
0000721   6.3215E+04 -1.5357E+04 -2.3246E+04
0000722   2.4362E+04 -2.2171E+04  1.2569E+04
0000723   3.7094E+04  2.7072E+04  4.8661E+03
0000724   7.1175E+03  4.5950E+03 -7.6286E+03
0000725   4.4444E+04  2.4574E+04  3.2635E+03
0000726   5.6065E+04 -2.4264E+04  9.6081E+03
0000727   5.6341E+04  3.7110E+03 -6.2406E+03
0000728   3.7086E+04  2.2917E+04  1.6988E+04
0000729   4.5598E+04  3.9950E+03 -2.1847E+04
0000730   3.9064E+04  2.5499E+03 -2.3774E+04
0000731   6.7094E+04  6.6284E+03  2.0570E+04
0000732   2.0624E+04 -5.9769E+03 -3.6862E+02
0000733   3.1939E+04  2.3470E+02  2.1974E+03
0000734   6.3952E+03 -3.2118E+03  2.0680E+03
0000735   3.8832E+04  3.3076E+03 -6.2554E+01
0000736   2.3572E+04 -7.9826E+03  1.3992E+04
0000737   4.4698E+04 -2.1627E+04  2.7307E+04
0000738   1.2109E+04  5.9236E+03  6.9873E+03
0000739   2.9238E+04  1.2603E+04 -3.1212E+03
0000740   3.2289E+04  1.3393E+03 -5.9137E+03
0000741   5.4650E+04  1.6969E+04  2.0409E+04
0000742   1.3987E+04 -5.9813E+03 -4.8194E+03
0000743   1.2413E+04  2.0650E+03 -1.5939E+04
0000744   1.7844E+04  2.6385E+04  2.8835E+03
0000745   3.6841E+04 -1.0881E+04 -6.3964E+03
0000746   1.9702E+04 -9.2924E+03  4.3322E+03
0000747   4.3037E+04  1.0371E+04  1.4868E+04
0000748   3.0087E+04 -1.4086E+04  6.1527E+03
0000749   1.8710E+04 -2.5939E+04 -1.6972E+04
0000750   1.5623E+04 -5.5263E+03  1.6436E+04
0000751   2.9249E+04  2.6718E+04  1.2347E+04
0000752   2.4440E+04 -3.6733E+03  7.3977E+03
0000753   1.0551E+04 -6.9663E+03 -5.0406E+03
0000754   1.2416E+04 -1.0153E+04 -1.6456E+04
0000755   1.2392E+04  2.9183E+03 -1.8466E+03
0000756   2.5119E+04  4.6936E+03  1.3214E+04
0000757   3.5586E+04  4.0559E+03 -1.2566E+03
0000758   2.4246E+04  7.9503E+03  7.4451E+03
0000759   1.2481E+04  1.1494E+04 -2.0931E+04
0000760   2.9471E+04 -9.7491E+03 -2.4123E+04
0000761   4.9442E+03 -3.7185E+02  1.1575E+03
0000762   3.2840E+04  2.6609E+04  1.1765E+04
0000763   3.3884E+04  1.3366E+04 -1.2434E+04
0000764   3.2886E+04  1.6787E+04 -8.6128E+03
0000765   3.0329E+04 -2.0691E+04  4.4051E+03
0000766   3.7992E+04  7.0710E+03 -1.3363E+03
0000767   2.4235E+04 -1.7199E+04 -9.9697E+03
0000768   4.3484E+04 -4.8599E+03 -1.8967E+03
0000769   8.0304E+03  1.7933E+04 -9.6560E+03
0000770   2.8566E+04 -5.4765E+02 -3.8475E+03
0000771   1.7057E+04 -9.7647E+03  1.1878E+04
0000772   5.4438E+04  6.9417E+03 -1.3035E+04
0000773   3.9296E+04  2.1069E+03 -9.5163E+02
0000774   1.5819E+04  1.8943E+04  1.4354E+03
0000775   2.5648E+04 -1.5794E+04  4.7112E+03
0000776   1.6337E+04  4.7051E+03 -7.7121E+03
0000777   9.6132E+03  1.0870E+04 -7.1554E+03
0000778   2.0249E+04  1.6390E+04  6.4351E+03
0000779   1.6968E+04 -1.4191E+04  7.6525E+03
0000780   4.6183E+04  4.5254E+03 -1.1908E+04
0000781   4.1847E+04  1.6370E+04 -2.6195E+04
0000782   2.6665E+04 -1.9996E+03  4.9991E+03
0000783   4.3986E+04  7.6003E+03 -2.1199E+04
0000784   3.6177E+04 -1.5471E+04  7.3994E+02
0000785   3.4277E+04  2.7417E+03 -1.2821E+04
0000786   3.4356E+04 -1.4639E+04 -5.7870E+03
0000787   4.5864E+04 -4.1786E+03 -2.2749E+03
0000788   2.1653E+04 -4.9401E+03  1.9898E+04
0000789   4.3108E+04  5.5651E+03  1.3551E+04
0000790   5.7513E+04 -8.4956E+03 -6.7059E+03
0000791   6.0083E+04  2.2258E+04  1.4801E+04
0000792   5.6543E+04  2.0732E+04 -1.1057E+04
0000793   1.1795E+04  9.6176E+03  1.9973E+04
0000794   3.1754E+04  2.1789E+04 -8.5798E+03
0000795   3.8105E+04  1.1290E+04  1.5608E+04
0000796   4.0725E+04 -4.5825E+01  1.9895E+04
0000797   1.4198E+04 -3.6980E+04 -9.2179E+03
0000798   2.8113E+04 -2.8318E+03 -4.3813E+03
0000799   2.9276E+04 -1.0085E+04  1.7885E+04
0000800   5.7056E+04 -7.2132E+03 -5.3536E+03
0000801   1.1529E+04 -5.4907E+03  5.4250E+03
0000802   5.2070E+04  1.1741E+04  1.9153E+04
0000803   2.4528E+04 -1.1941E+04 -6.8732E+02
0000804   1.5758E+04  1.6173E+04 -4.9677E+03
0000805   4.3357E+04 -2.8298E+04 -2.6193E+04
0000806   1.8471E+04  5.0536E+03  1.1364E+04
0000807   3.4980E+04  6.1372E+03 -4.4441E+03
0000808   2.4145E+04 -1.7143E+04 -5.8085E+03
0000809   2.8145E+04  1.2712E+04  1.7809E+04
0000810   4.5662E+04 -1.2944E+04 -8.3233E+03
0000811   1.2897E+04  1.4788E+04  9.6368E+03
0000812   4.3750E+04 -3.2249E+04 -1.5541E+04
0000813   2.3476E+04 -1.0926E+04 -9.9849E+03
0000814   6.2210E+04 -6.2951E+03 -2.8467E+04
0000815   3.8751E+04 -1.0283E+04 -4.5607E+03
0000816   3.9223E+03 -1.3681E+03  7.3553E+02
0000817   4.7960E+04  3.0515E+04  3.6817E+03
0000818   8.2381E+03 -1.6078E+03 -3.2251E+03
0000819   3.3368E+04  1.6806E+04 -1.1172E+04
0000820   6.1576E+03 -4.1769E+03  7.9269E+03
0000821   1.4850E+04  6.8743E+03  1.3336E+04
0000822   5.0025E+04  6.3841E+03  1.9827E+04
0000823   7.6749E+04 -1.5494E+03  2.0327E+04
0000824   3.0209E+04 -8.3838E+02  1.0003E+04
0000825   6.3535E+04  1.3936E+03 -1.9243E+04
0000826   2.0572E+04 -3.7102E+04 -1.6448E+04
0000827   1.4975E+04  4.2914E+03 -1.6190E+03
0000828   1.8165E+04  2.5487E+04 -1.2223E+04
0000829   9.1111E+03  1.4104E+03 -7.5377E+02
0000830   2.0430E+04 -6.8764E+03  1.0499E+04
0000831   2.7973E+04  2.1030E+04 -7.2517E+03
0000832   3.0517E+04  4.1477E+03  6.3015E+03
0000833   4.2048E+03  2.3011E+03 -4.1227E+03
0000834   1.7496E+04  1.5547E+03 -1.0229E+04
0000835   2.8043E+04 -1.6770E+04 -1.1542E+04
0000836   2.2034E+04  8.7476E+03  9.8956E+01
0000837   3.5247E+04 -1.3145E+04  3.4849E+03
0000838   5.9395E+04 -3.6060E+04 -6.6384E+03
0000839   5.1612E+04  1.7884E+03 -4.7992E+03
0000840   4.4183E+04  5.7294E+03  7.5722E+02
0000841   4.0537E+04 -1.4844E+04 -9.6657E+03
0000842   4.1435E+04  1.2907E+04 -1.6530E+04
0000843   2.1034E+04 -9.4263E+03 -1.4631E+03
0000844   5.7418E+04 -5.2814E+03 -3.1967E+03
0000845   4.7721E+04  1.9614E+04  1.6522E+04
0000846   2.1415E+04 -1.7581E+04 -1.3534E+04
0000847   4.8303E+03 -5.2543E+02 -8.1068E+02
0000848   2.9837E+04  1.0907E+04 -2.5816E+04
0000849   2.5637E+04  1.2903E+04  4.8923E+04
0000850   5.1954E+04 -2.5682E+03  1.9557E+03
0000851   2.6955E+04 -8.0940E+02  2.3686E+02
0000852   2.1770E+04  9.2000E+02 -7.0336E+03
0000853   7.5932E+04  2.9739E+04  2.7113E+04
0000854   2.1199E+04  1.6626E+04  3.8067E+03
0000855   2.0972E+04  2.3759E+03 -3.2005E+03
0000856   4.4336E+04 -2.0262E+04  1.2600E+04
0000858   3.0344E+04 -8.9073E+03  5.0765E+03
0000859   8.0248E+03 -3.7494E+03 -2.9885E+02
0000860   4.3497E+04  1.8588E+04  1.9913E+04
0000861   6.2137E+04  1.1559E+04 -2.4949E+04
0000862   2.1467E+04  1.0072E+04 -3.5937E+03
0000863   1.8216E+04  1.3566E+03 -1.2811E+04
0000864   8.4952E+03  3.6108E+03 -1.0580E+03
0000865   1.4100E+04  1.5376E+04  2.5158E+04
0000866   1.4650E+04 -1.6113E+03 -1.7933E+04
0000867   2.6744E+04  5.9406E+03 -1.5182E+04
0000868   4.2870E+04 -9.3880E+03  1.8361E+04
0000869   4.0007E+04  2.3116E+04  1.3081E+04
0000870   2.5795E+04  2.5279E+04 -1.5417E+04
0000871   7.0659E+03  1.4442E+03  7.0328E+03
0000872   6.3242E+04 -4.1476E+03  8.3456E+03
0000873   1.7402E+04 -1.5166E+04 -5.9787E+03
0000874   6.1381E+04  3.8721E+03 -1.6744E+03
0000875   4.0037E+04  1.6037E+04 -1.3853E+04
0000876   6.2600E+04  1.5627E+04  2.6126E+04
0000877   2.3110E+04  3.0538E+04  1.1620E+04
0000878   3.4541E+04 -4.0155E+03  9.3885E+01
0000879   1.0913E+04 -4.1954E+03 -5.0086E+03
0000880   4.9704E+04  2.0915E+03 -4.9760E+03
0000881   7.2232E+03 -2.3080E+04 -1.3711E+04
0000882   3.5812E+03  4.9422E+03 -2.5686E+03
0000883   5.9608E+04  2.5963E+03  5.4625E+03
0000884   2.2228E+04  1.5865E+04  2.7452E+03
0000885   2.3556E+04 -4.1528E+03 -4.0132E+03
0000886   3.9340E+04 -5.6600E+02  1.3402E+04
0000887   6.2637E+04 -9.3655E+03  7.1717E+03
0000888   9.1976E+03  5.7214E+03  4.7902E+03
0000889   1.8205E+04 -1.1140E+04  5.4677E+03
0000890   5.0929E+04  9.6225E+02 -3.3238E+04
0000891   6.6635E+04 -4.5109E+03 -5.3094E+02
0000892   4.2872E+04 -7.3271E+02 -8.2008E+03
0000893   3.4877E+04  1.6772E+04  8.3069E+03
0000894   2.6412E+04  1.4414E+04 -1.2496E+04
0000895   5.6907E+04  2.1356E+02  1.3012E+04
0000896   1.6358E+04 -2.7188E+04  7.1553E+03
0000897   2.9549E+04 -4.8047E+03 -1.6563E+03
0000898   1.8527E+04  1.6818E+04 -3.0184E+04
0000899   4.8169E+04  2.7500E+03  1.1399E+02
0000900   1.6033E+04 -6.4448E+02  1.8918E+03
0000901   4.0729E+04 -2.0186E+04 -1.3075E+04
0000902   5.8933E+04  3.1075E+04 -9.2906E+03
0000903   4.5013E+04 -1.6981E+04  1.4643E+03
0000904   3.0359E+04 -1.1484E+04  1.3630E+03
0000905   7.9986E+03  1.1663E+03 -6.6200E+03
0000906   1.0904E+04  5.6923E+03  3.9473E+03
0000907   2.7061E+04 -1.0122E+04  7.1711E+03
0000908   4.3206E+04 -1.6521E+04  4.8479E+03
0000909   5.7246E+04  2.5044E+04 -7.3788E+03
0000910   1.3798E+04  4.0434E+02 -1.0430E+04
0000911   2.5775E+04  6.6586E+03 -8.7941E+03
0000912   1.5112E+04 -6.9403E+02 -4.0864E+03
0000913   3.4124E+04 -3.1388E+04  9.3615E+03
0000914   1.4123E+04 -3.3529E+03  9.2175E+03
0000915   2.4468E+04  1.5315E+04  2.4246E+02
0000916   2.0937E+04  1.3224E+03 -9.2025E+03
0000917   4.0650E+04 -7.0259E+03 -2.0030E+03
0000918   4.7620E+04 -3.0105E+04 -1.2337E+04
0000919   2.2897E+04 -1.6907E+04  2.3691E+04
0000920   1.6305E+04 -7.0659E+03  9.3112E+03
0000921   1.2654E+04 -2.4718E+01 -2.8659E+03
0000922   1.0371E+04 -1.5623E+03 -3.9089E+03
0000923   2.6217E+04  8.7154E+03 -1.8541E+04
0000924   4.5761E+04 -1.1932E+04  2.5172E+04
0000925   2.0929E+04  5.9217E+03 -1.1938E+03
0000926   4.4317E+04 -1.0571E+04 -1.4221E+04
0000927   2.8085E+04  5.9287E+03  1.4074E+03
0000928   3.2471E+04 -1.1058E+04  3.9445E+03
0000929   3.8136E+04 -2.5164E+04 -4.5272E+03
0000930   5.0112E+04 -8.2829E+03 -3.4584E+04
0000931   4.1258E+04  2.4249E+04 -4.3444E+03
0000932   4.6365E+04 -1.0818E+04  3.0700E+03
0000933   1.8975E+03 -1.8801E+04  2.9802E+04
0000934   4.1359E+04  5.0691E+03 -3.0959E+03
0000935   4.1367E+04  1.0266E+04 -2.3347E+04
0000936   1.0158E+04 -2.4386E+04  1.2974E+04
0000937   2.1931E+04 -2.1914E+03  2.7988E+03
0000938   3.1484E+04 -1.0016E+04 -4.2179E+03
0000939   4.4252E+04 -6.1956E+03 -1.6979E+04
0000940   5.3079E+04  1.2998E+03 -1.1972E+03
0000941   2.4747E+04  8.2593E+03 -4.0073E+03
0000942   1.0755E+04 -4.3113E+04  1.0535E+03
0000943   4.3336E+04 -1.8952E+04 -6.7792E+03
0000944   2.4123E+04  1.5191E+04  5.2945E+03
0000945   2.2621E+04  4.5322E+03 -4.0259E+03
0000946   9.3624E+03 -3.1922E+03  2.5849E+03
0000947   3.3972E+04  3.4871E+03  2.0024E+04
0000948   1.6510E+04 -3.5744E+03 -1.1470E+04
0000949   1.5902E+04  2.2318E+03 -5.8993E+02
0000950   2.4338E+04  9.6614E+03  2.9676E+02
0000951   2.1810E+04  3.6922E+03 -6.1785E+03
0000952   2.2520E+04  1.4532E+04  1.3033E+04
0000953   7.9794E+03 -1.2536E+04 -4.3241E+03
0000954   1.9884E+04  1.1007E+04  1.4043E+04
0000955   3.7203E+04 -1.0331E+04 -2.4020E+04
0000956   1.0824E+05 -2.1447E+04 -4.3486E+03
0000957   5.4847E+04 -2.3373E+04  1.7505E+04
0000958   3.1470E+04  1.3892E+04 -2.9275E+03
0000959   4.6646E+04 -3.1707E+03  5.9959E+03
0000960   4.0524E+03  4.9436E+02 -4.1638E+03
0000961   1.3210E+04  2.3418E+04 -9.0945E+03
0000962   8.2148E+03  1.0908E+04 -1.2833E+04
0000963   4.7135E+04 -2.9718E+04 -2.7741E+04
0000965   4.3157E+04  3.8474E+04  1.1077E+04
0000966   3.0432E+04 -2.4888E+04  2.2830E+04
0000967   1.6979E+04 -7.0196E+03  1.2394E+04
0000968   2.8872E+04 -3.0332E+03  2.1229E+04
0000969   2.4065E+04 -3.1617E+04 -1.0588E+04
0000970   3.4432E+04 -1.1679E+04  1.9254E+04
0000971   4.7329E+04  1.0456E+04 -2.3930E+04
0000972   5.3745E+04 -1.6979E+04  1.7818E+04
0000973   6.5815E+04  2.7106E+03  1.0373E+04
0000974   5.8791E+04  2.7873E+04 -6.8690E+03
0000975   2.6394E+04 -2.2084E+04 -8.4554E+03
0000976   2.4588E+04 -6.8697E+03  5.7940E+03
0000977   3.0479E+04 -2.8347E+04  2.9975E+04
0000978   6.9794E+03  1.0049E+04  8.0519E+03
0000979   7.2204E+04  6.3546E+03 -2.7950E+04
0000980   2.2545E+04 -2.0732E+04  1.1537E+04
0000981   6.1330E+04 -1.6894E+04 -8.6918E+03
0000982   5.5109E+04 -6.5188E+03 -1.2990E+03
0000983   2.5813E+04 -4.5356E+03 -1.3750E+03
0000984   1.7991E+04 -5.9849E+03 -1.5930E+04
0000985   5.9818E+04 -3.2672E+03  2.5753E+04
0000986   4.4641E+04  6.4450E+03  3.4651E+03
0000987   3.2703E+04 -4.0160E+04  3.2304E+04
0000988   4.6463E+04 -2.0269E+04 -9.2730E+03
0000989   1.9473E+04 -6.1608E+03 -8.0474E+03
0000990   5.5840E+04 -9.7148E+03 -1.4896E+04
0000991   3.6659E+04  1.2516E+04 -1.1378E+03
0000992   3.6341E+04 -2.0742E+02  7.1772E+03
0000993   4.1278E+04  1.6952E+04 -2.0039E+04
0000994   5.5034E+04 -4.8435E+03  8.7179E+03
0000995   3.9149E+04  6.3061E+03  5.9340E+03
0000996   2.0381E+04  1.2481E+04  7.8391E+03
0000997   3.3237E+04 -1.6640E+02  1.3353E+04
0000998   4.8750E+04  1.2617E+04 -4.5698E+04
0000999   2.7700E+04 -1.1093E+03 -1.2878E+04
0001000   2.3408E+04  2.6099E+04 -1.0380E+03
