============================== SRIM-2013.00 ==============================
==============================================================================
====== SRIM Outputs\RANGE_3D.txt : File of Final Ion Positions =====

Ion = Ar (18)   Ion Mass= 039.9620
Energy  = 1000000.E-03 keV
Ion Angle to Surface = 00.0 degrees
==================== TARGET =======================
  Layer # 1 - Layer 1
  Layer # 1 - Bottom Depth=500000.E+02 A
  Layer # 1 - Density =0000.0178 g/cm3
  Layer # 1 -  100 % of Ar
様様様様様様様様様様様様様様様様様様様様様様様様様様
                                            
Ion       Depth  X   Lateral Y   Lateral Z  
Number    (Angstrom) (Angstrom)  (Angstrom) 
-------  ----------- ----------- -----------
0000001   1.7319E+06 -2.1385E+05 -1.4118E+06
0000002   1.6345E+06 -5.3947E+05  6.0214E+05
0000003   9.4393E+05  4.7523E+05 -3.7846E+04
0000004   2.1373E+06  1.7669E+05 -3.2067E+05
0000005   1.5089E+06 -7.6499E+04 -1.7542E+05
0000006   1.2093E+06 -3.3286E+05 -3.1008E+05
0000007   1.9232E+06 -2.8265E+05  5.3679E+05
0000008   2.2052E+06  7.1541E+05 -4.4661E+05
0000009   2.0396E+06 -7.1456E+04 -4.6886E+05
0000010   2.2025E+06  5.1383E+05 -2.1861E+05
0000011   1.3062E+06 -2.4820E+05  1.0913E+05
0000012   1.4817E+06 -2.3789E+04 -4.2394E+05
0000013   1.4786E+06  2.7819E+05  7.0995E+05
0000014   2.0853E+06 -1.9885E+05 -3.2243E+05
0000015   1.5648E+06  2.8139E+05  6.3939E+05
0000016   2.0474E+06 -3.7534E+05 -3.9403E+05
0000017   1.4885E+06 -2.0260E+05  3.2992E+05
0000018   1.3718E+06 -1.9225E+05 -4.0191E+05
0000019   1.8380E+06 -8.3165E+05 -9.6982E+04
0000020   2.1033E+06  3.0852E+05 -2.1401E+05
0000021   2.3735E+06  4.3798E+05  1.0550E+04
0000022   1.1129E+06  6.7656E+05  4.5223E+04
0000023   2.5102E+06 -1.6539E+05  1.4938E+04
0000024   1.6677E+06  5.9817E+05  1.2773E+06
0000025   2.0381E+06 -1.1506E+05 -8.7810E+04
0000026   2.5700E+06  2.5824E+05 -6.9188E+04
0000027   1.9632E+06  1.0546E+05  4.2258E+05
0000028   1.2810E+06 -7.2074E+05 -2.0678E+05
0000029   1.3630E+06  9.1428E+04  1.5862E+05
0000030   1.7051E+06  6.2593E+05 -3.9823E+05
0000031   1.5266E+06  5.4176E+05 -2.0197E+05
0000032   1.8683E+06  2.2392E+05  2.4462E+05
0000033   2.0487E+06 -5.3111E+05 -2.0884E+05
0000034   1.7514E+06 -1.9236E+05 -4.7778E+05
0000035   1.4914E+06 -1.8969E+05 -3.1119E+05
0000036   1.4884E+06 -1.1852E+05  4.8554E+05
0000037   1.8173E+06 -2.7984E+05 -2.7568E+05
0000038   1.8138E+06  4.6052E+05 -2.7570E+05
0000039   1.5938E+06 -6.7885E+04  2.5053E+05
0000040   1.3003E+06 -3.9628E+05 -2.9300E+05
0000041   1.6259E+06  1.0845E+05 -7.8665E+04
0000042   1.9885E+06 -1.3317E+05 -8.2051E+05
0000043   1.7467E+06  6.2256E+05 -3.8375E+04
0000044   1.6025E+06 -1.1499E+05 -1.0121E+04
0000045   1.7070E+06 -5.9041E+05 -1.8074E+05
0000046   1.6335E+06 -7.7159E+05  1.0448E+06
0000047   1.9838E+06  1.9777E+04 -2.0220E+05
0000048   1.3382E+06  2.2884E+05 -2.0022E+05
0000049   1.5334E+06  2.3673E+04 -1.0081E+06
0000050   1.6501E+06 -1.5705E+03 -9.4997E+05
0000051   1.3608E+06 -2.1924E+05 -2.6329E+05
0000052   1.4684E+06  8.2416E+05 -6.2644E+05
0000053   1.8703E+06 -2.7667E+05  7.9906E+05
0000054   2.0047E+06  2.4966E+04  7.8370E+04
0000055   2.2227E+06  1.7737E+05  2.0964E+05
0000056   2.0312E+06  2.0440E+05  2.5265E+05
0000057   2.0214E+06 -1.6305E+05  5.1182E+05
0000058   2.1836E+06  1.0766E+05  4.0060E+05
0000059   1.8832E+06 -6.1496E+05  2.2285E+05
0000060   2.1220E+06  4.0890E+05 -9.0786E+05
0000061   1.8875E+06 -3.4303E+05  1.2016E+05
0000062   2.0606E+06  8.9611E+05 -6.2559E+05
0000063   2.2952E+06  3.0024E+05  3.4448E+05
0000064   1.5247E+06 -4.4500E+05  2.8788E+05
0000065   1.8570E+06  3.1474E+05 -7.4696E+05
0000066   2.0436E+06 -2.6103E+04 -2.3929E+05
0000067   2.0481E+06  2.1560E+05 -5.0691E+05
0000068   2.0661E+06 -2.6324E+05 -4.8348E+04
0000069   1.4668E+06  8.9310E+04 -4.8367E+05
0000070   2.2625E+06  5.8088E+05  6.8883E+04
0000071   2.0844E+06 -4.0130E+04  1.6647E+05
0000072   1.9638E+06  5.4573E+04 -2.2382E+04
0000073   2.0487E+06 -6.3575E+05  4.1258E+05
0000074   2.0688E+06  2.5992E+05  4.1061E+04
0000075   1.2740E+06 -1.4764E+05  2.9447E+05
0000076   1.5922E+06  3.8394E+05 -3.1190E+05
0000077   1.5500E+06  7.6286E+05 -2.4236E+04
0000078   2.2354E+06  1.7008E+04  2.4345E+05
0000079   1.7934E+06  1.6413E+05  4.0507E+05
0000080   1.7174E+06  6.1619E+05  9.2347E+05
0000081   1.7814E+06 -2.9308E+05 -3.2824E+05
0000082   2.3495E+06  2.6734E+03  1.1954E+05
0000083   1.0480E+06 -5.0985E+05 -3.6256E+05
0000084   1.5345E+06 -1.7660E+05 -1.4399E+05
0000085   1.0100E+06  3.4346E+05 -1.1060E+05
0000086   1.5250E+06  4.0535E+05 -9.1626E+05
0000087   2.0310E+06  3.7542E+04 -1.1277E+05
0000088   2.0028E+06  4.7839E+05 -2.8137E+05
0000089   2.1189E+06 -8.8013E+05 -4.1330E+05
0000090   1.4060E+06 -3.0420E+05  4.2816E+05
0000091   2.1381E+06 -2.3390E+04  7.9479E+05
0000092   1.6604E+06  4.4668E+04  5.4254E+05
0000093   1.3831E+06  9.9613E+04  5.9901E+05
0000094   6.5789E+05  3.6802E+05  3.8688E+05
0000095   2.3080E+06 -3.1417E+04  1.6353E+05
0000096   1.7161E+06  1.2473E+06  3.3528E+05
0000097   1.4698E+06 -4.9584E+05 -7.5177E+04
0000098   1.4791E+06  7.0765E+05  1.4342E+05
0000099   1.3885E+06  3.2321E+05  3.5016E+05
0000100   1.5936E+06 -2.7320E+05 -5.9333E+05
0000101   2.5300E+06  1.6831E+05 -7.9107E+04
0000102   1.8975E+06 -6.2948E+05  3.3878E+05
0000103   1.9548E+06 -2.6851E+05  4.3199E+05
0000104   1.4582E+06 -6.9732E+04 -5.9952E+05
0000105   1.8018E+06  1.8968E+05  5.0710E+05
0000106   1.5578E+06  4.8983E+05  3.3856E+05
0000107   1.9724E+06 -5.2084E+05  3.2696E+05
0000108   8.6872E+05  2.3682E+05 -2.5665E+05
0000109   2.3570E+06 -4.4015E+05  9.0708E+04
0000110   1.8500E+06  4.2264E+05 -9.2706E+05
0000111   1.7232E+06  2.9879E+05 -4.0002E+04
0000112   1.8459E+06  9.4233E+05 -1.1255E+04
0000113   1.6588E+06  8.0710E+04  1.0984E+06
0000114   2.0126E+06 -2.3417E+05 -6.4702E+03
0000115   1.9092E+06 -2.4331E+05  1.5461E+05
0000116   2.0104E+06  8.0439E+05 -1.8060E+05
0000117   1.4290E+06 -1.6771E+05  1.6568E+05
0000118   1.6854E+06  1.7862E+05 -6.2997E+05
0000119   1.8492E+06 -5.0242E+05  3.8986E+05
0000120   2.0157E+06 -4.6906E+05 -3.2068E+05
0000121   1.1222E+06  1.9044E+05 -9.0980E+05
0000122   2.0132E+06  6.8176E+05  1.2284E+05
0000123   1.8169E+06 -3.2092E+05 -6.5953E+05
0000124   2.4206E+06  4.2146E+05 -9.4721E+04
0000125   2.1405E+06  1.0376E+05  4.3469E+05
0000126   2.2654E+06  1.9270E+05  1.8255E+05
0000127   2.1384E+06 -1.9821E+05 -2.5886E+05
0000128   1.5306E+06 -3.7918E+05 -1.5802E+05
0000129   2.4030E+06 -1.1540E+05  4.7744E+05
0000130   1.3391E+06 -2.5460E+05  2.3737E+05
0000131   1.8511E+06 -6.0187E+03 -4.8030E+05
0000132   2.0054E+06 -3.0147E+05  2.8022E+05
0000133   1.9988E+06 -1.6688E+05  2.6621E+05
0000134   1.3489E+06 -1.8927E+05  1.2146E+05
0000135   1.7500E+06 -2.9203E+05  6.8327E+05
0000136   1.2895E+06  7.4333E+04 -1.7369E+05
0000137   1.6292E+06 -3.4239E+05  2.4480E+05
0000138   1.8227E+06  2.7571E+05 -6.7417E+04
0000139   1.4582E+06 -3.3515E+05 -1.9848E+05
0000140   1.9077E+06  3.2403E+05 -7.5603E+05
0000141   1.6741E+06 -1.0254E+06  3.3477E+05
0000142   1.4920E+06 -5.5591E+05 -2.0486E+05
0000143   1.6571E+06 -8.2339E+05 -2.1597E+05
0000144   1.8833E+06  4.1904E+05  9.1188E+04
0000145   1.9328E+06  2.5988E+05 -6.7266E+04
0000146   1.3173E+06 -7.9100E+04 -1.8039E+05
0000147   2.1114E+06  7.3796E+05  2.6736E+05
0000148   1.7127E+06 -1.8850E+05 -1.5344E+05
0000149   2.2385E+06  5.0371E+05  3.0141E+05
0000150   2.3617E+06  1.3408E+05 -3.1260E+05
0000151   1.3560E+06  3.7776E+05 -1.6434E+05
0000152   1.8903E+06  2.1353E+04 -1.2084E+06
0000153   2.0080E+06 -3.0307E+05  7.8845E+05
0000154   2.3405E+06 -5.6046E+05 -2.1093E+05
0000155   1.0585E+06  1.0424E+05 -3.6397E+05
0000156   1.3829E+06  1.0640E+05 -6.8212E+04
0000157   1.7186E+06  2.6252E+05 -1.0280E+06
0000158   1.5117E+06 -2.3958E+05  3.9429E+05
0000159   9.0570E+05  1.0890E+05  2.9068E+05
0000160   1.1258E+06  1.8563E+05 -9.0209E+05
0000161   9.1950E+05  6.4890E+04 -5.8661E+05
0000162   1.4636E+06 -2.0541E+05  3.3862E+05
0000163   1.0980E+06  8.1863E+04  1.7444E+05
0000164   1.6378E+06  2.2003E+05  2.9940E+05
0000165   1.0648E+06 -5.4401E+05  2.7411E+05
0000166   1.4681E+06 -9.8904E+03  7.8684E+05
0000167   2.0279E+06  4.5256E+05 -1.7602E+05
0000168   1.4486E+06 -4.7788E+05 -4.5049E+05
0000169   2.1431E+06 -1.1348E+06  1.0191E+05
0000170   1.9391E+06 -5.3952E+05 -5.3135E+05
0000171   1.2708E+06 -3.4119E+05  5.2003E+05
0000172   1.5365E+06  1.0005E+05  6.4329E+05
0000173   1.2805E+06 -1.6812E+05 -6.8210E+05
0000174   1.3675E+06 -5.1021E+05  5.8488E+05
0000175   1.8660E+06  6.8137E+05 -3.4475E+05
0000176   2.0514E+06  9.0011E+04 -3.5760E+05
0000177   1.0933E+06 -1.4320E+05  7.5360E+05
0000178   1.7805E+06 -9.8446E+04  3.2462E+05
0000179   2.6162E+06 -1.5390E+05  8.3608E+05
0000180   1.8161E+06 -1.0070E+05 -1.2434E+05
0000181   1.6691E+06  5.0710E+05 -1.8058E+05
0000182   1.3677E+06  4.1716E+05  6.2853E+04
0000183   1.6952E+06 -6.7551E+05  3.5504E+05
0000184   2.0406E+06  7.4989E+05 -1.6316E+05
0000185   1.8252E+06 -1.3236E+05 -1.1461E+06
0000186   2.4050E+06 -2.8216E+05 -6.2868E+03
0000187   2.2846E+06 -4.5515E+05  2.5374E+04
0000188   1.3201E+06 -8.3676E+05  6.6142E+05
0000189   1.8667E+06 -1.8866E+03 -2.4893E+05
0000190   2.3675E+06 -4.7886E+04 -1.2378E+05
0000191   1.4110E+06  9.8778E+04 -1.1213E+06
0000192   1.8047E+06  3.0176E+05  3.1764E+05
0000193   2.1254E+06 -6.7996E+05 -1.6337E+05
0000194   1.7733E+06  1.7607E+05 -1.0515E+06
0000195   2.4143E+06 -3.7115E+05  4.9176E+05
0000196   7.4812E+05  4.6921E+04  4.5008E+05
0000197   1.7060E+06  7.6839E+05 -1.6793E+05
0000198   8.1728E+05  3.2266E+05  4.4440E+05
0000199   1.8730E+06  1.6272E+05  1.5885E+03
0000200   1.3130E+06 -1.2735E+05  5.6888E+05
0000201   3.6771E+05 -3.3784E+05  4.1659E+04
0000202   1.3849E+06 -9.2659E+05 -2.4104E+05
0000203   2.0031E+06  1.0089E+05 -3.5406E+05
0000204   1.2199E+06 -1.3473E+05  3.4067E+05
0000205   1.5834E+06  1.0714E+06 -5.0015E+05
0000206   2.2093E+06 -5.3856E+04 -8.1125E+05
0000207   1.7506E+06 -4.7150E+05 -1.0578E+06
0000208   2.3297E+06  3.6328E+05 -7.3384E+04
0000209   1.4372E+06 -9.1370E+05 -4.6935E+05
0000210   2.0717E+06  4.3567E+05 -8.0394E+05
0000211   2.0513E+06 -2.7904E+05  3.2942E+05
0000212   1.7858E+06 -9.6524E+05 -4.7042E+05
0000213   1.5560E+06 -3.1806E+04  7.6821E+05
0000214   2.3833E+06  1.4425E+05  2.6648E+05
0000215   1.5533E+06  2.8727E+05  7.6732E+05
0000216   1.5288E+06 -4.4569E+05  4.6961E+05
0000217   2.1563E+06  3.4870E+05  1.2073E+05
0000218   1.5282E+06 -5.7686E+05 -3.7917E+05
0000219   1.7953E+06  6.0771E+05  2.7553E+04
0000220   1.7509E+06 -7.4630E+05 -1.1130E+05
0000221   1.8515E+06 -1.5116E+04  2.5198E+05
0000222   1.7170E+06 -3.2886E+05  6.8363E+04
0000223   1.2869E+06  9.9167E+04  4.5312E+05
0000224   1.4924E+06 -4.7584E+04 -3.3614E+05
0000225   1.0281E+06  3.2800E+05  7.1194E+05
0000226   2.0050E+06 -1.0587E+05 -6.2752E+05
0000227   9.3699E+05 -2.3569E+05 -2.5245E+05
0000228   1.9550E+06 -4.0327E+05  1.3821E+05
0000229   2.3462E+06 -3.5997E+05 -1.9855E+05
0000230   1.9152E+06  4.4534E+05  2.6220E+05
0000231   1.7772E+06  5.7460E+05 -6.9606E+05
0000232   1.3211E+06 -1.8148E+05 -2.0986E+05
0000233   1.4435E+06 -7.2364E+04 -1.4594E+05
0000234   1.2713E+06 -1.2737E+06  2.5679E+05
0000235   1.9664E+06  6.7216E+05  4.8594E+05
0000236   1.9316E+06 -4.7081E+05  5.3438E+05
0000237   2.0646E+06  5.6708E+04 -6.7388E+03
0000238   1.2210E+06  7.6498E+05 -1.8020E+05
0000239   8.2319E+05 -4.2696E+05  7.6097E+04
0000240   1.7337E+06 -1.0793E+05 -8.7437E+04
0000241   1.8614E+06  1.7281E+05 -4.9298E+04
0000242   1.8491E+06 -4.6808E+05 -3.2869E+05
0000243   1.7520E+06  8.3382E+05 -5.4147E+04
0000244   2.1699E+06 -4.1215E+04  7.8818E+05
0000245   1.0294E+06  1.4271E+05  1.3879E+05
0000246   1.5458E+06  5.2469E+05  2.3177E+05
0000247   1.1389E+06 -1.7090E+05 -4.1179E+05
0000248   1.5566E+06  3.7785E+05  9.8173E+04
0000249   1.9276E+06 -5.7197E+05 -3.5916E+05
0000250   2.2558E+06  2.2374E+05  5.0006E+05
0000251   2.0752E+06  4.1323E+03  6.2876E+05
0000252   2.2399E+06  5.3468E+05 -3.1173E+05
0000253   1.5757E+06  2.9204E+05  4.3367E+05
0000254   1.6560E+06  2.6927E+05  3.6140E+05
0000255   1.1338E+06  4.3229E+05  3.7181E+05
0000256   2.0324E+06 -4.1928E+05  2.0079E+05
0000257   2.0636E+06 -4.9129E+05 -1.7247E+05
0000258   1.6468E+06  5.9050E+05  6.8654E+05
0000259   2.0496E+06  2.0131E+05 -9.9032E+04
0000260   1.6652E+06 -5.5770E+05  1.3267E+05
0000261   1.6313E+06 -4.7816E+05 -1.5468E+05
0000262   1.9864E+06 -4.7258E+05  1.6708E+05
0000263   2.0258E+06  6.7682E+05 -6.5699E+04
0000264   1.6580E+06 -1.6826E+05  1.7789E+04
0000265   2.1439E+06  2.2136E+05  4.3928E+05
0000266   1.5816E+06  4.2374E+05  4.7850E+05
0000267   1.4989E+06  3.2322E+05 -4.0653E+05
0000268   1.2337E+06  8.1886E+05  6.5995E+05
0000269   2.0981E+06 -5.5106E+05 -3.0143E+05
0000270   1.8929E+06  6.2144E+05  2.7649E+05
0000271   1.0930E+06  2.5328E+03  9.4929E+04
0000272   2.1283E+06 -3.1117E+05  4.2449E+05
0000273   2.2757E+06  4.6720E+05  1.2939E+05
0000274   1.4339E+06 -3.9659E+04  4.4269E+05
0000275   1.5165E+06  7.1016E+05  6.0675E+05
0000276   1.6378E+06  5.8859E+04  4.9352E+04
0000277   2.2099E+06 -7.0404E+04  1.5206E+05
0000278   2.0407E+06  4.2186E+05 -9.2890E+05
0000279   1.6683E+06  2.7165E+05  3.3156E+05
0000280   1.4577E+06 -1.5033E+05 -6.9301E+04
0000281   2.1851E+06  4.2103E+04 -3.6956E+03
0000282   1.8187E+06 -3.3286E+05 -3.0540E+05
0000283   2.0055E+06  2.6276E+05  1.4471E+05
0000284   1.9504E+06 -6.9325E+04 -6.9651E+05
0000285   1.0442E+06  9.4486E+05 -7.3531E+05
0000286   1.8702E+06 -8.2410E+05 -2.6099E+05
0000287   2.2522E+06  3.1555E+05  4.4124E+05
0000288   9.9286E+05  5.8900E+05 -4.8018E+05
0000289   1.7581E+06 -2.4433E+05  2.3456E+05
0000290   1.6243E+06  7.4000E+05 -2.2658E+05
0000291   2.1234E+06  5.0944E+05  1.0780E+06
0000292   1.2477E+06 -4.3270E+05  2.4599E+05
0000293   1.5893E+06 -5.6795E+04  6.4060E+04
0000294   2.1018E+06 -1.3696E+05  7.8184E+04
0000295   1.3739E+06  6.0797E+05 -3.8557E+05
0000296   2.2775E+06  6.2424E+05  1.6537E+05
0000297   1.6763E+06 -1.0692E+05 -5.6061E+04
0000298   1.6900E+06  1.6260E+05 -5.2535E+05
0000299   2.2539E+06 -5.5041E+04 -2.0172E+05
0000300   1.7605E+06 -1.8817E+05  6.1717E+05
0000301   1.9975E+06  2.5243E+05  2.0735E+05
0000302   1.9812E+06  7.3781E+05  3.0674E+04
0000303   1.6585E+06 -3.0957E+05  4.9564E+05
0000304   1.7779E+06  7.4198E+05  5.1329E+05
0000305   1.4773E+06 -9.5629E+04 -5.8451E+05
0000306   1.4999E+06  3.7906E+05 -1.0523E+06
0000307   1.7944E+06 -2.8948E+05  1.0685E+05
0000308   1.8650E+06 -1.8768E+05  1.4346E+05
0000309   1.9770E+06 -2.1363E+04  5.9544E+05
0000310   1.5065E+06 -2.9853E+05 -3.0678E+05
0000311   1.8790E+06 -9.9076E+05 -5.6185E+05
0000312   2.1751E+06  3.7880E+05  2.1856E+04
0000313   1.9036E+06  6.5762E+04  2.8538E+05
0000314   1.7767E+06 -2.2526E+05  4.0778E+05
0000315   1.7093E+06 -9.2912E+05 -3.3509E+05
0000316   2.1983E+06 -5.7162E+05 -3.0435E+05
0000317   1.4805E+06 -1.8719E+03 -3.2825E+05
0000318   2.4001E+06  2.4185E+05  3.0651E+05
0000319   1.4873E+06  6.9811E+04  5.7203E+05
0000320   9.7169E+05  6.8827E+05  5.3656E+05
0000321   2.2822E+06  2.0924E+05 -2.2001E+05
0000322   1.5759E+06  1.8318E+05  1.8749E+05
0000323   1.7019E+06  1.3089E+05  4.3655E+05
0000324   2.3650E+06  3.3251E+05 -3.4075E+03
0000325   1.9833E+06  1.8027E+05  8.7417E+05
0000326   1.5430E+06 -2.2444E+04  5.7594E+04
0000327   1.7815E+06  1.1139E+05 -7.4748E+05
0000328   1.9733E+06  1.7425E+05  2.7694E+05
0000329   1.6094E+06 -6.7004E+05  6.8079E+05
0000330   2.2299E+06 -1.5785E+05 -3.4585E+05
0000331   1.9286E+06  1.4891E+05 -2.6238E+05
0000332   1.3701E+06 -5.9602E+05  4.8893E+04
0000333   2.1313E+06  7.4504E+04  7.2233E+05
0000334   2.0526E+06  4.7827E+05 -1.2633E+04
0000335   2.0583E+06 -7.5375E+04  2.2752E+04
0000336   2.3649E+06  8.1118E+04  1.0183E+06
0000337   1.8225E+06  4.0700E+04 -8.4731E+05
0000338   2.1759E+06 -4.9447E+05 -6.8944E+05
0000339   1.5937E+06  2.4046E+04 -9.0845E+03
0000340   1.7936E+06 -7.7475E+05 -4.0582E+05
0000341   1.9475E+06 -2.8040E+05 -9.3153E+04
0000342   2.2946E+06 -2.9065E+05 -2.7780E+05
0000343   1.4709E+06  3.8234E+05 -1.7258E+05
0000344   2.1056E+06  2.7535E+05 -8.3779E+04
0000345   2.4809E+06  1.6741E+05 -1.1649E+05
0000346   1.5987E+06  9.0498E+05 -1.1174E+05
0000347   1.4263E+06 -1.1132E+05  9.9777E+04
0000348   2.1129E+06  1.5341E+05 -5.4636E+05
0000349   1.6109E+06  7.6925E+05 -3.2083E+05
0000350   1.6174E+06  1.6830E+05 -1.0137E+05
0000351   1.6546E+06 -3.5293E+05  5.3712E+04
0000352   2.4879E+06 -1.7680E+05  3.1216E+05
0000353   2.2564E+06 -1.5216E+05 -7.3283E+04
0000354   1.4826E+06  4.8447E+05 -1.2594E+05
0000355   1.7594E+06  2.4866E+05  1.5810E+06
0000356   1.6990E+06  2.4229E+05  7.1408E+05
0000357   1.6870E+06 -8.1610E+05 -1.1049E+05
0000358   3.6282E+05 -5.4605E+05  1.1962E+06
0000359   1.9753E+06 -8.9711E+05  3.5393E+05
0000360   1.9247E+06 -2.7544E+05  4.5397E+05
0000361   1.5446E+06 -8.3500E+05  1.3916E+05
0000362   2.1724E+06 -8.5983E+04  1.2700E+05
0000363   2.3840E+06  1.1614E+05 -9.6584E+04
0000364   1.8671E+06 -6.0881E+04  2.4905E+05
0000365   1.9711E+06  3.1564E+05  4.8174E+05
0000366   2.2465E+06  4.3231E+05 -5.5938E+05
0000367   2.4946E+06  3.9542E+04  2.4859E+05
0000368   1.3522E+06 -2.4572E+05 -1.0211E+05
0000369   2.1578E+06  2.7298E+05 -1.1298E+05
0000370   1.3505E+06  6.0389E+04  7.2568E+04
0000371   2.0415E+06 -6.7424E+05  2.3004E+05
0000372   2.0146E+06  1.8818E+05  3.6979E+04
0000373   9.8924E+05 -2.4403E+05  4.6558E+05
0000374   1.1373E+06  2.7258E+05 -1.1794E+06
0000375   1.5473E+06  2.2456E+05  2.6139E+05
0000376   1.9838E+06 -5.0159E+05 -3.0438E+04
0000377   1.8900E+06 -2.6744E+05  2.4941E+05
0000378   1.7842E+06 -2.6531E+05 -7.0882E+05
0000379   2.1423E+06  5.0451E+05 -3.5414E+05
0000380   1.7062E+06 -1.2761E+06  3.4792E+03
0000381   1.7692E+06  2.9633E+05  1.8960E+05
0000382   2.2530E+06 -3.8180E+05 -1.5184E+05
0000383   1.9702E+06  3.0156E+05 -1.6308E+05
0000384   1.8584E+06  4.0824E+05 -2.0632E+05
0000385   1.0131E+06 -5.0831E+05 -2.2120E+05
0000386   1.1629E+06 -5.9344E+05  4.4480E+04
0000387   1.6102E+06 -5.0178E+05 -2.9721E+05
0000388   2.1379E+06 -6.1201E+05 -6.4357E+05
0000389   1.5231E+06 -1.4045E+05 -1.2536E+05
0000390   1.3702E+06  4.6030E+05  1.1443E+06
0000391   1.8018E+06 -3.5344E+05 -6.4315E+04
0000392   1.9093E+06 -7.1444E+05 -5.7192E+05
0000393   1.8103E+06 -5.9555E+05  3.0045E+05
0000394   2.0569E+06 -1.8959E+05  5.9956E+05
0000395   1.6837E+06 -7.5971E+04 -2.1722E+05
0000396   1.9139E+06  5.5246E+05 -4.1612E+05
0000397   2.1759E+06 -4.2229E+04 -7.0377E+04
0000398   1.1342E+06  7.1521E+05 -3.9327E+05
0000399   1.7536E+06 -4.9846E+05  1.7151E+05
0000400   7.8301E+05 -1.3653E+05 -3.3966E+05
0000401   1.7197E+06  4.5286E+05  4.4687E+05
0000402   1.7010E+06  1.3728E+04  3.5587E+05
0000403   1.7393E+06 -3.0359E+05 -2.6618E+05
0000404   7.3998E+05 -1.5738E+05  2.2250E+05
0000405   1.0717E+06 -4.2336E+04 -2.0473E+05
0000406   2.0026E+06 -2.5196E+05  4.7938E+05
0000407   2.3344E+06 -2.0109E+05 -2.8612E+05
0000408   2.0311E+06 -2.8629E+05 -7.7968E+03
0000409   2.1424E+06 -4.0643E+05 -3.0613E+05
0000410   1.6908E+06 -9.3453E+05  1.2891E+05
0000411   2.1564E+06  1.7559E+05 -2.3946E+05
0000412   1.8507E+06  7.8863E+04  1.2232E+06
0000413   4.8672E+05  3.6051E+03  1.7816E+05
0000414   1.5720E+06  6.2646E+05  7.3114E+05
0000415   1.9941E+06 -3.9216E+05  2.1419E+05
0000416   2.4946E+05  1.7688E+05  6.2748E+04
0000417   1.1226E+06  1.5669E+05  2.5981E+05
0000418   2.2541E+06  5.5281E+05 -4.3390E+05
0000419   2.5000E+06  4.2426E+05  1.4296E+05
0000420   2.0695E+06  7.4580E+05  4.1589E+05
0000421   2.1490E+06 -3.3813E+05  3.2603E+05
0000422   2.0336E+06  7.1990E+05  1.6469E+05
0000423   1.9803E+06 -9.7218E+04  6.4166E+05
0000424   2.1317E+06 -6.0820E+05  5.8473E+05
0000425   1.9006E+06 -2.7947E+05  1.1005E+05
0000426   1.6138E+06  1.0056E+06  6.4920E+05
0000427   1.6796E+06  1.6983E+05 -6.5032E+04
0000428   2.0646E+06 -1.1334E+04 -4.3190E+05
0000429   5.8836E+04  1.7038E+05 -2.3320E+05
0000430   1.8053E+06 -4.3542E+05  2.8364E+05
0000431   2.0169E+06  5.3161E+05  2.7745E+05
0000432   1.2501E+06 -2.7463E+05 -1.8006E+05
0000433   1.7620E+06  9.0882E+05  5.8069E+05
0000434   6.9549E+05  4.9328E+05 -6.5213E+05
0000435   2.4823E+06  3.5393E+05  6.0831E+04
0000436   1.6917E+06  3.2612E+05 -2.3223E+05
0000437   1.5233E+06  6.4673E+05  1.0001E+04
0000438   1.7753E+06  6.6275E+05  2.3847E+05
0000439   1.8365E+06 -2.9442E+05  1.0734E+06
0000440   1.8966E+06  4.6452E+05  4.5509E+05
0000441   1.8569E+06  2.7621E+05 -2.3883E+05
0000442   1.8718E+06  8.6191E+05  3.1303E+05
0000443   2.0290E+06 -1.1643E+05  6.9496E+05
0000444   1.7073E+06  1.1297E+06 -5.7955E+04
0000445   9.8714E+05  8.6547E+05 -7.3828E+05
0000446   1.8436E+06  3.2495E+05  3.5417E+05
0000447   1.7070E+06 -6.0329E+05 -7.2402E+05
0000448   1.1382E+06 -6.5066E+05 -1.7140E+05
0000449   2.0996E+06  2.1295E+05 -1.6354E+05
0000450   1.7113E+06  3.2781E+05  3.1627E+05
0000451   2.3663E+06  1.2098E+05  8.5406E+05
0000452   1.5627E+06 -1.4949E+05 -6.4764E+05
0000453   1.9784E+06 -2.2413E+05 -2.4606E+05
0000454   1.4273E+06 -4.9088E+05  9.7955E+05
0000455   1.9713E+06 -2.7752E+05  1.0784E+06
0000456   9.5126E+05  8.1987E+04  2.2294E+05
0000457   2.0364E+06 -4.2389E+05 -5.7883E+05
0000458   2.3931E+06 -7.4160E+04 -6.5482E+05
0000459   1.8443E+06 -3.9848E+05 -3.9625E+05
0000460   1.9911E+06  3.6344E+05 -2.8696E+04
0000461   1.4559E+06  8.7315E+05 -3.4938E+05
0000462   1.8650E+06  4.9457E+05 -2.9952E+05
0000463   1.8844E+06 -3.9766E+05 -2.9530E+05
0000464   1.9805E+06 -2.6404E+05  5.7511E+05
0000465   1.6997E+06 -2.5282E+05  4.5692E+05
0000466   1.5637E+06  6.9950E+03 -7.3636E+05
0000467   1.9824E+06  3.0469E+05 -1.1938E+05
0000468   1.7868E+06 -2.7244E+05  3.4594E+04
0000469   2.3493E+06  7.3507E+04 -6.4575E+04
0000470   1.7906E+06  1.6786E+05  2.9824E+05
0000471   1.7668E+06  5.5252E+04  3.3093E+05
0000472   2.1332E+06 -5.2567E+05  4.0317E+05
0000473   1.9682E+06  1.2955E+06  3.8798E+05
0000474   1.4521E+06 -3.4561E+05  4.6018E+05
0000475   2.4027E+06 -1.3585E+05 -1.5399E+05
0000476   1.2369E+06 -1.5975E+05  2.8615E+05
0000477   1.5521E+06  2.2495E+05  6.8659E+04
0000478   1.6169E+06 -4.8198E+05 -4.9013E+03
0000479   1.7562E+06  3.1123E+05 -3.3817E+05
0000480   2.4249E+06  2.1946E+05  2.9688E+05
0000481   2.1316E+06 -4.5808E+05 -5.2365E+04
0000482   1.4674E+06 -3.5314E+05  8.1195E+04
0000483   1.8346E+06 -1.9511E+05 -4.5043E+05
0000484   1.1186E+06 -2.0561E+05  1.6797E+04
0000485   2.0153E+06 -8.8755E+04  2.7670E+05
0000486   1.9397E+06  3.1249E+05 -8.1179E+04
0000487   1.0839E+06  1.9718E+05 -9.5573E+05
0000488   1.7666E+06 -9.4925E+04 -1.0273E+06
0000489   1.7082E+06  5.5499E+05  3.0804E+05
0000490   1.4569E+06  4.2321E+05  4.9484E+05
0000491   1.8762E+06  5.7887E+05 -5.8036E+05
0000492   1.7896E+06  8.8464E+05 -1.3883E+05
0000493   2.2807E+06  2.9833E+05  6.5753E+04
0000494   1.9680E+06  4.7163E+05  7.2436E+04
0000495   1.6040E+06 -9.3907E+04 -5.5832E+05
0000496   2.1350E+06 -9.4958E+04  3.2831E+05
0000497   1.6009E+06  9.2239E+05 -3.2431E+05
0000498   1.1855E+06 -4.7108E+05 -9.3683E+04
0000499   1.5886E+06 -6.1500E+05  3.1955E+05
0000500   1.6233E+06  3.8885E+05 -4.8084E+05
0000501   2.0390E+06 -4.6934E+05  1.2789E+05
0000502   1.6582E+06  5.2083E+05 -3.2860E+05
0000503   1.6397E+06 -2.8172E+05 -2.4396E+05
0000504   1.6039E+06  5.6155E+05  1.4901E+05
0000505   1.9444E+06 -6.5509E+05 -6.6922E+04
0000506   1.8875E+06 -1.8859E+05 -4.1267E+05
0000507   1.5406E+06  2.7271E+05  9.3918E+04
0000508   1.7339E+06  1.4256E+05  1.7791E+05
0000509   2.1962E+06 -2.2581E+05 -8.8235E+04
0000510   4.5862E+05  1.9565E+05 -1.6396E+05
0000511   1.2543E+06 -7.7580E+04  3.0687E+03
0000512   1.9269E+06  5.9019E+05  3.9810E+05
0000513   1.8606E+06 -3.5148E+05 -4.0771E+05
0000514   1.4448E+06 -4.3529E+05 -1.4606E+05
0000515   1.9642E+06 -5.4251E+05 -2.0839E+05
0000516   1.5947E+06 -4.5536E+05 -5.9210E+05
0000517   2.1052E+06 -2.1443E+05 -3.7733E+05
0000518   1.9945E+06  4.7566E+04 -3.9819E+05
0000519   2.0872E+06  1.1354E+05 -1.3947E+04
0000520   1.7194E+06  2.3272E+05 -3.5509E+04
0000521   1.8255E+06  4.6066E+05 -7.9895E+04
0000522   2.3076E+06 -1.3187E+05  3.3516E+05
0000523   2.4467E+06  8.9613E+04 -9.6359E+04
0000524   1.3674E+06  2.2359E+05  3.1641E+05
0000525   1.2407E+06  9.1791E+05 -9.0328E+05
0000526   3.0472E+05  7.1419E+04  1.3504E+04
0000527   1.8051E+06 -4.1121E+05 -7.5881E+05
0000528   1.7501E+06  2.2564E+05 -5.4584E+05
0000529   2.0427E+06  5.6596E+05 -1.3090E+05
0000530   2.0748E+06  3.7120E+05  4.5148E+05
0000531   2.0267E+06 -1.1342E+05 -3.3396E+03
0000532   1.8556E+06  1.7517E+04  4.0401E+05
0000533   2.1074E+06  3.4743E+05 -6.6000E+03
0000534   1.7575E+06 -1.9519E+05 -8.1699E+05
0000535   1.6788E+06 -3.1764E+05 -3.1693E+05
0000536   2.2084E+06 -1.5146E+05  3.1131E+05
0000537   1.6321E+06 -7.2016E+04  4.2658E+05
0000538   2.1363E+06  1.6793E+05 -1.5625E+05
0000539   1.3292E+06  5.5189E+05 -4.0963E+04
0000540   1.5927E+06 -1.6415E+05  6.8209E+05
0000541   2.5114E+06  4.3878E+05 -1.3317E+05
0000542   1.8908E+06  3.1382E+05  9.7264E+04
0000543   1.5037E+06 -1.0871E+05 -4.0057E+05
0000544   2.3024E+06 -9.9368E+04  2.5089E+05
0000545   2.0373E+06  9.1471E+04  4.2648E+05
0000546   8.7569E+05  7.0536E+03 -3.4700E+03
0000547   2.1794E+06 -4.0297E+05  6.7879E+04
0000548   1.5477E+06 -3.1340E+04 -4.2247E+05
0000549   2.1077E+06 -6.6926E+05  2.3193E+04
0000550   9.4803E+05  2.3199E+04 -2.1106E+05
0000551   1.8463E+06 -1.3428E+05 -5.6248E+05
0000552   1.4311E+06  7.0585E+04  1.4687E+05
0000553   1.9298E+06 -1.9228E+05  3.3203E+05
0000554   1.6319E+06  5.8922E+05  3.8739E+05
0000555   2.1328E+06 -4.6138E+05  2.4389E+05
0000556   2.0272E+06  5.3265E+05  2.4310E+05
0000557   1.8159E+06 -1.8855E+05  4.9048E+05
0000558   2.1472E+06 -2.7187E+04 -3.5800E+05
0000559   2.1965E+06 -1.1972E+04 -8.4701E+05
0000560   2.1484E+06 -6.8944E+04  1.7613E+05
0000561   1.7014E+06  3.1990E+05 -7.0831E+05
0000562   1.3478E+06  2.9539E+03  5.7843E+05
0000563   1.5025E+06  2.0940E+05 -2.1040E+05
0000564   1.5600E+06  1.7346E+05 -7.7708E+05
0000565   2.3076E+06  8.6797E+04 -2.9731E+05
0000566   1.6381E+06  3.1571E+05 -3.4853E+05
0000567   1.6425E+06  1.3420E+06 -4.4942E+05
0000568   1.3735E+06 -1.3080E+05  6.6616E+05
0000569   1.5127E+06 -1.2980E+05  3.3864E+04
0000570   1.9132E+06  7.7822E+05  6.4766E+05
0000571   2.2206E+06 -2.2703E+05 -4.7033E+05
0000572   2.3427E+06  3.7400E+04  1.4718E+04
0000573   1.7285E+06  2.2605E+05  9.5706E+04
0000574   1.2213E+06 -2.7154E+05  4.1755E+05
0000575   1.2273E+06 -1.6208E+06  6.3455E+05
0000576   1.9629E+06  1.6323E+05 -4.5482E+05
0000577   9.6813E+05 -1.2337E+05  2.6797E+05
0000578   1.9752E+06  2.7656E+05  3.0786E+05
0000579   2.1522E+06 -6.8025E+05 -1.5559E+04
0000580   1.1964E+06  2.9273E+05 -1.8184E+03
0000581   2.2263E+06  6.6176E+05  7.4891E+05
0000582   1.6145E+06  1.9944E+05  8.3047E+05
0000583   1.9031E+06  4.3010E+05 -1.4964E+05
0000584   1.7313E+06 -4.0719E+05  7.0441E+03
0000585   2.4018E+06  2.8832E+05 -3.1849E+05
0000586   1.3501E+06 -5.0920E+05  5.3287E+05
0000587   2.0837E+06  5.3805E+05  3.3756E+05
0000588   2.1154E+06  6.6871E+05  2.6776E+05
0000589   1.5185E+06 -1.3498E+05  4.7647E+05
0000590   1.7075E+06  9.9127E+04  6.4440E+05
0000591   1.9674E+06 -1.7533E+05 -7.3476E+05
0000592   1.4401E+06  1.5368E+05 -2.2419E+05
0000593   1.9103E+06  6.1218E+05  2.9407E+05
0000594   1.8248E+06 -5.0780E+05  5.1594E+05
0000595   2.0896E+06 -4.6903E+05 -1.2653E+05
0000596   1.6890E+06  9.0054E+04 -1.2177E+05
0000597   1.4252E+06 -7.1796E+05  8.8763E+04
0000598   1.7758E+06 -3.0250E+05 -1.7036E+05
0000599   2.0167E+06 -3.6323E+05  2.1134E+05
0000600   1.5048E+06  3.7042E+04 -6.8961E+05
0000601   2.1444E+06 -3.3225E+05 -2.2362E+05
0000602   1.3353E+06  6.6876E+05 -8.9382E+05
0000603   2.2365E+06 -6.1985E+04  1.2711E+05
0000604   2.1262E+06 -4.9273E+05  3.0671E+05
0000605   2.1163E+06 -5.9208E+05 -1.9785E+04
0000606   2.3134E+06 -7.9870E+04  1.3836E+05
0000607   1.6846E+06  3.4896E+05 -1.2015E+06
0000608   1.1520E+06 -2.0742E+05 -3.5101E+05
0000609   8.0608E+05 -1.6352E+05  9.2489E+05
0000610   7.3175E+05 -1.2415E+06  4.6392E+05
0000611   2.2288E+06  1.1121E+05  3.7629E+05
0000612   2.1267E+06 -3.1074E+05 -9.2799E+03
0000613   1.4349E+06 -6.9748E+05 -6.2934E+05
0000614   1.4004E+06 -4.5141E+05  3.9824E+05
0000615   5.4784E+05  2.4316E+04  7.7009E+04
0000616   2.3401E+06 -3.4912E+05 -8.0102E+04
0000617   2.3823E+06  7.6330E+05 -3.4670E+05
0000618   1.9397E+06  3.8029E+05  9.0231E+05
0000619   2.0341E+06 -4.6299E+05 -1.3208E+05
0000620   1.8211E+06  4.5301E+04  5.2914E+05
0000621   2.2571E+06 -5.3867E+05 -3.8775E+05
0000622   1.7574E+06  3.9654E+05  4.9706E+05
0000623   1.6419E+06  4.5622E+05 -6.9146E+04
0000624   1.4758E+06  1.6894E+05 -4.0680E+05
0000625   2.3773E+06  2.4905E+05  1.2503E+05
0000626   2.2917E+06 -6.3530E+05 -3.6340E+05
0000627   1.3969E+06 -7.4055E+05  2.7058E+05
0000628   1.2121E+06 -3.7580E+05 -2.2011E+05
0000629   2.1462E+06  8.9613E+04 -5.3972E+04
0000630   1.5791E+06  1.3322E+05  3.4410E+05
0000631   1.7807E+06 -2.1628E+05  1.0713E+05
0000632   1.3081E+06 -3.5941E+04  9.8925E+05
0000633   1.6592E+06 -4.2996E+04  4.0457E+05
0000634   2.2571E+06  4.5566E+05 -3.6302E+04
0000635   2.4389E+06 -1.1330E+05  9.6750E+04
0000636   1.7389E+06 -1.0778E+05  2.2907E+05
0000637   1.9106E+06  4.4846E+04  5.0573E+05
0000638   2.0086E+06 -3.4467E+05 -1.1016E+05
0000639   2.1515E+06  1.0000E+05 -1.5188E+05
0000640   1.8590E+06 -8.8763E+05 -2.8677E+05
0000641   7.2360E+05  1.6181E+05 -6.6627E+05
0000642   1.6479E+06  6.6482E+05  8.2567E+05
0000643   1.8274E+06 -1.6427E+05 -1.1820E+06
0000644   9.9638E+05 -4.2550E+05 -4.8986E+05
0000645   1.9106E+06 -5.6734E+05  4.3108E+05
0000646   2.1217E+06 -2.2456E+05  7.7776E+05
0000647   1.8595E+06  3.7086E+05  8.5052E+04
0000648   1.2599E+06  2.3882E+05 -7.5246E+05
0000649   1.6444E+06 -1.6423E+05 -1.6231E+05
0000650   2.0638E+06  2.4549E+05 -8.1136E+05
0000651   2.3662E+06  4.4765E+05  9.0557E+04
0000652   2.2487E+06 -2.5818E+04 -6.4883E+05
0000653   1.9084E+06 -3.5360E+05  2.6399E+04
0000654   2.2584E+06  6.6653E+04  5.9611E+05
0000655   1.7421E+06  1.8734E+05 -2.2139E+05
0000656   1.8158E+06 -6.2100E+05 -6.3794E+05
0000657   1.7150E+06 -2.4199E+05 -8.5651E+05
0000658   1.8744E+06 -5.9044E+05  5.0981E+05
0000659   1.5860E+06 -9.9784E+05  6.7296E+05
0000660   2.1966E+06  3.3845E+05  8.8960E+05
0000661   2.0097E+06  5.4435E+04 -2.5236E+05
0000662   1.9924E+06  4.5553E+04  2.1306E+05
0000663   2.0225E+06 -2.9630E+05  3.2677E+05
0000664   1.4584E+06  2.1723E+05 -9.4725E+04
0000665   1.8755E+06  4.7971E+05 -3.1166E+04
0000666   2.4076E+06 -3.2742E+05 -2.7047E+05
0000667   2.0258E+06 -1.2408E+05 -6.6342E+05
0000668   1.6728E+06 -5.4628E+04  2.0343E+05
0000669   1.9144E+06 -9.4676E+03  4.5308E+04
0000670   2.2674E+06 -4.3600E+05 -3.3878E+05
0000671   1.5299E+06 -4.1784E+05 -4.9473E+05
0000672   2.1858E+06 -5.7206E+05  2.7710E+05
0000673   1.3486E+06  6.6462E+05 -7.2113E+05
0000674   2.1655E+06 -2.2159E+05 -2.1688E+05
0000675   2.2104E+06 -4.4279E+05 -2.9091E+04
0000676   1.9821E+06 -1.1636E+05  2.6804E+05
0000677   2.1453E+06  7.5614E+05  5.4751E+05
0000678   1.5245E+06  4.6862E+04  3.3366E+05
0000679   1.2226E+06 -3.8365E+05 -5.7531E+05
0000680   1.4218E+06 -1.4674E+05 -5.0836E+05
0000681   1.0677E+06 -1.8811E+05  9.9382E+04
0000682   2.1117E+06  8.3651E+04 -1.1108E+05
0000683   1.7285E+06 -6.2422E+04 -4.4858E+05
0000684   2.0489E+06 -5.7588E+05  5.5993E+05
0000685   1.5348E+06  7.4221E+05 -7.5392E+04
0000686   1.7433E+06  9.0112E+05  2.6446E+05
0000687   1.8174E+06 -8.4083E+05  9.5035E+05
0000688   1.8493E+06  2.3093E+05  5.2486E+05
0000689   2.0316E+06 -6.3467E+05  4.0004E+05
0000690   1.8284E+06  3.8095E+05 -1.3507E+05
0000691   2.4659E+06 -3.4885E+05  2.6489E+05
0000692   2.1319E+06 -5.8875E+05 -1.9745E+05
0000693   2.1566E+06 -6.5245E+05  2.5353E+05
0000694   2.0583E+06 -2.6332E+05  5.4947E+05
0000695   1.3466E+06  3.5659E+05 -1.2808E+05
0000696   1.9859E+06 -1.3864E+06 -5.4724E+04
0000697   1.3180E+06  4.6934E+04  1.9887E+05
0000698   1.7239E+06 -3.1974E+02  6.3064E+05
0000699   2.0559E+06  5.3777E+05  1.1562E+06
0000700   2.0732E+06 -6.1618E+05 -7.2704E+04
0000701   1.0358E+06 -1.1357E+06 -4.8870E+04
0000702   1.8159E+06  5.4055E+05 -2.3057E+05
0000703   1.9203E+06  2.2372E+05 -5.0076E+05
0000704   2.2424E+06 -7.7823E+05  5.9178E+04
0000705   2.0422E+06  1.2675E+05  2.0804E+05
0000706   1.9482E+06  7.1893E+05  2.3413E+05
0000707   2.3934E+06  1.2348E+04 -7.8710E+04
0000708   1.9246E+06  9.7018E+05  2.4019E+05
0000709   1.7755E+06  3.4392E+05 -1.4504E+04
0000710   1.6132E+06 -8.3958E+04  5.2169E+04
0000711   1.5233E+06 -3.3530E+05  6.1307E+03
0000712   2.1864E+06  2.1775E+05 -5.9038E+05
0000713   2.0933E+06  4.9234E+05  3.8448E+05
0000714   1.3831E+06 -3.1823E+05 -1.1999E+05
0000715   1.5723E+06 -2.9678E+05  6.8368E+04
0000716   1.0488E+06 -1.0679E+05 -2.1356E+05
0000717   1.4968E+06  3.1053E+05  2.0242E+05
0000718   2.1730E+06 -1.5938E+05 -1.3503E+05
0000719   1.6158E+06 -3.3547E+05  1.4864E+05
0000720   2.0016E+06  6.8544E+05 -8.2416E+04
0000721   2.1989E+06 -2.4692E+05  4.0805E+05
0000722   6.0622E+05 -5.4981E+05 -7.1641E+05
0000723   1.2559E+06  2.8010E+03 -9.0397E+04
0000724   2.0261E+06 -3.2236E+05 -2.5991E+05
0000725   2.0038E+06 -4.3551E+04  1.6652E+05
0000726   1.9833E+06 -3.9447E+05  3.9159E+04
0000727   1.6263E+06  2.7767E+05  5.0233E+05
0000728   1.1157E+06  4.4664E+05  2.5670E+05
0000729   1.6905E+06 -5.8252E+05  1.2649E+05
0000730   1.4788E+06  5.0349E+05  2.7953E+05
0000731   1.2976E+06  1.6339E+04  2.1898E+05
0000732   2.0713E+06 -9.7599E+05 -1.6263E+05
0000733   1.6258E+06 -6.4593E+05 -4.0634E+05
0000734   2.1828E+06  1.3239E+05  3.4230E+05
0000735   2.2229E+06  1.3712E+04  2.3413E+04
0000736   1.9310E+06 -1.7851E+05 -4.2796E+05
0000737   2.0256E+06 -2.3199E+05 -3.5638E+05
0000738   2.4629E+06  1.2631E+05 -2.7906E+05
0000739   1.8379E+06 -4.2090E+05 -3.6863E+05
0000740   1.2876E+06  3.6325E+05  5.2408E+05
0000741   1.9389E+06  7.8133E+01 -1.0965E+05
0000742   1.2955E+06  2.0510E+05 -3.2623E+05
0000743   1.1756E+06  4.0744E+05 -4.8478E+05
0000744   1.7534E+06  1.1134E+05  2.3734E+05
0000745   1.4351E+06  7.2371E+05 -5.5892E+05
0000746   1.4160E+06 -4.6018E+05  5.9715E+05
0000747   2.2813E+06  9.6697E+04 -5.7496E+04
0000748   1.8485E+06 -6.9328E+04 -9.2039E+05
0000749   2.3821E+06  1.9894E+05  4.1004E+03
0000750   8.8356E+05  6.2953E+05  4.2569E+05
0000751   1.6152E+06 -2.3471E+05 -3.0023E+05
0000752   1.6571E+06  2.9584E+05  5.0749E+05
0000753   1.8398E+06  7.4549E+05  1.9951E+05
0000754   1.4699E+06 -5.2060E+05 -1.1665E+05
0000755   6.5963E+05 -4.2961E+05 -3.5648E+05
0000756   2.4903E+05  1.3025E+04  1.7045E+05
0000757   1.9734E+06  1.9453E+05  4.2168E+05
0000758   1.9219E+06 -7.3659E+04  1.0940E+05
0000759   2.1945E+06  6.1732E+05 -8.2694E+03
0000760   2.2744E+06  4.3441E+05  1.5573E+05
0000761   2.0104E+06 -3.3150E+05  1.5814E+05
0000762   1.7985E+06  4.2308E+05  7.8349E+05
0000763   1.5152E+06 -5.7922E+05  5.3908E+05
0000764   1.7946E+06 -7.5851E+04 -3.2455E+05
0000765   2.3553E+06  1.9386E+05  1.4012E+05
0000766   2.1679E+06 -1.9096E+05 -1.0480E+05
0000767   1.8951E+06 -2.9779E+05 -4.0587E+05
0000768   1.5626E+06  5.5595E+05 -5.4373E+05
0000769   6.9369E+05  5.1461E+05 -1.0509E+05
0000770   1.8298E+06 -5.9628E+05 -1.9368E+05
0000771   2.2773E+06 -2.0665E+05  4.3584E+05
0000772   1.7258E+06 -3.5407E+04  7.5101E+04
0000773   2.1675E+06  1.5310E+05  5.6632E+05
0000774   1.6067E+06  2.9586E+05 -3.9114E+05
0000775   1.6274E+06  3.8825E+05  1.9103E+05
0000776   1.4822E+06 -1.1636E+05  3.2618E+04
0000777   2.2701E+06 -1.2551E+05  4.6356E+05
0000778   2.0550E+06 -3.8641E+05 -4.2069E+05
0000779   1.5709E+06  1.0400E+05 -3.4835E+05
0000780   1.9796E+06 -8.8676E+05 -2.0600E+05
0000781   2.1670E+06 -1.2536E+05 -6.1076E+05
0000782   1.5094E+06 -1.9911E+05  1.0088E+06
0000783   1.2534E+05 -1.1518E+05  9.2171E+04
0000784   1.0324E+06 -3.4686E+05 -2.2682E+05
0000785   1.4981E+06  5.7755E+05  1.0059E+06
0000786   2.0922E+06 -2.6166E+05 -7.7261E+04
0000787   2.4458E+06 -2.9259E+04 -5.7005E+05
0000788   1.3593E+06 -5.5825E+05  6.6057E+05
0000789   1.5666E+06  1.2640E+04 -1.0015E+04
0000790   2.0251E+06  5.5556E+05 -7.1373E+05
0000791   2.0880E+06 -2.4974E+05 -4.8063E+05
0000792   2.1548E+06  6.7747E+05  5.0072E+05
0000793   1.1513E+06 -3.7852E+05  5.5483E+05
0000794   1.7941E+06  1.6543E+05 -1.5096E+04
0000795   1.9671E+06 -5.5080E+05  2.3964E+05
0000796   2.0103E+06  2.3798E+05 -4.2403E+05
0000797   2.2322E+06 -3.2375E+05  4.8754E+04
0000798   1.8749E+06 -7.8997E+04 -1.9704E+05
0000799   1.0055E+06  2.8745E+05 -3.7576E+05
0000800   1.7016E+06  9.0222E+04 -1.1746E+05
0000801   2.0681E+06  4.1734E+05 -1.8003E+05
0000802   1.4152E+06  9.0876E+05  5.4195E+05
0000803   1.8672E+06 -2.5965E+05 -2.9372E+05
0000804   1.8783E+06 -1.5601E+05  1.2032E+05
0000805   1.4315E+06 -4.6909E+05  2.3265E+05
0000806   2.1664E+06  6.2770E+04 -6.3735E+05
0000807   2.2885E+06  1.3835E+05 -5.6103E+05
0000808   2.3952E+06  5.3685E+05 -4.0578E+05
0000809   2.0733E+06  5.9939E+05 -4.6935E+05
0000810   2.1791E+06  1.2632E+05  3.2581E+04
0000811   1.6342E+06  3.1861E+05 -8.7012E+05
0000812   2.0218E+06  1.1885E+05 -5.9055E+04
0000813   1.6667E+06  2.0049E+05  9.0857E+04
0000814   1.0785E+06  3.9338E+05  5.3598E+05
0000815   2.1583E+06 -4.5995E+05 -8.0595E+04
0000816   6.8336E+05 -5.3056E+05  4.7252E+05
0000817   2.0533E+06  4.7159E+05 -4.4786E+05
0000818   1.7547E+06 -4.2590E+05  1.8284E+04
0000819   1.4133E+06  6.8834E+05 -3.9905E+05
0000820   1.9019E+06 -9.9165E+05 -1.4496E+05
0000821   1.5131E+06 -1.9912E+05  1.2420E+05
0000822   1.6726E+06  1.2652E+05 -3.6924E+05
0000823   1.6201E+06 -3.4169E+05 -5.4983E+04
0000824   1.8513E+06 -1.7128E+05 -4.8962E+05
0000825   1.1892E+06 -7.2679E+05  6.6668E+05
0000826   1.9932E+06  7.6715E+04 -5.1372E+05
0000827   1.9122E+06 -5.4054E+05  1.9519E+05
0000828   2.2863E+06  2.8465E+05  7.9443E+05
0000829   1.6267E+06 -6.8085E+05 -7.3272E+04
0000830   1.0774E+06  5.9044E+05  3.9148E+04
0000831   1.8113E+06  5.9143E+05 -6.0980E+05
0000832   1.6439E+06  4.1290E+05  4.3106E+05
0000833   2.0312E+06  1.4831E+05  9.8268E+05
0000834   2.2344E+06 -8.8353E+04  3.4746E+05
0000835   1.5539E+06  2.3683E+05 -9.3587E+05
0000836   2.3788E+06  4.1766E+05 -2.5268E+05
0000837   2.0012E+06  8.5792E+05 -1.9012E+05
0000838   1.6297E+06 -1.0268E+05 -7.7245E+04
0000839   2.0642E+06 -2.1250E+05  1.3476E+04
0000840   2.0512E+06 -1.6743E+05 -4.7281E+05
0000841   1.4739E+06  1.1822E+05 -7.8717E+05
0000842   1.7899E+06 -3.4462E+05  4.5821E+05
0000843   2.2570E+06 -3.5722E+05 -9.3832E+04
0000844   1.6338E+06  5.0671E+05  5.5600E+04
0000845   1.7723E+06  1.5090E+05  1.0101E+05
0000846   1.2400E+06 -9.0833E+05 -8.7130E+04
0000847   1.8999E+06 -3.1131E+05  6.4646E+05
0000848   1.0813E+06  4.1137E+04  2.8204E+04
0000849   1.0073E+06  2.4183E+05  1.0241E+05
0000850   1.9827E+06 -3.8264E+05 -5.4331E+05
0000851   1.7684E+06 -1.1479E+06 -2.1508E+05
0000852   1.4891E+06 -3.8840E+05  5.7741E+05
0000853   2.5011E+06  4.4374E+05  5.1902E+04
0000854   1.9919E+06 -4.0697E+04 -8.3937E+05
0000855   1.8326E+05  1.7184E+05 -3.3579E+05
0000856   1.9088E+06 -1.5443E+05  1.4814E+05
0000857   1.3192E+06 -7.5471E+05 -6.0385E+04
0000858   1.1776E+06 -3.4586E+05 -2.7077E+05
0000859   2.2214E+06  7.0306E+05 -6.7854E+05
0000860   1.0783E+06  1.6627E+05  1.6672E+05
0000861   1.7813E+06 -2.3450E+05 -8.4060E+04
0000862   1.6747E+06  1.3369E+05 -9.7087E+05
0000863   2.1028E+06  1.2064E+05 -1.9433E+05
0000864   1.8293E+06 -1.6745E+05 -5.4304E+05
0000865   1.9727E+06  3.9076E+05  9.7483E+04
0000866   1.8745E+06  4.5181E+05 -4.4211E+05
0000867   1.9640E+06 -8.1793E+05  9.8100E+05
0000868   2.0662E+06 -8.1568E+04  1.5978E+05
0000869   1.9177E+06  2.9899E+05 -6.1889E+05
0000870   1.6946E+06 -3.5128E+05 -2.2431E+05
0000871   1.6309E+06 -2.8015E+05 -1.1073E+05
0000872   2.2483E+06 -4.6380E+05 -1.3059E+05
0000873   1.8152E+06 -1.2359E+05  5.1816E+05
0000874   1.9016E+06  7.6632E+04  3.2232E+05
0000875   1.9463E+06  1.9170E+05 -1.9359E+05
0000876   1.4890E+06 -3.0665E+05 -1.4351E+05
0000877   2.7604E+06 -5.4021E+04  2.2678E+04
0000878   1.2882E+06 -1.3127E+04 -3.1338E+05
0000879   1.6944E+06  7.6062E+04  3.8198E+05
0000880   2.0071E+06  1.2311E+05  4.2073E+04
0000881   1.8968E+06 -4.8132E+05 -2.0249E+05
0000882   7.7490E+05 -2.3629E+05 -2.2793E+04
0000883   1.8817E+06  6.3866E+05 -4.9724E+05
0000884   1.8584E+06  2.0087E+05 -1.0927E+04
0000885   2.1464E+06  6.6858E+04 -1.8261E+05
0000886   1.6353E+06  1.1237E+05  2.7478E+04
0000887   2.0995E+06  2.3899E+05 -5.8804E+04
0000888   1.7439E+06  3.6465E+05  2.0074E+03
0000889   1.9474E+06  4.2426E+05  1.2671E+05
0000890   2.2635E+06  2.3468E+03 -2.3066E+05
0000891   2.3041E+06  6.3003E+05 -4.7891E+05
0000892   2.2659E+06  7.3672E+05 -1.0604E+05
0000893   1.7667E+06 -3.7433E+05  1.5155E+05
0000894   9.5052E+05 -4.6804E+05 -7.1280E+04
0000895   1.8291E+06  5.6597E+05 -4.7414E+05
0000896   2.3367E+06  4.2270E+04 -3.1099E+05
0000897   7.0465E+05 -1.3328E+05 -9.1420E+04
0000898   1.5462E+06 -3.3465E+05  3.3307E+04
0000899   2.3353E+06  1.6017E+05 -1.6312E+05
0000900   1.9890E+06  5.1435E+05 -2.3038E+05
0000901   2.3309E+06 -2.9417E+05  6.2436E+05
0000902   9.7283E+05  8.7993E+05  6.2042E+05
0000903   2.1094E+06  2.7286E+05 -5.2869E+05
0000904   1.3636E+06 -4.1203E+05 -1.6857E+05
0000905   2.3904E+06 -1.4451E+05 -5.1735E+04
0000906   1.8916E+06  3.4032E+05  3.0614E+04
0000907   1.7249E+06  1.7720E+05 -2.0137E+05
0000908   2.2662E+06 -1.0216E+05  2.9973E+05
0000909   1.9301E+06  2.1218E+05  3.5948E+05
0000910   1.8194E+06 -1.7853E+05 -8.7968E+05
0000911   1.6470E+06 -1.1880E+05 -7.2213E+05
0000912   2.1309E+06  5.5392E+04  1.3748E+05
0000913   1.7342E+06 -3.6320E+05 -1.3276E+05
0000914   1.3219E+06  9.2235E+05  3.1749E+05
0000915   1.9037E+06  4.4325E+05 -9.6737E+04
0000916   1.8132E+06  2.7633E+05 -6.7278E+04
0000917   2.5111E+06 -1.2114E+05  1.5570E+05
0000918   2.2490E+06 -2.7457E+05  1.2085E+05
0000919   1.8053E+06  9.0263E+03 -7.6951E+05
0000920   2.1663E+06  2.4541E+05  1.1788E+05
0000921   2.0254E+06 -2.1350E+05 -4.0301E+05
0000922   1.7184E+06  3.8538E+05 -2.8178E+05
0000923   8.3140E+05  7.8917E+04 -7.8342E+05
0000924   2.3622E+06 -3.9380E+05 -1.6398E+05
0000925   1.6382E+06 -1.4130E+05  2.7612E+05
0000926   1.5908E+06  1.4744E+05  1.1014E+06
0000927   1.5747E+06 -8.4879E+05 -8.2287E+05
0000928   1.2533E+06  3.4719E+05 -2.4592E+05
0000929   2.0430E+06  5.6324E+05  7.5256E+05
0000930   2.1669E+06  1.8228E+05 -2.9648E+05
0000931   1.8083E+06 -3.8628E+05  5.6123E+05
0000932   1.6321E+06 -4.2174E+05  5.3493E+05
0000933   1.8477E+06  1.4287E+05 -2.6793E+05
0000934   2.0101E+06  1.6570E+05 -6.6384E+05
0000935   2.1011E+06 -5.7221E+05  2.9139E+04
0000936   1.7825E+06 -5.0951E+05 -1.2161E+05
0000937   2.1822E+06  3.5146E+05 -1.7930E+05
0000938   1.4664E+06 -4.8160E+05 -4.8152E+05
0000939   1.5739E+06 -1.4547E+05 -2.0205E+05
0000940   9.7487E+05 -1.9541E+05 -6.0904E+05
0000941   2.2892E+06 -2.2741E+05  1.0282E+05
0000942   1.7235E+06  1.3670E+05  3.5898E+05
0000943   1.7692E+06 -3.2416E+05  6.1451E+05
0000944   2.1158E+06 -6.7980E+04  9.5693E+05
0000945   1.9177E+06 -7.2471E+04  1.3304E+05
0000946   1.9467E+06 -5.3434E+05  6.6146E+05
0000947   1.9588E+06 -7.8776E+04 -2.8666E+05
0000948   1.9533E+06  1.3586E+05  4.4982E+05
0000949   1.1856E+06 -1.5946E+05 -2.4243E+05
0000950   2.2811E+06  1.1813E+05  1.0267E+05
0000951   1.7790E+06 -6.0085E+05  4.9328E+05
0000952   6.8040E+05  1.5475E+05 -1.1812E+05
0000953   1.6320E+06  7.8619E+05 -1.6147E+05
0000954   1.5817E+06  4.6795E+05  6.0897E+05
0000955   2.2725E+06 -1.3832E+05 -4.5876E+04
0000956   1.7259E+06  2.8362E+05 -4.4550E+05
0000957   1.7976E+06 -6.3520E+05  3.2488E+05
0000958   1.2298E+06 -7.1379E+04 -9.2729E+05
0000959   2.0811E+06  7.8005E+05 -6.3211E+03
0000960   2.0633E+06 -3.6383E+05 -4.3550E+04
0000961   1.1487E+06 -2.0426E+05  1.1981E+05
0000962   2.0104E+06 -1.7779E+05 -1.8888E+05
0000963   1.3404E+06  5.7368E+04  1.3057E+05
0000964   1.4173E+06 -4.0562E+04 -1.1765E+05
0000965   1.4717E+06  4.1979E+05 -4.5161E+05
0000966   1.9541E+06 -2.3344E+05 -2.5840E+05
0000967   1.8313E+06  4.4362E+04 -6.0581E+05
0000968   1.3720E+06  2.4350E+05  1.8882E+05
0000969   1.7380E+06 -4.6690E+05  3.0730E+05
0000970   1.7453E+06  3.2495E+05  5.5751E+05
0000971   1.5494E+06 -1.2105E+05  4.8134E+04
0000972   2.0906E+06  1.2924E+05  3.4275E+05
0000973   1.6027E+06  2.4865E+05 -7.4869E+04
0000974   2.1600E+06 -9.0156E+04  1.5741E+05
0000975   1.2039E+06 -3.1297E+05 -3.3997E+05
0000976   1.1737E+06  1.5621E+05  4.7961E+04
0000977   1.6811E+06 -2.5646E+05 -1.7125E+05
0000978   2.0980E+06  4.6911E+04 -4.2979E+05
0000979   1.5511E+06 -1.6287E+05 -4.9537E+05
0000980   1.8251E+06 -5.9665E+05  1.8255E+05
0000981   1.6797E+06 -2.1284E+05  4.9075E+05
0000982   1.6366E+06 -1.2534E+06 -9.3026E+04
0000983   1.5891E+06  3.4507E+05 -6.8307E+05
0000984   2.0292E+06  5.2250E+05 -4.9065E+05
0000985   8.4023E+04 -8.4093E+03  1.6146E+05
0000986   2.0973E+06  1.8786E+05  1.3192E+05
0000987   2.0859E+06  1.8348E+05  5.1705E+03
0000988   1.7131E+06 -8.6683E+04  9.7805E+04
0000989   1.5122E+06  1.5938E+05  5.1458E+05
0000990   1.8426E+06 -3.3376E+05 -3.8575E+05
0000991   2.1513E+06 -6.5853E+05 -5.0270E+05
0000992   1.5522E+06  7.1452E+05  5.2058E+05
0000993   2.1134E+06  9.5228E+05  2.6742E+05
0000994   2.0794E+06 -7.7863E+05 -1.3792E+05
0000995   1.2862E+06  5.4516E+05 -1.1281E+05
0000996   1.6266E+06 -6.4893E+05 -1.3368E+04
0000997   1.4590E+06  8.7811E+05 -4.5451E+05
0000998   1.6412E+06  8.8527E+05 -3.0244E+05
0000999   7.2684E+05 -3.6348E+05 -1.4382E+05
0001000   1.9333E+06  3.1027E+05  1.7401E+05
