============================== SRIM-2013.00 ==============================
==============================================================================
====== SRIM Outputs\RANGE_3D.txt : File of Final Ion Positions =====

Ion = Ar (18)   Ion Mass= 039.9620
Energy  = 1930697.E-05 keV
Ion Angle to Surface = 00.0 degrees
==================== TARGET =======================
  Layer # 1 - Layer 1
  Layer # 1 - Bottom Depth=500000.E+02 A
  Layer # 1 - Density =0000.0178 g/cm3
  Layer # 1 -  100 % of Ar
様様様様様様様様様様様様様様様様様様様様様様様様様様
                                            
Ion       Depth  X   Lateral Y   Lateral Z  
Number    (Angstrom) (Angstrom)  (Angstrom) 
-------  ----------- ----------- -----------
0000001   5.2967E+04 -6.9170E+03 -6.0858E+03
0000002   5.1115E+04 -2.2239E+04 -1.9736E+04
0000003   1.7371E+04  1.8209E+04 -3.5478E+03
0000004   8.1657E+04 -1.3422E+03 -2.1091E+04
0000005   2.9361E+04 -3.0892E+03  1.4809E+04
0000006   3.1813E+04 -2.1974E+04 -7.6968E+02
0000007   4.9701E+04 -8.2863E+03  2.6488E+04
0000008   3.2183E+04  1.5137E+04  2.2091E+04
0000009   3.1752E+04  2.0054E+04  8.8768E+03
0000010   6.0826E+04  3.7306E+04 -1.3646E+04
0000011   6.2805E+04  2.2238E+04  3.2261E+04
0000012   4.2118E+04  3.9931E+03 -3.9356E+04
0000013   2.7560E+04  6.1818E+03 -1.2317E+04
0000014   6.5523E+04  2.0337E+04 -3.8038E+03
0000015   7.6032E+04 -6.6543E+03 -3.3351E+03
0000016   4.0538E+04  1.3561E+04 -5.2011E+03
0000017   5.4595E+04 -4.8601E+04 -3.5769E+04
0000018   7.3183E+04 -8.2732E+03 -3.1426E+04
0000019   3.8098E+04  1.1436E+04  4.3434E+04
0000020   2.6893E+04  8.9049E+03 -1.6625E+04
0000021   2.6877E+04  1.4738E+04 -1.5545E+04
0000022   3.6788E+04 -7.5630E+03  1.6446E+04
0000023   2.3334E+04  1.4120E+04  4.0262E+03
0000024   2.2830E+04  6.9207E+03  1.8566E+03
0000025   5.2923E+04  2.6819E+04 -7.0039E+03
0000026   6.3377E+04  1.6607E+04 -1.1188E+04
0000027   5.7900E+04 -1.4815E+04 -2.0440E+04
0000028   2.1097E+03 -3.0233E+03  5.5395E+03
0000029   2.4801E+04  1.8140E+04 -1.2547E+04
0000030   4.1747E+04  4.2324E+03  1.0944E+04
0000031   2.3910E+04  1.2682E+04  1.6133E+04
0000032   4.5240E+04  2.0013E+04 -2.1810E+04
0000033   8.4326E+04 -3.5578E+04  1.0966E+04
0000034   4.1323E+04  2.5679E+04  3.9078E+03
0000035   2.2502E+04 -8.7889E+03  3.5185E+03
0000036   3.5171E+04 -4.6470E+04 -2.9802E+04
0000037   5.5700E+04  6.4011E+03  4.6833E+03
0000038   1.5747E+04 -3.1918E+03  7.9311E+03
0000039   2.5543E+04  5.2326E+03  3.2825E+04
0000040   6.1880E+04  1.7838E+04 -1.2477E+04
0000041   3.9843E+04  1.4679E+04 -5.5832E+03
0000042   5.8919E+04 -1.3326E+04 -2.1710E+03
0000043   1.4415E+04 -6.6763E+03 -1.0139E+04
0000044   3.0062E+04 -1.5400E+04  1.6436E+04
0000045   1.7926E+04 -2.4422E+04 -8.9915E+03
0000046   3.6603E+04  1.4945E+03  1.4020E+04
0000047   1.1047E+05 -1.1556E+04 -6.4968E+01
0000048   1.0829E+05 -2.1999E+04 -3.0771E+04
0000049   3.8021E+04  2.1272E+02  2.5270E+04
0000050   3.8161E+04 -5.4906E+02 -1.9954E+02
0000051   7.9523E+04  6.7583E+03 -4.3832E+04
0000052   3.4337E+04 -1.5155E+04  3.2141E+03
0000053   2.8155E+04 -1.5248E+03  2.1171E+04
0000054   2.8732E+04  6.4450E+03  1.2105E+04
0000055   5.6398E+04 -1.4528E+04  2.0215E+04
0000056   6.6368E+04  1.5521E+04 -3.0301E+04
0000057   5.4424E+04  1.7967E+04  2.0190E+04
0000058   2.6849E+04  1.6045E+04  4.0929E+03
0000059   5.0992E+04  3.3409E+04 -3.4746E+04
0000060   7.1001E+03  1.1360E+04 -9.4364E+03
0000061   2.3593E+04  2.1960E+04 -2.7148E+04
0000062   1.3674E+04 -1.8855E+04  5.8776E+02
0000063   3.4840E+04  1.8079E+04  2.6773E+04
0000064   7.0309E+04 -1.5379E+04  4.5041E+04
0000065   3.4724E+04  3.1314E+04  1.9181E+04
0000066   2.7883E+04  2.5735E+04  2.8266E+04
0000067   3.4991E+04 -2.9940E+04  2.0862E+04
0000068   4.6722E+04  1.9207E+04  1.6390E+04
0000069   5.7494E+04 -2.7331E+04 -5.6764E+04
0000070   4.6669E+04 -1.3559E+04 -2.6236E+04
0000071   5.3080E+04 -1.0886E+04 -7.2479E+03
0000072   2.9604E+04  9.1288E+03 -6.6966E+03
0000073   2.6648E+04  2.1427E+04 -3.5618E+04
0000074   4.2928E+04  1.6674E+04  2.2352E+04
0000075   3.7471E+04  1.6285E+04  2.0761E+04
0000076   3.8174E+04  6.8898E+03 -1.0790E+04
0000077   5.6955E+04 -1.1409E+04 -1.0227E+04
0000078   2.9525E+04  7.2568E+03 -2.1241E+04
0000079   4.5343E+04  7.1616E+03 -1.5497E+04
0000080   8.0062E+04 -2.0274E+04  3.8851E+04
0000081   2.1372E+04  7.7622E+03 -1.3123E+04
0000082   5.2210E+04  3.5870E+04  1.4058E+04
0000083   1.0017E+05  1.7801E+04  1.8026E+03
0000084   5.7891E+04 -1.1657E+04 -3.6847E+04
0000085   1.7573E+04  2.3557E+03 -6.0055E+03
0000086   4.0070E+04 -1.7030E+04  1.8341E+04
0000087   2.8707E+04 -7.0495E+02  5.4728E+03
0000088   6.0175E+04  5.3983E+03  3.7335E+04
0000089   2.9081E+03 -1.0351E+03  8.0346E+03
0000090   6.9377E+04 -1.9921E+04 -1.5163E+04
0000091   9.4813E+03 -2.0700E+04 -4.2464E+04
0000092   4.5451E+04  3.5732E+04  4.8114E+03
0000093   8.5697E+04 -9.2506E+03  3.6849E+04
0000094   7.5500E+04 -4.0308E+04 -4.6746E+04
0000095   3.1450E+04 -3.3676E+04  3.8727E+03
0000096   3.5564E+04 -2.7688E+04  1.7242E+04
0000097   1.2858E+04  7.7448E+03  4.2281E+02
0000098   3.3993E+04  4.7208E+03 -3.1520E+04
0000099   5.0913E+04 -2.3566E+03  1.1958E+04
0000100   5.1597E+04  4.9121E+04  2.8244E+04
0000101   3.6907E+04 -5.6824E+03  2.4541E+04
0000102   2.9137E+04 -1.5966E+04  2.4072E+04
0000103   5.8758E+04 -8.5062E+03  7.4655E+03
0000104   6.1183E+04 -9.6403E+03  3.8108E+03
0000105   3.4303E+04  9.8512E+03 -2.6522E+04
0000106   3.0708E+04 -2.5162E+04  1.5091E+04
0000107   1.6926E+04 -2.8762E+03  1.9024E+03
0000108   2.4043E+04 -1.8309E+04  1.2349E+04
0000109   3.5888E+04  1.2682E+04 -2.6441E+04
0000110   5.5313E+04  1.0907E+04 -1.8184E+04
0000111   4.8654E+04 -6.1596E+03  1.0554E+04
0000112   6.6430E+04 -1.9958E+04 -1.3426E+04
0000113   1.7990E+04 -1.2951E+04  3.1026E+04
0000114   2.8529E+04  1.5027E+04  2.3474E+04
0000115   4.4297E+04 -2.1469E+03 -7.0619E+03
0000116   4.9954E+04 -6.9796E+03 -1.0986E+04
0000117   4.1603E+04  1.2986E+03 -4.2467E+04
0000118   4.2664E+04 -1.5311E+04 -3.0274E+04
0000119   3.2330E+04  2.6247E+04 -2.8119E+04
0000120   2.6728E+04  1.0685E+04 -1.7785E+04
0000121   5.6744E+03  3.6669E+03 -1.1720E+04
0000122   5.2899E+04 -2.1357E+03  2.3111E+04
0000123   2.4505E+04  2.0410E+04 -2.4072E+04
0000124   3.2015E+04  2.7343E+03 -1.4906E+04
0000125   3.5232E+04  3.1313E+04 -1.4258E+04
0000126   5.6187E+04 -2.4414E+04  8.9442E+03
0000127   5.3974E+04 -1.6354E+04 -1.9219E+03
0000128   6.2929E+04  7.5910E+03  1.0093E+04
0000129   7.9297E+04  7.8795E+03 -1.2231E+04
0000130   5.3399E+04 -1.3329E+04  2.6921E+04
0000131   3.7648E+04 -1.4956E+03 -4.1883E+03
0000132   6.1836E+04 -2.1693E+04 -4.7963E+04
0000133   4.8131E+04 -2.0864E+04 -1.0219E+04
0000134   3.7177E+04  4.5672E+03 -1.9927E+04
0000135   3.3268E+04 -3.0228E+04  1.3934E+04
0000136   7.3316E+04  4.2650E+04 -2.5191E+03
0000137   3.2125E+04 -1.9163E+04  7.7755E+03
0000138   1.7623E+04  6.6005E+03  2.0152E+04
0000139   7.4478E+03 -2.6044E+04 -2.3567E+04
0000140   4.4134E+04  3.0613E+04  1.7355E+04
0000141   2.5301E+04 -3.4738E+04 -3.2763E+04
0000142   6.5265E+04 -4.5690E+03  1.9509E+04
0000143   3.7156E+04  1.3232E+04  1.1135E+04
0000144   2.7127E+04 -4.3743E+03 -7.6560E+02
0000145   4.2915E+04  4.6687E+04 -6.1787E+03
0000146   2.3618E+04 -5.5340E+03  2.0204E+03
0000147   4.4362E+04 -2.4579E+04 -6.5500E+03
0000148   8.4055E+04  3.4487E+03 -4.1944E+04
0000150   1.0457E+05 -3.1983E+04 -1.6878E+04
0000151   3.5648E+04  1.5426E+02 -3.1265E+02
0000152   3.6561E+04  4.6874E+03  1.8430E+04
0000153   7.3087E+04 -8.3631E+03  3.0260E+03
0000154   8.3854E+04  1.1898E+04  1.3539E+01
0000155   3.0699E+04 -1.8348E+04  9.0935E+03
0000156   3.4744E+04 -1.4090E+04  6.7039E+02
0000157   4.9066E+04  1.8701E+04  2.2741E+03
0000158   5.3848E+03  7.5533E+03 -1.7850E+03
0000159   2.7280E+04  5.6501E+03 -6.3112E+03
0000160   6.0796E+04  2.6129E+03 -1.5404E+03
0000161   7.5404E+03 -1.0269E+04  1.2176E+04
0000162   3.0443E+04  3.0217E+04 -2.7836E+04
0000163   3.1975E+04  8.7791E+03 -5.2187E+03
0000164   7.9190E+04 -5.1246E+03 -2.0511E+04
0000165   4.3362E+04 -1.6164E+04 -1.6108E+04
0000166   4.4436E+04  1.4364E+04  1.8790E+04
0000167   3.3025E+04  1.1002E+04 -4.5094E+03
0000168   6.5894E+04  1.6413E+04 -1.4052E+04
0000169   1.1976E+04  1.3876E+04  6.8981E+03
0000170   5.1736E+04 -1.0876E+04 -1.3541E+04
0000171   2.9876E+04 -1.3512E+04  2.4455E+03
0000172   4.7452E+04  1.6897E+04 -9.6303E+03
0000173   5.6964E+04 -1.6046E+04  8.3042E+03
0000174   1.3194E+04 -9.1987E+03 -2.0769E+04
0000175   2.5598E+04  2.5595E+04  1.6504E+03
0000176   5.9213E+04  1.5426E+04 -2.5483E+03
0000177   8.0401E+04  9.7631E+03 -4.3895E+03
0000178   6.8192E+04  8.8598E+03 -2.9075E+04
0000179   2.9544E+04  1.5085E+04  1.2755E+03
0000180   5.2224E+04 -7.9780E+03  1.0209E+04
0000181   9.7161E+03  1.9017E+04 -5.0321E+03
0000182   4.3592E+04  1.9677E+04 -2.4226E+04
0000183   6.6943E+04  5.9566E+03  1.1687E+04
0000184   1.8673E+04 -5.6222E+03  2.5772E+04
0000185   6.6186E+04  1.3319E+04  6.1497E+03
0000186   3.5736E+04 -3.0648E+04 -1.0688E+04
0000187   5.4131E+04 -1.1454E+04  1.8068E+03
0000188   3.4436E+04  4.3098E+03  1.3349E+04
0000189   6.3405E+04 -1.4653E+04 -1.3174E+04
0000190   2.0263E+04  7.2694E+02 -3.4945E+03
0000191   5.7671E+04  9.7897E+03 -2.9049E+04
0000192   1.6955E+04 -3.4824E+01  1.3741E+04
0000193   3.8621E+04  3.7770E+03 -1.4992E+04
0000194   3.1231E+04 -2.1204E+04  1.4031E+03
0000195   3.8974E+04 -1.2413E+04  1.1827E+04
0000196   4.9397E+04  1.4220E+04  5.5134E+03
0000197   2.6867E+04 -4.6790E+04  1.4826E+04
0000198   1.4030E+04 -3.8875E+03  9.6482E+03
0000199   3.0840E+04 -1.2391E+04  1.5075E+04
0000200   7.1272E+04 -3.1177E+04 -2.6223E+03
0000201   2.8129E+04 -1.4522E+04  1.0819E+04
0000202   6.4997E+04  3.6054E+03  4.9095E+03
0000203   1.1040E+04  6.5287E+03  9.3081E+03
0000204   1.8921E+04  8.7987E+03 -6.9774E+03
0000205   3.6378E+04  1.9576E+03  5.9671E+03
0000206   4.1637E+04 -1.5118E+04  5.4194E+03
0000207   4.5510E+04  1.9204E+04 -1.8088E+04
0000208   2.8134E+04 -1.4707E+04  9.1881E+03
0000209   1.4455E+04 -1.3116E+04 -2.2619E+04
0000210   6.2390E+04 -2.0914E+04 -3.1901E+04
0000211   4.0422E+04  1.1444E+03 -1.7939E+03
0000212   1.9902E+04  6.2240E+03 -1.6540E+04
0000213   4.9199E+04 -6.6249E+03  6.4817E+03
0000214   5.0348E+04 -1.2310E+04  1.5679E+04
0000215   3.9380E+04  7.6116E+01  3.8851E+03
0000216   3.4353E+04  1.3414E+04 -1.2446E+04
0000217   4.1914E+04 -6.6723E+03  1.0376E+04
0000218   7.6259E+04 -3.0017E+04  2.3390E+04
0000219   6.4788E+04  2.5016E+03 -2.9364E+04
0000220   3.7404E+04  1.1232E+04  3.0935E+03
0000221   3.1717E+04 -7.2387E+03 -8.2527E+03
0000222   8.7640E+03  9.0017E+03 -6.1341E+03
0000223   6.3409E+04  2.7196E+04 -8.8531E+03
0000224   5.4458E+04 -1.0847E+04  6.5814E+03
0000225   5.4279E+04 -1.0256E+04 -5.0945E+03
0000226   7.2823E+04  1.5725E+04  6.2371E+03
0000227   3.7244E+04 -1.5682E+04 -1.1170E+04
0000228   7.8134E+04 -1.8360E+04 -2.5034E+04
0000229   9.6038E+03 -2.2619E+04  1.7518E+04
0000230   6.9058E+04 -1.8680E+03 -2.5665E+04
0000231   2.5530E+04 -4.2683E+03  4.0221E+02
0000232   3.0584E+04  2.4729E+04 -3.0890E+04
0000233   2.7573E+04 -1.1019E+04 -3.8092E+03
0000234   4.2170E+04  7.5831E+03  1.3467E+04
0000235   1.1924E+04 -1.6369E+03 -1.9931E+03
0000236   7.3857E+04  3.2292E+04  1.3349E+04
0000237   6.3858E+04  3.4100E+04  2.5395E+03
0000238   4.9792E+04  1.0353E+04 -2.4896E+04
0000239   2.8632E+04 -3.9692E+04 -2.5567E+04
0000240   2.5024E+04  1.4491E+04  1.3173E+04
0000241   3.1880E+04  2.7371E+04 -6.0990E+03
0000242   3.4348E+04 -3.9450E+03 -1.6473E+03
0000243   4.5700E+04  1.9926E+04  2.7745E+04
0000244   4.5907E+04  4.6025E+04 -1.0720E+04
0000245   5.2647E+04  1.1780E+04 -2.8338E+04
0000246   4.1015E+04 -1.0187E+04 -3.4430E+03
0000247   9.7575E+04 -2.5959E+03 -5.2548E+04
0000248   9.6448E+03 -3.5169E+03  7.9872E+03
0000249   5.7171E+04 -2.0597E+03  2.4248E+04
0000250   2.9563E+04 -1.1658E+04 -1.8974E+04
0000251   5.5866E+04  8.5203E+03  1.6822E+04
0000252   1.0516E+04  7.1658E+03 -1.1407E+04
0000253   5.2292E+04  1.7856E+04  1.5116E+03
0000254   6.2297E+04  2.4131E+03  3.1909E+04
0000255   3.6439E+04  3.9770E+04  3.3652E+04
0000256   4.5967E+04 -5.8278E+03 -1.7030E+04
0000257   6.5180E+03 -7.5362E+03  1.1596E+03
0000258   9.4045E+04 -4.3582E+04  2.6592E+04
0000259   6.7327E+04 -7.1215E+03  1.5264E+04
0000260   7.8044E+04  2.3292E+04  1.1101E+04
0000261   6.7201E+04  8.0924E+03  2.0461E+04
0000262   4.6830E+04  2.4810E+04 -8.9552E+03
0000263   2.3260E+04 -1.6146E+03  4.5255E+03
0000264   6.2517E+04  5.8777E+04 -1.3099E+03
0000265   5.3121E+04  2.1155E+04  1.4059E+04
0000266   1.9166E+04  1.4786E+04 -1.4775E+03
0000267   3.7244E+04  1.1207E+03 -2.3426E+03
0000268   5.3265E+04  1.3044E+04 -1.2077E+04
0000269   4.4747E+04 -2.0977E+04 -1.1104E+04
0000270   7.3660E+04  3.0022E+04  6.1061E+03
0000271   4.5074E+04 -1.1408E+04 -1.8346E+04
0000272   3.2939E+04  7.0602E+03 -3.9134E+03
0000273   2.7733E+04  1.3117E+04  9.0957E+03
0000274   2.8251E+04 -1.3579E+04 -4.0654E+03
0000275   6.1402E+04 -7.3014E+03  3.0249E+04
0000276   3.1850E+04  9.0343E+02  1.0209E+04
0000277   4.4778E+04  4.5941E+03  1.2108E+04
0000278   4.1479E+04 -1.2814E+04 -2.6595E+04
0000279   4.6845E+04  1.9779E+04 -4.6141E+03
0000280   3.0935E+04 -2.3205E+04 -1.3863E+04
0000281   4.1005E+04 -1.6952E+04 -1.2015E+03
0000282   7.2012E+04 -1.3096E+04  1.0534E+04
0000283   1.6744E+04  1.8394E+03 -7.1435E+03
0000284   2.2778E+04  7.0548E+03  1.7267E+03
0000285   5.9170E+04  2.3497E+03 -2.7493E+03
0000286   3.7914E+04  6.2423E+03 -1.6280E+04
0000287   4.4829E+04  9.4825E+03 -9.3410E+03
0000288   8.1947E+04  7.5701E+04 -1.2256E+04
0000289   2.9205E+04 -2.0433E+04  3.4698E+04
0000290   1.8958E+04  9.1375E+03  5.7030E+03
0000291   1.3048E+04 -1.0099E+04 -8.0523E+03
0000292   9.1056E+03 -5.5574E+03 -2.8171E+04
0000293   8.0902E+03 -1.1078E+03  4.6434E+03
0000294   3.8091E+04 -3.6123E+04  4.9526E+04
0000295   2.8062E+04  3.1688E+04  3.2140E+04
0000296   3.9462E+04 -1.2598E+03  6.5304E+03
0000297   5.8168E+04  1.3851E+04 -2.4603E+04
0000298   4.6027E+03 -4.2296E+03 -3.2323E+03
0000299   3.6682E+04 -5.8778E+03  2.1280E+03
0000300   4.6952E+04 -2.3342E+04  1.9469E+04
0000301   1.8456E+04  1.0166E+04 -2.4099E+04
0000302   4.3925E+04  6.6865E+02  2.0604E+04
0000303   4.6820E+04  6.3698E+03 -8.4827E+03
0000304   3.6299E+04  1.4470E+03 -9.8585E+02
0000305   3.1052E+04 -1.4055E+04 -4.3962E+03
0000306   4.3479E+04 -1.0684E+04  7.0542E+03
0000307   5.3667E+04  2.2780E+03  5.1910E+03
0000308   2.9508E+04  1.7974E+04 -2.4911E+04
0000309   2.1894E+04  1.2291E+04 -3.2785E+03
0000310   2.7534E+04 -7.4167E+03 -1.7248E+03
0000311   9.7671E+04 -2.3535E+04 -1.4392E+04
0000312   4.3987E+04 -2.0151E+04 -3.2657E+04
0000313   4.6191E+04 -1.3529E+04  2.2985E+04
0000314   7.4968E+04  3.0907E+04 -4.3862E+04
0000315   3.1869E+04  1.5165E+04  1.3370E+04
0000316   2.3584E+04  1.2617E+04  2.3932E+04
0000317   8.3697E+03  5.5730E+03  1.5973E+03
0000318   1.9117E+04 -3.3648E+03 -7.7925E+03
0000319   7.9011E+04 -2.1065E+04 -2.5837E+04
0000320   4.1562E+04 -1.1211E+03 -3.8209E+04
0000321   7.7731E+04  1.3848E+03  1.5037E+04
0000322   7.6052E+04 -3.8491E+02  4.5951E+04
0000323   7.1340E+04 -5.3173E+03 -2.1596E+04
0000324   2.6254E+04  1.6632E+04  5.5890E+03
0000325   3.0385E+04 -1.1046E+04  5.2956E+03
0000326   6.1419E+04 -2.2141E+04 -3.4152E+04
0000327   3.4730E+04 -4.4426E+04  1.2066E+04
0000328   1.5994E+04  3.9303E+02  7.7045E+03
0000329   5.8611E+04 -3.9025E+04 -1.1314E+04
0000330   2.8304E+04  4.7084E+02 -8.5406E+03
0000331   2.7713E+04 -1.0422E+04 -9.8162E+03
0000332   6.7187E+04 -2.0232E+04 -1.3938E+04
0000333   3.9672E+04  1.3167E+04 -6.6807E+03
0000334   5.0274E+04  4.3354E+04 -4.4131E+03
0000335   4.4124E+04  2.3208E+04  2.2791E+04
0000336   2.6912E+04  4.0730E+03  1.1930E+04
0000337   5.5171E+04  7.3010E+03 -5.3842E+03
0000338   4.1097E+04 -3.4080E+04  1.1081E+04
0000339   1.9075E+04  5.1369E+03  7.0910E+03
0000340   5.9803E+04  2.4160E+04 -2.4679E+03
0000341   7.3857E+04 -2.4481E+04 -4.5504E+04
0000342   1.1117E+04 -1.3504E+04  1.8410E+04
0000343   1.7852E+04 -1.7109E+04 -1.9958E+03
0000344   5.0687E+04  3.1798E+04  2.5207E+03
0000345   5.0146E+04 -2.4854E+04  9.3132E+02
0000346   8.7327E+04  1.3174E+04  4.7337E+03
0000347   2.1126E+04  6.8790E+03 -3.1314E+03
0000348   1.6550E+04 -1.9712E+04  6.0508E+03
0000349   6.1804E+04  1.6764E+03  1.4229E+03
0000350   1.3302E+04 -1.7089E+04 -1.8648E+04
0000351   7.1672E+03  4.5536E+03 -6.2457E+03
0000352   1.4940E+04 -2.4681E+03 -3.0873E+03
0000353   4.5262E+04  4.1677E+03 -3.1908E+04
0000354   4.2276E+04 -1.9632E+04 -2.9639E+04
0000355   2.3541E+04  1.2301E+04 -2.8731E+04
0000356   3.2312E+04  1.1753E+04  2.1168E+02
0000357   2.2044E+04 -7.0468E+03  2.1602E+04
0000358   3.5638E+04 -1.3345E+04 -3.7153E+04
0000359   6.4514E+04 -1.4581E+04  1.2486E+03
0000360   4.2713E+04 -2.0661E+03 -4.0376E+03
0000361   3.1642E+04 -7.7149E+03 -1.5928E+04
0000362   4.8892E+03 -1.8170E+02 -1.4721E+03
0000363   1.3853E+04 -4.9705E+04  1.5174E+04
0000364   6.6768E+04 -1.4962E+04 -5.8365E+03
0000365   2.1894E+04  1.0383E+04  1.2932E+04
0000366   3.8134E+04 -3.9688E+03  2.2299E+03
0000367   1.4933E+04 -3.7246E+03 -2.7077E+03
0000368   3.5816E+04  3.5984E+03  1.5508E+04
0000369   7.0099E+04 -8.3102E+03 -1.4383E+04
0000370   3.6769E+04  3.3840E+04 -9.2248E+03
0000371   4.1891E+04  2.2302E+04  1.4252E+04
0000372   3.9111E+04  1.0148E+04  1.8860E+04
0000373   5.2822E+04 -2.3142E+04 -3.7240E+04
0000374   5.0847E+04 -1.5883E+04 -8.3932E+02
0000375   4.8558E+04  6.7203E+04  4.9677E+04
0000376   6.6876E+04 -1.2132E+04  2.4567E+03
0000377   5.3878E+04 -2.2890E+04 -1.0539E+04
0000378   3.9065E+04  7.0613E+03 -9.2601E+03
0000379   1.9744E+04 -5.9705E+03  2.5516E+02
0000380   4.4037E+04  6.6829E+03  6.0406E+03
0000381   9.2868E+04 -7.2064E+03 -3.8603E+04
0000382   1.1574E+04  3.7107E+03  5.8638E+02
0000383   1.1267E+04  6.5852E+03 -3.7809E+03
0000384   1.7673E+04 -6.8554E+03 -3.6599E+03
0000385   4.3835E+04  2.4577E+03  1.1877E+04
0000386   6.3706E+04  1.4603E+04  8.7649E+03
0000387   1.0833E+04  2.5376E+03  4.3761E+03
0000388   1.7537E+04 -2.3144E+03  5.5355E+03
0000389   4.0759E+04  1.7456E+04 -1.3968E+04
0000390   6.4569E+04  1.6803E+04  3.1597E+04
0000391   5.1634E+04 -2.9729E+04  1.2633E+04
0000392   5.3030E+04 -2.5354E+04  1.6194E+03
0000393   2.4588E+04 -1.2021E+03 -6.9986E+03
0000394   7.2430E+04 -9.5686E+02  1.3246E+04
0000395   3.3352E+04  2.4009E+02 -3.7019E+03
0000396   2.5179E+04  2.1068E+04 -1.7321E+04
0000397   5.6026E+04  3.2278E+04 -2.5348E+03
0000398   1.0917E+05  2.2765E+04 -7.3654E+03
0000399   2.0532E+04  3.8445E+03  2.2128E+04
0000400   3.4354E+04  2.0026E+04 -4.2379E+03
0000401   6.5777E+03 -4.6566E+03 -6.3389E+01
0000402   9.9041E+04 -5.4249E+03 -1.4980E+04
0000403   6.1614E+04 -2.7917E+04  3.8395E+04
0000404   4.3458E+04 -2.1324E+04  1.3026E+04
0000405   1.1896E+04 -1.5616E+04  6.1635E+03
0000406   5.7769E+04  3.5298E+04  2.4738E+03
0000407   4.3814E+04  2.5536E+04  2.8747E+04
0000408   8.9305E+04 -1.0291E+04 -2.1885E+03
0000409   8.1013E+04  6.8833E+03 -9.4066E+03
0000410   2.5220E+04 -2.3525E+03 -7.0957E+03
0000411   5.8890E+04 -4.9119E+03  2.9388E+04
0000412   7.3675E+04 -4.7859E+04  5.1156E+03
0000413   7.4836E+04  3.7740E+04  1.6922E+04
0000414   7.2284E+04 -2.0303E+04 -1.5881E+04
0000415   5.5659E+04 -1.5591E+04  4.8443E+03
0000416   8.0737E+04  9.6029E+02  2.0005E+04
0000417   1.8223E+04  5.9091E+03 -1.5595E+03
0000418   2.1114E+04  1.3612E+03  1.1356E+04
0000419   2.5035E+04  3.6433E+04  6.0640E+03
0000420   2.8463E+04  3.4904E+03 -9.9079E+03
0000421   3.2293E+04  1.8002E+04  1.7821E+04
0000422   5.4154E+04 -3.6198E+03 -1.4011E+04
0000423   3.9441E+04 -2.0196E+04 -1.4250E+04
0000424   4.7613E+04  7.5271E+03 -6.4497E+03
0000425   5.4596E+04  2.2535E+03  8.6770E+03
0000426   5.4196E+04  1.0373E+04  1.7675E+04
0000427   2.6661E+04  1.2565E+04 -1.9046E+03
0000428   3.3213E+04  2.5997E+03 -5.4543E+03
0000429   5.3590E+04  2.4775E+04  5.7971E+03
0000430   5.2254E+04  5.1093E+03 -1.8135E+03
0000431   4.6429E+04 -3.7087E+03  2.3080E+04
0000432   4.4168E+04  8.4211E+03 -1.8630E+04
0000433   2.8013E+04 -5.8756E+02  2.6778E+03
0000434   6.5915E+04  1.1602E+04 -1.5431E+03
0000435   5.8698E+04  1.2659E+04  6.7597E+03
0000436   1.3890E+04 -3.0767E+04 -4.0104E+03
0000437   2.0098E+04  6.0155E+03  1.8166E+04
0000438   2.4365E+04  1.3009E+04 -4.8412E+03
0000439   6.3416E+04 -9.1368E+03  1.9366E+04
0000440   2.3921E+04 -1.6118E+04 -1.2644E+04
0000441   6.9104E+04  8.7551E+03  1.0380E+04
0000442   6.3095E+04 -1.2580E+04  2.0232E+04
0000443   1.9000E+04 -8.0227E+03  4.4245E+03
0000444   3.8141E+04  3.4100E+03  3.3767E+04
0000445   5.2741E+04  2.3458E+04  6.9862E+03
0000446   3.8335E+04 -1.1267E+04  1.7366E+04
0000447   5.4929E+04  1.7801E+04 -4.0987E+04
0000448   5.2492E+04  1.8814E+04  9.9486E+03
0000449   1.3171E+04  1.9658E+03 -4.8883E+03
0000450   7.2009E+04 -3.7840E+04 -3.8041E+04
0000451   2.0369E+04  6.8466E+03  1.3330E+04
0000452   2.7510E+04 -2.2526E+04 -1.9377E+03
0000453   5.9591E+04 -2.6767E+04  4.0423E+03
0000454   2.5465E+04 -1.4918E+04 -1.5571E+04
0000455   2.3275E+04 -6.7686E+03  1.2734E+03
0000456   5.1950E+04  6.4023E+02 -1.8039E+04
0000457   7.5597E+04  9.8769E+03  1.5648E+04
0000458   6.9738E+04 -3.7117E+04 -2.8351E+03
0000459   5.3574E+04  2.7793E+03  1.6842E+04
0000460   4.2235E+04 -3.3689E+04  7.4689E+03
0000461   7.1970E+03 -9.1088E+02  8.8046E+03
0000462   7.0212E+04 -3.6510E+04 -2.3164E+03
0000463   9.1949E+03 -5.0661E+03  2.1138E+03
0000464   2.5948E+04  9.6385E+02  3.9141E+03
0000465   7.6009E+04 -6.3474E+03  2.1641E+04
0000466   4.0903E+04 -1.9996E+03 -5.8717E+03
0000467   5.4765E+04 -1.4292E+04 -4.1450E+04
0000468   3.3228E+04 -1.8048E+04 -5.4951E+03
0000469   4.4396E+04 -2.8436E+04 -9.4256E+02
0000470   3.6122E+04 -1.8800E+04 -1.4281E+04
0000471   3.4980E+04 -2.2185E+04 -4.7173E+03
0000472   4.2240E+03 -1.6775E+04 -2.9554E+04
0000473   7.4454E+04  1.1501E+04 -2.5897E+02
0000474   4.3046E+04 -2.9817E+04  1.8961E+04
0000475   6.0072E+04  1.7258E+04 -1.6673E+04
0000476   7.7241E+04 -8.0578E+03  1.3073E+02
0000477   4.5878E+04  2.9279E+04 -3.3275E+04
0000478   7.1634E+04  4.3642E+03 -6.5707E+03
0000479   8.1899E+04 -3.1890E+04  3.4909E+04
0000480   5.9446E+03  8.1201E+03 -1.8741E+04
0000481   3.9431E+04  1.0083E+03  1.8586E+04
0000482   4.2460E+04 -3.0265E+04 -4.4106E+03
0000483   1.7278E+04  2.1110E+04  2.9091E+04
0000484   5.0821E+04 -1.2271E+04  1.7363E+04
0000485   9.6078E+04  9.4551E+03  1.6088E+03
0000486   3.8583E+04  1.3507E+04  5.2824E+03
0000487   3.8941E+04 -2.1520E+03 -1.6076E+03
0000488   2.2008E+04 -4.5749E+03 -1.5912E+04
0000489   2.2134E+04  3.5525E+03 -2.4955E+04
0000490   2.6274E+04  8.2064E+03 -3.8414E+03
0000491   3.1549E+04 -2.0935E+04  4.1763E+03
0000492   6.8947E+04 -7.3032E+03  2.7623E+03
0000493   1.5640E+04  2.7702E+04 -5.2972E+03
0000494   5.7330E+04  6.1061E+04 -2.6718E+04
0000495   5.5449E+04  1.4955E+04 -2.6062E+04
0000496   3.8220E+04  1.3296E+04 -1.3247E+04
0000497   5.3217E+04  1.2940E+03  9.5785E+03
0000498   3.1151E+04  3.6801E+04 -1.5477E+04
0000499   4.6617E+04  1.6740E+04 -1.0573E+04
0000500   4.2226E+04 -1.3207E+04  2.1316E+04
0000501   3.3209E+04 -3.9164E+04 -1.6329E+04
0000502   3.4166E+04  6.9453E+03  7.0602E+02
0000503   2.2585E+04 -6.7517E+03  2.2505E+04
0000504   5.4052E+04  1.0454E+04  8.6322E+03
0000505   4.8874E+04  8.6535E+03 -5.1206E+03
0000506   4.8595E+04 -4.1507E+03  1.1968E+04
0000507   5.4397E+04 -2.8193E+04  2.4466E+03
0000508   3.2778E+04  7.4617E+03 -2.0281E+03
0000509   1.7666E+04  2.7306E+04 -7.0565E+03
0000510   3.2543E+04  2.7283E+04 -2.3194E+04
0000511   3.3230E+04 -1.8144E+04  2.4122E+03
0000512   6.7003E+04 -3.1118E+03  3.0008E+04
0000513   1.7774E+04 -3.5614E+03  1.4150E+04
0000514   1.2208E+04 -1.2662E+04 -3.8399E+04
0000515   3.9065E+04 -1.7046E+04  6.3505E+02
0000516   4.0581E+04  3.1772E+03 -1.1507E+04
0000517   6.3169E+04  5.2015E+03 -5.4844E+03
0000518   4.5864E+04 -1.7349E+03 -2.2171E+02
0000519   7.7240E+04 -1.1260E+04  1.0496E+04
0000520   4.7471E+04 -1.3652E+03  9.3150E+03
0000521   3.1862E+04  4.7923E+03  9.5516E+03
0000522   5.6616E+04  7.8641E+03  1.9361E+04
0000523   5.0062E+04  1.4158E+03  8.8268E+03
0000524   2.0901E+04  2.4430E+04 -1.8619E+04
0000525   3.1020E+04 -2.2210E+04  9.4094E+03
0000526   5.9785E+04  2.2724E+04  7.6858E+03
0000527   3.5585E+04  6.0274E+03  1.2392E+04
0000528   3.9201E+04 -7.0619E+03  2.0323E+03
0000529   6.7778E+04  1.2919E+04  2.7229E+04
0000530   4.0584E+03  6.2220E+02 -2.4025E+04
0000531   1.9864E+04  5.2143E+03 -5.9532E+03
0000532   7.0514E+04 -1.5333E+04  1.4837E+04
0000533   2.4013E+04  5.1265E+02 -2.1027E+03
0000534   3.2659E+04 -4.8257E+03  2.5249E+03
0000535   7.4471E+04  1.3260E+04  1.0830E+04
0000536   2.4218E+04 -9.4613E+03 -4.4295E+03
0000537   4.5221E+04  1.0121E+04 -1.6850E+04
0000538   4.0681E+04  4.7601E+02 -3.9421E+03
0000539   4.9048E+04  1.7067E+02  8.5933E+02
0000540   5.6299E+04  2.4633E+04  6.3793E+03
0000541   8.6338E+03 -6.0561E+03  2.3313E+04
0000542   2.1337E+04 -4.6695E+04 -1.2391E+04
0000543   1.8602E+04  1.9555E+04  2.4362E+04
0000544   9.8891E+04 -5.4761E+04 -3.6029E+04
0000545   1.0978E+04 -1.9436E+04  1.2264E+04
0000546   1.5960E+04 -3.4090E+04 -2.0627E+04
0000547   4.6313E+04  5.1538E+03  2.5479E+04
0000548   4.8702E+04 -2.0626E+04  1.7268E+04
0000549   3.0913E+04  2.1583E+04  8.7345E+03
0000550   3.4751E+04  9.1011E+03  7.8616E+03
0000551   2.3060E+04 -1.4086E+04  2.1108E+04
0000552   3.6259E+04 -4.7660E+03  1.5095E+04
0000553   4.9154E+04  1.0435E+04 -2.3939E+04
0000554   5.5977E+04  1.7588E+04  7.8621E+03
0000555   7.4780E+04  3.0084E+04  8.7785E+03
0000556   4.1882E+04  9.4462E+03 -4.4018E+04
0000557   3.1659E+04  4.8132E+04  1.9561E+03
0000558   5.0949E+04  2.4601E+03 -1.2140E+04
0000559   5.3760E+04 -7.5715E+03 -4.7274E+04
0000560   1.4136E+04 -4.5750E+04 -3.2095E+04
0000561   5.7643E+04 -4.0759E+02  1.4105E+04
0000562   5.4635E+04 -4.3251E+04  3.7671E+04
0000563   3.7961E+04  2.8725E+04  6.7509E+03
0000564   4.8121E+04 -1.0128E+04  6.0468E+03
0000565   7.7480E+04  1.4417E+04  3.4489E+04
0000566   5.9016E+04  1.8813E+04 -3.5412E+03
0000567   6.7421E+04  1.0037E+04  1.7618E+03
0000568   2.4388E+04  5.8740E+03  1.9642E+04
0000569   7.4419E+04 -2.1783E+04 -4.5079E+04
0000570   1.9517E+04 -6.1606E+03 -2.5652E+04
0000571   5.0690E+04  4.3042E+04 -5.8358E+03
0000572   8.3542E+03 -2.5946E+03  1.6587E+04
0000573   2.9248E+04 -1.4037E+04 -9.6616E+03
0000574   5.0496E+04  1.7851E+04  4.0673E+03
0000575   2.8805E+04  3.9191E+04  1.4917E+04
0000576   1.0656E+04 -6.2917E+03  6.3705E+03
0000577   5.4636E+04  1.0993E+04  1.0539E+04
0000578   2.1595E+04  2.8837E+03 -3.5278E+04
0000579   4.6319E+04 -3.8593E+03 -1.0116E+04
0000580   5.9455E+04  1.6067E+04 -3.7681E+04
0000581   4.6171E+04  7.4801E+03 -7.5927E+03
0000582   6.8399E+04 -1.7820E+04  2.0008E+04
0000583   1.8678E+04 -1.9564E+04  1.2058E+04
0000584   6.8322E+04 -2.6416E+04  3.8363E+04
0000585   3.4978E+04 -1.3773E+03  3.3682E+04
0000586   1.7406E+04  1.6864E+04  2.9673E+04
0000587   1.7180E+04 -2.4007E+04 -1.6253E+04
0000588   4.4401E+04 -1.5695E+04  4.7117E+02
0000589   1.2086E+04  1.5765E+04 -1.5420E+04
0000590   1.9929E+04 -1.0888E+04  2.3798E+03
0000591   1.0365E+05 -8.4954E+03  1.4608E+04
0000592   5.2749E+04  1.0807E+04 -1.9026E+04
0000593   6.3576E+04 -2.1151E+04  1.2135E+04
0000594   5.2084E+04  1.6369E+03  1.7071E+04
0000595   3.4989E+04 -3.8352E+04  2.2229E+04
0000596   2.0804E+04  2.2214E+03 -2.2834E+03
0000597   7.2021E+04 -2.5076E+03  2.3275E+02
0000598   3.9163E+04 -2.4787E+04  3.3129E+04
0000599   1.4437E+04 -1.4516E+03  1.8019E+03
0000600   5.6976E+04 -1.9848E+04 -1.4178E+04
0000601   2.7017E+04  2.1354E+04 -1.6378E+04
0000602   3.7773E+04  1.1784E+04 -1.1451E+04
0000603   7.2223E+04 -1.0437E+04 -4.7806E+04
0000604   1.2563E+04  2.4607E+04 -1.9460E+04
0000605   5.2025E+03  5.8636E+03  1.4798E+04
0000606   5.4622E+04 -1.3975E+04 -2.1244E+04
0000607   4.9173E+04  1.3315E+03 -4.6885E+03
0000608   7.8257E+04 -1.6553E+04 -2.6118E+04
0000609   4.8352E+04 -4.0407E+04  1.0910E+04
0000610   5.4817E+04  1.4842E+04  3.2920E+04
0000612   2.9724E+04  3.1212E+04 -2.1079E+04
0000613   8.6359E+04 -2.3181E+04  3.7195E+04
0000614   4.6999E+04 -2.9353E+03 -6.2473E+03
0000615   4.2783E+04 -1.5740E+04 -3.6148E+04
0000616   5.5746E+04 -4.1708E+04  3.5787E+04
0000617   4.8437E+04  5.0300E+03 -5.4721E+03
0000618   3.1854E+04  1.1241E+03  1.1823E+04
0000619   4.0577E+04 -4.0777E+03 -1.2029E+04
0000620   6.4008E+04  1.4047E+04 -3.1466E+04
0000621   7.3029E+04 -2.0558E+04  7.8347E+03
0000622   2.6583E+04 -9.9222E+03 -1.1927E+04
0000623   6.0938E+04  7.9078E+03  1.6398E+04
0000624   6.0184E+04  2.3598E+04  2.4697E+04
0000625   2.1175E+04 -1.0941E+04 -2.4836E+03
0000626   5.5499E+04  1.1592E+04 -2.5681E+04
0000627   3.3928E+04  2.6287E+04 -1.9513E+04
0000628   2.4231E+04 -5.7831E+03 -1.0018E+04
0000629   4.5002E+04 -4.3385E+03 -3.1747E+04
0000630   4.5646E+04  7.5359E+03  2.9236E+03
0000631   4.8806E+04  7.7363E+03  2.6661E+04
0000632   2.1084E+04 -6.9271E+02 -7.0156E+03
0000633   5.2981E+04 -2.8477E+04 -1.9166E+04
0000634   4.2272E+04  5.3372E+03 -8.9735E+03
0000635   4.3178E+04 -2.9022E+04 -9.6373E+03
0000636   2.5904E+04 -2.4830E+03 -7.0893E+03
0000637   2.3542E+04 -1.4687E+04 -9.5072E+03
0000638   4.2530E+04  4.7730E+03 -4.5572E+03
0000639   5.5848E+04 -1.1177E+04  1.5491E+04
0000640   4.3853E+04  2.3503E+04  2.3833E+03
0000641   7.0726E+04 -2.2463E+04 -2.2782E+04
0000642   4.7572E+04 -3.5884E+02  2.3993E+04
0000643   5.6471E+04 -2.6421E+04 -2.4769E+04
0000644   3.9928E+04 -8.1388E+03  2.4901E+03
0000645   5.7425E+04  1.0406E+04  9.7410E+03
0000646   8.7648E+04 -2.1192E+04 -2.0530E+04
0000647   2.5662E+04 -1.9950E+04  2.8333E+03
0000648   8.3176E+03 -5.3466E+04  1.8372E+04
0000649   1.1347E+04 -3.3103E+04 -9.0341E+03
0000650   2.4281E+04 -1.4817E+04 -3.1186E+04
0000651   6.5058E+04  2.1324E+04 -2.3353E+04
0000652   4.4781E+04  3.4179E+03 -3.7116E+04
0000653   3.4797E+04 -1.7431E+04  4.4659E+03
0000654   4.1856E+04  1.1500E+04 -4.7863E+03
0000655   5.8852E+04 -1.4109E+04 -3.1261E+04
0000656   3.9230E+04  2.1675E+04  3.2084E+04
0000657   5.0445E+04 -1.9206E+04  2.9978E+03
0000658   6.2760E+04  2.2681E+04 -2.9959E+04
0000659   3.2897E+04 -7.7881E+03 -3.0701E+04
0000660   4.9611E+04  1.7251E+04  8.1833E+03
0000661   1.7774E+04  1.3176E+04  9.4570E+03
0000662   5.0385E+04 -8.1002E+03  2.4209E+04
0000663   2.0009E+04 -1.3879E+03  8.6533E+03
0000664   2.1045E+04  6.5773E+03 -1.7513E+04
0000665   7.4422E+04 -5.7420E+03 -1.6389E+04
0000666   1.8123E+04  1.0499E+04  1.3136E+04
0000667   3.2822E+04 -9.9784E+03  2.1498E+04
0000668   5.9466E+04 -1.4076E+04 -1.9318E+04
0000669   6.6988E+04 -3.3118E+04  6.8197E+03
0000670   1.0110E+05 -6.9106E+03  1.8962E+04
0000671   5.3160E+04 -3.9016E+04 -9.1411E+03
0000672   6.2471E+04 -3.4168E+03 -2.7785E+04
0000673   3.4183E+04  8.5433E+03  1.7945E+04
0000674   4.3336E+03 -1.4132E+03 -1.0859E+04
0000675   6.3889E+04  1.7972E+04 -1.9499E+03
0000676   5.3297E+04 -1.0834E+04 -2.3193E+02
0000677   4.7676E+04  1.0212E+04  3.0325E+03
0000678   6.3464E+04  1.5324E+04 -2.3108E+04
0000679   4.4928E+04  1.2663E+04 -3.0567E+04
0000680   3.5166E+04 -1.3951E+04 -3.2681E+04
0000681   2.8545E+04 -5.1497E+04  9.4667E+03
0000682   2.1793E+04  3.5906E+04 -1.0395E+03
0000683   4.8515E+04  9.2469E+03  8.1528E+03
0000684   5.9101E+04 -4.9031E+03  3.9843E+04
0000685   6.1168E+04  8.8093E+03  3.7327E+01
0000686   7.7717E+04 -4.5570E+04 -3.4785E+04
0000687   1.4341E+04 -1.1399E+04  4.7049E+03
0000688   5.7196E+03 -1.0948E+04  5.2064E+03
0000689   3.5193E+04 -1.4973E+04  2.9375E+03
0000690   3.0386E+04 -2.0507E+03  6.1500E+03
0000691   1.9064E+04  2.4109E+04 -1.2259E+02
0000692   5.0020E+04 -2.3570E+04 -1.0333E+04
0000693   8.1534E+04 -3.0759E+04  3.8203E+03
0000694   4.4745E+04  1.5630E+03 -2.5598E+04
0000695   6.7725E+04 -1.7574E+04 -7.6926E+02
0000696   6.6835E+04  5.8839E+03 -1.3575E+04
0000697   6.7024E+04  9.0695E+03  2.3982E+04
0000698   3.0497E+04 -2.1551E+04  1.1928E+04
0000699   5.8825E+04 -1.6439E+04 -3.8472E+04
0000700   6.4656E+04 -2.1565E+04 -1.6618E+04
0000701   1.7061E+04  3.4697E+02 -1.0451E+04
0000702   5.3352E+04 -1.7376E+04 -1.4695E+03
0000703   8.6128E+02 -7.0973E+02  3.4070E+03
0000704   4.7746E+04 -3.5473E+04 -1.3541E+04
0000705   4.6474E+04  4.0793E+04  6.7291E+03
0000706   4.4926E+04 -9.1624E+03 -1.5997E+04
0000707   5.8825E+04  2.7766E+04 -9.9887E+02
0000708   6.8876E+04  2.1706E+04 -5.4152E+04
0000709   5.9647E+04 -3.9509E+03 -8.2895E+03
0000710   6.0977E+04 -5.1407E+03  1.1153E+04
0000711   2.7339E+04  3.1009E+04 -1.0967E+04
0000712   3.6829E+04  2.3741E+04  7.2675E+03
0000713   9.5688E+04 -1.6704E+04 -1.6670E+04
0000714   2.7101E+04  3.4915E+03 -9.6384E+03
0000715   7.5286E+04 -2.0044E+04 -1.5858E+04
0000716   2.5488E+04 -8.4032E+03 -3.2126E+04
0000717   3.1864E+04  1.4482E+04  9.2461E+03
0000718   6.1156E+04  1.2366E+04 -3.4972E+03
0000719   3.5524E+04 -1.5092E+03 -1.9245E+04
0000720   2.7729E+04 -1.4899E+04  1.6263E+04
0000721   3.6121E+04  4.8356E+03 -3.6140E+04
0000722   3.9883E+04  1.8982E+04  4.5215E+04
0000723   2.5052E+04 -1.4590E+04 -8.1259E+03
0000724   3.2598E+04  8.6669E+03  1.1204E+04
0000725   2.0732E+04 -2.3801E+04  2.5208E+04
0000726   5.0087E+04 -3.8323E+04 -1.7222E+04
0000727   5.2258E+04 -2.0152E+04  3.3890E+03
0000728   9.5387E+04 -9.9634E+03 -2.0147E+04
0000729   6.9112E+04  1.2118E+04 -1.7587E+04
0000730   1.7412E+04 -7.6551E+03 -9.0509E+03
0000731   3.2530E+04 -1.1247E+04  2.3500E+04
0000732   5.2960E+04  3.7886E+04  3.4122E+04
0000733   3.4050E+03  1.1699E+04  8.3204E+03
0000734   1.5649E+04  2.9792E+03 -4.8694E+03
0000735   3.1112E+04 -5.7216E+03  1.5203E+04
0000736   1.3351E+04  3.1994E+03  4.0875E+04
0000737   6.3308E+04  1.8368E+04  4.0931E+03
0000738   3.6191E+04  1.0547E+04  3.7509E+04
0000739   6.9564E+04  2.6668E+04 -2.0559E+04
0000740   2.5974E+04  3.6020E+02 -2.4247E+03
0000741   5.9327E+04  5.4112E+03  1.9375E+04
0000742   1.2002E+04  1.8085E+04  2.1196E+01
0000743   2.6129E+04 -2.0857E+04  1.6506E+04
0000744   4.4028E+04 -2.3315E+04  1.9865E+04
0000745   9.5710E+04  3.2106E+04  3.2812E+04
0000746   6.8194E+04 -1.2506E+04 -5.8893E+03
0000747   3.4647E+04  5.0556E+03 -1.9686E+04
0000748   3.9126E+04 -7.1336E+03  1.3129E+04
0000749   3.7197E+04 -1.1207E+04  2.3421E+02
0000750   3.1502E+04 -3.8378E+03 -2.3576E+03
0000751   3.4045E+04  1.4146E+04 -8.6086E+03
0000752   5.9819E+04 -1.7206E+03  1.0889E+04
0000753   8.8093E+04 -5.4478E+03 -2.3932E+04
0000754   7.9465E+04  1.3213E+04 -1.1384E+03
0000755   5.0980E+04 -6.3626E+03 -1.0630E+04
0000756   5.6429E+04  9.8483E+03  2.6212E+04
0000757   4.4199E+04 -1.9862E+04 -2.0027E+04
0000758   2.4291E+04 -5.1472E+03 -2.5390E+03
0000759   4.8397E+04  2.1464E+04  4.1717E+03
0000760   3.1266E+04  2.8429E+04  3.3216E+03
0000761   5.3563E+04 -2.0231E+04  1.3802E+03
0000762   2.0047E+04  2.3239E+04 -7.5669E+03
0000763   9.7129E+03  2.2633E+04  1.8697E+04
0000764   2.5101E+04 -2.3066E+04 -2.2341E+04
0000765   3.4774E+04 -6.8284E+03  6.4422E+03
0000766   3.0646E+04  2.8325E+03 -1.8643E+03
0000767   2.0645E+04  1.0070E+04 -1.1765E+01
0000768   3.7473E+04 -9.2307E+03  1.9374E+04
0000769   2.7294E+04 -5.8332E+03 -2.8422E+02
0000770   8.0466E+04  2.8853E+04  4.4887E+03
0000771   6.1908E+04 -2.7797E+04 -5.3511E+03
0000772   6.3121E+04  2.0582E+04  3.8622E+02
0000773   2.8646E+04  2.2058E+04 -2.9801E+04
0000774   8.6721E+04 -6.7530E+03 -8.7857E+03
0000775   6.0627E+04 -5.3853E+03  4.3994E+04
0000776   1.9056E+04  5.4132E+03 -3.2335E+03
0000777   5.0457E+04 -2.2170E+04 -3.3196E+04
0000778   7.0560E+04 -3.3330E+04  1.7043E+04
0000779   3.5276E+04  2.3512E+04  3.4002E+04
0000780   3.3398E+04 -1.6719E+04 -3.8253E+04
0000781   4.9281E+04  5.1098E+03 -5.3413E+03
0000782   3.8582E+04  1.5282E+04 -3.1007E+04
0000783   7.8953E+04 -8.5270E+03  2.5526E+04
0000784   6.4924E+04 -2.1412E+04  4.3249E-01
0000785   6.4270E+04  1.2420E+04 -5.2299E+03
0000786   4.8619E+04 -6.2358E+03  1.6544E+04
0000787   7.5100E+04  6.8847E+04 -2.8930E+04
0000788   5.0404E+04  1.2782E+04  1.0482E+04
0000789   2.4658E+04  3.3441E+03  4.5087E+03
0000790   7.4741E+04  2.1805E+04  2.5962E+04
0000791   7.6730E+04  9.3527E+03  3.3628E+04
0000792   4.4862E+04 -1.6674E+04 -3.5062E+04
0000793   7.7844E+04  1.6455E+04  1.3547E+03
0000794   3.1988E+04  5.9033E+03  1.5113E+04
0000795   4.6926E+04  5.0113E+03 -1.6536E+04
0000796   1.6263E+04  1.0090E+04  1.8294E+04
0000797   1.9731E+04 -2.8892E+03 -7.6942E+03
0000798   5.6403E+04 -1.7584E+04 -1.7206E+03
0000799   2.8963E+04 -2.2742E+04  3.2140E+03
0000800   4.0102E+04 -1.0351E+04  2.0379E+04
0000801   4.1097E+04 -2.1879E+04  1.7534E+03
0000802   8.4812E+04  1.5243E+04  4.2939E+03
0000803   1.6399E+04 -9.6432E+03  1.1748E+04
0000804   3.7404E+04  2.9883E+04 -7.2096E+03
0000805   6.6927E+04  2.2592E+04  8.3315E+02
0000806   2.4457E+04  5.1841E+03 -2.3219E+03
0000807   8.1800E+03  5.0800E+04 -8.1273E+03
0000808   8.5064E+04 -1.3891E+04 -2.8894E+04
0000809   5.0851E+04 -7.1197E+03 -1.1740E+04
0000810   3.5530E+04  2.1958E+04  2.8604E+03
0000811   4.0059E+04  4.6553E+04  2.1896E+04
0000812   2.7446E+04 -4.1707E+04  2.2748E+04
0000813   3.0574E+04  1.4274E+04 -6.3700E+03
0000814   9.8967E+04  9.7104E+03 -9.8351E+03
0000815   1.0666E+04  6.9847E+02  1.1289E+04
0000816   3.8718E+04  4.3613E+03  3.5885E+04
0000817   4.0865E+04 -5.6939E+03  3.3571E+03
0000818   1.4024E+04 -1.9304E+04  1.5785E+04
0000819   1.0037E+05  5.3449E+04  3.2709E+04
0000820   7.6973E+04  1.5003E+04  1.3713E+04
0000821   4.5966E+04  4.8784E+03 -1.0304E+03
0000822   8.4820E+04  2.5259E+04 -5.8157E+03
0000823   6.8063E+04  1.4361E+04  6.4509E+03
0000824   1.8087E+04 -1.2977E+04 -2.9584E+03
0000825   5.4295E+04  1.0753E+04  9.4162E+03
0000826   6.8883E+04  1.9260E+04 -2.7885E+03
0000827   2.9586E+04  2.1854E+04  1.4022E+04
0000828   4.3245E+04  6.0550E+04  3.2234E+04
0000829   4.4937E+04 -1.1060E+04 -2.1795E+04
0000830   7.5831E+04 -1.4683E+04 -1.1628E+02
0000831   2.8082E+04  2.9472E+03 -6.5816E+03
0000832   8.0657E+04  3.3863E+04  2.1742E+04
0000833   6.2296E+04  1.0502E+04 -5.4335E+03
0000834   6.1520E+04 -1.6027E+04  2.5569E+04
0000835   3.6223E+04  1.7922E+04 -4.1026E+04
0000836   7.1517E+04  3.2743E+04  4.8311E+03
0000837   2.5114E+04 -1.5379E+04 -1.5299E+03
0000838   2.2417E+04  2.0353E+03  2.1929E+03
0000839   9.9156E+04 -2.8662E+02 -7.1244E+02
0000840   6.9904E+04  7.8664E+02  2.7441E+04
0000841   5.5257E+04 -3.3193E+04  1.1229E+04
0000842   5.8201E+04 -9.1918E+03  2.7607E+04
0000843   9.7226E+04 -9.7456E+03 -3.9944E+04
0000844   1.8190E+04  1.9017E+04 -1.6610E+04
0000845   6.2461E+04  1.9145E+04  1.4346E+04
0000846   4.3477E+04 -2.9429E+04  4.7801E+04
0000847   4.2932E+04 -5.7032E+03 -1.2414E+04
0000848   4.4286E+04  3.3303E+04 -2.0748E+04
0000849   3.5813E+04  1.8494E+04  6.4925E+03
0000850   5.1589E+04  7.4932E+03  2.4591E+04
0000851   2.6204E+04 -1.2500E+04  3.2661E+03
0000852   4.6203E+04  2.2968E+03  8.4270E+03
0000853   6.4856E+04  1.3360E+04 -1.2015E+04
0000854   5.2682E+04 -1.4933E+03 -4.2722E+03
0000855   2.1632E+04  1.1393E+04  4.8295E+03
0000856   5.1748E+04  3.4929E+03 -1.4845E+04
0000857   4.2426E+04  1.1190E+03 -1.9589E+04
0000858   1.7023E+04  1.6449E+03  1.3133E+03
0000859   8.7769E+04  9.8987E+03 -2.0872E+04
0000860   3.9262E+04 -1.9256E+04  1.6484E+03
0000861   8.8194E+04  1.3593E+04 -2.5240E+04
0000862   1.3155E+04  3.4746E+03 -2.7091E+04
0000863   8.2475E+04  1.0542E+04  1.0063E+03
0000864   5.0462E+04 -2.2688E+03 -1.3099E+04
0000865   2.8805E+04  1.0673E+04  9.7549E+03
0000866   2.3567E+04 -5.1905E+03 -6.4998E+03
0000867   4.5870E+04  3.0543E+04 -2.3929E+03
0000868   2.6256E+04 -8.1375E+03 -1.4001E+04
0000869   3.5769E+04 -6.9319E+03 -1.7762E+04
0000870   4.1224E+04  1.9451E+04 -1.6891E+04
0000871   2.5924E+04  1.3369E+04 -9.3452E-01
0000872   4.9710E+04 -1.4800E+04  8.3274E+03
0000873   6.3535E+04 -1.5631E+04 -8.8736E+03
0000874   3.2183E+04  1.5734E+04  2.1252E+04
0000875   3.3318E+04  8.6601E+03  1.2625E+04
0000876   3.9127E+04  9.9438E+03 -6.3540E+03
0000877   5.0951E+04  2.4087E+04 -9.1429E+03
0000878   4.0126E+04 -8.7665E+03 -1.5413E+04
0000879   4.7521E+04 -2.7325E+03  3.7879E+03
0000880   3.9592E+04 -1.2561E+03 -1.0581E+03
0000881   4.8276E+04  1.0516E+04  3.7957E+04
0000882   5.1764E+04  1.9258E+04 -1.6125E+04
0000883   4.0342E+04 -1.3674E+04  2.3742E+04
0000884   5.1044E+04 -2.8064E+04  3.9533E+04
0000885   9.6079E+04  5.2255E+03 -2.0102E+04
0000886   7.7419E+04  5.8534E+04 -4.9913E+03
0000887   2.0626E+04  1.4611E+04 -4.0977E+03
0000888   4.5583E+04 -6.2889E+03  9.8197E+03
0000889   7.1642E+04 -3.8304E+04 -2.4153E+04
0000890   4.2860E+04  1.9370E+04 -3.6934E+04
0000891   5.9200E+04  7.8827E+03 -1.5649E+04
0000892   4.2983E+04 -2.3931E+04 -1.5392E+03
0000893   6.1269E+04 -5.9008E+03  2.2008E+03
0000894   4.1496E+04  1.8355E+03 -7.3100E+02
0000895   1.4443E+04 -1.0789E+04 -1.1975E+04
0000896   6.5676E+04  9.8018E+03 -2.2673E+04
0000897   3.6270E+04 -2.7588E+04 -1.5642E+04
0000898   4.0028E+04  3.0748E+03 -2.3607E+04
0000899   5.6236E+03  1.8405E+04  3.9839E+03
0000900   3.2307E+04 -2.4211E+04 -9.1025E+03
0000901   6.4227E+04 -9.8610E+03  5.7045E+03
0000902   3.7403E+04 -2.5206E+03 -6.9123E+03
0000903   1.2037E+05 -1.1695E+04  1.3857E+04
0000904   8.0714E+04  1.0822E+04 -1.8871E+04
0000905   7.1673E+04 -7.9968E+03 -9.2985E+03
0000906   2.8086E+04 -4.2110E+04  1.7022E+04
0000907   3.4232E+04  2.6320E+04  5.1876E+03
0000908   5.1035E+04 -2.6176E+03  1.4434E+04
0000909   5.8289E+04  1.3895E+04  9.7416E+03
0000910   2.3102E+04  2.9804E+04  1.4456E+04
0000911   6.1987E+04  1.0874E+04  1.3623E+04
0000912   6.8706E+04  3.0130E+03  2.1051E+04
0000913   7.3170E+04 -2.4246E+04 -9.7445E+03
0000914   2.4035E+04 -8.8460E+03 -2.9721E+04
0000915   3.1418E+04  4.4356E+03  3.3326E+03
0000916   6.9022E+04 -3.7611E+04  2.8376E+04
0000917   3.9582E+04  2.5471E+04  2.2191E+04
0000918   5.4482E+04  9.0636E+03  1.0847E+04
0000919   1.8830E+04  2.9955E+03  8.9272E+01
0000920   3.3569E+04  1.1310E+04  1.8782E+04
0000921   3.0922E+04 -2.0109E+03  1.3315E+04
0000922   2.5441E+04  2.2888E+04  1.3160E+04
0000923   1.4654E+04  9.3983E+03 -1.9219E+04
0000924   5.5924E+04 -1.2842E+04  2.4804E+04
0000925   2.9611E+04  1.2789E+04 -3.2176E+04
0000926   5.9037E+04  4.0039E+04 -2.5737E+04
0000927   4.5329E+04  1.2601E+04  2.6469E+03
0000928   5.3275E+04  7.3934E+03  1.0665E+04
0000929   3.1017E+04  2.7914E+03  1.2368E+04
0000930   5.3726E+04 -3.1770E+04 -1.0852E+04
0000931   5.2920E+04  1.6139E+04  1.2448E+04
0000932   1.3672E+04  2.1659E+03 -1.6943E+04
0000933   3.1110E+04 -1.4624E+03 -4.5749E+03
0000934   4.7125E+04 -3.5693E+04  2.6100E+04
0000935   1.9916E+04  2.3978E+04  2.5795E+04
0000936   3.3139E+04  7.4559E+03 -2.2097E+03
0000937   4.4660E+04 -1.7657E+04  4.3440E+03
0000938   4.4384E+04 -3.6064E+03 -1.7995E+04
0000939   2.1915E+04 -6.5998E+03  1.4909E+04
0000940   3.6210E+04  5.3569E+03 -1.1008E+04
0000941   5.4181E+04 -2.9868E+04  3.6480E+04
0000942   2.4029E+04 -5.5715E+03  1.4837E+04
0000944   3.5816E+04  6.5534E+03 -2.9895E+04
0000945   5.8493E+04  9.6147E+03 -2.1817E+04
0000946   3.4914E+04 -3.6929E+03  2.1732E+04
0000947   6.8270E+04 -1.6387E+04  2.9081E+04
0000948   6.2628E+04  3.8220E+03  3.5188E+04
0000949   2.9456E+04 -7.3042E+03 -3.0516E+04
0000950   3.5678E+04  7.8365E+03 -9.2337E+03
0000951   5.9403E+04 -1.3105E+04  1.1971E+04
0000952   3.6510E+04 -2.0629E+03 -1.2516E+04
0000954   1.9550E+04  1.1034E+04 -2.6212E+04
0000955   6.2887E+04  1.9220E+03 -7.3847E+03
0000956   4.2884E+04 -1.7742E+04  1.3856E+04
0000957   3.5654E+04 -1.8923E+04 -7.1334E+03
0000958   6.2987E+04 -9.3721E+03 -3.4645E+04
0000959   3.2500E+04 -1.3622E+04  3.7353E+03
0000960   4.1847E+04 -9.0143E+03  3.9142E+04
0000961   5.7844E+04  2.4656E+04  1.8303E+04
0000962   4.4069E+04  1.1526E+04 -1.1777E+04
0000963   5.6630E+04  6.2616E+03 -6.4736E+01
0000964   9.0048E+04  2.7508E+04 -4.6901E+02
0000965   6.8171E+04  1.1293E+04 -5.5790E+02
0000966   1.6120E+04 -3.6292E+03  6.6433E+03
0000967   6.2910E+04 -1.1271E+04  1.2132E+04
0000968   4.3950E+04  1.0396E+04 -1.7304E+04
0000969   3.1601E+04  9.2429E+03 -2.9605E+04
0000970   2.0006E+04  1.4588E+04  4.9630E+03
0000971   9.5479E+03  2.9647E+04  4.4077E+03
0000972   3.7393E+04  5.6655E+04  7.6223E+03
0000973   8.1172E+04  8.3718E+02 -6.4131E+02
0000974   4.4970E+04 -8.7138E+03 -4.6452E+03
0000975   2.8744E+04 -1.6976E+04 -4.8484E+03
0000976   8.4720E+04 -2.1210E+04  1.3002E+04
0000977   4.5582E+04 -1.6515E+04  1.6832E+04
0000978   4.6651E+04 -1.0706E+04 -1.3529E+04
0000979   2.4624E+04  9.4164E+02  1.5500E+04
0000980   1.8318E+04 -2.1634E+04  1.7018E+04
0000981   4.3161E+04 -2.7095E+03  5.8022E+03
0000982   5.6696E+04  2.9625E+03 -1.2986E+03
0000983   4.9599E+04 -9.4315E+03 -2.4066E+03
0000984   4.6115E+04  4.5567E+03  2.2453E+04
0000985   5.5238E+04  2.7673E+04 -4.6466E+04
0000986   3.6119E+04 -1.4570E+04  2.8749E+04
0000987   7.6323E+04 -9.7995E+03 -1.6210E+04
0000988   2.2697E+04  7.2945E+03 -2.4589E+04
0000989   3.3445E+04  1.6089E+04  6.7413E+02
0000990   5.6427E+04 -3.1280E+04 -2.0095E+04
0000991   4.4444E+04  3.7666E+04  3.8510E+04
0000992   1.2892E+04  2.0073E+03 -1.6872E+03
0000993   7.5842E+04 -1.5578E+04  5.1120E+04
0000994   3.7375E+04  1.6641E+04  2.2362E+04
0000995   5.5665E+04 -3.0350E+04  2.5042E+04
0000996   3.2197E+04  1.3332E+04  1.1466E+04
0000997   8.2918E+04 -9.8195E+03  2.4900E+04
0000998   1.9239E+04 -1.9343E+04 -1.4571E+04
0000999   1.0104E+05 -8.8691E+03  6.2512E+03
0001000   4.1233E+04  1.6644E+04  1.0077E+04
