============================== SRIM-2013.00 ==============================
==============================================================================
====== SRIM Outputs\RANGE_3D.txt : File of Final Ion Positions =====

Ion = Ar (18)   Ion Mass= 039.9620
Energy  = 2120950.E-05 keV
Ion Angle to Surface = 00.0 degrees
==================== TARGET =======================
  Layer # 1 - Layer 1
  Layer # 1 - Bottom Depth=500000.E+02 A
  Layer # 1 - Density =0000.0178 g/cm3
  Layer # 1 -  100 % of Ar
様様様様様様様様様様様様様様様様様様様様様様様様様様
                                            
Ion       Depth  X   Lateral Y   Lateral Z  
Number    (Angstrom) (Angstrom)  (Angstrom) 
-------  ----------- ----------- -----------
0000001   2.6878E+04 -5.8680E+04 -3.5957E+03
0000002   5.4951E+04  1.2178E+04 -2.2878E+04
0000003   7.0643E+04  1.9817E+04 -3.0126E+04
0000004   3.8973E+04  2.9770E+03 -2.6420E+04
0000005   1.1865E+04  6.3304E+02  1.2314E+04
0000006   2.6951E+04 -2.7483E+03 -1.4519E+04
0000007   6.1780E+04 -1.8100E+04 -1.1313E+04
0000008   3.7465E+04 -3.6726E+03  8.2712E+03
0000009   4.3285E+04 -7.9828E+02  3.3931E+03
0000010   5.0844E+04 -1.5912E+04  6.2445E+03
0000011   9.4167E+04  1.8878E+04  8.7923E+03
0000012   7.4617E+04  3.4563E+04 -1.9496E+04
0000013   5.3639E+04  4.5661E+04  9.0112E+03
0000014   4.1840E+04  1.9237E+03 -1.7108E+04
0000015   4.9812E+04 -1.5889E+03 -1.2566E+04
0000016   6.0846E+04 -1.8364E+04 -1.1391E+04
0000018   4.8162E+04  1.2747E+04 -7.5820E+03
0000019   6.2100E+04 -5.3517E+03 -9.2886E+03
0000020   3.8086E+04 -3.0236E+04  3.9875E+03
0000021   3.9226E+04  3.5262E+03  1.2066E+04
0000022   7.1123E+04 -3.1040E+04  2.9819E+04
0000023   5.6059E+04 -2.1670E+03 -3.7754E+03
0000024   1.1341E+04  1.1954E+04  5.2397E+03
0000025   5.6474E+04  2.1911E+04  7.1582E+03
0000026   5.4379E+04 -2.7047E+04 -1.9885E+04
0000027   3.7561E+04  1.2785E+04  5.5275E+03
0000028   7.5934E+03  1.3231E+04  7.3198E+03
0000029   5.8913E+04  3.8688E+04  1.0670E+04
0000030   4.0192E+04 -2.0656E+04  1.7803E+04
0000031   3.6480E+04  3.8661E+04 -2.8486E+03
0000032   5.6997E+04  1.5234E+04  8.8917E+03
0000033   9.3901E+03 -9.2083E+03  5.4975E+03
0000034   4.8585E+04 -1.1041E+04 -3.6218E+04
0000035   1.0012E+05 -2.7864E+04 -3.3936E+04
0000036   7.0736E+04 -1.2440E+04  1.8587E+04
0000037   1.2303E+04  1.1063E+04 -2.4337E+04
0000038   2.9619E+04 -7.7023E+03 -4.1097E+03
0000039   5.6179E+04  1.9334E+04  3.1836E+03
0000040   5.3910E+03  6.3124E+03  4.7030E+03
0000041   7.5644E+04 -3.7143E+04  1.1296E+04
0000042   2.2442E+04 -1.4055E+04  1.5711E+03
0000043   3.1584E+04 -1.1547E+04 -6.4939E+03
0000044   5.5961E+04  1.2409E+04  5.8760E+03
0000045   1.1782E+04 -1.5858E+03 -1.2382E+04
0000046   5.6419E+04  3.3060E+04 -2.5768E+03
0000047   4.4408E+04 -2.1656E+04 -1.5098E+03
0000048   1.8034E+04  1.0192E+04  1.1390E+04
0000049   5.9871E+04 -1.5082E+04  1.5904E+04
0000050   6.5693E+04  1.6926E+04 -3.0177E+04
0000051   7.9535E+03  4.3817E+01  1.6465E+03
0000052   5.4561E+04  1.4975E+04 -1.0405E+04
0000053   4.3352E+04  2.8675E+04 -8.3003E+03
0000054   3.9002E+04  1.6942E+04 -6.4944E+03
0000055   9.0409E+04 -4.8547E+04 -2.5173E+04
0000056   4.9037E+04 -2.0472E+03  2.8448E+04
0000057   5.4405E+04  1.1268E+04  8.1587E+03
0000058   3.6676E+04  5.4023E+03 -2.2835E+04
0000059   5.0289E+04 -1.5088E+04 -2.3445E+04
0000060   5.5199E+04  1.0200E+04 -1.2501E+04
0000061   3.2644E+04  4.0907E+03 -1.9449E+04
0000062   3.1103E+04  8.6428E+03  1.3518E+04
0000063   5.9423E+04  3.7470E+04 -2.6761E+04
0000064   3.6377E+04 -4.3609E+04 -2.1160E+04
0000065   1.7409E+04 -9.0270E+03  5.7871E+03
0000066   6.3921E+04  7.9214E+02  1.7990E+04
0000067   3.7984E+04  1.4003E+04 -1.3940E+04
0000068   5.2044E+04  3.9989E+04  3.6607E+04
0000069   2.8518E+04 -3.6144E+04  4.4085E+04
0000070   9.8072E+03 -1.2558E+04  2.7716E+04
0000071   5.2745E+04 -3.5409E+04 -1.8138E+04
0000072   7.6436E+04 -2.0047E+04 -3.0893E+04
0000073   5.7503E+04 -2.7432E+04 -1.4054E+04
0000074   4.6206E+04 -3.0332E+03 -8.8432E+03
0000075   5.6519E+04  4.9491E+04 -1.2785E+04
0000076   2.5099E+04  1.6630E+04  1.4601E+04
0000077   7.7528E+04  1.1651E+04  1.7892E+04
0000078   1.6461E+04 -1.0365E+04  5.5221E+03
0000079   4.8795E+04  2.5571E+04  5.0427E+03
0000080   2.6169E+04  2.8598E+04  5.5151E+03
0000081   3.7366E+04  4.8398E+02 -1.9960E+03
0000082   7.2914E+04 -1.6442E+04  2.5722E+04
0000083   6.5919E+04 -2.6443E+04  1.9602E+04
0000084   2.6206E+04  4.7987E+03  4.5134E+04
0000085   5.5935E+04  1.0021E+04  3.7939E+03
0000086   5.5482E+04  4.7029E+02 -1.0430E+04
0000087   1.5677E+04  2.7384E+04  1.0287E+04
0000088   3.4224E+04  1.0055E+04  9.4660E+03
0000089   4.5853E+04  3.0031E+04 -3.2480E+03
0000090   6.9986E+04  3.4508E+04  1.4138E+04
0000091   7.8231E+04  3.2988E+04 -1.7400E+04
0000092   9.9760E+04  3.1584E+04 -4.8076E+03
0000093   2.3229E+04  1.5480E+04  1.1951E+04
0000094   9.3719E+04 -2.2542E+03 -2.9511E+04
0000095   6.9412E+04  1.3006E+03 -3.8439E+04
0000096   7.4660E+03  2.1837E+04 -5.7605E+03
0000097   5.0111E+04  4.1166E+03  1.1717E+04
0000098   2.4743E+04  1.5440E+04 -3.1074E+03
0000099   1.0166E+05  2.9392E+04 -2.4031E+04
0000100   8.5126E+04  5.3436E+04 -1.3170E+04
0000101   4.2626E+04  1.5672E+04  2.2363E+04
0000102   3.1139E+04  1.0111E+04 -1.2218E+04
0000103   2.0144E+04  1.2646E+03  1.3528E+04
0000104   2.9488E+04 -4.9746E+03  1.1382E+04
0000105   2.6355E+04 -9.1909E+03 -2.0432E+04
0000106   3.6040E+04  2.6325E+03  8.8488E+03
0000107   6.6593E+04 -5.0074E+04  1.3442E+04
0000108   3.3178E+04 -9.4670E+03  1.3094E+03
0000109   2.5352E+04  2.1031E+04 -4.4650E+04
0000110   3.8904E+04  2.3442E+04  2.4280E+04
0000111   4.6574E+04  3.6901E+03 -1.2896E+04
0000112   8.1529E+04 -5.7930E+04 -2.7617E+04
0000113   4.2848E+04 -1.0128E+04  2.0850E+04
0000114   7.8829E+03 -2.0585E+03 -2.1243E+03
0000115   3.0351E+04  1.2510E+04  2.5059E+03
0000116   3.1108E+04  9.2324E+03 -1.4348E+04
0000117   2.4281E+04  9.6519E+03  2.2048E+03
0000118   3.2027E+04 -1.9798E+03  1.5692E+04
0000119   7.3723E+04  3.3060E+03  7.5674E+03
0000120   3.3691E+04  8.6039E+02  3.6636E+04
0000121   2.7709E+04  1.0985E+04  2.4661E+04
0000122   4.2072E+04  1.5504E+04  3.3983E+04
0000123   6.3292E+04  1.6834E+04  9.7822E+03
0000124   5.9469E+04  1.0362E+03  4.4071E+03
0000125   9.8102E+03 -1.4859E+04 -1.9655E+04
0000126   5.5394E+04 -1.0894E+04 -1.6004E+04
0000127   2.0206E+04 -3.1367E+03 -4.7901E+03
0000128   5.3552E+04 -5.8634E+03  2.1603E+04
0000129   1.2138E+04  6.8818E+03  6.2724E+03
0000130   3.6592E+04 -3.5753E+03  8.7841E+03
0000131   7.7439E+04  1.4330E+04 -2.6135E+03
0000132   4.0253E+04 -5.7243E+03  2.4617E+04
0000133   7.0299E+03 -2.3167E+04  3.7643E+03
0000134   5.7316E+04 -1.7444E+04  1.3269E+04
0000135   4.5073E+04  9.4840E+03  1.1015E+04
0000136   2.3290E+04 -2.0009E+04  4.2386E+04
0000137   9.3131E+04 -4.3764E+04  2.0880E+04
0000138   8.8733E+04  2.1292E+03  1.2009E+04
0000139   3.3858E+04  1.6384E+04 -5.0568E+04
0000140   2.9084E+04  6.6067E+03  1.4586E+04
0000141   4.3829E+04 -2.5271E+04  2.9153E+04
0000142   4.2987E+04 -5.7879E+03 -1.4385E+04
0000143   4.6862E+04  2.6030E+03 -1.1776E+04
0000144   3.4967E+04  1.0408E+04 -1.0694E+03
0000145   2.6204E+04  1.2465E+04 -1.7360E+04
0000146   5.7318E+04 -1.3343E+04 -4.0887E+03
0000147   3.3438E+04 -9.8109E+03  2.9636E+04
0000148   5.3792E+04  4.8658E+03  5.6530E+03
0000149   8.2097E+04 -9.9519E+03  2.7686E+04
0000150   4.2395E+04 -4.4368E+04 -1.7166E+04
0000151   7.3163E+04  2.6062E+04 -1.9637E+04
0000152   3.5043E+04 -1.6631E+03 -5.2207E+03
0000153   1.0823E+05 -4.5048E+01 -4.0447E+04
0000154   8.3171E+04  2.4441E+04  1.3220E+04
0000155   1.2809E+04  1.3612E+04  1.9263E+04
0000156   3.4481E+04 -2.2629E+03  1.1590E+04
0000157   7.4021E+04 -1.7549E+04  4.0595E+04
0000158   9.8435E+03 -1.4627E+03  9.9295E+03
0000159   2.5579E+04  2.0199E+04  3.6185E+04
0000160   2.6274E+04  7.9326E+03  2.2184E+04
0000161   4.5044E+04 -4.5248E+04  2.2750E+04
0000162   1.0642E+04 -1.8004E+03  1.8610E+02
0000163   6.2959E+04  4.9129E+04 -2.3633E+04
0000164   2.1361E+04  7.2877E+03  2.2322E+04
0000165   1.2667E+04 -1.3292E+04  1.9956E+03
0000166   1.3680E+04  1.2712E+04 -6.1377E+03
0000167   1.9059E+03  9.1502E+03 -1.1644E+04
0000168   2.7131E+04  8.4496E+02  1.1608E+04
0000169   7.5017E+04 -1.8444E+04  7.8616E+03
0000170   7.4597E+04  5.6342E+03  2.0762E+04
0000171   8.7705E+04 -1.7736E+04  1.9161E+04
0000172   5.2881E+04  6.0528E+04 -2.4787E+04
0000173   1.5977E+04 -1.2095E+03 -2.2966E+04
0000174   5.8919E+04  3.5975E+04  4.5943E+03
0000175   3.3514E+04 -2.2324E+04  4.6444E+03
0000176   9.7610E+04 -1.2194E+02 -1.1534E+04
0000177   7.3322E+04 -9.0567E+03 -2.8360E+04
0000178   6.3417E+04  1.2007E+04 -3.9410E+04
0000179   3.6077E+04  4.6121E+03 -4.6177E+04
0000180   4.5218E+04  1.0232E+04 -1.7310E+04
0000181   6.3187E+04 -8.4649E+03 -1.5910E+04
0000182   7.3412E+03 -3.8544E+03  7.3170E+03
0000183   8.9999E+04 -1.0555E+04  8.9980E+03
0000184   4.6728E+04 -5.6453E+03  9.7941E+03
0000185   5.9419E+04 -1.4145E+04  5.1862E+04
0000186   1.9937E+04 -2.3593E+04  2.6804E+04
0000187   7.9347E+04  6.2926E+03 -7.8005E+02
0000188   4.4356E+04  2.3555E+04 -4.1123E+03
0000189   7.8188E+04 -4.4522E+04 -3.2667E+04
0000190   5.4301E+04 -2.3198E+03 -3.2087E+04
0000191   6.9908E+04  2.0731E+04  3.8937E+04
0000192   1.6845E+04 -1.6199E+04  1.2210E+04
0000193   3.3143E+04 -4.2116E+04 -4.7245E+04
0000194   2.9601E+04  2.4353E+04  1.1139E+04
0000195   9.2860E+04 -1.2746E+03 -8.0718E+03
0000196   4.9679E+04 -1.1020E+04 -1.9416E+04
0000197   9.3140E+04 -1.9407E+04  6.6673E+03
0000198   2.6793E+04 -5.7709E+02 -1.1353E+04
0000199   3.3230E+04 -1.0997E+04  1.6913E+04
0000200   4.0860E+04 -2.4512E+04 -6.7125E+03
0000201   3.6948E+04 -3.7718E+04  2.0022E+04
0000202   6.1295E+04  3.0074E+03  1.3357E+04
0000203   2.0807E+04  3.8385E+03  1.7025E+04
0000204   5.0153E+04 -2.4949E+04 -8.0657E+03
0000205   7.1677E+04  1.1003E+04  6.3554E+03
0000206   2.7027E+04  2.7190E+04 -2.5250E+04
0000207   3.9633E+04 -1.2670E+04  2.8074E+03
0000208   8.1859E+04 -1.8468E+04  4.1475E+04
0000209   3.2769E+04  7.5874E+03  9.6963E+03
0000210   4.0843E+04 -1.8520E+04  6.5959E+02
0000211   2.5260E+04  6.7667E+03 -2.6639E+04
0000212   7.8963E+04 -2.6449E+04 -3.8231E+03
0000213   5.2150E+04  4.6042E+04  3.6378E+04
0000214   3.8083E+04  2.2650E+04  7.7590E+03
0000215   2.4377E+04  2.7273E+04  1.1163E+04
0000216   2.8521E+04  1.1450E+04  3.2265E+04
0000217   5.7897E+04  3.5895E+03 -1.6310E+04
0000218   6.8853E+04 -6.0090E+03 -9.4463E+03
0000219   8.1939E+04 -2.8499E+03  2.7847E+04
0000220   7.6024E+04  1.5014E+02  3.0136E+03
0000221   7.5650E+04  1.1053E+04  4.4500E+03
0000222   4.7070E+04  1.4172E+04  4.5331E+03
0000223   4.7227E+04 -2.6577E+04  2.7576E+04
0000224   1.6233E+04 -2.0799E+04  2.7171E+03
0000225   8.6419E+04 -1.6279E+04  8.5659E+03
0000226   4.8500E+04  3.6515E+04 -1.3078E+03
0000227   2.4404E+04 -1.1720E+04  4.7013E+04
0000228   4.4225E+04  2.8142E+04  1.1589E+04
0000229   3.6868E+04 -2.5139E+04 -9.5901E+03
0000230   3.3243E+04  8.3517E+03  5.2166E+04
0000231   7.0909E+04 -7.6743E+03 -2.9849E+04
0000232   6.9778E+04 -1.7182E+04 -3.2684E+04
0000233   5.5944E+04 -1.8294E+03  1.9037E+04
0000234   7.3702E+04  3.7674E+04 -1.6788E+04
0000235   3.4324E+04  9.1874E+03 -1.1235E+04
0000236   4.4889E+04  1.9564E+04 -1.5990E+04
0000237   1.1167E+05 -1.4206E+04  3.9449E+04
0000238   2.4906E+04 -7.4912E+03 -4.2972E+04
0000239   7.6994E+04  1.1097E+04  1.5771E+04
0000240   4.9591E+04 -2.2661E+04 -2.6776E+04
0000241   5.1091E+04 -1.0126E+03 -4.0930E+03
0000242   4.4989E+04 -2.3335E+04  7.0201E+03
0000243   2.9593E+04  1.7456E+04 -1.5640E+04
0000244   5.9839E+04  3.2109E+03  6.3485E+04
0000245   2.4415E+04 -2.2802E+04  7.3155E+03
0000246   5.8319E+04  4.3220E+03 -3.1024E+04
0000247   3.9542E+04 -1.4126E+04 -1.8598E+04
0000248   3.3115E+04  7.4307E+03  2.1314E+04
0000249   3.3136E+04 -4.3989E+04  3.8219E+03
0000250   4.8422E+04 -1.6916E+04  3.1857E+04
0000251   5.3492E+04  1.1504E+02  7.7866E+03
0000252   3.4878E+04  1.1156E+04 -7.2889E+03
0000253   9.7997E+04 -5.4941E+04  2.0149E+04
0000254   6.3814E+04  2.0104E+04  1.1941E+04
0000255   2.0548E+04  1.3947E+04  5.5519E+02
0000256   3.6865E+03 -1.3670E+03  1.0498E+03
0000257   1.7854E+04 -7.3177E+03  6.1051E+03
0000258   4.5640E+04 -1.5792E+03  6.5611E+03
0000259   3.8863E+04  2.7428E+04  6.5849E+03
0000260   3.0917E+04 -7.1635E+03  1.2568E+04
0000261   6.7831E+04  1.5520E+04  1.0282E+04
0000262   6.8243E+04  1.1279E+04  2.4920E+04
0000263   3.5192E+04  1.5625E+04  2.7539E+04
0000264   2.7254E+04 -7.0412E+03  6.6733E+03
0000265   2.7017E+04  2.6698E+04 -8.3646E+03
0000266   2.5855E+04 -1.0781E+04  3.6466E+03
0000267   4.1893E+04  1.0212E+04 -1.2052E+04
0000268   8.2554E+03 -1.9040E+03 -6.6435E+03
0000269   6.7012E+04  5.0804E+04 -4.7097E+03
0000270   2.7146E+04 -3.4457E+04 -1.4200E+04
0000271   5.2048E+04  2.2214E+04  3.3590E+04
0000272   2.1703E+04  7.4703E+03  7.8541E+03
0000273   6.7175E+04 -1.1088E+03 -2.9667E+04
0000274   2.2298E+04  6.8007E+03 -5.3923E+03
0000275   2.7814E+04  1.2747E+04 -2.0825E+03
0000276   3.8160E+04  2.4032E+03 -5.4886E+03
0000277   3.8068E+04  3.0288E+04  2.4291E+04
0000278   5.1224E+04 -4.5854E+03  7.5428E+03
0000279   3.0908E+04  1.7810E+04 -1.4113E+04
0000280   7.0396E+04  1.8120E+04  1.4147E+04
0000281   5.6317E+04  4.1650E+03  1.6703E+04
0000282   3.6778E+04 -6.5712E+03 -2.4299E+03
0000283   2.6843E+04 -1.7302E+04  1.4624E+04
0000284   6.4008E+04  2.7465E+04  3.7470E+04
0000286   5.3913E+04 -1.7756E+03  4.9407E+04
0000287   5.5388E+04  1.7758E+03 -1.3152E+04
0000288   6.2882E+04 -3.8525E+03 -1.5945E+04
0000289   5.8487E+04 -3.8545E+03 -1.9784E+04
0000290   3.5955E+04  1.9020E+03 -3.7942E+02
0000291   6.5919E+04  3.4181E+04  6.0341E+04
0000292   4.9287E+04  4.6722E+03 -9.0862E+01
0000293   2.8803E+04 -8.1305E+03 -3.0852E+02
0000294   1.2346E+05 -1.7626E+04  5.5691E+03
0000295   1.7606E+04  1.0548E+04  1.1527E+03
0000296   2.4269E+04 -5.6514E+03 -2.0026E+04
0000297   5.7571E+04 -1.0504E+04 -3.7598E+04
0000298   9.3901E+04  1.5763E+04 -2.4175E+04
0000299   3.5018E+04  3.2591E+03 -3.7149E+04
0000300   5.6087E+04 -1.0606E+04 -2.2988E+04
0000301   9.2588E+04 -1.4749E+04  5.5080E+04
0000302   3.5510E+04  4.5184E+03 -2.1878E+03
0000303   5.8348E+03 -5.8528E+03 -3.3761E+03
0000304   7.6187E+04 -6.7486E+03  8.2518E+02
0000305   6.8831E+04 -5.9328E+04 -1.9884E+04
0000306   4.3774E+04 -2.0694E+04 -8.9883E+03
0000307   9.9980E+04 -1.8334E+04 -1.9421E+04
0000308   4.5861E+04  2.4049E+04 -3.6905E+04
0000309   2.4077E+04 -1.6381E+04  1.3216E+03
0000310   2.1006E+04 -1.0457E+04  2.6330E+03
0000311   5.4289E+04  2.5593E+04  2.8299E+04
0000312   2.3545E+04 -3.3689E+03  1.5304E+04
0000313   5.4006E+04  2.1321E+04 -9.5054E+03
0000314   5.1241E+04  6.5770E+03  5.6734E+04
0000315   2.5740E+04 -6.0859E+03  3.2286E+02
0000316   2.3751E+04  1.2471E+04  8.4756E+03
0000317   5.7527E+04 -7.1354E+03  2.3496E+04
0000318   3.6132E+04 -1.2427E+04 -2.4499E+04
0000319   3.5851E+04 -1.8491E+04 -1.4523E+04
0000320   6.0568E+04 -1.5024E+04  2.0927E+03
0000321   4.1317E+04  1.8827E+04  3.5497E+03
0000322   5.1035E+04 -5.9698E+03 -8.6955E+02
0000323   8.3172E+04 -1.5621E+04  7.6350E+03
0000324   6.2412E+04  3.9573E+04  1.4968E+04
0000325   5.2546E+04  7.0962E+03  1.4329E+04
0000326   3.2745E+04  4.2174E+04  3.5950E+04
0000327   8.3023E+04  7.6556E+03  1.6463E+04
0000328   4.8978E+04  7.7390E+03 -2.6175E+04
0000329   4.2597E+04 -1.5003E+04 -5.8386E+03
0000330   2.4158E+04 -1.4536E+04 -1.3318E+04
0000331   8.9003E+04 -7.5166E+03 -1.3126E+04
0000332   1.7901E+04 -2.8561E+03  5.5359E+03
0000333   4.0025E+04 -1.1088E+03  4.4791E+04
0000334   1.5299E+04 -4.1818E+02  7.0432E+03
0000335   7.2769E+04  1.7987E+04 -1.6809E+04
0000336   2.1937E+04  8.1821E+03  7.0901E+03
0000337   6.3790E+04  1.9814E+04  6.4772E+03
0000338   3.1136E+04 -2.4043E+04 -1.1864E+04
0000339   8.8864E+03 -2.8554E+04 -1.3421E+03
0000340   2.8685E+04  7.2499E+03  2.4632E+03
0000341   3.7711E+04 -3.5310E+04 -1.3012E+04
0000342   2.1095E+04 -2.6451E+04  5.0144E+04
0000343   2.3675E+04  1.0108E+04  2.5756E+04
0000344   5.4772E+04 -2.1265E+04 -1.1205E+04
0000345   4.2873E+04  1.2353E+04  2.2719E+04
0000346   8.7217E+04  3.3323E+04 -3.3212E+03
0000347   3.2476E+04  1.2983E+04  3.9308E+04
0000348   2.4921E+04 -2.4371E+04  1.2290E+04
0000349   4.1224E+04  8.8186E+02  2.1039E+03
0000350   7.9557E+04  2.0438E+04  1.5464E+04
0000351   5.5891E+04 -1.2094E+03  5.8604E+03
0000352   3.3864E+04  8.3831E+03  3.8287E+03
0000353   7.6249E+04 -4.9623E+04  2.3070E+04
0000354   4.3699E+04 -1.0963E+03  1.8575E+04
0000355   3.7047E+04 -2.9406E+03  2.0015E+04
0000356   7.0120E+04 -2.6955E+04 -3.6144E+04
0000357   4.6413E+04  1.9423E+04 -3.7734E+03
0000358   1.4262E+04  9.7051E+03  3.0917E+03
0000359   2.8439E+04 -4.6714E+03 -1.3211E+04
0000360   5.9191E+04 -1.7192E+04  3.0465E+04
0000361   7.0822E+04 -1.0476E+04  8.6317E+03
0000362   3.5222E+04 -1.1025E+04 -2.0240E+04
0000363   3.1605E+04  2.6433E+03 -9.8872E+03
0000364   2.9931E+04 -1.9237E+03 -4.5696E+03
0000365   2.7865E+04  2.3372E+03  9.6893E+03
0000366   1.6050E+04 -2.1295E+03 -1.8530E+04
0000367   5.9526E+04 -1.3469E+04 -1.1060E+04
0000368   3.0515E+04 -2.3187E+03  2.2915E+04
0000369   2.2062E+04 -9.6475E+03  4.1253E+03
0000370   2.3448E+04  1.9743E+03  7.8858E+02
0000371   1.7509E+03  3.2976E+04 -1.8291E+04
0000372   8.8475E+04 -4.9301E+04  1.5621E+04
0000373   3.3411E+04  6.8229E+02  3.2561E+03
0000374   6.7934E+04 -1.3746E+04  1.8152E+04
0000375   5.6587E+04  3.2571E+04  2.0393E+03
0000376   8.2531E+04 -3.6531E+04  2.6642E+04
0000377   5.7545E+04 -5.7847E+03  7.1797E+03
0000378   4.5322E+04  3.2324E+03 -1.2172E+04
0000379   4.5822E+04  1.3456E+04 -2.8560E+04
0000380   4.1983E+04 -1.3399E+04  4.0149E+04
0000381   2.4825E+04  1.2460E+04 -2.2684E+03
0000382   6.7631E+04 -2.6576E+04  3.1578E+04
0000383   8.9815E+04  3.1830E+04 -1.5740E+04
0000384   5.5129E+04 -4.2940E+04  2.6120E+04
0000385   4.2924E+04 -2.5295E+04  2.6379E+04
0000386   8.5701E+04 -7.4490E+03 -2.6968E+04
0000387   3.5403E+04 -2.2336E+03  9.3255E+03
0000388   3.7899E+04 -3.1948E+04 -3.8231E+03
0000389   1.0517E+04 -2.5868E+04 -2.7002E+03
0000390   5.9397E+04 -2.2519E+02 -5.2696E+04
0000391   3.1880E+04 -1.7661E+04  1.3492E+04
0000392   5.5683E+04  1.4350E+04  3.2062E+04
0000393   6.3808E+04 -1.9161E+04  1.9448E+04
0000394   5.1166E+04 -1.2141E+04  4.4344E+04
0000395   6.7208E+04 -1.9161E+04  6.2998E+03
0000396   4.1215E+04 -1.5170E+04  9.8870E+03
0000397   5.2261E+04 -2.3098E+04  3.0498E+03
0000398   2.6341E+04  1.5745E+04  5.6080E+03
0000399   3.1181E+04 -1.5154E+04 -1.0759E+02
0000400   7.7371E+04  6.7165E+03 -1.1901E+04
0000401   1.6921E+04 -2.4321E+04  1.1136E+03
0000402   3.2393E+04  2.4460E+04 -2.7910E+04
0000403   1.8864E+04 -2.7497E+03 -1.9314E+03
0000404   5.5894E+04  1.5203E+04 -3.0563E+04
0000405   4.6572E+04  3.7637E+03 -1.6213E+04
0000406   3.5211E+04  1.4583E+04  1.5256E+04
0000407   3.2786E+04  2.0901E+04 -1.5423E+03
0000408   2.8888E+04 -5.8242E+03 -1.0039E+04
0000409   5.8475E+03 -6.8849E+03  9.0401E+03
0000410   7.1647E+04  1.0547E+04 -1.9796E+04
0000411   1.3122E+04 -4.2786E+03 -5.6502E+03
0000412   2.7587E+04 -5.9572E+03 -4.2401E+03
0000413   8.2974E+04  2.0567E+04 -4.6464E+03
0000414   2.8795E+04  7.1018E+02 -1.4634E+04
0000415   7.4287E+04  1.4452E+04 -5.4583E+03
0000416   3.2367E+04  3.3358E+03  1.3510E+04
0000417   8.0014E+04 -9.5065E+03 -4.8172E+04
0000418   6.8440E+04  6.3661E+03 -1.2976E+04
0000419   1.1710E+04  5.9330E+03  1.4910E+03
0000420   1.7907E+04  9.4437E+03 -1.4396E+03
0000421   7.6051E+04  7.4755E+03  3.5150E+04
0000422   1.3474E+04 -1.2077E+04  6.6406E+02
0000423   6.1245E+04  5.1755E+04 -3.7839E+04
0000424   5.1716E+04 -1.9699E+04 -1.8378E+04
0000425   1.9368E+04  2.8869E+03  1.0993E+04
0000427   5.1608E+04 -3.0372E+04 -2.4557E+04
0000428   1.3717E+04  2.8741E+04  1.6671E+04
0000429   1.2077E+04  4.0343E+03 -3.1841E+03
0000430   8.4587E+04  5.1298E+03  1.2595E+04
0000431   3.4470E+04  2.9285E+04 -1.6112E+04
0000432   3.5188E+04  1.6356E+04 -1.6397E+04
0000433   1.0923E+05  7.7530E+03  1.0785E+03
0000434   7.0183E+04 -1.7787E+04 -1.3215E+04
0000435   9.4288E+04  1.1475E+04 -5.1930E+04
0000436   2.7443E+04  4.1679E+03  5.1499E+03
0000437   1.2327E+04  1.7662E+04 -2.0309E+04
0000438   3.4142E+04 -1.3430E+04 -1.1529E+04
0000439   3.8193E+04 -6.6580E+03 -6.2166E+03
0000440   2.0491E+04 -1.6427E+04 -1.2203E+04
0000441   4.9229E+04 -5.8724E+02  2.1791E+04
0000442   6.6239E+04  6.7047E+03  1.9394E+04
0000443   3.7251E+04  3.1990E+04 -1.0629E+04
0000444   4.6830E+04 -1.7190E+03 -7.5058E+03
0000445   4.0514E+04 -8.3600E+03 -1.3470E+04
0000446   1.3737E+04  3.1791E+04 -3.2919E+04
0000447   5.8275E+04 -4.4568E+04  4.1815E+04
0000448   8.2168E+04 -1.6608E+04  3.2868E+04
0000449   8.1664E+04 -6.3124E+03 -3.6188E+04
0000450   6.8353E+04 -1.2747E+03  1.4420E+03
0000451   8.4082E+03 -3.9626E+02 -1.0858E+04
0000452   6.8273E+04 -3.9251E+04  6.1403E+02
0000453   9.7862E+04  4.5942E+03 -4.4322E+03
0000454   6.7763E+04 -2.7781E+04 -7.3106E+03
0000455   2.1532E+04 -1.3165E+04  2.7207E+04
0000456   5.0627E+04  1.9889E+04  1.2355E+04
0000457   3.8502E+04  6.1006E+03 -3.8372E+04
0000458   5.5986E+04 -2.1226E+04 -5.9649E+03
0000459   6.7269E+04  2.3920E+04 -5.9504E+03
0000460   2.6214E+04 -1.2483E+04 -3.6023E+04
0000461   5.4436E+04 -1.3926E+04  1.7557E+03
0000462   6.8080E+04  2.5950E+04  2.2545E+04
0000463   1.9708E+04 -8.1885E+03 -8.8872E+03
0000464   3.9557E+04 -2.0498E+04  7.7937E+03
0000465   6.2061E+04  2.4704E+03  1.4614E+04
0000466   7.0018E+04 -1.3680E+04 -6.9142E+04
0000467   8.5101E+04 -1.6285E+04 -3.4912E+02
0000468   5.8452E+04  3.4757E+03 -2.5839E+03
0000469   6.6921E+04 -1.7365E+04  1.9155E+04
0000470   3.1153E+04  6.2809E+03 -3.5871E+04
0000471   1.5425E+04  2.7525E+04  6.0050E+03
0000472   8.7713E+03  1.2999E+04  5.6413E+03
0000473   3.1274E+04 -2.3991E+04  2.2488E+04
0000474   4.1681E+04  1.9062E+03 -6.8238E+03
0000475   2.3167E+04 -5.1913E+03 -3.5835E+03
0000476   1.0844E+05 -1.6989E+03 -1.1062E+04
0000477   4.6217E+04 -1.0963E+04  1.4209E+04
0000478   2.0465E+04  4.0013E+03 -3.6730E+03
0000479   8.9610E+04 -1.9667E+04  3.3748E+04
0000480   8.1042E+04  5.9552E+03  1.2435E+04
0000481   4.6678E+04  1.2095E+04  5.2301E+03
0000482   3.1134E+04  2.6958E+04  6.7554E+03
0000483   1.2448E+04  1.7210E+04 -6.4932E+03
0000484   4.7492E+04  2.1442E+04 -7.5043E+03
0000485   4.8418E+04  1.5752E+04 -6.9263E+02
0000486   5.6686E+04 -9.9475E+03  2.8228E+04
0000487   3.0535E+04 -9.6626E+03 -5.4321E+03
0000488   2.5912E+04 -1.2575E+04 -1.2187E+04
0000489   5.4066E+04 -9.7583E+03 -1.0150E+04
0000490   7.0592E+04 -3.6178E+04 -3.8497E+03
0000491   7.6743E+04 -2.6388E+04 -2.4155E+04
0000492   7.3225E+03  6.8595E+03 -3.8080E+03
0000493   6.2582E+04 -2.5900E+04  2.3933E+04
0000494   4.6334E+04  1.4409E+04 -2.4021E+04
0000495   3.1951E+04  2.4366E+04  2.6423E+04
0000496   2.8135E+04  1.4942E+03 -4.1110E+03
0000497   3.4107E+04 -1.4399E+04  1.4693E+04
0000498   5.9746E+04 -1.1661E+04 -1.1800E+04
0000499   2.0205E+04 -3.0162E+04  3.7491E+03
0000500   4.4679E+04 -9.2161E+03 -3.3947E+04
0000501   3.7162E+04 -1.7151E+03 -4.8567E+03
0000502   1.1149E+04 -1.4869E+04 -4.5019E+03
0000503   7.6776E+04 -1.0894E+04  4.2621E+04
0000504   1.6184E+04 -3.7538E+03 -3.3947E+03
0000505   4.1353E+04 -2.9813E+02  1.5131E+04
0000506   6.0534E+04  1.4559E+02  5.9550E+03
0000507   3.5908E+04 -2.3548E+04  1.0065E+04
0000508   2.1712E+04  2.0435E+04 -2.6981E+03
0000509   4.0514E+04  1.9472E+04 -4.1585E+04
0000510   7.3838E+03 -1.7120E+04  7.1953E+03
0000511   6.2512E+04  1.0485E+04  1.3428E+03
0000512   1.4002E+04 -1.7742E+04 -4.6616E+04
0000513   2.7668E+04 -8.0437E+03 -3.7472E+04
0000514   1.0210E+05 -6.0269E+04 -1.4766E+03
0000515   5.8377E+04 -1.0788E+04 -1.5364E+04
0000516   6.3778E+04 -1.4735E+04  2.8507E+04
0000517   7.6347E+04  8.9581E+03 -1.2203E+04
0000518   6.1688E+04  1.1148E+03 -3.8504E+03
0000519   9.6798E+04  3.2796E+04  2.4594E+04
0000520   1.3545E+04  4.2602E+03 -7.0964E+03
0000521   5.9790E+04 -9.2522E+03  1.2176E+04
0000522   5.7993E+04 -4.3903E+03  5.3843E+03
0000523   6.8812E+04  3.0238E+04 -2.2138E+04
0000524   7.7340E+04 -1.3005E+04  1.7671E+04
0000525   4.7340E+04  3.6257E+03  4.2253E+04
0000526   2.6960E+04  4.0946E+04 -4.3813E+02
0000527   5.8106E+04 -6.0618E+03  3.3150E+03
0000528   6.5729E+04  1.7560E+04 -6.3880E+04
0000529   1.0863E+04 -2.2579E+04  2.2048E+04
0000530   2.9339E+04  3.2184E+03 -5.6869E+03
0000531   5.1073E+04 -2.5309E+04 -3.7556E+03
0000532   8.9973E+04  7.1666E+03  2.4491E+04
0000533   4.2712E+04 -1.1078E+03 -3.8368E+04
0000534   2.6486E+04 -1.3655E+04 -4.6957E+04
0000535   3.5884E+04 -3.4447E+03 -3.0398E+04
0000536   7.1412E+04 -2.6016E+04 -1.9180E+04
0000537   1.6657E+04 -1.2368E+04 -3.3526E+03
0000538   6.8122E+03  2.5462E+04 -5.5127E+04
0000539   2.6428E+04 -6.3117E+03 -2.5991E+04
0000540   5.0468E+04  1.6192E+04 -5.8537E+03
0000541   3.9371E+04 -2.6030E+02  3.8707E+04
0000542   1.8029E+04 -1.5054E+04 -2.8012E+04
0000543   2.5498E+04  8.3261E+03  5.0113E+03
0000544   2.4299E+04 -3.6288E+04 -6.3367E+03
0000545   2.3445E+04  1.4484E+03  7.1578E+03
0000546   4.9027E+04  3.0968E+04  6.0464E+03
0000547   5.2868E+04 -4.5377E+04 -5.9015E+04
0000548   1.0221E+05 -4.4377E+04  1.3388E+04
0000549   5.5794E+04 -6.0126E+03  9.9109E+03
0000550   5.9201E+04  3.4180E+04 -2.7518E+04
0000551   3.4344E+04 -1.4474E+04  1.5086E+04
0000552   7.1099E+04  2.4924E+04 -3.3623E+04
0000553   6.2727E+04 -1.6181E+04  2.0016E+04
0000555   6.4216E+04  1.6642E+04  6.8467E+03
0000556   5.5259E+04 -1.9909E+04  1.3809E+04
0000557   9.7014E+03  3.3570E+04  9.2273E+03
0000558   5.2236E+04 -5.6377E+03 -2.8888E+04
0000559   7.9147E+04  1.8349E+04  8.9459E+03
0000560   4.7730E+04 -6.9537E+03 -7.3950E+03
0000561   6.9885E+04  4.8953E+03  1.2612E+04
0000562   1.7130E+04  1.3199E+04  1.8949E+04
0000563   6.2789E+04 -3.2776E+04 -1.3333E+04
0000564   1.8363E+04  1.9876E+04 -4.3272E+04
0000565   5.0081E+04 -1.0766E+04 -2.4083E+04
0000566   3.3625E+04 -2.5135E+03  2.0377E+04
0000567   4.1901E+04 -2.0211E+04  6.9254E+03
0000568   1.8791E+04 -1.0958E+04  5.0090E+04
0000569   3.8334E+03 -9.5830E+03  4.6276E+03
0000570   2.7265E+04  1.1233E+04 -4.9769E+03
0000571   3.3705E+04  6.7041E+03 -4.6453E+03
0000572   5.8949E+04  2.1680E+04 -1.6880E+04
0000573   2.8142E+04 -2.1196E+03 -3.8433E+04
0000574   3.4263E+04 -1.3038E+04  1.2624E+04
0000575   1.0958E+04 -3.5262E+02 -5.4425E+03
0000576   4.1131E+04  4.7646E+03  1.1594E+04
0000577   8.6941E+04  1.0699E+04  2.8777E+04
0000578   8.6531E+04  4.1304E+04  2.1703E+04
0000579   7.3420E+03 -1.1197E+04 -1.8421E+04
0000580   5.6142E+04 -9.0293E+03  3.0008E+03
0000581   3.8622E+04  3.5620E+03 -1.9112E+04
0000582   1.3192E+05 -3.4495E+04  3.8646E+03
0000583   4.2941E+04 -2.7496E+03  1.6863E+04
0000584   5.7931E+04  1.6555E+04  1.9327E+04
0000585   7.3607E+04 -3.4680E+04 -3.5627E+04
0000586   4.5141E+04 -7.2131E+02 -2.0564E+04
0000587   8.2920E+03  1.7231E+04  5.0287E+04
0000588   8.0057E+04 -7.9792E+02  2.6831E+04
0000589   8.4732E+04  5.9689E+03 -4.9515E+03
0000590   6.0811E+04 -2.3832E+03 -1.0676E+04
0000591   2.3597E+04  1.7858E+04  1.4395E+04
0000592   7.6929E+04 -1.0900E+04  3.2804E+04
0000593   8.7618E+04 -1.9542E+04 -5.8219E+03
0000594   4.8709E+04  2.2352E+04  5.6687E+03
0000595   4.2402E+04 -4.2249E+03 -1.6839E+04
0000596   5.3986E+04 -9.5885E+03  9.1449E+03
0000597   1.6769E+04 -5.8843E+03 -1.1179E+04
0000599   3.5646E+04  1.6634E+03  9.7439E+02
0000600   6.1929E+04 -1.7933E+04  2.8247E+03
0000601   3.6839E+04 -5.9948E+03  3.2814E+04
0000602   1.4471E+04 -3.2381E+04 -6.8496E+03
0000603   3.1698E+04  2.1426E+03 -4.5491E+03
0000604   6.5116E+04 -4.9613E+03 -1.8277E+04
0000605   5.0801E+04 -7.8841E+03  3.9070E+03
0000606   6.1812E+04 -3.6128E+04  4.6676E+03
0000607   4.6153E+04 -1.3304E+04  2.2597E+04
0000608   5.5893E+04 -5.8471E+03 -4.0665E+04
0000609   4.1034E+04  1.1225E+03  4.7612E+03
0000610   6.7005E+04 -1.1915E+04 -9.2414E+03
0000611   5.6298E+04  1.0417E+04  1.1139E+04
0000612   7.3164E+04 -3.8862E+03  1.0201E+03
0000613   7.8133E+04 -3.8019E+04  5.0639E+04
0000614   2.7742E+04 -1.0553E+04  1.7552E+04
0000615   2.5675E+04  1.7012E+03 -1.1596E+04
0000616   3.1058E+04 -4.0532E+03  8.9522E+03
0000617   5.3837E+04 -2.3514E+04 -2.5886E+04
0000618   4.0942E+04  3.9347E+03 -5.4923E+04
0000619   3.4234E+04 -2.1921E+04 -2.9127E+03
0000620   4.6082E+04  3.9825E+03  8.5462E+02
0000621   8.8324E+03  4.1710E+04 -1.7560E+04
0000622   5.0782E+04  4.2268E+03  2.0599E+03
0000623   7.9465E+04  2.8653E+03  4.1216E+03
0000624   1.4237E+04  4.6136E+03 -2.3047E+03
0000625   1.0407E+05 -1.3904E+04 -2.3454E+04
0000626   5.4142E+04  7.1138E+03 -2.0619E+04
0000627   4.0641E+04  1.2252E+04 -7.3427E+03
0000628   9.0422E+04  1.1520E+04  1.1027E+04
0000629   2.1501E+04  4.3696E+03  4.5931E+03
0000630   3.3180E+04 -1.1254E+04  9.2632E+03
0000631   4.4075E+04  7.5196E+03  1.5986E+04
0000632   3.2761E+04 -1.6113E+04 -7.3315E+03
0000633   6.2512E+04 -4.9415E+03  2.1335E+04
0000634   3.6352E+04  6.2585E+03  1.0132E+04
0000635   5.4189E+04  5.1865E+02  1.0531E+04
0000636   3.1349E+04  1.2593E+04  1.7557E+04
0000637   5.0353E+04  4.0802E+04 -8.5504E+03
0000638   2.3096E+04 -7.2789E+03  1.4440E+04
0000639   3.8013E+04 -1.9081E+04  5.4479E+03
0000640   8.4092E+04  2.2393E+04 -3.1439E+04
0000641   7.5331E+04 -7.7401E+03 -4.3267E+04
0000642   6.2332E+04  3.1796E+04  4.7199E+03
0000643   6.9841E+04  2.6439E+04 -2.2873E+03
0000644   5.2879E+04  7.4400E+03  3.4278E+04
0000645   5.1380E+04 -2.3594E+04 -1.6708E+04
0000646   4.3845E+04  4.4937E+04  1.7156E+04
0000647   3.4765E+04  1.7274E+04 -3.4226E+04
0000648   5.4027E+04  5.3201E+04 -7.8247E+03
0000649   4.7584E+04 -8.9368E+02  7.6913E+03
0000650   3.4536E+03  1.7326E+04  1.5119E+04
0000651   4.1917E+04  1.8325E+04 -3.1374E+04
0000652   2.6961E+04 -1.3153E+04 -1.0914E+04
0000653   1.7050E+04  9.2240E+03 -5.0648E+03
0000654   4.7111E+04  3.5638E+04 -5.0696E+03
0000655   2.0683E+04  7.3053E+03  3.0273E+02
0000656   7.6039E+04 -2.5079E+03  1.9480E+03
0000657   5.8615E+04 -4.7023E+04  1.2227E+04
0000658   3.2595E+04 -1.8238E+04  1.9241E+04
0000659   5.7994E+04 -2.2203E+04  6.1792E+03
0000660   7.8217E+04  1.1562E+04  1.5635E+04
0000661   6.5507E+04 -1.0081E+04 -1.1473E+04
0000662   4.0999E+04 -8.7475E+03  1.4594E+04
0000663   9.8151E+03 -6.5609E+03  1.0019E+04
0000664   1.0398E+05 -1.0765E+04 -1.2757E+04
0000665   1.9158E+04 -1.1514E+03  1.1684E+04
0000666   2.0881E+04 -7.9562E+03  3.1942E+04
0000667   5.8610E+04 -1.2281E+04 -1.5985E+04
0000668   3.1979E+04 -5.2195E+03 -2.4940E+04
0000669   4.5941E+04 -1.8215E+04 -1.1483E+04
0000670   1.8961E+04  2.6576E+04  5.6918E+03
0000671   4.2125E+03  1.0344E+04 -9.5886E+03
0000672   7.2132E+04  1.0072E+04 -1.8302E+03
0000673   5.7926E+04  5.6115E+03  5.1785E+03
0000674   5.0261E+04 -4.6770E+02  4.8956E+03
0000675   8.0639E+04  2.9586E+04  8.6566E+03
0000676   1.1241E+05 -4.1209E+04  1.4404E+04
0000677   1.4782E+04  5.3303E+03 -1.8447E+03
0000678   6.3873E+04 -1.1960E+04  2.6522E+04
0000679   3.3056E+04 -1.1802E+04  1.4890E+04
0000680   3.5429E+04 -1.9968E+03  1.2733E+04
0000681   2.0423E+04 -2.7486E+04  6.9560E+03
0000682   3.1895E+04 -1.2568E+04 -3.6431E+02
0000683   5.7665E+04 -1.2267E+03 -9.6241E+02
0000684   1.6436E+04  1.7645E+04  9.7469E+03
0000686   8.2313E+04  2.5404E+04 -2.3924E+04
0000687   1.5034E+04  2.0282E+02  8.6750E+03
0000688   3.8708E+04  4.1912E+03  1.6307E+04
0000689   4.2352E+04  1.9718E+04 -9.1210E+03
0000690   7.5183E+03 -1.8493E+04 -4.4168E+04
0000691   3.4126E+04  9.1487E+03  2.8076E+04
0000692   3.2129E+04 -1.3026E+04  1.2280E+04
0000693   6.6525E+04 -1.5929E+03 -4.6077E+04
0000694   1.5243E+04  1.1850E+04  1.4938E+04
0000695   2.4497E+04 -1.1733E+04  8.4630E+03
0000696   2.5302E+04 -8.0765E+02 -8.4901E+03
0000697   5.5278E+04  1.0097E+04  4.1214E+04
0000698   4.1985E+04  5.0097E+03 -3.9833E+04
0000699   2.1319E+04  2.4624E+04  2.4982E+03
0000700   4.9144E+04 -4.1983E+04 -5.4671E+03
0000701   9.0738E+04 -1.4447E+04 -1.8336E+04
0000702   4.9604E+04 -3.7909E+04  6.1678E+02
0000703   3.7800E+04 -1.2991E+04 -3.8165E+04
0000704   4.6544E+04 -8.7378E+03  1.2316E+04
0000705   6.2107E+04 -1.9316E+04  1.2833E+04
0000706   2.6498E+04 -5.3795E+03 -1.1437E+03
0000707   6.2522E+04  1.9727E+03 -5.3932E+03
0000708   2.5851E+04 -2.0439E+04 -6.7891E+03
0000709   9.3030E+03 -4.9153E+02 -2.3713E+03
0000710   7.0250E+04 -2.4959E+03  1.4224E+03
0000711   3.2475E+04 -5.4753E+03 -5.3196E+03
0000712   4.3604E+04 -6.6118E+03 -1.1495E+03
0000713   4.3899E+04  9.4429E+02 -1.2820E+04
0000714   6.8623E+04  4.9344E+03 -1.3046E+04
0000715   1.8348E+04 -3.8790E+04 -1.0528E+04
0000716   6.7706E+04  6.3833E+03  1.3568E+04
0000717   4.1243E+04 -8.6510E+03 -5.5261E+02
0000718   3.3070E+04 -5.3932E+04  1.8974E+04
0000719   9.4781E+04  2.2270E+03 -2.2837E+04
0000720   3.8200E+04  3.6550E+03 -4.2906E+02
0000721   7.3996E+04  2.5261E+03  2.0028E+04
0000722   3.6686E+04 -1.1651E+04 -2.6650E+04
0000723   4.1386E+04 -3.5624E+03  1.5307E+03
0000724   7.3809E+04 -1.0762E+03  1.8464E+04
0000725   2.4755E+04 -1.5427E+04 -2.2222E+04
0000726   5.8750E+04 -1.4150E+04  1.6313E+04
0000727   6.0103E+04  1.5046E+04  3.8672E+04
0000728   3.0622E+04  3.4560E+04 -3.7103E+04
0000729   4.7203E+04  1.6046E+03 -1.7172E+04
0000730   7.0773E+04  3.5190E+04 -2.1485E+04
0000731   2.7495E+04  4.1048E+03 -7.3801E+03
0000732   5.0938E+04  1.1753E+04  1.3387E+04
0000733   6.1701E+04 -9.5790E+03 -1.3642E+04
0000734   9.5108E+03  8.0503E+03 -9.1920E+03
0000735   3.3064E+04  1.6826E+03 -2.3811E+04
0000736   7.8857E+04 -8.5281E+03  2.3917E+04
0000737   2.8825E+04 -1.0144E+04  1.2939E+04
0000738   9.4172E+03 -1.1397E+04  2.4512E+04
0000739   1.0572E+04  1.6166E+04 -1.3822E+04
0000740   2.4719E+04 -4.1485E+04 -9.7725E+01
0000741   2.5383E+04 -1.1521E+04  1.6316E+04
0000742   9.6793E+04 -2.1795E+04  2.6883E+03
0000743   8.2116E+04 -1.3538E+04  7.7061E+02
0000744   6.3086E+04  3.6882E+04 -3.9897E+04
0000745   1.0015E+04  1.4367E+04 -1.1285E+04
0000746   7.9740E+04 -3.6972E+04 -4.2634E+04
0000747   7.1915E+04  3.3773E+04  2.1467E+04
0000748   4.2287E+04  1.3178E+04 -3.9247E+03
0000749   6.6659E+04  8.6276E+03 -5.3490E+03
0000750   8.1908E+04 -5.4492E+04 -2.8517E+04
0000751   2.1242E+04  4.2863E+04 -8.2650E+03
0000752   4.5106E+04 -2.9053E+04 -3.2353E+03
0000753   7.7599E+04 -1.0506E+04 -2.4758E+04
0000754   7.8054E+04  5.5188E+03  2.0777E+04
0000755   7.6521E+04  1.2234E+04  5.4807E+03
0000756   9.9390E+04 -2.7666E+04  2.7239E+04
0000757   4.9197E+04  6.2596E+03 -8.1669E+03
0000758   7.6325E+04  1.3135E+04 -1.1836E+04
0000759   3.1648E+04 -1.5652E+04  3.1446E+03
0000760   2.0076E+04  1.4444E+04 -1.4130E+03
0000761   2.2062E+04  1.6361E+04  5.5225E+03
0000762   3.5888E+04  1.5213E+04  2.8170E+04
0000763   4.4791E+04  2.8237E+04  1.4177E+04
0000764   8.2754E+04 -2.8633E+04  1.5741E+03
0000765   2.3032E+04 -5.0554E+03 -1.5593E+04
0000766   4.9032E+04 -1.5659E+03  3.2662E+03
0000767   4.7591E+04 -7.2104E+03  1.8200E+04
0000768   5.0183E+04 -1.6658E+04 -9.5637E+03
0000769   4.0989E+04  1.4381E+03 -2.1240E+04
0000770   4.2073E+04 -2.2316E+04 -4.3221E+04
0000771   1.0541E+05  1.4290E+03 -8.6652E+03
0000772   8.7215E+04 -7.6088E+03 -3.4954E+02
0000773   1.5911E+04  6.8408E+01 -3.6835E+03
0000774   4.1736E+04 -1.5185E+04  3.4679E+04
0000775   5.7346E+04 -2.0611E+03 -5.3149E+04
0000776   4.9832E+04  1.3594E+04 -2.0044E+04
0000777   1.5557E+04  1.3483E+04  1.0448E+04
0000778   1.0609E+05 -1.5717E+04 -8.8571E+03
0000779   1.3402E+04 -1.2411E+04  2.3702E+04
0000780   6.9799E+04 -1.8578E+04 -1.9195E+04
0000781   3.0226E+04 -6.6756E+03  1.0092E+03
0000782   5.2382E+04 -1.9412E+04  3.3851E+03
0000783   3.4815E+04 -2.0198E+04  3.3817E+04
0000784   6.0812E+04 -1.5690E+04  8.0377E+03
0000785   6.9178E+04 -4.2815E+03  8.2972E+03
0000786   5.0123E+04  4.6609E+03  1.4667E+04
0000787   1.0573E+04  3.0919E+04  8.3323E+03
0000788   5.2709E+04 -2.8071E+04  2.9263E+04
0000789   6.9835E+04  1.2003E+04  9.2450E+03
0000790   5.2082E+04 -3.3863E+04 -1.2031E+04
0000791   4.3658E+04 -3.1091E+04 -2.0743E+04
0000792   1.5686E+04 -2.4688E+03 -1.4825E+04
0000793   6.5144E+04 -7.6868E+02  1.8257E+03
0000794   5.7174E+04 -1.6813E+04  1.3979E+04
0000795   6.5735E+04  7.1219E+02  3.2010E+04
0000796   4.3660E+03  1.3606E+04 -1.9217E+04
0000797   4.0328E+04 -1.2825E+04 -2.2535E+04
0000798   6.9490E+04  1.1783E+04  2.5687E+03
0000799   7.8321E+04 -3.8534E+03 -2.3627E+03
0000800   4.3055E+04 -1.4393E+04 -4.8701E+03
0000801   5.6104E+04 -2.5978E+04  1.3285E+04
0000802   9.3283E+04  1.2070E+04 -1.3184E+04
0000803   8.9244E+04  2.9765E+04 -1.4894E+04
0000804   1.1934E+05  2.9233E+04  4.2563E+04
0000805   4.6541E+04  2.1673E+04  2.7651E+04
0000806   7.2804E+04  5.3193E+03 -4.0678E+04
0000807   1.1454E+04  1.6302E+04 -1.6291E+04
0000808   5.8507E+04  4.3860E+03 -8.4911E+03
0000809   5.7428E+04  7.3526E+03 -3.2632E+04
0000810   2.5163E+04 -1.0488E+04 -5.1228E+03
0000811   4.4564E+04 -3.3560E+03  2.5194E+04
0000812   5.0607E+03 -1.4530E+04  8.8477E+03
0000813   3.4097E+04 -2.6181E+04 -1.3552E+03
0000814   3.2009E+04  1.0999E+04  2.1154E+04
0000815   2.2596E+04 -8.6560E+03  2.3016E+04
0000816   3.4702E+04  4.7613E+03 -1.6042E+04
0000817   6.1754E+04  2.6640E+04 -2.0988E+04
0000818   1.5086E+04  1.6493E+04 -6.8413E+03
0000819   4.6457E+04  2.2751E+03 -1.8720E+04
0000820   5.5209E+04 -2.5307E+04  7.6807E+03
0000821   5.2472E+04 -1.6309E+04  4.7749E+04
0000822   8.6540E+04 -1.3198E+04  1.6944E+04
0000823   1.7001E+04  6.0821E+02  1.8394E+03
0000824   3.8124E+04 -1.4075E+04 -2.9621E+03
0000825   5.2943E+04  1.6348E+04  4.9422E+04
0000826   7.7534E+04  1.2715E+04  3.6621E+03
0000827   3.7188E+04  2.3480E+03 -3.3848E+03
0000828   1.6814E+04 -3.2913E+03 -1.9368E+04
0000829   4.1915E+04  1.9636E+04 -8.7457E+02
0000830   2.5381E+04  6.1162E+03  8.9055E+03
0000831   3.4706E+04  2.8320E+03 -1.9432E+04
0000832   4.0825E+04 -2.2760E+03  2.2344E+04
0000833   3.9239E+04  2.5229E+04 -1.6822E+04
0000834   1.0968E+04 -2.6967E+03 -2.6219E+03
0000835   4.3844E+04 -1.3728E+04 -1.2263E+04
0000836   5.3942E+04  2.6478E+02 -9.2299E+03
0000837   1.2160E+05  1.3325E+04 -2.7860E+01
0000838   8.4606E+04 -1.7755E+04  4.8435E+04
0000839   4.8118E+04 -1.4889E+04 -1.1113E+04
0000840   4.5768E+04 -8.1552E+02  4.0678E+04
0000841   4.0152E+04  1.4119E+03 -3.1086E+03
0000842   5.8925E+03 -1.4147E+03 -4.1611E+04
0000843   7.5933E+04 -1.9630E+04 -1.3179E+04
0000844   1.1242E+05  1.1457E+04 -1.1653E+04
0000845   2.2654E+04 -3.5748E+03  5.8457E+02
0000846   7.2502E+04 -6.5949E+03 -1.5328E+04
0000847   2.4468E+04 -2.3543E+04 -8.6741E+03
0000848   7.2930E+04 -7.7548E+03  3.3690E+04
0000849   4.5486E+04  1.5859E+03 -2.2381E+04
0000850   3.6782E+04  2.5937E+04 -6.5041E+03
0000851   6.1009E+04  4.6304E+04 -1.5379E+04
0000852   4.2669E+04 -8.4696E+03 -2.3145E+04
0000853   5.0908E+04 -2.1536E+04  1.4860E+04
0000854   4.3159E+04  5.7689E+03  3.0994E+02
0000855   5.2167E+04 -2.5411E+04  2.5941E+04
0000856   3.2978E+04  2.0418E+04 -1.0968E+04
0000857   2.6222E+04  2.4241E+04  5.3304E+04
0000858   4.4802E+04  8.4278E+03 -1.3436E+04
0000859   9.9178E+04  3.1074E+04  1.9737E+03
0000860   2.0141E+04  7.1157E+03 -1.4759E+04
0000861   7.1451E+04  2.0336E+04  1.7228E+04
0000862   6.8146E+04  2.5613E+04 -1.1521E+04
0000863   8.2954E+04 -1.0987E+04 -4.8959E+04
0000864   1.0511E+05 -2.5325E+03 -3.0747E+04
0000865   4.1898E+04 -3.3683E+04 -2.7351E+04
0000866   4.5584E+04 -3.5124E+04 -6.6406E+04
0000867   5.8351E+04 -2.8223E+04 -3.0277E+04
0000868   4.8085E+04 -1.6750E+03  1.9518E+04
0000869   4.0204E+04 -3.0279E+04 -1.0718E+04
0000870   6.5572E+04  4.7428E+03 -9.8638E+03
0000871   1.0058E+04 -2.5148E+04  1.4828E+03
0000872   2.6845E+04  1.3618E+04  7.9030E+03
0000873   6.4520E+04  2.2282E+04  2.8227E+04
0000874   1.3288E+04  8.6204E+03 -1.2812E+04
0000875   5.9527E+04  8.1517E+03 -9.3085E+03
0000876   7.2388E+04 -2.3757E+03 -1.4931E+04
0000877   2.7584E+04 -2.7125E+04 -3.6523E+04
0000878   5.3763E+04  3.2910E+03  2.4338E+04
0000879   9.5634E+03  1.7068E+04  2.9726E+04
0000880   5.8647E+04  6.5641E+03 -2.1192E+04
0000881   1.1187E+04 -2.6851E+04  1.2984E+04
0000882   8.7116E+04  1.3406E+04  2.5279E+04
0000883   4.2895E+04  5.6632E+03 -1.5223E+04
0000884   4.4229E+04  1.1028E+04 -1.6939E+04
0000885   3.2242E+04  4.8373E+03  1.5255E+04
0000886   1.5382E+04  1.3013E+04 -3.6584E+03
0000887   2.9261E+04  5.9128E+03  1.1450E+04
0000888   2.5990E+04  2.3751E+04  2.6587E+03
0000889   2.7124E+04 -1.2563E+02  8.4793E+03
0000890   4.9743E+04  9.9504E+03 -2.4002E+03
0000891   2.7188E+04 -2.7591E+04  1.8037E+04
0000892   8.1428E+04 -1.1011E+04 -1.3030E+04
0000893   3.8606E+04 -4.4356E+03  3.0402E+04
0000894   3.8945E+03  3.9682E+03  6.6918E+03
0000895   1.9876E+04  1.0970E+04  2.9352E+04
0000896   4.9628E+04 -1.2845E+04  1.5928E+04
0000897   5.4148E+04 -9.2812E+03 -2.0189E+04
0000898   5.8321E+04 -2.5283E+04 -2.9946E+04
0000899   2.7783E+04 -3.4615E+04 -2.0463E+04
0000900   3.7181E+04  1.3238E+04  5.3412E+02
0000901   3.0232E+04 -2.0097E+04 -8.9657E+03
0000902   4.3187E+04 -1.0846E+04  2.7349E+04
0000903   6.4148E+04  1.1886E+04  2.6634E+04
0000904   6.3020E+04  1.0430E+04 -1.5851E+04
0000905   9.6890E+03 -7.7171E+03 -1.4367E+04
0000906   6.1118E+04 -4.8410E+03 -4.0922E+04
0000907   4.6555E+04 -1.1981E+04 -2.2793E+02
0000908   5.8338E+04 -1.2973E+04 -3.7979E+04
0000909   3.8196E+04  7.4207E+03  1.3667E+04
0000910   4.8340E+04  2.1003E+03  6.9040E+03
0000911   4.1671E+04  4.6290E+04 -1.5181E+04
0000912   5.9173E+04 -1.2080E+04 -6.0511E+03
0000913   2.2634E+04  1.5351E+04 -7.5412E+03
0000914   1.4028E+04 -1.7614E+03 -2.4950E+03
0000915   1.4030E+04  6.6575E+03  5.7130E+03
0000916   5.4769E+04 -3.2406E+03  1.2529E+04
0000917   3.4369E+04  1.2180E+03 -1.5702E+04
0000918   2.5661E+03 -5.4821E+03 -1.8375E+03
0000919   2.6551E+04 -2.4149E+04  1.4188E+03
0000920   4.9726E+04  2.9711E+04  1.9327E+04
0000921   1.1167E+03  2.0799E+04  3.1687E+04
0000922   5.0864E+04  2.6112E+04  9.6151E+03
0000923   4.8800E+04  1.5921E+04 -4.4941E+04
0000924   2.3177E+04 -5.1250E+03 -1.7473E+04
0000925   3.8862E+04  5.8297E+02 -1.3430E+04
0000926   1.8978E+04  1.1077E+03  2.2187E+04
0000927   8.3018E+04 -1.7807E+03 -5.7496E+03
0000928   5.8574E+04  1.5913E+04  4.3428E+03
0000929   7.6130E+03  1.1283E+04  1.8544E+04
0000930   6.0526E+04 -1.8844E+04 -7.7125E+03
0000931   6.2522E+04  4.8183E+03 -1.9358E+04
0000932   5.9460E+04 -4.8045E+04 -1.1233E+03
0000933   2.9795E+04 -2.4148E+04  2.0638E+04
0000934   3.0368E+04 -1.2538E+03 -2.4073E+04
0000935   4.3071E+04  6.5199E+03 -1.6776E+04
0000936   5.4513E+04 -4.1138E+04  6.6492E+03
0000937   4.4755E+04  4.2153E+03  9.3967E+03
0000938   5.8031E+04  2.2370E+04 -1.5385E+04
0000939   2.8983E+04  6.5721E+03 -2.4721E+03
0000940   6.3902E+04  2.0664E+04  4.0601E+03
0000941   6.0499E+04  1.3888E+04  5.1117E+02
0000942   3.1639E+04  1.6130E+04  1.6672E+04
0000943   1.0099E+05  2.4570E+04 -5.4191E+04
0000944   3.3261E+04 -3.9642E+03 -3.5864E+04
0000945   6.4919E+04 -1.2963E+04 -1.1923E+04
0000946   6.0319E+03  8.3072E+03 -7.2283E+03
0000947   1.5279E+04  1.0817E+04  1.9114E+04
0000948   3.7248E+04 -2.2170E+03 -4.4144E+04
0000949   3.6265E+04  8.6395E+03 -2.1081E+04
0000950   1.4968E+04 -3.9046E+04  5.0653E+04
0000951   6.1243E+04  1.3924E+04  5.6525E+04
0000952   5.0327E+04  4.2070E+04 -8.8191E+03
0000953   4.0252E+04  1.7609E+04 -3.0625E+03
0000954   4.4169E+04 -1.6686E+04  2.9523E+03
0000955   1.1749E+05  9.1557E+03 -1.7153E+04
0000956   5.8853E+04 -2.1091E+04  8.6519E+03
0000957   6.2258E+04  5.6554E+03  9.1034E+03
0000958   5.4478E+04 -1.7453E+04  2.1927E+04
0000959   1.5017E+04  3.3005E+04  2.7461E+04
0000960   1.0511E+04 -7.6781E+02  1.5805E+04
0000961   2.0722E+04  1.0330E+04  2.1238E+04
0000962   7.7807E+04 -5.4964E+03 -2.1788E+04
0000963   7.3877E+04  9.2851E+03 -1.7848E+04
0000964   5.1858E+04 -2.0384E+04 -1.2737E+04
0000965   3.5355E+04 -1.1649E+04  1.7064E+04
0000966   1.5824E+04 -5.1877E+03 -1.2253E+04
0000967   4.8414E+04 -2.2545E+04  2.1285E+04
0000968   1.6096E+04 -3.0105E+04  1.6750E+04
0000969   4.1459E+04 -9.3885E+03 -3.2786E+04
0000970   3.6354E+04  4.7364E+03 -5.7390E+03
0000971   5.4089E+04 -4.2165E+04  3.9991E+04
0000972   7.1610E+04  2.8993E+04  6.9511E+03
0000973   3.0580E+04 -2.1656E+04  2.6571E+04
0000974   7.9932E+04  1.6636E+04 -2.3335E+04
0000975   3.2539E+04 -2.2933E+04  6.4610E+02
0000976   6.4187E+04  5.1905E+03 -3.3991E+04
0000977   2.1297E+04  5.6375E+03 -1.4054E+04
0000978   3.5511E+04  1.6218E+04  1.5796E+04
0000979   5.9920E+04 -3.5279E+04  6.6231E+03
0000980   6.7780E+04 -5.0499E+04 -1.6244E+04
0000981   8.0862E+04  2.1757E+04 -5.6886E+03
0000982   2.9381E+04 -2.0730E+03  3.0866E+03
0000983   6.7246E+04  1.7753E+04 -3.4961E+03
0000984   8.1746E+04  3.6224E+04 -7.8379E+03
0000985   3.5016E+04  6.6073E+03  2.5209E+04
0000986   7.8375E+04  9.3627E+03 -2.8572E+04
0000987   2.2368E+04  5.7500E+03  7.8209E+03
0000988   6.9950E+04  1.9065E+04 -4.3095E+04
0000989   8.0779E+04  8.9566E+03  1.7276E+03
0000990   5.9509E+04  3.4308E+03  1.1040E+04
0000991   5.3780E+04 -6.0576E+03 -6.3179E+03
0000992   1.0535E+04 -1.1500E+04  5.3567E+03
0000993   4.7779E+04  1.4415E+04 -1.6200E+04
0000994   5.4552E+04 -1.7757E+04 -5.9668E+03
0000995   1.6803E+04 -3.1718E+02  3.3818E+03
0000996   7.0634E+04 -2.3734E+04  4.1566E+03
0000997   4.3125E+04  1.8642E+04 -4.0191E+04
0000998   4.7139E+04  1.8776E+04  4.4246E+04
0000999   3.8745E+04 -5.1323E+03 -7.7136E+03
0001000   1.8070E+04 -1.7761E+04  1.7955E+03
