============================== SRIM-2013.00 ==============================
==============================================================================
====== SRIM Outputs\RANGE_3D.txt : File of Final Ion Positions =====

Ion = Ar (18)   Ion Mass= 039.9620
Energy  = 4094915.E-05 keV
Ion Angle to Surface = 00.0 degrees
==================== TARGET =======================
  Layer # 1 - Layer 1
  Layer # 1 - Bottom Depth=500000.E+02 A
  Layer # 1 - Density =0000.0089 g/cm3
  Layer # 1 -  100 % of Ar
様様様様様様様様様様様様様様様様様様様様様様様様様様
                                            
Ion       Depth  X   Lateral Y   Lateral Z  
Number    (Angstrom) (Angstrom)  (Angstrom) 
-------  ----------- ----------- -----------
0000001   1.6890E+05  3.0980E+04  5.7131E+04
0000002   1.6850E+05 -8.8949E+04 -7.2583E+04
0000003   1.4772E+05 -1.1503E+05 -3.8066E+04
0000004   7.9658E+04  6.6158E+03  3.3817E+04
0000005   1.4810E+05 -1.1678E+05  1.5072E+04
0000006   2.2097E+05 -3.8806E+04 -2.2373E+04
0000007   2.4037E+05  3.8847E+03 -2.9355E+04
0000008   1.8244E+05  8.3019E+03 -1.8550E+04
0000009   2.7824E+05  1.9970E+02 -6.3083E+04
0000010   1.9440E+05 -1.1656E+05 -1.3138E+04
0000011   1.3611E+05  3.1609E+03 -8.6356E+03
0000012   1.4749E+05 -2.0569E+04 -3.9790E+04
0000013   2.5448E+05 -9.5966E+04  1.1142E+05
0000014   2.2868E+05 -3.7635E+04 -1.0402E+05
0000015   1.4629E+05  1.8221E+04 -1.4301E+04
0000016   1.4467E+05  1.4540E+03 -8.8279E+03
0000017   2.2761E+05  3.6649E+03  1.1727E+05
0000018   1.2985E+05 -2.1313E+04  8.9451E+03
0000019   1.0782E+05  9.1475E+04 -3.5986E+04
0000020   1.5449E+05  1.6819E+03  6.2925E+04
0000021   1.3805E+05 -8.2602E+04  7.0130E+04
0000022   1.1885E+05 -5.5643E+04  2.0460E+03
0000023   1.4762E+05  1.3210E+03 -8.4202E+04
0000024   3.0270E+05  1.7239E+04  8.3298E+04
0000025   8.6675E+04 -7.2275E+04  2.6787E+04
0000026   6.4382E+04 -1.3256E+05  3.4659E+04
0000027   8.0893E+04 -5.2575E+04  6.6632E+04
0000028   7.8885E+04 -4.9173E+04  1.2964E+05
0000029   1.1892E+05  7.5642E+03  2.4179E+04
0000030   1.1405E+05  5.1595E+04  4.6479E+04
0000031   1.8253E+05 -2.0850E+04 -6.9421E+04
0000032   6.3303E+04  4.1085E+04 -2.1041E+04
0000033   1.2526E+05  1.1946E+04 -1.5850E+05
0000034   1.2832E+05 -1.0426E+04 -1.2658E+04
0000035   1.3395E+05  2.4113E+04 -1.9214E+03
0000036   1.6676E+05  4.0194E+04 -3.0586E+04
0000037   1.5511E+05 -1.7371E+03 -7.5241E+04
0000038   9.4191E+04 -1.1937E+05 -7.4846E+03
0000039   3.8716E+04  3.9753E+04 -7.2576E+04
0000040   2.4415E+05 -5.3586E+03  9.7001E+03
0000041   1.3067E+05  8.4417E+04 -6.2838E+04
0000042   2.2653E+05 -1.0657E+05 -1.6532E+04
0000043   1.2360E+05 -5.7898E+04 -3.8747E+04
0000044   6.7638E+04  2.1753E+04 -8.7903E+04
0000045   1.2747E+05 -9.7615E+04  1.3659E+04
0000046   2.3992E+05  1.8784E+05 -6.1905E+04
0000047   2.8142E+05  2.9515E+04 -4.9102E+04
0000048   2.0753E+05 -1.3176E+05 -5.9855E+04
0000049   1.2994E+05 -2.0346E+05  5.4862E+04
0000050   3.2978E+05  1.4917E+05  7.6382E+04
0000051   2.1522E+05 -3.7023E+04 -5.8798E+04
0000052   1.6948E+05 -3.6364E+04  3.5510E+04
0000053   8.3303E+04 -4.4098E+04  3.2078E+04
0000054   3.1463E+04  9.3345E+04  1.5493E+03
0000055   4.2464E+04 -3.8306E+03 -4.0054E+04
0000056   2.7715E+05 -9.9426E+04  6.4699E+04
0000057   2.1259E+05  5.8999E+04 -4.4693E+04
0000058   2.3371E+05  7.4121E+04 -1.4275E+05
0000059   2.2316E+05 -2.4703E+03 -6.2820E+03
0000060   1.0172E+05  8.5485E+04 -5.6110E+04
0000061   1.5123E+05  1.4109E+05  1.8380E+04
0000062   2.1345E+05  1.3381E+04 -9.7692E+03
0000063   2.2275E+05  2.7289E+04 -1.0807E+05
0000064   1.0299E+05 -5.2946E+04 -1.8083E+03
0000065   2.6191E+05  1.8693E+04  8.5466E+04
0000066   1.9370E+05 -9.1407E+03  1.6628E+04
0000067   1.5802E+05 -2.9616E+03 -8.1681E+04
0000068   1.9333E+05  2.5685E+04  1.0532E+05
0000069   6.9672E+04 -1.5825E+04 -2.4073E+04
0000070   2.1175E+05  1.1545E+04  4.2665E+04
0000071   1.2049E+05 -1.1261E+05  4.1328E+04
0000072   1.7445E+05  1.0839E+05 -9.0279E+03
0000073   2.0537E+05 -1.3551E+05 -4.3663E+03
0000074   1.3890E+05 -1.4812E+04  1.7657E+04
0000075   1.6566E+05 -1.4445E+04  1.5549E+04
0000076   1.0802E+05  3.5417E+04  4.0259E+03
0000077   2.6066E+05 -2.4773E+04 -1.6776E+04
0000078   1.0278E+05  4.3568E+04  3.5069E+04
0000079   1.8203E+05  1.2035E+04  7.4203E+03
0000080   3.0283E+05 -1.0808E+05  6.6983E+04
0000081   1.4175E+05  3.7773E+04  7.8191E+04
0000082   1.6301E+05 -1.4693E+03  4.1123E+04
0000083   1.3465E+05  5.8742E+04 -8.8246E+04
0000084   5.8620E+04 -3.1445E+04 -9.6929E+03
0000085   1.4729E+05 -9.4765E+04  4.9754E+04
0000086   1.3746E+05  1.5292E+03 -1.9699E+04
0000087   1.4483E+05 -7.9272E+04 -8.7881E+04
0000088   1.4498E+05  4.7693E+04  3.9505E+04
0000089   1.5219E+05  5.2131E+04 -6.2450E+03
0000090   6.1709E+04 -8.2457E+03  8.0596E+04
0000091   1.2040E+05  1.2872E+05 -6.6800E+04
0000092   1.0623E+05  1.2186E+03  1.2308E+04
0000093   3.0257E+04 -2.3247E+04  1.0321E+04
0000094   2.1479E+05  2.8613E+04  7.3773E+04
0000095   1.7731E+05  4.7495E+04 -7.4760E+04
0000096   2.2031E+05  1.1774E+05 -1.6036E+04
0000097   1.4225E+05 -9.8471E+04 -1.1603E+05
0000098   2.7528E+05  1.6957E+04 -5.6917E+01
0000099   1.1894E+05  8.8696E+04 -1.6010E+04
0000100   5.3995E+04  1.0355E+04 -6.7759E+04
0000101   2.2213E+05  1.0236E+05 -5.2273E+04
0000102   2.2968E+05 -3.8581E+04 -8.8364E+04
0000103   3.3890E+05 -3.1257E+04  7.6839E+04
0000104   6.9710E+04  1.2858E+04 -4.9540E+02
0000105   7.0341E+04 -1.7709E+04  2.9521E+04
0000106   3.2567E+05 -7.7868E+04 -9.0601E+04
0000107   1.0866E+05 -1.9867E+04  9.0216E+04
0000108   2.4912E+05 -4.4077E+04  5.3530E+04
0000109   5.2308E+04  1.5021E+05  4.2419E+04
0000110   1.6040E+05  6.4332E+04 -8.1178E+03
0000111   1.9237E+05  4.8730E+04  1.9546E+04
0000112   1.0931E+05  9.0690E+04 -8.0221E+04
0000113   1.8735E+05 -1.3091E+05 -1.9191E+04
0000114   2.2078E+05 -8.2822E+04  5.5988E+04
0000116   1.5308E+05 -4.3199E+04  1.3400E+04
0000117   2.2536E+05 -4.3357E+04 -3.3517E+04
0000118   1.1406E+05 -1.1368E+05 -2.0483E+04
0000120   1.9143E+05  6.7193E+04 -6.0563E+04
0000121   7.4722E+04 -5.8134E+04  4.3002E+04
0000122   3.0769E+05  1.4998E+05  8.9167E+04
0000123   1.1275E+05  5.5401E+04  9.2148E+04
0000124   1.3573E+05  8.5226E+04 -2.6442E+04
0000125   1.1684E+05 -6.1019E+04  1.3241E+05
0000126   2.3193E+05  4.8640E+03  2.5586E+04
0000127   2.5508E+05  4.0568E+04  4.6976E+04
0000128   1.3043E+05  6.4019E+04  1.1705E+04
0000129   1.8397E+05  6.1790E+04  3.6050E+04
0000130   1.4151E+05  5.9047E+04 -3.4360E+04
0000131   2.0635E+05  4.9012E+03 -1.4943E+05
0000132   5.4689E+04  6.3254E+04  3.0886E+04
0000133   1.2801E+05 -1.3564E+04  4.7151E+04
0000134   2.9115E+05  3.7651E+04  2.3420E+04
0000135   8.5626E+04  2.4104E+04 -3.3976E+04
0000136   2.0674E+05  7.3798E+04  1.1828E+05
0000137   1.4512E+05  2.3695E+04 -4.9144E+04
0000138   2.4782E+05 -1.3007E+05 -1.3022E+05
0000139   1.1625E+05 -8.9202E+04  8.0564E+04
0000140   4.0784E+04  6.6547E+04 -1.1954E+04
0000141   1.6575E+05  2.8594E+04 -3.0628E+04
0000142   1.9202E+05 -4.2080E+03  4.0660E+04
0000143   3.2891E+05 -8.0094E+04  2.3344E+04
0000144   1.4141E+05 -7.2184E+04 -5.8980E+04
0000145   1.6749E+04 -6.0208E+04 -1.8996E+04
0000146   1.4955E+05  2.9787E+04 -3.0842E+03
0000147   8.0969E+04  9.0276E+04  1.2438E+01
0000148   1.1223E+05  8.2681E+04 -1.2168E+04
0000149   1.1043E+05  2.6076E+04  2.8259E+03
0000150   1.8104E+05  7.9140E+04 -9.7119E+04
0000151   1.5379E+05 -4.5678E+04 -8.6931E+04
0000152   1.8176E+05  9.4739E+03  1.0694E+05
0000153   1.1605E+05 -5.7941E+04 -1.5043E+05
0000154   9.9684E+04  5.3209E+04 -2.1548E+04
0000155   2.6058E+05  8.4959E+04 -3.6572E+04
0000156   1.7939E+05  3.9659E+04  4.0444E+04
0000157   2.5884E+05  9.9681E+04 -1.2436E+05
0000158   2.0074E+05  3.2678E+04 -3.5968E+03
0000159   6.7590E+04  6.8614E+04 -6.2330E+04
0000160   1.0278E+05 -3.1112E+04 -7.0495E+04
0000161   1.7489E+05  2.0573E+04  8.1529E+03
0000162   2.4128E+05 -2.4217E+04  1.0018E+04
0000163   5.4477E+04 -1.4486E+04  8.9958E+02
0000164   2.5015E+05  1.9335E+04  7.6779E+04
0000165   1.9576E+05 -8.0618E+03 -1.8840E+05
0000166   1.7392E+05 -5.2534E+04  1.3367E+04
0000167   2.0136E+05  7.3300E+04 -2.5595E+04
0000168   9.7308E+04  2.0060E+04 -3.5011E+04
0000169   5.9159E+04 -7.1393E+03  7.8675E+04
0000170   1.2122E+05 -4.6299E+04  6.8630E+04
0000171   9.2835E+04 -4.9212E+04  3.6492E+03
0000172   1.7226E+05  3.0627E+04  5.5943E+04
0000173   2.1825E+05 -4.3148E+04  6.8128E+03
0000174   2.6274E+05 -3.6545E+03  1.0324E+05
0000175   1.3450E+05  2.5907E+03 -2.9309E+04
0000176   3.3801E+05 -5.0275E+03  1.4293E+05
0000177   2.2085E+05  2.1992E+04 -1.3802E+04
0000178   1.2380E+05 -1.0954E+05  2.6677E+04
0000179   2.4002E+05 -1.1807E+05 -7.0908E+04
0000180   3.7985E+05 -1.1862E+04  2.2662E+03
0000181   1.7581E+05 -1.2306E+04 -2.4173E+03
0000182   4.3486E+04 -2.2197E+04  1.8669E+04
0000183   1.2582E+05  3.5330E+04  4.2728E+04
0000184   1.2422E+05  3.8013E+04 -4.2285E+04
0000185   1.1017E+05  5.6656E+03 -6.5544E+03
0000186   1.1681E+05 -1.7294E+04  6.7452E+04
0000187   3.4683E+05  1.2139E+05  2.9334E+03
0000188   1.3704E+05 -2.4721E+04 -6.0035E+04
0000189   1.3921E+05  7.1634E+04  4.0471E+04
0000190   2.6541E+05  8.5848E+03 -5.4466E+04
0000191   1.3435E+05 -8.1837E+04 -1.2182E+04
0000192   1.1273E+05 -6.4671E+03  4.2441E+04
0000193   1.2064E+05 -1.8825E+04  2.0237E+04
0000194   1.2923E+05  1.6700E+04  1.4679E+04
0000195   3.9355E+05 -5.2166E+04  6.2893E+04
0000196   2.6342E+05  4.4742E+04 -3.8721E+04
0000197   1.1851E+05 -5.1078E+04  8.4573E+04
0000198   1.8899E+05 -3.8713E+04 -3.6547E+04
0000199   8.8408E+04 -4.7799E+04  5.9620E+03
0000200   2.6633E+05 -3.8036E+04  1.1206E+05
0000201   2.0418E+05 -9.9230E+03 -1.3977E+04
0000202   1.9324E+05  3.4907E+04  1.2445E+05
0000203   1.1748E+05  1.9900E+05 -1.7138E+04
0000204   1.9304E+05  5.1644E+03  4.5748E+04
0000205   2.3140E+05 -1.5500E+05 -1.1354E+05
0000206   1.9123E+05  1.5954E+04  5.1155E+04
0000207   2.7242E+05 -2.2739E+04  1.6496E+04
0000208   1.3906E+04  5.2597E+04 -3.2612E+04
0000209   1.0223E+05  8.5942E+03  8.1598E+02
0000210   9.8536E+04  1.1606E+05  7.7361E+04
0000211   1.8474E+05  8.8886E+03 -3.1374E+04
0000212   1.2233E+05 -7.3430E+04 -9.7009E+04
0000213   1.5111E+05  1.5909E+04  4.7162E+04
0000214   1.8807E+05 -7.0376E+04 -6.8944E+04
0000215   1.2854E+05 -1.8332E+05  2.3329E+02
0000216   1.0883E+05 -3.2948E+04 -1.9911E+04
0000217   1.0454E+05  8.6324E+04  1.6242E+04
0000218   8.1778E+04 -3.2027E+04  8.3276E+03
0000219   1.7531E+05  1.1056E+05  1.2978E+05
0000220   2.3792E+05 -3.8773E+04  7.6574E+03
0000221   1.4313E+05 -1.4865E+05  3.2407E+04
0000222   1.1681E+05 -3.9952E+04  3.1131E+04
0000223   2.6125E+05  6.0213E+04  1.1737E+04
0000224   2.5637E+05  1.3183E+05 -2.5222E+04
0000225   2.1307E+05 -5.2301E+04 -1.8363E+04
0000226   3.3620E+05  1.4676E+03  2.6840E+04
0000227   3.0067E+05 -6.4422E+04  1.9749E+04
0000228   7.1867E+04 -9.5567E+03 -6.7126E+04
0000229   1.4793E+05 -8.2265E+04 -9.9890E+04
0000230   1.2061E+05 -3.7357E+04 -4.2319E+04
0000231   2.1672E+05  4.9698E+04 -2.5136E+04
0000232   2.2657E+05 -4.9044E+03 -5.2708E+03
0000233   1.1383E+05 -2.3107E+04 -5.1084E+03
0000234   1.8834E+05  1.0575E+05  6.6775E+04
0000235   3.1533E+05 -1.0432E+05  1.0508E+05
0000236   1.1593E+05  1.1850E+05  2.3491E+03
0000237   2.4476E+05  4.9557E+04 -6.1460E+04
0000238   2.2055E+05  9.2563E+04 -4.0072E+04
0000239   1.3985E+05 -1.4161E+04  3.8534E+04
0000240   1.5137E+05  8.1514E+04  1.2596E+04
0000241   1.7639E+05  1.1886E+04 -8.5758E+04
0000242   4.4430E+04 -6.5320E+03  1.2350E+04
0000243   1.6682E+05  1.0066E+05  5.4686E+03
0000244   2.5114E+05  1.7075E+04 -1.3864E+05
0000245   3.8626E+04 -4.6979E+03 -4.0749E+04
0000246   2.0583E+05  2.5473E+04 -6.6798E+03
0000247   8.6684E+04 -1.7071E+05 -9.0823E+04
0000248   6.1852E+04  4.6347E+04 -1.3471E+04
0000249   3.0312E+05  7.1852E+04  3.1033E+04
0000250   1.9621E+05  3.7425E+04  8.5650E+04
0000251   3.1256E+04 -2.1034E+04 -4.6962E+03
0000252   1.9304E+04 -3.0126E+04 -8.4631E+03
0000253   1.6527E+05  1.7919E+04  3.0834E+04
0000254   2.0324E+05  6.4387E+04 -4.3491E+04
0000255   2.3436E+05 -3.8846E+04 -9.3813E+04
0000256   3.0018E+05 -6.9324E+04 -1.3741E+05
0000257   1.1966E+05  1.3069E+05  2.6906E+04
0000258   2.9383E+05  1.0009E+05  3.3909E+04
0000259   2.3641E+05  3.8729E+04  6.0291E+03
0000260   6.5854E+04 -6.2225E+04  2.2800E+04
0000261   1.1730E+05  3.9077E+04  3.2609E+04
0000262   8.4902E+04 -2.3510E+04  7.5573E+03
0000263   5.7982E+04  7.1115E+02 -2.1618E+04
0000264   8.9277E+04 -4.4264E+04 -2.0362E+03
0000265   2.0820E+05  1.4949E+04  6.3996E+03
0000266   1.7957E+05  7.6128E+04 -2.5274E+04
0000267   1.3474E+05 -5.6165E+04 -1.5115E+05
0000268   1.6278E+05  1.7473E+04 -7.0741E+04
0000269   8.3614E+04 -1.2612E+04  4.4606E+03
0000270   1.8436E+05  3.4641E+04  2.4816E+04
0000271   3.1149E+05 -1.6634E+05  8.4588E+04
0000272   2.6591E+05  1.5171E+04 -5.8326E+04
0000273   5.5726E+04 -1.2906E+04 -5.9784E+04
0000274   4.3288E+04 -1.7790E+04 -1.4670E+04
0000275   2.8153E+05 -5.1145E+04 -4.4718E+03
0000276   1.7444E+05 -3.5240E+04 -8.1476E+04
0000277   2.7572E+05  4.4764E+04  5.5150E+03
0000278   1.5997E+05 -1.4351E+05  1.1395E+05
0000279   5.9104E+04  2.2353E+04  7.2233E+04
0000280   1.2106E+05 -7.6859E+04  3.2393E+04
0000281   1.4327E+05  3.6391E+04  3.0048E+04
0000282   6.1119E+04 -1.8219E+04  4.4948E+04
0000283   1.0329E+05  8.7776E+04  1.1768E+05
0000284   3.0451E+05  9.1628E+04 -5.7219E+03
0000285   1.3896E+05 -3.3968E+04 -8.9653E+04
0000286   5.5545E+04  1.9605E+05  8.1405E+03
0000287   1.1133E+05 -5.0276E+04 -8.8137E+04
0000288   2.2894E+05 -1.6937E+04  1.3595E+05
0000289   2.0932E+05  1.6484E+05  2.3457E+04
0000290   2.1824E+05 -1.0150E+05  2.0556E+04
0000291   1.4904E+05 -1.7299E+04 -6.3325E+03
0000292   2.3043E+05 -1.5757E+04 -1.4590E+04
0000293   1.2986E+05 -2.9747E+04  4.6713E+04
0000294   2.7300E+05  2.8698E+04 -5.1741E+04
0000295   3.0899E+05 -3.6435E+04 -5.0824E+04
0000296   3.3032E+05  3.2333E+04  5.5171E+04
0000297   1.3520E+05 -3.9309E+04  2.9547E+04
0000298   1.1411E+05 -6.2356E+04 -3.1706E+04
0000299   1.4887E+05 -7.8497E+04  1.3300E+04
0000300   1.3468E+05  9.3192E+03  6.7650E+01
0000301   2.6061E+05  9.7474E+04  6.1049E+04
0000302   1.5880E+04  4.2969E+04 -1.9348E+04
0000303   2.2808E+05  5.8952E+04 -1.0223E+05
0000304   3.4581E+05 -1.4330E+05 -1.1967E+05
0000305   1.7478E+05 -5.6184E+04 -8.1828E+03
0000306   2.7240E+05 -2.4164E+04 -8.4190E+03
0000307   2.8496E+05  1.2035E+05  1.2086E+05
0000308   1.5004E+05  3.4569E+04 -9.9201E+04
0000309   7.5662E+04 -3.3957E+04 -3.2564E+04
0000310   1.8639E+05  3.4367E+04 -1.0028E+05
0000311   9.6965E+04  2.0630E+04  1.3042E+04
0000312   1.2970E+05  8.3467E+04 -7.6867E+04
0000313   6.8155E+04 -1.9617E+04 -1.3345E+05
0000314   1.8982E+05 -9.8582E+04 -1.2181E+05
0000315   6.9019E+04 -6.1038E+03  2.2433E+04
0000316   1.5202E+05  3.2965E+04 -1.4921E+04
0000317   2.6059E+05  3.6032E+04  2.2984E+04
0000318   2.5331E+05  5.8308E+04 -3.8333E+04
0000319   1.9280E+05  7.2517E+04 -7.0172E+04
0000320   2.2948E+04  1.3128E+04  9.5832E+04
0000321   2.7148E+05 -2.6696E+04  2.1551E+04
0000322   2.1688E+05  2.6397E+04  6.3124E+04
0000323   2.2520E+05  3.5708E+03 -8.9387E+03
0000324   1.9342E+05 -2.3797E+04  1.8823E+05
0000325   2.1992E+05  1.9365E+04 -8.1545E+04
0000326   8.2777E+04  8.3854E+04 -2.3183E+04
0000327   2.0630E+05  3.0873E+03 -1.3704E+05
0000328   2.6838E+05 -5.0925E+04  4.3962E+04
0000329   1.9667E+05  6.1206E+04  6.9146E+04
0000330   1.7594E+05  9.2296E+04 -3.2628E+04
0000331   1.6905E+05 -1.1387E+05 -5.2359E+04
0000332   1.2379E+05 -4.0428E+04 -1.1240E+04
0000333   2.4384E+05  6.8639E+04  8.7108E+03
0000334   4.9153E+04 -1.0914E+04 -2.1634E+04
0000335   2.3228E+05 -1.3508E+05  1.1307E+05
0000336   8.2688E+04 -5.7623E+04  2.6498E+04
0000337   2.1530E+05 -5.0580E+03  3.8276E+04
0000338   2.2606E+05  7.7084E+04 -3.2114E+04
0000339   1.8131E+05  3.1714E+04  1.0148E+05
0000340   1.3156E+05  3.8107E+04  1.1992E+04
0000341   5.7362E+04 -1.3185E+04  1.3798E+04
0000342   2.9420E+05 -4.0374E+04  4.9971E+04
0000343   2.5270E+05 -5.4345E+04  7.1548E+04
0000344   9.7591E+04  2.6719E+04  9.3382E+04
0000345   1.0747E+05  8.6917E+04  2.1552E+04
0000346   2.1854E+05 -1.5883E+04  3.0727E+04
0000347   1.2891E+05  1.8301E+04 -6.1384E+04
0000348   1.7632E+05  4.3073E+04 -1.7865E+04
0000349   1.2208E+05  3.2033E+04  1.3575E+04
0000350   1.5384E+05  3.1309E+03  5.6748E+03
0000351   1.5548E+05  1.1306E+05 -1.4994E+03
0000352   1.7241E+05 -1.5565E+04 -8.3189E+04
0000353   8.3155E+04 -1.3753E+04  2.6320E+04
0000354   2.9671E+05 -4.7865E+04 -6.0649E+04
0000355   8.6691E+04  2.9500E+03  1.2635E+04
0000356   1.6679E+05  1.1799E+04  7.6158E+04
0000357   2.4423E+05 -4.5874E+04  9.6231E+04
0000358   3.9517E+04 -5.1698E+04  9.6714E+04
0000359   2.2347E+05  1.3936E+05 -8.3855E+03
0000360   7.5860E+04 -2.3095E+04 -5.6273E+04
0000361   2.6128E+05 -4.4661E+04 -9.2544E+04
0000362   5.6718E+04 -1.5048E+04 -1.1375E+04
0000363   6.5659E+04  1.5167E+04 -2.7429E+04
0000364   1.8932E+05  1.1603E+04  2.0982E+04
0000365   2.6778E+05  2.7701E+04 -1.1182E+05
0000366   4.1723E+04  9.1483E+04  9.9122E+04
0000367   1.2344E+05  4.9488E+04  6.0826E+04
0000368   1.4493E+05  4.3112E+04  2.1549E+05
0000369   2.5758E+05 -5.5073E+04  8.2403E+04
0000370   1.2544E+05  4.7024E+04 -2.1426E+04
0000371   1.5959E+05 -9.8808E+04 -6.0887E+04
0000372   2.5039E+05  3.5965E+04  5.4941E+04
0000373   6.7030E+04 -1.2163E+05 -1.5324E+05
0000374   2.1834E+05  1.2013E+05  1.0925E+05
0000375   1.3903E+05  2.1648E+04  6.7069E+04
0000376   8.8285E+04  2.2032E+04  5.3974E+04
0000377   2.7212E+05 -8.1525E+04 -2.3796E+04
0000378   2.4025E+05 -2.3617E+04 -1.0867E+05
0000379   1.8024E+05  1.5324E+04 -3.8842E+04
0000380   1.4556E+05  2.0006E+05  1.3603E+05
0000381   1.7128E+05 -2.8941E+04 -3.5389E+04
0000382   2.8421E+05 -2.5760E+04  1.2749E+05
0000384   1.2453E+05  1.7284E+03  2.7637E+04
0000385   2.3043E+05 -3.0431E+04 -1.0468E+05
0000386   1.2776E+05  6.9922E+04  1.7935E+04
0000387   1.8246E+05  1.0576E+05 -1.3658E+05
0000388   1.5004E+05 -8.5410E+04  6.9459E+04
0000389   2.8662E+05  9.4324E+04  2.8544E+04
0000390   2.8798E+05  6.0165E+04 -1.5826E+03
0000391   1.8655E+05 -4.6155E+04 -8.3132E+04
0000392   1.5366E+05 -4.6957E+04  4.7277E+04
0000393   1.1937E+05 -9.8415E+04  1.2766E+05
0000394   2.7852E+05  2.5575E+04 -4.4181E+04
0000395   2.8886E+05 -3.3307E+04  9.4007E+04
0000396   2.6738E+05  4.1282E+04 -3.2269E+04
0000397   1.4054E+05  1.4356E+05 -1.2160E+04
0000398   1.7081E+05  2.0069E+04  3.3908E+04
0000399   1.2031E+05  7.7400E+04  6.2173E+04
0000400   2.3835E+05  1.1901E+04  5.9869E+04
0000401   7.9768E+04  3.5739E+03 -4.4023E+04
0000402   1.4073E+05 -2.5835E+04 -2.3614E+04
0000403   1.8266E+05  1.3809E+04  1.3006E+05
0000404   1.7873E+05  8.9969E+03 -3.8773E+04
0000405   1.6202E+05 -4.2814E+04 -9.2848E+04
0000406   9.1861E+04 -1.2666E+04  1.3908E+05
0000407   1.0577E+05  1.4986E+04 -3.5626E+04
0000408   2.6242E+05  3.1210E+04 -1.1008E+05
0000409   1.9358E+05  2.8773E+04 -7.0510E+04
0000410   1.0937E+05 -5.0322E+04 -6.3393E+04
0000411   2.1110E+05  3.4792E+04  4.4740E+04
0000412   1.2076E+05 -1.9288E+05  8.8974E+04
0000413   2.0026E+05  3.5146E+03  3.1760E+04
0000414   7.3172E+04  8.8843E+04  2.9375E+04
0000415   3.0157E+05 -8.8331E+03 -1.0237E+05
0000416   2.1707E+05  1.6212E+05 -1.6403E+04
0000417   1.9726E+05 -2.4774E+04  1.3701E+05
0000418   2.1325E+05 -7.4479E+04 -1.3422E+05
0000419   1.6075E+05 -1.3983E+04 -3.7401E+04
0000420   3.3166E+05  7.6058E+04  1.2619E+05
0000421   1.6274E+05  1.1762E+05 -4.9056E+04
0000422   3.6302E+05  5.8310E+04 -4.3135E+04
0000423   3.2868E+05 -6.5550E+03  6.0458E+03
0000424   2.3002E+05  6.8410E+04  1.1186E+04
0000425   7.9488E+04 -4.1460E+04  2.4849E+03
0000426   6.3972E+04  8.4251E+04  2.4627E+04
0000427   1.6878E+05  2.9576E+04 -2.1568E+04
0000428   2.0053E+05  9.6647E+04  2.6432E+04
0000429   1.0080E+05  6.2815E+04  5.0635E+04
0000430   1.0319E+05 -5.9373E+03  1.1880E+04
0000431   1.0854E+05  1.8416E+04 -1.0427E+05
0000432   1.7392E+05  1.0199E+04  4.6732E+04
0000433   3.7151E+04  1.1416E+04  1.3521E+04
0000434   2.7385E+05 -3.7416E+04 -1.4844E+05
0000435   2.7442E+05 -7.6838E+03  6.1617E+04
0000436   4.7317E+04 -3.8379E+04  2.3734E+04
0000437   2.2901E+05 -4.2686E+04 -4.3615E+04
0000438   1.4667E+05  1.9397E+05 -2.5967E+04
0000439   2.7336E+05 -3.4049E+04  1.0570E+04
0000440   1.1184E+05  8.2447E+04 -6.9826E+04
0000441   1.3532E+05 -2.7162E+04 -3.0711E+04
0000442   2.4258E+05 -2.3926E+04  5.8118E+04
0000443   1.3535E+05  1.4815E+05 -8.1395E+04
0000444   2.0256E+05  1.3888E+04 -3.2707E+04
0000445   2.2416E+05 -1.5939E+04  9.6179E+04
0000446   1.9726E+05  3.9554E+04 -1.9073E+04
0000447   1.4449E+05 -2.4137E+04  8.4664E+04
0000448   1.9604E+05 -2.6600E+04 -6.6203E+04
0000449   1.4469E+05 -6.9378E+04  1.8563E+04
0000450   2.9089E+05 -6.4573E+04  3.1213E+04
0000451   1.6433E+05  7.2392E+04 -7.8028E+03
0000452   3.3301E+05  1.0183E+05  1.8689E+04
0000453   2.8252E+05 -1.0147E+05  9.0658E+03
0000454   2.4167E+05 -7.1194E+04 -5.4517E+04
0000455   2.3477E+05 -4.1146E+04 -2.6756E+04
0000456   2.3688E+05 -4.0099E+04  5.7804E+04
0000457   1.4626E+05  9.2763E+04 -1.3493E+05
0000458   1.2673E+05 -7.8478E+04 -1.7193E+05
0000459   1.5589E+05  3.0222E+04  3.3702E+04
0000460   2.4099E+05  1.9588E+04  1.0142E+05
0000461   8.3068E+04 -2.6368E+03  4.8656E+04
0000462   2.8806E+05  1.0896E+05  1.1607E+05
0000463   2.7508E+05  4.6077E+04 -5.3807E+04
0000464   1.3185E+05  4.4507E+04 -4.3097E+04
0000465   2.8716E+05  1.7496E+04  2.5355E+03
0000466   1.6739E+05 -9.1550E+04  1.9767E+04
0000467   2.4303E+05  1.5407E+04  7.8659E+03
0000468   3.0279E+05 -1.9623E+04  4.8161E+04
0000469   8.7485E+04 -4.6253E+04 -9.3607E+04
0000470   1.1931E+05 -6.2033E+04  2.2557E+04
0000471   2.7496E+05 -1.2099E+05  4.7596E+04
0000472   1.8226E+05 -1.9535E+04  1.7908E+05
0000473   1.1288E+05  2.0502E+04  7.0126E+03
0000474   1.1341E+05  1.5442E+04  5.3307E+04
0000475   4.6865E+04 -1.1681E+05  1.9229E+04
0000476   1.1690E+05 -4.4053E+04  4.9328E+03
0000477   1.3763E+04 -1.7521E+04 -1.2204E+04
0000478   1.1726E+05  9.6280E+03 -2.8880E+04
0000479   3.3104E+05 -1.7746E+05  4.5737E+04
0000480   2.0968E+05  4.0033E+04 -1.4440E+04
0000481   1.7928E+05 -1.9894E+03 -4.1359E+04
0000482   1.8177E+05  1.2317E+05  6.7676E+03
0000483   2.0219E+05  6.7020E+04 -1.3585E+05
0000485   8.7073E+04 -2.6056E+04  1.1754E+04
0000486   1.3425E+05 -2.1057E+04 -9.3051E+04
0000487   7.6493E+04  5.5400E+04  3.7917E+04
0000488   1.7733E+05  1.4580E+04 -7.6737E+02
0000489   2.1294E+05  1.0041E+05 -1.5672E+04
0000490   1.2688E+05 -1.4962E+04 -5.1705E+04
0000491   1.2682E+05 -4.6377E+04 -7.2185E+04
0000492   1.5203E+05 -2.2741E+04 -1.7351E+04
0000493   1.9750E+05 -2.6161E+04 -4.0612E+04
0000494   1.0260E+05  2.5656E+04  7.3022E+04
0000495   4.3286E+04 -4.6448E+02 -9.4707E+04
0000496   1.2143E+05  1.4751E+04 -4.0579E+03
0000498   3.2428E+05  4.3134E+04  6.3502E+04
0000499   1.6945E+05  1.5976E+05 -7.7554E+04
0000500   1.0174E+05  9.7264E+02 -2.1153E+04
0000501   9.0411E+04 -5.4725E+01  2.2010E+04
0000502   1.4994E+05  1.3137E+04 -3.7236E+04
0000503   1.4293E+05  2.2323E+04 -1.1000E+05
0000504   1.1607E+05  7.4759E+02  1.2678E+04
0000505   9.9605E+04 -7.3717E+03 -4.6214E+04
0000506   2.0455E+05 -4.4745E+04 -7.1587E+04
0000507   2.4857E+05  8.4314E+04  1.1494E+04
0000508   1.2387E+05 -8.7305E+04  3.4683E+04
0000509   2.2695E+05 -2.1271E+04  2.4791E+04
0000510   1.5051E+05 -1.9166E+04  1.8549E+04
0000511   2.5619E+05  1.6844E+04 -4.6729E+04
0000512   2.5326E+05 -5.2931E+04  3.6281E+04
0000513   2.6202E+05 -3.3630E+04 -1.0144E+05
0000514   1.4656E+05 -1.4772E+04  3.8674E+04
0000515   2.5378E+05  1.6555E+05 -1.4507E+05
0000516   2.1629E+05 -3.7286E+04  7.4291E+04
0000517   1.7252E+05 -1.0482E+05 -9.6660E+04
0000518   4.7865E+04  1.8536E+04 -7.3180E+04
0000519   1.3804E+05 -1.3977E+05  7.4819E+04
0000520   1.9912E+05  1.2985E+04  9.1102E+04
0000521   1.0833E+05 -4.5657E+04  7.1089E+03
0000522   1.4021E+05 -2.5561E+04  1.1940E+05
0000523   1.7889E+05 -1.1518E+05  5.9446E+03
0000524   1.1374E+05  1.2046E+05  2.6920E+04
0000525   1.3959E+05  2.4143E+04  8.5043E+01
0000526   1.1212E+05  6.8644E+03  3.8981E+04
0000527   2.2029E+05  3.3756E+04  5.1433E+03
0000528   1.5876E+05 -3.6482E+04 -1.2730E+05
0000529   1.8892E+05  1.5943E+04  4.4358E+04
0000530   2.8273E+05 -1.6390E+05  4.3699E+04
0000531   2.2684E+05 -7.7809E+03  4.6294E+04
0000532   3.8585E+05  6.7382E+04 -4.6605E+04
0000533   1.2528E+05 -1.6233E+05  3.1095E+04
0000534   7.3867E+04  9.3948E+02 -2.2171E+04
0000535   1.7093E+05 -4.8758E+04 -4.4333E+04
0000536   6.8602E+04 -1.3344E+05 -1.5106E+04
0000537   1.2482E+05 -1.9399E+04  4.1907E+04
0000538   1.3769E+05 -5.7499E+04 -1.9716E+04
0000539   1.9282E+05  1.7042E+04  2.5294E+04
0000540   1.9680E+05 -1.9176E+05  4.2341E+04
0000541   4.0263E+04 -6.1303E+03  2.4498E+04
0000542   1.3691E+05 -1.2754E+05  2.9085E+04
0000543   2.2124E+05  3.4376E+04 -6.1996E+04
0000544   1.3689E+05 -6.4587E+03  8.1128E+04
0000545   1.6809E+05  9.3423E+04  5.0639E+04
0000546   1.4481E+05  7.3682E+04  3.4089E+04
0000547   1.5481E+05  1.9429E+04  6.4184E+04
0000548   1.2308E+04  8.6390E+03 -2.0415E+04
0000549   2.9622E+05 -6.2520E+04 -6.7678E+04
0000550   2.5283E+05  6.5227E+03 -9.6618E+04
0000551   1.9764E+05 -1.2408E+05  5.6810E+04
0000552   1.7585E+05 -6.6592E+04 -1.7371E+04
0000553   4.1434E+04 -1.6960E+04  4.5907E+04
0000554   2.4176E+05 -5.4278E+04 -3.2683E+04
0000555   2.3685E+05  5.6572E+04  6.7063E+04
0000556   1.3782E+05  1.2064E+04  8.7135E+04
0000557   1.9452E+05 -1.2471E+04 -1.5615E+04
0000558   1.9626E+05  1.9178E+04  6.1289E+04
0000559   2.6239E+05 -8.3262E+04  2.3166E+04
0000560   2.0995E+05  4.0706E+04 -4.5478E+04
0000561   1.9621E+05  1.7059E+05 -1.4183E+05
0000562   2.7155E+05  2.1753E+05  2.1692E+04
0000563   1.8589E+05  5.9727E+04  1.1751E+05
0000564   2.4475E+05 -3.0348E+04  1.5003E+03
0000565   2.3401E+05 -2.0637E+04  1.0970E+05
0000566   1.2623E+05 -5.1675E+04 -2.1764E+04
0000567   1.9190E+05  7.6580E+04 -9.6084E+04
0000568   9.2513E+04 -3.9185E+04  5.4390E+03
0000569   3.0543E+05  9.1100E+04 -8.5509E+04
0000570   2.1583E+05 -5.8921E+04 -1.7415E+04
0000571   1.5327E+05  4.7828E+04  2.7582E+04
0000572   1.5892E+05  7.6365E+04  5.3373E+03
0000573   2.4064E+05  1.1698E+05 -2.2550E+04
0000574   2.0004E+05  4.9474E+04 -1.5669E+05
0000575   8.1907E+04  1.0374E+04 -5.4150E+04
0000576   1.7819E+05  6.9621E+04 -4.1323E+04
0000577   2.8345E+05  3.8967E+04 -2.3772E+03
0000578   1.3339E+05  1.0983E+05  1.4067E+05
0000579   5.4229E+04 -1.4753E+04  1.0741E+04
0000580   1.4624E+05 -9.1846E+04  1.7811E+04
0000581   2.1312E+05  1.7409E+04  2.5429E+05
0000582   5.8366E+04  8.6502E+04  3.4676E+03
0000583   1.4987E+05  1.8519E+04 -4.4854E+04
0000584   1.3838E+05  2.4510E+04 -1.7281E+03
0000585   3.2828E+05 -1.1380E+05  6.9457E+03
0000586   1.0074E+05 -1.1031E+04 -6.8625E+03
0000587   2.2405E+05 -2.5259E+03 -2.6621E+03
0000588   1.4049E+05  9.2553E+03 -2.1949E+04
0000589   2.0994E+05  1.3847E+04  2.8186E+04
0000590   2.8461E+05  3.0569E+04  7.1612E+04
0000591   6.4241E+04  5.4155E+04 -1.3536E+04
0000592   1.4017E+05  5.3118E+04 -8.0062E+04
0000593   1.1328E+05 -2.3346E+04  1.0643E+04
0000594   2.2232E+05 -8.3173E+04  2.2565E+04
0000595   1.6228E+05  1.2581E+04 -1.6729E+05
0000596   1.7183E+05  3.0424E+04  1.7888E+04
0000597   3.7381E+04 -1.1787E+05  4.5659E+04
0000598   1.2592E+05 -1.0293E+04  4.1967E+04
0000599   1.7270E+05  5.1714E+04 -7.6550E+04
0000600   1.5895E+05 -2.0307E+04  4.4475E+04
0000601   8.9800E+04  1.3515E+04  5.8625E+04
0000602   2.4315E+05  3.4178E+04  6.4016E+04
0000603   1.6586E+05  2.4413E+04  1.9447E+04
0000604   1.3482E+05  5.1357E+04 -2.8120E+04
0000605   7.6899E+04  1.8465E+04  1.1359E+04
0000606   2.2540E+05 -1.0667E+05 -6.9307E+04
0000607   1.3093E+05 -3.1851E+04  1.0263E+05
0000608   1.3451E+04 -1.1692E+05 -2.3963E+04
0000609   9.9360E+04 -7.6757E+04  2.9984E+04
0000610   1.3870E+05 -3.9204E+04 -3.8549E+04
0000611   7.5378E+04  4.6762E+04  4.2373E+03
0000612   1.0634E+05 -2.1973E+03  7.2691E+04
0000613   1.3745E+05  9.7412E+04  7.8624E+04
0000614   1.4282E+05 -2.5404E+04 -3.7106E+04
0000615   2.8490E+05  6.5610E+04 -3.2806E+04
0000616   1.9420E+05 -5.9787E+04  8.6875E+03
0000617   9.7025E+04  8.9990E+04 -5.0592E+04
0000618   2.6108E+05  2.5665E+04  2.1375E+04
0000619   2.0684E+05 -1.7851E+04 -1.2708E+05
0000620   1.9897E+05 -3.9881E+04 -3.1102E+04
0000621   1.9074E+05  1.1939E+05  1.2759E+04
0000622   1.7106E+05  4.8328E+04 -7.2788E+04
0000623   1.7427E+05  6.9624E+03  5.0671E+04
0000624   1.4553E+05  1.4886E+04 -5.7068E+04
0000625   1.2476E+05  4.0513E+04 -2.8072E+04
0000626   1.7583E+05 -3.9547E+04 -4.6005E+04
0000627   1.7341E+05 -1.5778E+04 -1.7180E+04
0000628   3.1597E+05  1.4310E+04 -6.0667E+03
0000629   2.0158E+05  6.1901E+04  2.8261E+04
0000630   2.1975E+05 -2.8301E+04  8.1813E+04
0000631   3.6689E+04  5.7812E+04 -8.2846E+04
0000632   1.9066E+05  7.8002E+04 -3.3964E+04
0000633   1.3447E+05 -2.8704E+04 -7.1484E+04
0000634   3.9053E+03 -4.0541E+04  1.1775E+04
0000635   7.8862E+04 -7.9087E+04 -5.9124E+04
0000636   1.1799E+05  8.1575E+04 -4.4122E+04
0000637   3.3426E+05  8.8292E+04  7.5301E+04
0000638   5.3103E+04 -7.8070E+04 -1.9944E+04
0000639   1.4972E+05  8.7821E+04  2.3541E+04
0000640   1.7680E+05  9.4443E+04  5.1174E+03
0000641   9.4737E+04  3.5995E+04 -3.9770E+04
0000642   1.5766E+05  3.4047E+04 -9.7288E+04
0000643   2.6324E+05  8.2857E+04 -1.1926E+04
0000644   2.3800E+05 -1.1705E+04 -1.1330E+05
0000645   1.0619E+05 -7.2968E+04  2.4670E+04
0000646   2.5957E+05 -3.8724E+04 -8.6166E+04
0000647   1.4464E+05  4.3521E+04  2.7850E+04
0000648   2.1184E+05  2.3936E+04 -4.6454E+04
0000649   3.0338E+05  4.5916E+03  7.8939E+04
0000650   2.4820E+05  8.4808E+04 -8.2835E+04
0000651   6.9373E+04  1.8732E+04  8.2383E+04
0000652   2.5587E+05  6.4725E+04 -1.0328E+05
0000653   1.7881E+05  1.4799E+05 -9.1528E+04
0000654   3.3839E+04  5.1507E+03 -1.8274E+04
0000655   1.8392E+05  5.3841E+04 -9.5280E+04
0000656   1.4710E+05 -9.8563E+04  5.0836E+04
0000657   1.1218E+05  3.8001E+02  1.1752E+05
0000658   8.9072E+04  1.1981E+05  5.8346E+04
0000659   6.8536E+04 -7.2105E+03 -1.0742E+04
0000660   2.6552E+05  7.0511E+04 -2.0655E+04
0000661   1.2561E+05  3.3974E+04 -4.2107E+03
0000662   1.9611E+05 -2.3511E+03 -1.5305E+05
0000663   9.9068E+04  5.4000E+04 -3.7902E+03
0000664   1.0526E+05  5.0530E+03 -6.5669E+04
0000665   1.7072E+05  2.5969E+04 -1.6661E+04
0000666   2.3819E+05 -9.8175E+04 -1.4810E+05
0000667   1.0982E+05 -7.8586E+03  6.1191E+04
0000668   4.5448E+04  9.6444E+03 -1.5212E+04
0000669   1.9610E+05  9.0832E+04  9.4069E+03
0000670   9.4730E+04  1.2841E+05 -2.3562E+04
0000671   1.8654E+05 -1.5787E+04 -1.1061E+05
0000672   3.5782E+05  4.2842E+04 -1.1188E+05
0000673   1.7496E+05 -3.0334E+04  4.5685E+04
0000674   3.1824E+05 -1.5604E+05  2.8577E+04
0000675   4.2731E+04 -1.7872E+04  6.1211E+04
0000676   1.0905E+05 -1.0188E+04 -5.3965E+04
0000677   1.1270E+05  7.2160E+03 -5.3514E+02
0000678   2.5147E+05 -1.1082E+05  3.4185E+04
0000679   9.4098E+04  1.6569E+04  1.4188E+05
0000680   9.5916E+04  7.9185E+04  1.1666E+05
0000681   1.5282E+05  1.8913E+04 -4.2100E+03
0000682   2.5674E+05 -2.5207E+04  3.9203E+04
0000683   2.0424E+05 -1.2693E+04  1.8889E+04
0000684   1.9352E+05  2.5234E+04  9.6479E+03
0000685   1.7410E+05  2.6912E+04  1.0562E+04
0000686   1.1669E+05  3.3454E+04 -5.8848E+04
0000687   1.6877E+05 -1.4212E+05 -1.1724E+05
0000688   1.2806E+03  2.0541E+04  4.4980E+04
0000689   2.0366E+05 -1.9656E+04 -1.9611E+04
0000690   2.9391E+05 -6.1323E+04 -6.3079E+04
0000691   7.5440E+04 -2.3616E+02  1.3847E+04
0000692   6.4518E+04  1.6226E+03  2.1309E+04
0000693   3.2156E+05 -3.7226E+04  4.0325E+04
0000694   1.8075E+05 -1.3346E+04 -3.8414E+04
0000695   1.3324E+05  1.6786E+05  6.8025E+04
0000696   1.7964E+05 -1.3991E+04  5.3896E+04
0000697   1.9231E+05 -2.0715E+03  1.6212E+04
0000698   1.2530E+05 -6.9626E+04  6.7160E+04
0000699   1.5101E+05 -3.5776E+04  2.6626E+04
0000700   1.0390E+05 -7.2309E+03 -4.7007E+04
0000701   9.1923E+04  1.7111E+04  4.0984E+04
0000702   1.8369E+05 -3.3990E+04  9.5395E+04
0000703   1.8435E+05  8.2690E+04 -1.6275E+05
0000704   2.3010E+05  1.0479E+05 -8.0413E+04
0000705   1.7998E+05 -8.6990E+04 -1.3594E+05
0000706   1.8334E+05 -1.4164E+04 -5.8585E+04
0000707   2.6571E+05 -1.8458E+04  6.2572E+04
0000708   2.4215E+05  7.3095E+04  1.1007E+05
0000709   3.8598E+05  5.7925E+04  7.5633E+04
0000710   2.1665E+05 -4.9502E+04  3.1004E+04
0000711   1.8564E+05 -1.8320E+05 -2.4845E+04
0000712   2.0654E+05 -4.3819E+04  7.1761E+03
0000713   2.4064E+05 -6.4905E+04  5.3973E+04
0000714   2.1839E+05  1.7306E+05  7.1869E+04
0000715   2.5416E+05  7.3673E+04 -9.4414E+04
0000716   2.6177E+05 -1.3041E+05  7.3637E+03
0000717   1.2756E+05  1.5007E+02  3.9493E+04
0000718   2.3343E+05  2.2310E+04  8.2146E+04
0000719   7.0512E+03 -3.9380E+03 -1.1026E+04
0000720   6.4085E+04 -1.4744E+05 -3.2932E+04
0000721   1.3482E+05 -5.3256E+04  1.0091E+05
0000722   1.8419E+05 -5.3488E+04  2.9528E+04
0000723   7.6621E+04  2.0873E+04  1.2044E+04
0000724   3.4954E+05  1.4004E+05  9.9062E+04
0000725   1.0366E+05  2.0397E+04  4.4597E+04
0000726   2.3031E+05  1.0750E+05 -1.2755E+05
0000727   4.8255E+04 -2.2655E+04  2.9225E+03
0000728   7.2945E+04  1.0197E+05 -9.4163E+04
0000729   2.7747E+05  5.5880E+04 -9.2049E+02
0000730   2.3303E+05 -4.7028E+04 -1.4491E+04
0000731   1.2092E+05 -1.3547E+05  2.9212E+04
0000732   9.0556E+04  1.2512E+05  6.2055E+04
0000733   1.3569E+05 -1.4602E+05 -3.6859E+04
0000734   4.0238E+04 -6.4811E+04 -5.3085E+04
0000735   5.1320E+04  4.5995E+04  1.1033E+04
0000736   1.3128E+05  1.2097E+04 -7.6765E+04
0000737   1.6971E+05 -2.2339E+04 -1.0029E+05
0000738   1.8503E+05  2.8224E+04 -8.7369E+03
0000739   1.1794E+05 -1.2124E+05  4.9354E+04
0000740   1.3914E+05  4.3440E+04  1.2770E+05
0000741   1.9244E+05 -1.3187E+04  1.4906E+05
0000742   1.0513E+05  9.0915E+04  2.0799E+03
0000743   2.1701E+05  5.7921E+04 -5.5485E+02
0000744   2.4854E+05  4.1988E+04 -1.8120E+04
0000745   2.0574E+05 -5.2162E+04 -2.6939E+03
0000746   1.3967E+05 -2.8868E+04  1.2734E+05
0000747   8.2716E+04  4.8535E+04 -1.1994E+05
0000748   2.2054E+05  2.2129E+04  4.1371E+04
0000749   1.1943E+05  6.8682E+04  3.0199E+04
0000750   2.2207E+05 -5.7587E+04  1.0347E+05
0000751   1.5205E+05 -1.5370E+04  5.1383E+04
0000752   1.8611E+05  2.8020E+04 -6.1114E+04
0000753   8.9211E+04  3.5210E+03 -3.0428E+04
0000754   2.7818E+05  4.8899E+04  9.8006E+03
0000755   2.5982E+05  9.0067E+04  6.7761E+04
0000756   2.2019E+05  3.8620E+04 -6.9186E+04
0000757   9.4105E+04 -2.3607E+04  3.8461E+04
0000758   2.2742E+05  2.6065E+04 -5.0620E+04
0000759   5.5487E+04  5.8351E+04  4.5241E+04
0000760   1.4356E+05  3.9210E+04 -5.6039E+04
0000761   2.4070E+05  1.8479E+03 -8.5802E+04
0000762   1.7481E+05 -4.3622E+04  4.9387E+04
0000763   2.4780E+05 -1.6077E+05  1.9106E+04
0000764   2.3725E+05 -5.2953E+04  1.3360E+05
0000765   1.2055E+05 -3.2194E+04 -2.4884E+04
0000766   1.5133E+05  2.1956E+04  2.8191E+04
0000767   3.0035E+05 -1.0427E+05 -3.4499E+04
0000768   1.7457E+05 -1.2917E+04  5.2011E+03
0000769   1.5506E+05 -6.9904E+04 -5.4198E+03
0000770   1.5598E+05 -1.9351E+04 -4.9557E+03
0000771   1.5387E+05 -5.8719E+04  3.7235E+04
0000772   1.1907E+05 -1.1910E+04  6.2630E+03
0000773   7.8560E+04 -5.7457E+04 -5.2703E+04
0000774   5.7283E+04 -1.4677E+04 -1.0965E+04
0000775   8.4765E+04 -1.3574E+04 -5.9765E+03
0000776   2.1518E+05  1.5312E+05  1.7685E+04
0000777   2.2830E+05  3.5263E+04 -3.0827E+04
0000778   2.7974E+05 -8.8400E+03  1.0701E+05
0000779   1.2942E+05 -2.2918E+04  1.2933E+05
0000780   1.0301E+05  2.2831E+04 -2.1043E+04
0000781   1.2667E+05 -6.3285E+04 -2.3113E+04
0000782   1.6186E+05 -7.4844E+04 -7.2912E+04
0000783   2.1339E+05  4.2131E+04 -2.8213E+03
0000784   2.5879E+05 -1.1021E+05  8.1428E+04
0000785   1.5678E+05 -4.5395E+04 -1.7622E+04
0000786   3.5560E+05  4.8121E+04 -5.6944E+04
0000787   2.0244E+05  6.6215E+04 -7.8087E+04
0000788   1.3029E+05  6.8911E+04  3.2212E+04
0000789   1.7325E+05 -9.2756E+04  8.0272E+04
0000790   2.2830E+05  3.6255E+04  1.2299E+05
0000791   7.9370E+04  2.7681E+04  1.2688E+05
0000792   1.4851E+05  3.9739E+04 -4.0242E+04
0000793   1.8822E+05  6.5700E+03  6.5221E+04
0000794   2.8773E+04  5.0969E+04 -1.8529E+03
0000795   1.5681E+05  4.7866E+04  5.1978E+04
0000796   3.2993E+05 -1.1715E+04 -3.4645E+04
0000797   2.0034E+05  6.3847E+04 -8.4511E+04
0000798   1.7826E+05 -6.5023E+04 -9.4718E+04
0000799   1.3870E+05 -5.0032E+04  6.8585E+04
0000800   7.2495E+04  9.0758E+04  4.2072E+04
0000801   1.3541E+05 -2.8860E+04  1.2037E+05
0000802   2.4102E+04 -4.9389E+03 -1.4623E+03
0000803   2.1896E+05  1.7354E+05 -1.2794E+05
0000804   2.0762E+05  6.5247E+04 -1.1914E+04
0000805   1.1183E+05  1.3169E+05  4.9096E+04
0000806   2.8182E+05 -1.7223E+05  1.3497E+05
0000807   1.1501E+04  1.8455E+04 -2.9269E+04
0000808   2.7173E+05  5.2187E+04  9.1825E+04
0000809   1.5600E+05  3.2114E+04 -7.5548E+04
0000810   1.5234E+05  3.2412E+04 -9.3767E+04
0000811   1.2392E+05  8.9052E+04 -6.3016E+03
0000812   2.0345E+05  2.3376E+03 -3.1270E+04
0000813   2.4403E+05  1.3530E+04 -1.1348E+05
0000814   9.5257E+04 -3.5253E+04  3.5330E+04
0000815   1.3203E+05 -2.1851E+05 -1.7211E+05
0000816   2.4966E+05 -4.1643E+03 -1.6679E+04
0000817   3.8061E+04  7.1362E+04  1.5935E+04
0000818   4.5581E+04 -1.8254E+04 -2.1828E+03
0000819   9.1631E+04 -1.9673E+04  8.3511E+03
0000820   1.6704E+05 -1.5331E+04  1.3424E+04
0000821   1.2151E+05  3.2092E+04  2.7615E+04
0000822   1.7925E+05 -2.3558E+04 -3.0778E+04
0000823   1.2927E+05  1.3446E+04  2.5265E+04
0000824   2.4552E+05  9.7482E+04  4.1430E+04
0000825   8.5853E+04  1.8646E+04  1.0707E+05
0000826   1.0495E+05 -8.6358E+04 -4.3520E+04
0000827   8.0605E+04 -3.2779E+04 -4.2456E+04
0000828   1.6845E+05  4.9091E+04 -1.2753E+05
0000829   3.0226E+05  1.3931E+05  1.5395E+05
0000830   1.7465E+05 -4.0855E+04 -6.3272E+04
0000831   9.0613E+04 -2.1017E+04 -1.1372E+05
0000832   2.2243E+05  4.1352E+04  3.9851E+04
0000833   2.3405E+05 -5.3632E+04 -9.7802E+03
0000834   1.0186E+05  4.7756E+04  1.3189E+05
0000835   1.8670E+05 -6.6316E+02 -4.7860E+04
0000836   1.1719E+05  6.2440E+04 -3.2042E+04
0000837   1.3679E+05 -5.2916E+04 -1.3244E+05
0000838   1.0934E+05  3.7414E+04 -8.7665E+04
0000839   9.1676E+04  1.8305E+05 -8.7805E+04
0000840   1.9172E+05  5.3098E+04  3.4383E+04
0000841   1.6810E+05 -5.4830E+04  7.2923E+04
0000842   2.3118E+05 -1.5078E+04  1.1842E+05
0000843   1.8610E+05 -5.5955E+04 -1.4484E+05
0000844   1.3649E+05  5.7746E+04 -7.7967E+04
0000845   1.0069E+05 -5.1869E+03 -2.2162E+04
0000846   3.2566E+05  8.7370E+04  4.0930E+04
0000847   1.5683E+05  3.6149E+04  2.4758E+04
0000848   1.5992E+05 -7.2598E+03  1.1362E+04
0000849   2.2567E+05  5.4015E+04  1.0412E+04
0000850   2.2186E+05  1.7385E+05 -2.4098E+04
0000851   1.6450E+05 -7.0824E+04 -1.1141E+05
0000852   2.6779E+05  4.8855E+04  2.9050E+04
0000853   2.2705E+05  6.6030E+04 -7.7504E+04
0000854   3.2754E+05 -2.5681E+04 -8.4117E+04
0000855   2.8264E+05  1.7297E+05  1.0505E+05
0000856   1.3325E+05 -2.6235E+04 -6.0738E+03
0000857   2.2802E+05 -7.2089E+04 -2.1275E+04
0000858   2.4116E+05  6.4154E+04  5.6492E+04
0000860   2.6692E+05 -3.2364E+04  1.1930E+05
0000861   2.0967E+05  7.8676E+04 -1.0631E+05
0000862   1.8798E+04  6.8400E+04  8.8998E+04
0000863   8.4104E+04 -4.1325E+04  4.4763E+04
0000864   2.8803E+05  2.5458E+04  3.6584E+04
0000865   7.0487E+04  3.8169E+04 -9.6674E+04
0000866   4.8326E+04  2.7194E+04  2.8012E+04
0000867   3.0391E+05 -6.7855E+03 -4.6739E+04
0000868   3.5435E+05 -1.6727E+04 -5.2343E+04
0000869   1.2596E+05 -1.7812E+04  3.7088E+04
0000870   1.9372E+05 -4.4809E+04 -2.4354E+03
0000871   3.2559E+05  4.7669E+04 -3.8336E+04
0000872   3.0133E+05  1.4086E+04 -1.4595E+04
0000873   7.3097E+04 -3.9906E+04  1.7548E+04
0000874   3.2542E+05 -6.9432E+04 -4.1703E+04
0000875   2.4850E+05 -5.3733E+04 -5.8063E+04
0000876   1.8332E+05  1.2688E+04  8.1967E+04
0000877   1.9962E+05 -8.0366E+03  9.3909E+04
0000878   1.6459E+05 -7.3269E+04  4.9384E+04
0000879   1.9567E+05  2.1734E+04  1.0241E+05
0000880   2.5494E+05 -1.4886E+05 -4.0287E+04
0000881   7.7147E+04  6.2463E+04  1.4866E+04
0000882   8.0592E+04 -2.6100E+04  8.7954E+04
0000883   1.4776E+05  3.8247E+04 -5.8312E+04
0000884   1.6592E+05 -4.0905E+04 -3.9958E+04
0000885   1.5976E+05  6.7754E+04 -1.7269E+04
0000886   1.6163E+05  6.6778E+04 -2.2819E+04
0000887   2.8578E+05  2.8538E+04 -7.1446E+04
0000888   1.7555E+05  1.7202E+04  6.3094E+04
0000889   2.2970E+05 -6.6420E+03 -1.1059E+05
0000890   2.7929E+05  3.7005E+04  7.4985E+04
0000891   2.1089E+05 -8.8569E+04 -6.4342E+04
0000892   8.4275E+04  2.6246E+04  5.6886E+04
0000893   2.2012E+05 -1.6972E+04 -1.8363E+05
0000894   7.6803E+04  2.6177E+04 -6.2007E+04
0000895   1.4329E+05  5.3095E+04  7.0055E+04
0000896   8.6735E+04 -3.3965E+04  2.5776E+04
0000897   5.2826E+04  2.2947E+02  3.6365E+03
0000898   1.7364E+05 -7.2776E+04 -5.7490E+04
0000899   1.1835E+05  4.7481E+04  3.3645E+04
0000900   3.8407E+04  1.5345E+04 -1.2423E+04
0000901   1.1534E+05 -2.0544E+02  4.9071E+04
0000902   9.3114E+04  7.5781E+04 -3.8196E+03
0000903   2.2827E+05 -1.2331E+04 -2.4739E+04
0000904   3.4240E+05  3.5967E+04 -9.4567E+04
0000905   3.3739E+05  1.1912E+04  5.7330E+04
0000906   1.1202E+05  2.2333E+05 -1.0940E+05
0000907   1.7609E+05  7.6506E+04 -1.5127E+04
0000908   9.2927E+04  6.7753E+03  3.3337E+04
0000909   1.8784E+05 -1.7960E+04  5.5256E+04
0000910   1.0140E+05  5.2560E+02 -1.6016E+04
0000911   1.6299E+05  7.1657E+03 -4.7496E+04
0000912   1.2632E+05  7.6656E+03 -6.2470E+04
0000913   1.1518E+05  5.2217E+04 -6.7085E+03
0000914   1.0335E+05 -3.6354E+03  6.6809E+04
0000915   2.0691E+05  1.4988E+04  1.6023E+05
0000916   5.2816E+04  5.5927E+04  7.9310E+04
0000917   2.1446E+05 -6.2243E+03 -5.8596E+04
0000918   1.7394E+05 -1.3742E+05  8.7163E+04
0000919   1.9499E+05 -1.0195E+05  1.1467E+05
0000920   1.2428E+05  5.0879E+03 -1.7886E+04
0000921   1.5369E+04 -1.1532E+05 -6.4370E+04
0000922   2.1705E+05 -2.5738E+03 -5.7381E+04
0000923   1.5380E+05  6.9847E+04 -1.8349E+05
0000924   2.1164E+05  6.1634E+04 -7.1746E+04
0000925   2.2322E+05 -6.4126E+04  1.3720E+05
0000926   8.8577E+04  1.8740E+04  6.1866E+03
0000927   2.9152E+05  2.5234E+04  1.4958E+04
0000928   1.6234E+05 -9.2467E+02  7.2793E+04
0000929   7.1321E+04 -4.3251E+04  7.5897E+03
0000930   1.6753E+05 -7.8152E+04 -1.4008E+04
0000931   1.0958E+05  3.2497E+04 -3.2177E+04
0000932   1.6206E+05 -4.6095E+04  1.1263E+05
0000933   4.3632E+04  1.6406E+04  1.1988E+04
0000934   2.2818E+05 -6.8271E+03 -1.8054E+04
0000935   1.2596E+05  3.6931E+04  7.8102E+04
0000936   1.6063E+05  5.5100E+03 -1.7603E+04
0000937   3.1176E+05  1.4187E+05  8.3082E+04
0000938   1.0237E+05  6.5101E+04  2.9093E+04
0000939   1.9898E+05  1.0697E+05  2.4147E+04
0000940   1.1285E+05  5.5098E+03 -1.3562E+05
0000941   1.7844E+05  3.7946E+04 -2.2528E+04
0000942   2.5886E+05 -7.5864E+04 -6.3329E+04
0000943   3.6448E+05  1.1683E+04 -1.1019E+05
0000944   2.6056E+05 -3.5093E+03  5.5746E+04
0000945   2.1377E+05 -1.5203E+05 -3.8188E+04
0000946   1.6057E+05 -1.0122E+05  6.8962E+04
0000947   9.7929E+04 -7.1404E+04 -3.9835E+04
0000948   2.0906E+05 -3.3517E+04  9.5530E+03
0000949   1.3411E+05 -1.9532E+05 -4.3695E+04
0000950   2.0202E+05  4.9346E+03 -7.6492E+04
0000951   3.0803E+05  1.3399E+05 -1.3113E+05
0000952   1.9107E+05 -2.9443E+03 -4.7562E+04
0000953   8.9102E+04  9.9299E+04  5.2611E+04
0000954   2.5430E+05  4.0732E+04 -1.1188E+05
0000955   9.4274E+04 -3.8936E+04 -9.8848E+04
0000956   1.3734E+05 -2.9396E+04  2.0460E+04
0000957   2.1646E+05 -8.0097E+04  1.7658E+04
0000958   1.5476E+05 -3.3373E+04  8.7215E+04
0000959   1.7831E+05 -1.7969E+03  2.3994E+04
0000960   1.2011E+05  1.2715E+04 -7.9146E+03
0000961   1.1716E+05  2.6095E+04 -1.0065E+03
0000962   1.5457E+05  1.0992E+04  1.2146E+04
0000963   1.6472E+05  2.9639E+04 -9.3384E+04
0000964   8.5501E+04  4.8746E+04 -2.5440E+04
0000965   1.6666E+05 -8.2764E+04  4.5871E+04
0000966   4.7857E+04 -3.7991E+04  7.4363E+04
0000967   1.0495E+05 -2.4952E+04  6.7285E+04
0000968   2.7609E+05 -7.7634E+04 -8.7029E+04
0000969   1.0015E+05  7.4417E+04  8.1406E+03
0000970   9.6717E+04  7.1853E+04  9.1935E+04
0000971   1.2773E+05 -1.3210E+04  4.7614E+04
0000972   2.2816E+05  1.0145E+04 -7.6626E+04
0000973   1.1454E+05 -7.9563E+03 -9.2773E+04
0000974   2.6692E+05  7.1121E+04  5.3084E+04
0000975   1.8786E+05  4.3777E+04  1.3613E+04
0000976   2.8791E+05 -6.6383E+04  1.2622E+05
0000977   2.0516E+05  1.1719E+05  2.9692E+04
0000978   7.2462E+04  5.4341E+03  1.5279E+04
0000979   2.5179E+05  3.5229E+04  1.4582E+04
0000980   2.2109E+05 -5.9173E+04 -1.4298E+05
0000981   3.1622E+05  5.7809E+04  1.6712E+04
0000982   1.6330E+05 -2.3144E+04  6.7771E+04
0000983   9.6021E+04 -1.4807E+04 -2.3358E+04
0000984   2.9740E+05  8.2432E+04 -2.1797E+04
0000985   2.8701E+04 -3.0974E+04 -2.1350E+04
0000986   2.9808E+05 -1.1222E+05  4.4236E+04
0000987   1.5038E+05 -5.3046E+04 -1.0371E+05
0000988   8.3106E+04 -4.5613E+04  1.8458E+03
0000989   1.7205E+05  7.0427E+04  1.1373E+05
0000990   2.9370E+05 -1.2452E+04 -1.3651E+05
0000991   1.4627E+05 -1.6284E+04  8.4970E+04
0000992   1.6586E+05  4.0956E+03  6.0169E+04
0000993   1.3989E+05  1.5118E+05  3.9614E+04
0000994   1.9599E+05  1.7198E+04  1.1344E+05
0000995   2.2221E+05  4.7864E+04  9.2827E+04
0000996   7.3159E+04  7.8891E+03  2.5302E+04
0000997   2.5636E+05  2.3562E+04  4.1447E+04
0000998   2.7842E+05  1.2303E+04 -3.0115E+04
0000999   2.7787E+04 -1.9949E+03 -1.2827E+04
0001000   6.7818E+04 -7.3124E+02  6.1315E+04
