============================== SRIM-2013.00 ==============================
==============================================================================
====== SRIM Outputs\RANGE_3D.txt : File of Final Ion Positions =====

Ion = Ar (18)   Ion Mass= 039.9620
Energy  = 4498433.E-05 keV
Ion Angle to Surface = 00.0 degrees
==================== TARGET =======================
  Layer # 1 - Layer 1
  Layer # 1 - Bottom Depth=500000.E+02 A
  Layer # 1 - Density =0000.0089 g/cm3
  Layer # 1 -  100 % of Ar
様様様様様様様様様様様様様様様様様様様様様様様様様様
                                            
Ion       Depth  X   Lateral Y   Lateral Z  
Number    (Angstrom) (Angstrom)  (Angstrom) 
-------  ----------- ----------- -----------
0000001   1.8439E+05 -3.5558E+04  1.2779E+05
0000002   3.0548E+05  4.5384E+04 -4.5293E+04
0000003   1.7240E+05  1.6839E+04 -1.5903E+05
0000004   2.3670E+05 -6.5274E+04  1.0609E+05
0000005   1.3811E+05 -5.1614E+04 -2.3483E+04
0000006   2.4479E+05  4.2326E+04  8.4600E+04
0000007   2.1710E+05 -6.2925E+04  6.2169E+04
0000008   2.1017E+05  4.2903E+04 -9.7472E+04
0000009   2.9560E+05 -8.3347E+03 -1.7551E+04
0000010   1.7425E+05  1.4441E+04 -2.5070E+04
0000011   1.2708E+05 -2.2739E+04 -2.5920E+04
0000012   2.5775E+05  6.7049E+04 -5.2664E+04
0000013   3.0797E+05 -2.3401E+04 -1.3752E+05
0000014   1.7738E+05  7.8418E+03  4.1688E+04
0000015   1.1757E+05  8.2772E+04  5.7162E+04
0000016   1.9567E+05  6.3486E+04 -1.5376E+04
0000017   1.1156E+05  9.0440E+04 -3.2214E+04
0000018   2.1620E+05  3.7560E+03 -1.9199E+04
0000019   1.8134E+05  5.6293E+04  1.1855E+05
0000020   1.0938E+05  2.4330E+04 -5.0576E+04
0000021   3.9286E+05 -1.3717E+04 -1.4621E+05
0000022   2.5888E+05 -2.1898E+04  8.0580E+04
0000023   1.2788E+05  5.3652E+04  1.0585E+04
0000024   2.1040E+05  5.4331E+04  9.5019E+03
0000025   8.6657E+04  8.1425E+04  1.6493E+04
0000026   1.4237E+05 -4.3099E+04 -5.2228E+04
0000027   6.6810E+04 -4.1011E+04 -7.3417E+03
0000028   2.2203E+05  7.6142E+03 -1.1915E+05
0000029   2.6421E+05 -7.6022E+04 -8.3022E+04
0000030   9.3497E+04  2.6394E+04 -1.6754E+04
0000031   1.6873E+04  1.0878E+04 -6.1386E+03
0000032   3.2663E+05 -9.2626E+04  1.6535E+05
0000033   1.1618E+05  1.0360E+05 -1.6596E+03
0000034   2.6470E+05  3.3907E+04 -7.5846E+04
0000035   1.4920E+05  3.4372E+04 -5.2434E+04
0000036   2.0211E+05  1.4208E+05 -3.6708E+04
0000037   2.1832E+05  1.4477E+05  8.4286E+04
0000038   2.1764E+05  7.9861E+04 -8.4124E+03
0000039   1.0696E+05 -1.4876E+04 -4.9659E+04
0000040   1.3968E+05 -4.0162E+04 -4.8714E+04
0000041   2.3736E+05 -6.3320E+04  8.5135E+04
0000042   1.2997E+05  9.0113E+04 -1.2133E+05
0000043   1.9515E+05 -9.5329E+04 -2.5792E+04
0000044   1.9261E+05  6.4017E+03 -3.8710E+04
0000045   2.1253E+04  1.4860E+04 -3.1630E+04
0000046   2.3268E+05  6.3287E+04 -1.0234E+05
0000047   1.3728E+05 -2.9387E+04  9.3694E+03
0000048   1.1427E+05 -8.9652E+04  1.1284E+05
0000049   1.3069E+05  3.7762E+04 -3.1376E+04
0000050   9.3261E+04  1.0283E+05 -9.2049E+04
0000051   2.3922E+05 -2.9896E+04 -1.2068E+05
0000052   1.6268E+05  4.2230E+04 -2.6051E+04
0000053   3.2411E+05  1.7759E+05  1.0402E+04
0000054   2.8518E+05  3.0050E+03  1.9936E+05
0000055   2.0504E+05  3.4074E+04 -1.1623E+04
0000056   1.9091E+05 -5.4535E+04 -5.8909E+04
0000057   1.4292E+05 -7.5495E+04 -2.6614E+04
0000058   3.0780E+05  1.1924E+05  8.6981E+04
0000059   2.2076E+05  1.2494E+05  6.5972E+04
0000060   2.7770E+05 -8.4987E+04 -3.5825E+04
0000061   3.6439E+05  6.4342E+04  5.4369E+03
0000062   1.6778E+05  5.9117E+04 -1.7598E+05
0000063   7.5082E+04 -1.6371E+04 -2.2703E+04
0000064   3.9559E+05 -1.9885E+04  4.7642E+04
0000065   2.3605E+05  1.3029E+05 -6.9327E+04
0000066   1.2315E+05  2.3555E+04  5.9920E+03
0000067   1.9968E+05  9.4282E+04  1.3483E+04
0000068   2.4360E+05  2.2660E+04  6.3485E+04
0000069   1.5065E+05  8.8108E+04  4.1526E+04
0000070   1.6887E+05 -6.2535E+03 -6.1379E+04
0000071   1.7732E+05  1.3292E+05  3.5858E+04
0000072   2.3277E+05 -8.8630E+04 -4.7463E+04
0000073   2.5977E+05 -1.4188E+05  5.9985E+04
0000074   2.0514E+05  3.0105E+04  5.7064E+04
0000075   1.0422E+05  5.0963E+04  1.7480E+04
0000077   1.7014E+05 -1.0842E+04 -7.3903E+04
0000078   2.0304E+05  6.1138E+04  8.2259E+04
0000079   2.5304E+05 -2.1952E+04 -2.4498E+04
0000080   7.9088E+04  5.5529E+04 -4.9633E+04
0000081   7.5796E+04  1.4091E+03  3.1630E+04
0000082   1.6088E+05 -4.6155E+04 -1.4366E+04
0000083   1.7184E+05 -3.5132E+04  2.7089E+04
0000084   2.2644E+05 -1.2792E+05 -9.1229E+04
0000085   5.6809E+04  8.5596E+04  9.0696E+04
0000086   2.1993E+05  3.0698E+04 -1.7340E+04
0000087   2.6568E+05  3.1181E+04  8.0418E+04
0000088   2.2871E+05 -9.5180E+04  8.3961E+04
0000089   2.2269E+05 -1.1646E+04  3.7241E+04
0000090   1.2127E+05  8.3139E+04 -4.3625E+04
0000091   1.1120E+05  6.2257E+04  9.2464E+04
0000092   1.7393E+05 -4.1139E+04 -1.8101E+04
0000093   2.1271E+05 -6.1198E+04  1.2789E+05
0000094   1.7010E+05  9.6112E+04 -1.0031E+05
0000095   2.1705E+05 -5.7539E+04  3.0543E+03
0000096   1.2871E+05  1.6554E+03  1.4972E+04
0000097   1.9481E+05  7.6036E+04 -3.6616E+04
0000098   1.4916E+05 -1.6283E+05 -9.2394E+04
0000099   5.9751E+04 -2.5433E+04  4.2860E+04
0000100   9.2316E+04 -2.7701E+04  3.6574E+04
0000101   3.0825E+05  1.5597E+05 -5.5120E+04
0000102   9.7202E+04 -4.3057E+03 -5.5758E+04
0000103   2.4114E+05 -8.2329E+04  1.1120E+05
0000104   2.1128E+05 -3.0096E+04 -7.7318E+04
0000105   4.9930E+04  1.4563E+05 -3.1862E+04
0000106   1.9496E+05  1.2041E+05  6.3366E+03
0000107   8.8625E+04  1.9874E+04 -4.7578E+03
0000108   2.0455E+05 -1.0188E+04  8.5036E+04
0000109   5.9079E+04  6.6578E+04 -8.9101E+04
0000110   1.0778E+05 -2.0702E+04 -3.3542E+04
0000111   3.3722E+05  2.0055E+04 -6.6193E+04
0000112   9.4738E+04  3.9632E+02 -9.3711E+04
0000113   2.8019E+05  4.6440E+04 -5.9761E+04
0000114   1.0560E+05 -4.4258E+04 -2.5024E+02
0000115   1.1706E+05 -3.7402E+04 -1.8301E+04
0000116   2.6705E+05  1.2096E+05 -2.9564E+04
0000117   1.1591E+05  4.9574E+04  1.1624E+05
0000118   1.5767E+05  9.7820E+03  1.1196E+05
0000119   2.1535E+05  6.7776E+04  8.0204E+04
0000120   1.0608E+05 -7.1206E+04 -2.2928E+03
0000121   3.3782E+05 -3.8452E+04  5.5469E+04
0000122   6.5084E+04 -3.3619E+04  1.0390E+04
0000123   3.2647E+05 -7.0680E+04 -1.9871E+04
0000124   4.2755E+04 -5.4567E+04  4.9466E+04
0000125   1.5655E+05  4.8748E+04 -1.2819E+03
0000126   2.2840E+05  5.0907E+04 -1.0161E+05
0000127   3.4459E+05  1.0029E+03  1.8134E+04
0000128   7.6900E+04  5.3990E+04  4.0902E+04
0000129   3.2762E+05  1.1589E+05  1.8560E+03
0000130   6.9927E+04  3.2153E+03  4.3734E+04
0000131   2.7370E+05  6.0967E+04  2.8320E+04
0000132   9.0363E+04 -1.6303E+04 -1.0084E+05
0000133   2.1791E+05  2.2131E+04 -4.7657E+04
0000134   2.7109E+05 -8.4525E+04  8.3605E+04
0000135   1.2141E+05  2.4374E+04  5.5674E+03
0000136   3.3040E+05 -7.6297E+04 -4.3638E+03
0000137   1.6240E+05 -1.4473E+04 -7.6738E+04
0000138   3.3271E+04  1.5765E+04 -3.4472E+04
0000139   2.0045E+05 -2.6838E+04  1.0836E+03
0000140   8.9313E+04  6.4729E+04  1.0256E+05
0000141   1.6725E+05 -1.2102E+05 -4.2732E+04
0000142   1.2475E+05  2.4935E+04 -9.1276E+04
0000143   2.3581E+05  3.7336E+04 -1.8479E+04
0000144   1.6406E+05 -3.6749E+04  8.9180E+04
0000145   1.9280E+05  5.8485E+04 -4.0933E+04
0000146   2.4171E+05  2.0331E+05  1.0319E+05
0000147   2.0488E+05  4.1147E+04 -1.3809E+05
0000148   1.8817E+05 -1.2874E+05 -1.3018E+05
0000149   2.5835E+05  3.8291E+04  1.0727E+05
0000150   2.2172E+05 -3.1875E+04  3.1751E+04
0000151   9.5234E+04 -5.2756E+04  8.8368E+04
0000152   2.1139E+05 -6.2661E+04 -1.1823E+04
0000153   9.5836E+04  3.8411E+04 -3.6422E+04
0000154   2.9485E+05 -3.7742E+04 -3.9066E+04
0000155   6.8896E+04 -1.3161E+05  1.9030E+05
0000156   1.2802E+05 -1.1083E+04  3.1609E+04
0000157   2.3589E+05 -4.6482E+04 -6.8627E+04
0000158   1.0588E+05 -2.4937E+04  5.6828E+04
0000159   1.4163E+05  6.2495E+04  1.5450E+05
0000160   6.1042E+04  1.2045E+05 -1.1989E+03
0000161   2.0464E+05  4.8166E+04 -2.0127E+05
0000162   1.3172E+05  7.2886E+04  6.4148E+04
0000163   3.1128E+05  6.1467E+04 -9.9131E+04
0000164   2.0515E+05 -3.8306E+04  2.4734E+04
0000165   3.4131E+05 -5.5787E+04  3.1437E+04
0000166   1.5462E+05 -8.8084E+03 -3.0592E+04
0000167   2.7721E+05  5.8612E+02  1.5722E+04
0000168   2.5714E+05  4.4013E+03  9.6449E+03
0000169   1.5864E+05  1.8799E+04 -6.5033E+04
0000170   3.1372E+05  5.9063E+02  2.5054E+03
0000171   2.7264E+05 -9.8602E+04 -9.9175E+04
0000172   2.2200E+05 -1.3492E+04  1.4205E+04
0000173   1.0940E+05  2.6550E+04 -1.4901E+04
0000174   2.7186E+05  1.8995E+04 -6.3887E+04
0000175   1.4257E+05 -2.4078E+03 -1.3466E+04
0000176   1.9453E+05  8.0421E+04 -5.4079E+03
0000177   2.6487E+05  4.1759E+04  1.3425E+05
0000178   2.4630E+05 -6.0020E+03  2.2375E+04
0000179   1.5121E+05  3.3073E+04 -4.2530E+03
0000180   2.9312E+05  2.6480E+03  2.6334E+04
0000181   1.6197E+05 -8.9278E+04  1.6918E+05
0000182   2.4325E+05 -7.0407E+04  1.2090E+05
0000183   6.3734E+04 -6.1937E+04  4.8413E+04
0000184   3.3836E+05 -5.4533E+04 -4.4447E+04
0000185   4.0404E+05  9.5007E+04 -1.0935E+05
0000186   1.7232E+05 -8.5430E+02  2.0432E+04
0000187   3.3176E+05  4.0695E+04  1.1253E+05
0000188   3.8049E+04  1.0814E+04  7.9105E+04
0000189   3.5390E+05 -3.2954E+04  1.1904E+05
0000190   1.0942E+05 -6.3417E+04  1.3589E+05
0000191   1.5555E+05  1.3765E+05 -6.7378E+04
0000192   1.9558E+05 -5.7780E+03  1.1288E+04
0000193   2.0613E+05  1.0729E+05  2.3919E+05
0000194   2.3649E+05  4.3950E+03 -2.3066E+04
0000195   2.1556E+05  2.7714E+04  3.4224E+04
0000196   1.6607E+05 -5.9647E+03  5.3947E+04
0000197   3.3422E+04  7.3880E+03 -3.6043E+03
0000198   1.1223E+05 -4.2253E+04  1.7387E+04
0000199   1.2449E+05  1.5682E+05 -8.9087E+04
0000200   1.1438E+05  1.7102E+04 -2.2387E+04
0000201   3.0570E+05 -1.3418E+05 -6.9527E+04
0000202   2.3846E+05 -3.5250E+04  8.1695E+04
0000203   1.8287E+05  1.0073E+05  3.4325E+04
0000204   2.2443E+05  5.9851E+04  4.5519E+04
0000205   2.6528E+05 -7.7521E+04  4.3297E+04
0000206   2.0332E+05  4.7142E+04 -3.9219E+04
0000207   1.9621E+05 -6.2503E+04  5.5356E+04
0000208   4.3331E+04 -6.9920E+03 -1.3992E+04
0000209   2.8260E+05  1.1363E+04  3.6855E+04
0000210   9.6383E+04 -2.7010E+02  5.3225E+04
0000211   2.7488E+05  6.5651E+04  8.0849E+03
0000212   2.5335E+05 -3.5728E+04  3.1866E+03
0000213   8.0878E+04 -2.4589E+04  3.7688E+04
0000214   2.0460E+05  3.8001E+04 -7.3410E+04
0000215   1.2326E+05  6.0111E+04  1.3782E+04
0000216   2.8032E+05  7.0279E+04  2.3928E+04
0000217   1.5093E+05 -1.0945E+05 -4.0967E+04
0000218   1.9884E+05  3.9618E+04  2.2892E+04
0000219   2.2906E+05  8.7366E+04 -3.1874E+04
0000220   1.8488E+05  1.7638E+04  3.7674E+04
0000221   1.2412E+05  3.9851E+03  4.9636E+04
0000222   1.4238E+05  6.3193E+04 -9.1521E+04
0000223   2.9990E+05 -9.2532E+03  5.0347E+04
0000224   2.2866E+05  2.0909E+05 -2.5389E+01
0000225   3.1585E+05  9.5151E+04  1.8769E+04
0000226   9.9264E+04 -4.7528E+04 -3.4658E+03
0000227   1.7933E+05 -4.0101E+04  2.5712E+03
0000228   2.2069E+05 -9.8082E+04 -1.9626E+04
0000229   2.6938E+04 -1.3754E+04 -2.9335E+04
0000230   1.6169E+05 -3.1829E+04 -7.4318E+03
0000231   1.2157E+05 -2.0620E+01  1.0604E+05
0000232   3.8367E+05 -1.0324E+05  8.8119E+03
0000233   8.3835E+04 -8.4349E+04 -9.3696E+04
0000234   1.9889E+05  1.3919E+05  5.1043E+04
0000235   8.1015E+04  4.8342E+04 -1.7982E+03
0000236   1.4601E+05 -4.3545E+04 -2.0620E+04
0000237   3.5654E+05 -7.6795E+04  3.4467E+03
0000238   1.0078E+05  5.1350E+04  2.1267E+04
0000239   4.5293E+04  2.0175E+04 -2.8159E+04
0000240   1.6494E+05  1.8473E+04  3.3092E+04
0000241   1.6191E+05 -5.8403E+04 -3.9984E+03
0000242   2.6901E+05 -2.5380E+03  2.6640E+04
0000243   5.7415E+03  9.2459E+04 -2.9851E+04
0000244   1.5485E+05 -9.2422E+03  3.8248E+04
0000245   3.7392E+04  1.0613E+05  2.0925E+04
0000246   2.8412E+05 -4.1150E+03 -9.9549E+04
0000247   2.7036E+05 -3.8432E+04 -1.6359E+04
0000248   2.4366E+05 -2.4050E+04  7.0381E+04
0000249   1.3969E+05 -1.0049E+04 -2.5154E+04
0000250   1.7194E+05 -1.3495E+03 -6.7128E+04
0000251   3.7919E+04 -1.9819E+04 -8.3247E+03
0000252   1.3013E+05 -3.9502E+04  2.1093E+04
0000253   1.8819E+05 -4.0313E+04 -8.0016E+04
0000254   2.2265E+05 -7.8665E+03 -9.4325E+04
0000255   2.4992E+05 -5.8498E+04 -1.2117E+05
0000256   1.6093E+05  1.6097E+04  2.0207E+04
0000257   1.8456E+05  2.9095E+03  5.7012E+04
0000258   5.7096E+04 -2.0470E+04  2.9060E+04
0000259   1.4712E+05  3.0011E+04 -8.6433E+03
0000260   2.5486E+05  8.9200E+04 -1.2331E+05
0000261   7.8968E+04  1.5298E+04  1.0065E+05
0000262   3.0856E+05 -6.6050E+03  8.1598E+03
0000263   2.1838E+05 -1.0630E+05 -6.0451E+03
0000264   4.3583E+04 -2.6937E+04 -6.0259E+04
0000265   3.5449E+05  5.4601E+04  6.2796E+04
0000266   2.3795E+05  3.6584E+04 -1.5338E+04
0000267   1.7616E+05  9.3677E+04  2.7608E+04
0000268   1.6335E+05  3.8242E+04  5.1960E+04
0000269   1.1496E+05 -4.9899E+04  6.6675E+04
0000270   2.0011E+05  7.9125E+04 -1.0469E+04
0000271   2.8574E+05  3.3783E+03  6.9622E+04
0000272   7.0050E+04  7.1309E+03 -7.3203E+03
0000273   8.6278E+04  5.3386E+02  3.7909E+03
0000274   2.0901E+05 -5.7330E+02 -6.4156E+04
0000275   7.9065E+04 -1.8593E+04 -4.2390E+04
0000276   2.7540E+05 -5.1929E+04  1.7924E+05
0000277   1.7520E+05 -7.7975E+04  6.5460E+04
0000278   4.7034E+04 -1.2162E+04 -1.6084E+05
0000279   2.6461E+05 -4.8242E+04 -3.3140E+04
0000280   1.8387E+05  5.7427E+04  4.0827E+04
0000281   2.1844E+05  8.3542E+03  1.2640E+05
0000282   1.7531E+05 -5.6384E+04  7.4697E+04
0000283   1.7254E+05  1.2485E+04 -6.1400E+02
0000284   2.6258E+05  1.5757E+04  2.2241E+04
0000285   6.4259E+04 -4.3743E+04 -1.1008E+04
0000286   7.8828E+04 -3.3628E+04  3.4949E+04
0000287   3.2995E+05 -7.6073E+04 -6.0449E+04
0000288   2.8093E+05  6.2140E+04 -1.3962E+04
0000289   7.3167E+03 -4.9225E+04 -1.2309E+05
0000290   1.2744E+05  2.5018E+04 -3.0148E+04
0000291   1.0094E+05  3.0975E+04 -2.6531E+04
0000292   1.2913E+05  2.3165E+04 -5.4043E+04
0000293   1.3965E+05  1.3835E+05  2.4286E+04
0000294   3.0161E+05  2.1791E+03 -4.9668E+03
0000295   2.3900E+05  8.9763E+04  1.8659E+05
0000296   1.1122E+05 -4.1067E+04  6.1483E+04
0000297   1.4987E+05 -1.3315E+05  1.1962E+05
0000298   2.5107E+05 -5.1756E+04 -1.0155E+05
0000299   2.5658E+05  7.1533E+04 -5.9993E+04
0000300   1.9156E+05 -2.3883E+04  1.9687E+05
0000301   2.0011E+05  3.7356E+03  7.4063E+04
0000302   2.7123E+05  5.4660E+04  7.6374E+04
0000303   2.0603E+05  1.1830E+05  3.5827E+04
0000304   2.7919E+05 -7.3920E+04  6.4968E+04
0000305   1.5039E+05 -1.6952E+04 -1.3181E+05
0000306   1.8571E+05  9.4224E+04 -8.9683E+04
0000307   2.7620E+05 -3.4458E+04 -6.1028E+04
0000308   3.3626E+05 -6.0863E+04  2.3663E+04
0000309   1.2717E+05  4.7677E+04  1.2128E+05
0000310   4.3086E+05  1.6117E+05 -7.7640E+04
0000311   3.7360E+04 -1.6350E+03  4.9196E+04
0000312   1.0298E+05 -1.7909E+05 -2.4072E+04
0000313   3.6318E+05  1.7129E+04  6.0409E+03
0000314   1.7745E+05  4.3693E+04  9.7066E+04
0000315   1.6765E+05  1.8724E+05  4.8544E+04
0000316   1.0907E+05 -3.9472E+04 -2.0671E+04
0000317   4.9072E+04 -2.2857E+04 -1.9948E+04
0000318   5.0446E+04 -5.1681E+04 -1.1683E+04
0000319   2.7480E+05 -8.0601E+03  1.4858E+03
0000320   1.4194E+05 -1.4455E+05  1.7896E+05
0000321   1.2882E+05 -3.3857E+04 -4.4423E+04
0000322   3.5452E+05 -1.6409E+04  4.5446E+04
0000323   1.2557E+05 -1.4697E+03  7.6892E+04
0000324   1.4529E+05  2.2273E+04 -2.0176E+04
0000325   1.1093E+05  8.8621E+04 -5.6570E+04
0000326   1.8946E+05 -5.5374E+04 -1.4635E+04
0000327   3.3593E+05 -2.9066E+04 -9.4758E+04
0000328   4.2688E+04 -3.2525E+04 -4.3782E+03
0000329   1.0460E+05 -7.1377E+04  9.7782E+03
0000330   1.7520E+05 -1.7972E+04 -9.7766E+04
0000331   2.4970E+05 -7.9116E+04  4.4569E+04
0000332   2.4018E+05 -7.6294E+04 -1.2687E+04
0000333   2.2962E+05  6.0557E+04 -5.7395E+04
0000334   2.4806E+05  7.7044E+04 -4.6267E+04
0000335   2.3807E+05 -7.8220E+04  7.3460E+04
0000336   2.3602E+05 -6.4692E+04 -7.4197E+04
0000337   1.9175E+05 -1.3479E+05 -6.8969E+04
0000338   1.9922E+05 -1.2632E+04 -4.5996E+04
0000339   1.3383E+05 -7.0709E+04 -2.6575E+04
0000340   1.6736E+05 -6.1905E+04  6.2478E+04
0000341   1.4675E+05 -1.5629E+05 -3.9043E+04
0000342   2.5621E+05  4.0932E+04  7.4623E+04
0000343   1.0732E+05  5.8406E+04 -3.4802E+04
0000344   2.8901E+05  4.5147E+04 -3.9133E+03
0000345   1.5404E+05  5.9885E+03  3.7555E+04
0000346   1.7861E+05 -2.1134E+04  3.5525E+03
0000347   2.1383E+05 -4.6986E+04 -7.9706E+04
0000348   3.0464E+05 -1.7710E+04  2.7862E+04
0000349   1.5039E+05 -2.7304E+04  4.8049E+04
0000350   2.4388E+05 -3.1355E+04 -8.7066E+04
0000351   2.2827E+05 -4.3136E+04  7.3423E+04
0000352   8.7761E+04 -2.9289E+04  9.3377E+04
0000353   8.6307E+04 -5.5020E+04  2.6493E+04
0000354   3.1116E+05 -3.3929E+04 -3.1052E+04
0000355   3.8968E+05  2.5674E+04  2.2492E+05
0000356   2.2118E+05  3.1800E+03 -5.0680E+04
0000357   4.9380E+05  3.4557E+04  8.0630E+04
0000358   1.5346E+05  5.2454E+04 -9.0904E+04
0000359   2.7218E+05 -6.0746E+04 -3.6339E+04
0000360   2.1198E+05  1.2886E+05  1.6761E+05
0000361   1.5588E+05 -3.3588E+04 -2.6969E+04
0000362   2.7418E+05 -8.7442E+04 -1.1839E+04
0000363   1.0500E+05  4.2595E+04  1.1237E+05
0000364   6.8100E+04 -9.9514E+03 -1.4141E+04
0000365   7.7264E+04  7.0569E+04  4.2947E+04
0000366   3.1622E+05 -2.1519E+04 -5.8820E+04
0000367   3.6065E+04 -2.7260E+04 -1.3876E+05
0000368   3.6133E+04 -1.2073E+05 -5.8793E+04
0000369   1.0406E+05  8.4044E+04  9.7396E+04
0000370   1.5685E+05  4.3677E+04  4.7713E+04
0000371   7.8479E+04 -1.1876E+04  8.1286E+04
0000372   2.3662E+05 -7.0663E+04 -9.1849E+04
0000373   1.5120E+05 -5.4984E+04 -7.8969E+04
0000374   2.2569E+05 -7.2017E+04 -8.9629E+03
0000375   3.1410E+04 -7.6934E+04 -6.4555E+04
0000376   2.1952E+05 -9.0112E+04  1.3404E+05
0000377   2.6905E+05 -7.2973E+04 -1.6761E+05
0000378   2.8128E+05 -5.7230E+04 -3.2533E+03
0000379   2.0439E+05  1.1797E+05  6.2669E+04
0000380   1.2511E+05 -2.4463E+04  1.6811E+04
0000381   2.7779E+05  1.2613E+04 -1.3750E+05
0000382   1.2205E+05  2.9465E+04  8.0039E+04
0000383   1.1795E+05  2.5823E+03 -6.9391E+04
0000384   1.7399E+05  1.5970E+05  2.5046E+04
0000385   1.3709E+05 -2.6043E+04 -2.0265E+04
0000386   2.9098E+05  3.6850E+04 -1.0141E+05
0000387   1.8013E+05  7.8345E+04  1.2483E+05
0000388   2.8441E+05  9.5180E+04 -1.3855E+05
0000389   7.5375E+04  2.2146E+04 -5.8115E+04
0000390   1.0643E+05  7.7484E+04 -9.2593E+03
0000391   1.7505E+05 -1.0025E+05  4.1497E+04
0000392   1.9373E+05 -3.1060E+04 -6.3081E+04
0000393   1.7621E+05 -1.8511E+04 -1.0735E+05
0000394   1.8180E+05 -5.4449E+04 -4.5605E+04
0000395   1.0526E+05 -1.8256E+05  1.2901E+05
0000396   1.8536E+05 -2.5752E+04 -1.1322E+05
0000397   3.4337E+05  1.0045E+05  1.2586E+05
0000398   5.9897E+04  4.8675E+04  4.8010E+04
0000399   1.0059E+05 -9.4330E+04  1.5715E+05
0000400   3.7934E+05  1.7804E+04  5.6865E+04
0000401   1.5611E+05 -1.2937E+05  2.1554E+04
0000402   9.3118E+04  1.1794E+04  1.1168E+05
0000403   4.2510E+05 -7.4552E+04 -1.2610E+05
0000404   3.0790E+05 -1.3006E+04 -1.3396E+05
0000405   1.8487E+05 -1.7057E+04 -3.6074E+04
0000406   2.5898E+05  4.4751E+04  8.4970E+04
0000407   2.8818E+05  9.7984E+04  9.5456E+03
0000408   1.9137E+05 -1.1875E+05 -3.6412E+03
0000409   1.0589E+05 -1.3623E+05 -6.7673E+03
0000410   9.6631E+04 -1.7102E+04 -4.1677E+04
0000411   2.3462E+05 -9.1823E+03  9.7201E+04
0000412   1.3567E+05 -6.4393E+04  3.6079E+04
0000413   3.1444E+05 -1.1953E+05 -1.1654E+04
0000414   4.0063E+04  2.8618E+04  6.2355E+04
0000415   3.2526E+04  6.2350E+04  9.2844E+03
0000416   2.9863E+05 -6.4600E+04 -5.2732E+04
0000417   1.0299E+05  1.2829E+04  4.0727E+03
0000418   1.3480E+05  6.4907E+04 -9.6845E+03
0000419   1.7066E+05  3.0826E+04 -5.2707E+04
0000420   7.5394E+04  4.5015E+04 -1.6662E+05
0000421   1.8021E+05 -5.9890E+04  3.3426E+04
0000422   6.7530E+04 -3.7874E+04  7.8663E+03
0000423   2.9890E+05 -7.2241E+04  1.3234E+05
0000424   1.8327E+05  6.8700E+02  7.6840E+03
0000425   2.4752E+05 -2.7007E+04 -7.2374E+04
0000426   2.9203E+05  1.3535E+05 -4.0615E+04
0000427   1.4784E+05  5.8921E+04  8.7522E+04
0000428   1.3014E+05 -2.6604E+04 -1.4152E+05
0000429   9.0585E+04 -3.9063E+03  1.3817E+04
0000430   1.8939E+05  3.1105E+04  7.7377E+04
0000431   2.0515E+05  8.8198E+04 -7.2413E+04
0000432   3.2564E+05 -8.1699E+04 -1.7994E+04
0000433   6.8708E+04 -6.9738E+03  7.1968E+04
0000434   3.2300E+05  6.3774E+03 -1.6737E+04
0000435   2.5829E+05  3.2448E+04  3.2842E+04
0000436   2.5675E+05  6.7135E+04  8.8320E+03
0000437   1.2403E+05 -8.5286E+04 -7.3405E+04
0000438   1.5167E+05 -5.4081E+04 -3.5779E+04
0000439   2.1786E+05  7.7657E+04 -2.0702E+04
0000440   2.2774E+05  2.9532E+04 -2.3815E+04
0000441   2.4040E+05 -4.5761E+03  3.0151E+04
0000442   1.8291E+05 -2.7642E+04 -6.1414E+04
0000443   2.9387E+05  1.2711E+04  5.3953E+04
0000444   2.4125E+05  5.0734E+03  4.1178E+04
0000445   1.0793E+05 -1.5812E+04  3.8734E+03
0000446   2.7415E+05  6.9361E+04  6.1013E+04
0000447   1.5869E+05 -1.0038E+05  2.4064E+04
0000448   2.4474E+05  7.3909E+04  6.4254E+03
0000449   2.4707E+05  6.0816E+04 -1.8197E+04
0000450   2.2368E+05 -2.1332E+04 -4.6560E+04
0000451   6.0545E+04 -6.2453E+04 -2.4582E+04
0000452   2.2244E+05 -1.6913E+05 -3.4934E+04
0000453   2.4685E+05  2.5328E+04  1.2506E+05
0000454   2.3131E+05 -3.8348E+03  1.2449E+04
0000455   1.5383E+03 -8.9570E+04  1.6610E+04
0000456   1.1683E+05 -2.9267E+04 -1.8284E+04
0000457   3.0368E+05  8.7004E+04 -5.0886E+03
0000458   3.7922E+05  1.1891E+05  2.3069E+05
0000459   1.2270E+05  1.5250E+04 -1.9381E+04
0000460   2.2267E+05  6.7959E+04 -1.0438E+05
0000461   1.0880E+05 -5.5579E+04 -2.6550E+04
0000462   1.5354E+05 -1.0521E+05 -7.1019E+04
0000463   1.3372E+05 -1.0408E+05 -7.4880E+04
0000464   1.6121E+04  1.3853E+04  1.0051E+04
0000465   2.2027E+05  9.7664E+04  5.8050E+04
0000466   2.2841E+05 -2.5155E+04 -2.2159E+04
0000467   2.2685E+05  2.6990E+05 -2.0324E+05
0000468   1.1709E+05 -8.4990E+04 -1.5250E+04
0000469   1.3743E+05  2.8092E+04  7.3140E+04
0000470   7.6036E+04  2.7109E+04 -1.5651E+04
0000471   2.2307E+05  2.9817E+04  2.5243E+04
0000472   2.5513E+05  7.0575E+04 -2.6618E+04
0000473   1.3647E+05  3.1055E+04 -2.2096E+04
0000474   2.9545E+05  7.8987E+04 -6.8394E+04
0000475   3.0083E+05  1.7412E+05  6.9410E+04
0000476   2.2854E+05  7.3235E+04 -1.3705E+04
0000477   1.6370E+05  7.5154E+04 -6.0935E+03
0000478   3.2726E+05  3.0202E+04  3.6327E+04
0000479   1.7670E+05  7.6606E+04  2.2272E+04
0000480   1.3740E+05  6.6892E+04 -6.8428E+04
0000481   2.5926E+05  5.7805E+04  5.8190E+04
0000482   1.5549E+05  3.6609E+03 -3.6947E+04
0000483   2.1526E+05  5.1112E+04 -1.3124E+05
0000484   1.2438E+05  7.1033E+04 -9.5469E+01
0000485   5.3207E+04 -5.2812E+04 -4.9371E+04
0000486   1.6182E+05 -3.2176E+04 -3.7938E+04
0000487   2.4103E+05 -2.5912E+04 -1.1526E+03
0000488   2.4851E+05 -3.3020E+04 -1.7692E+04
0000489   1.6486E+05  4.6315E+03  3.5455E+04
0000490   2.4686E+04 -4.1843E+04 -8.1335E+04
0000491   1.6678E+05 -7.6368E+04  4.6696E+03
0000492   1.9072E+05 -2.1186E+04 -7.1518E+04
0000493   2.2025E+05 -5.8041E+04  3.0921E+04
0000494   9.5089E+04 -1.4886E+05  2.9325E+04
0000495   2.2315E+05  1.1401E+05  1.8145E+04
0000496   1.6258E+05 -3.4097E+04 -3.0477E+04
0000497   1.0087E+05 -3.5479E+04  1.1777E+04
0000498   1.2444E+05  5.0796E+04 -3.4876E+04
0000499   1.6686E+05  6.1345E+04  8.2299E+04
0000500   1.3378E+05  2.4798E+04 -1.4110E+05
0000501   2.0852E+05 -5.5314E+04  2.6682E+04
0000502   3.5801E+05  1.1097E+04 -4.2555E+04
0000503   2.1819E+05 -6.4535E+03  3.2332E+04
0000504   3.4057E+05 -7.6031E+04 -4.9223E+04
0000505   2.3889E+05 -1.0872E+05  2.1145E+05
0000506   1.7466E+05  9.9563E+03 -7.3414E+04
0000507   1.9311E+05 -5.3437E+04  2.1137E+04
0000508   6.3893E+04  1.5736E+05 -6.9628E+04
0000509   1.3102E+05 -8.0921E+04 -6.0965E+04
0000510   3.1868E+05 -1.0597E+05  1.0260E+05
0000511   1.0786E+05  1.3889E+05 -3.1788E+04
0000512   1.3858E+05  6.2604E+04  1.7323E+04
0000513   1.5531E+05 -2.6676E+04  1.0483E+04
0000514   8.1802E+04 -1.9113E+04  1.0318E+05
0000515   3.3709E+04  5.7487E+03 -5.8172E+04
0000516   1.4402E+05 -6.6316E+04 -5.9679E+04
0000517   4.9923E+04  6.1209E+04  9.7558E+03
0000518   2.6122E+05  6.3872E+04  6.4646E+04
0000519   6.4932E+04  5.1904E+04  5.3947E+04
0000520   2.1389E+05  2.4019E+04 -5.9909E+04
0000521   2.0566E+05 -7.7053E+04 -9.5136E+04
0000522   1.0512E+05 -7.0272E+04 -3.4550E+04
0000523   3.5745E+05  4.1893E+04 -9.1648E+04
0000524   1.7313E+05  3.2005E+04 -3.4597E+04
0000525   1.1589E+05  2.1872E+04  3.2024E+04
0000526   4.0997E+05  8.6395E+04  6.5066E+04
0000527   2.0375E+05 -9.2661E+04 -9.5750E+04
0000528   1.4534E+05 -4.6653E+04 -8.7626E+04
0000529   2.1360E+05 -2.5247E+05  3.0457E+04
0000530   2.1372E+05  4.1063E+04 -1.6076E+04
0000531   8.1131E+04 -9.5393E+03  6.8209E+03
0000532   2.3382E+05 -1.3489E+05 -1.3384E+05
0000533   2.3763E+05 -8.0583E+03  1.0400E+05
0000534   1.5268E+05 -1.4567E+05 -5.1210E+04
0000535   2.0942E+05  1.4020E+05  1.0574E+05
0000536   2.6896E+05  2.7852E+05  7.0205E+03
0000537   1.1281E+05 -3.9877E+04 -4.1172E+04
0000538   2.6679E+05  5.6930E+04  4.0064E+03
0000539   8.3675E+04 -9.2973E+04  1.5463E+04
0000540   3.4344E+05  4.5147E+04  1.1174E+04
0000541   2.3345E+05  4.4049E+04  6.1304E+04
0000542   2.0868E+05 -8.1407E+04 -1.3808E+04
0000543   3.1288E+05  6.7333E+04  2.3002E+04
0000544   1.8734E+05 -3.3748E+04  6.7762E+04
0000545   1.1928E+05  7.4601E+03 -4.6704E+03
0000546   1.8333E+05  6.2176E+02 -2.5478E+04
0000547   1.8249E+05  8.1268E+04 -1.0813E+05
0000548   8.4893E+04 -5.7390E+03  5.0078E+04
0000549   1.7542E+05 -5.4814E+04  7.5915E+04
0000550   1.6356E+05 -1.7584E+05  3.1147E+04
0000551   1.1423E+05  5.0496E+04 -2.0817E+04
0000552   1.4029E+05 -2.4548E+04  6.4088E+04
0000553   1.6251E+04  6.7113E+03 -1.0154E+02
0000554   9.8380E+04  3.9106E+04 -3.3977E+04
0000555   2.0235E+05  1.4320E+05  8.9197E+04
0000556   7.6710E+04  6.9873E+04 -1.9873E+04
0000557   2.0487E+05  5.0775E+04  3.9907E+04
0000558   1.0418E+05 -2.9612E+04  7.7328E+04
0000559   2.7644E+05 -1.3186E+05  4.0343E+04
0000560   2.0569E+05  5.9223E+04  2.5334E+04
0000561   2.5585E+05 -8.0622E+04 -5.0176E+04
0000562   1.5413E+05  7.6999E+04  5.1699E+04
0000563   2.0715E+05  7.0376E+04 -1.1688E+05
0000564   1.3975E+05 -5.9340E+04  4.4635E+04
0000565   1.7498E+05  1.7909E+04 -1.0986E+05
0000566   1.2157E+05  1.7995E+04  2.6909E+04
0000567   2.0217E+05  7.0794E+03 -1.0307E+05
0000568   1.6344E+04  7.1475E+01  1.7654E+04
0000569   1.5370E+05 -6.0048E+04  4.4562E+03
0000570   2.5610E+05  8.1471E+04 -3.9075E+04
0000571   1.8174E+05  1.1527E+05 -5.3204E+04
0000572   2.0698E+05  1.0659E+05 -1.5917E+04
0000573   1.0912E+05  3.4855E+04 -3.6463E+04
0000574   8.0755E+04 -5.8308E+03 -3.3172E+04
0000575   2.0988E+05  3.8916E+04 -1.1063E+05
0000576   1.5906E+05 -9.6719E+04 -1.5772E+05
0000577   1.3771E+05  4.6483E+04  7.6220E+04
0000578   2.2566E+05  1.4296E+05 -3.5002E+04
0000579   1.4859E+05  2.5399E+04  8.0138E+04
0000580   1.3309E+05  1.1731E+05  5.1490E+04
0000581   9.7574E+04 -7.7024E+03 -4.4279E+03
0000582   8.1276E+04  3.2741E+04 -3.7349E+03
0000583   1.0381E+05 -1.4798E+04 -2.1078E+04
0000584   6.9611E+04  1.3874E+04  1.7490E+04
0000585   3.3140E+04  1.5273E+04  8.7322E+04
0000586   1.8436E+05 -4.1171E+04  4.4645E+04
0000587   1.5643E+05  5.0246E+04  1.7471E+05
0000588   3.6043E+05 -5.1437E+04 -2.3671E+04
0000589   9.7298E+04  5.8329E+04 -1.0154E+05
0000590   2.9226E+05 -3.7092E+04  4.7621E+04
0000591   1.3311E+05  1.3701E+04 -2.1076E+02
0000592   2.4553E+05 -6.5381E+04  3.8123E+03
0000593   1.5615E+05 -9.0218E+04  5.8768E+04
0000594   3.0534E+05 -6.4467E+04  3.5752E+04
0000595   3.1280E+05  1.5172E+05 -1.1984E+04
0000596   1.9925E+05  4.8872E+04  3.7583E+04
0000597   1.8259E+05 -1.5459E+04 -4.9387E+03
0000598   2.0281E+05 -1.7881E+04 -1.0443E+05
0000599   2.4424E+05  7.7166E+04 -9.3607E+03
0000600   1.8196E+05 -7.1263E+04  2.5809E+04
0000601   1.7725E+05 -9.5066E+04  1.2479E+05
0000602   1.7112E+05  5.2387E+04  6.9093E+04
0000603   1.7386E+05 -2.4595E+04  1.0892E+05
0000604   1.9694E+05 -4.8291E+04 -5.0846E+04
0000605   6.2734E+04 -5.1121E+04  9.1306E+04
0000606   2.4655E+05 -4.9380E+03 -8.1085E+03
0000607   1.5406E+05 -4.0469E+04 -3.4632E+04
0000608   1.1701E+05 -1.8910E+04  1.1262E+04
0000609   1.7950E+05 -1.3322E+05 -1.4074E+03
0000610   5.7763E+04  1.9195E+04  4.3016E+04
0000611   2.3572E+05 -1.0283E+05  1.2712E+04
0000612   1.2413E+05  2.4139E+04 -6.2890E+04
0000613   1.5106E+05 -1.1229E+05 -3.2491E+04
0000614   2.3534E+05  1.0862E+05  5.0634E+04
0000615   2.4938E+05 -3.4840E+04 -7.9850E+04
0000616   1.8514E+05  6.0684E+04  6.0735E+04
0000617   1.5244E+05 -3.7079E+04 -2.8781E+04
0000618   1.7846E+05 -3.9480E+04 -2.5271E+04
0000619   9.9176E+04 -3.8234E+04 -3.1062E+04
0000620   2.0875E+05 -2.1331E+04 -5.5924E+04
0000621   2.7057E+05  7.5249E+04 -6.2962E+04
0000622   2.6350E+05 -6.2426E+04 -6.9693E+04
0000623   5.9341E+04  9.6845E+04 -9.0960E+03
0000624   2.9791E+02  4.3844E+04 -1.0273E+05
0000625   2.2647E+05 -6.2754E+04 -6.0907E+04
0000626   1.2027E+05  6.9242E+03  1.7122E+04
0000627   3.2238E+04  8.4290E+03  2.1353E+04
0000628   9.9621E+04 -1.1457E+05 -1.1083E+04
0000629   1.7724E+05  4.2547E+04  6.7623E+03
0000630   1.6483E+05  1.2705E+05  5.4247E+04
0000631   1.9530E+05  7.3961E+04 -7.2568E+03
0000632   2.5090E+05  1.2486E+05 -1.2424E+04
0000633   1.5011E+05 -2.2588E+04 -1.6164E+04
0000634   1.5579E+05 -1.1332E+05 -5.0452E+04
0000635   7.0348E+04  4.1177E+03 -7.1548E+04
0000636   1.7428E+05  1.6664E+04  4.1359E+04
0000637   1.2073E+05 -6.5671E+04  5.8788E+04
0000638   3.3738E+05  2.9209E+04 -1.6246E+05
0000639   1.4821E+05 -8.5039E+02  3.3528E+03
0000640   1.9068E+05 -3.9125E+04 -8.5383E+04
0000641   7.3339E+04  3.0042E+03  1.3837E+05
0000642   2.3016E+05  4.3690E+04  4.6735E+04
0000643   3.2500E+05 -1.2737E+05 -5.6073E+04
0000644   1.4410E+05 -7.3682E+03  1.0745E+04
0000645   1.4640E+05  1.7338E+04  5.0631E+04
0000646   2.2297E+05 -1.1720E+05 -4.9626E+04
0000647   1.6449E+05 -2.1758E+04  1.4321E+04
0000648   1.7613E+05  6.2297E+04  4.2630E+04
0000649   1.5551E+05  3.2834E+04 -3.9477E+04
0000650   2.4170E+05  1.7491E+05  1.8279E+04
0000651   1.3626E+05 -7.2340E+04  7.5847E+04
0000652   2.1301E+05 -7.0555E+04 -1.1926E+05
0000653   2.3349E+05 -1.2899E+05  6.4638E+04
0000654   1.8558E+05  5.0884E+04  2.4846E+04
0000655   1.5562E+05 -3.1695E+04  1.0659E+05
0000656   3.7526E+05  2.4406E+04  6.4481E+03
0000657   3.1758E+05 -1.3557E+04 -2.6988E+04
0000658   1.1959E+05 -1.8838E+04  1.4875E+04
0000659   3.6880E+05  9.2643E+03  5.7057E+04
0000660   2.6577E+05  1.5072E+04 -2.4419E+04
0000661   5.2749E+04  1.4237E+03  2.3957E+04
0000662   9.9365E+04  2.7751E+04  1.1258E+04
0000663   1.1352E+05 -4.2046E+04  1.1183E+04
0000664   1.8375E+05 -8.8239E+04 -1.6511E+04
0000665   1.6544E+05  9.1125E+04 -1.2946E+04
0000666   1.9015E+05  5.8090E+04  3.2360E+04
0000667   1.6713E+05 -5.1989E+04  3.7569E+02
0000668   2.1615E+05 -2.0991E+04 -4.8753E+03
0000669   1.7812E+05 -4.9495E+04  6.9187E+04
0000670   3.0015E+05  8.3367E+04 -1.8206E+04
0000671   2.8715E+05  2.5434E+04  6.7168E+04
0000672   1.9157E+05 -1.1241E+04  1.0342E+05
0000673   2.8442E+05 -1.5483E+04  5.3154E+04
0000674   1.7393E+05  8.9767E+04 -1.6435E+04
0000675   1.8713E+05  5.2248E+03  4.0881E+04
0000676   2.1728E+05  2.9926E+04 -4.2930E+04
0000677   2.3227E+05 -5.3265E+04 -3.7569E+04
0000678   2.0226E+05 -1.1145E+05  1.1397E+05
0000679   2.8377E+05  4.4710E+04  1.1888E+05
0000680   2.2442E+05 -3.6579E+04 -1.3269E+04
0000681   3.4433E+05 -5.1914E+04 -3.3716E+04
0000682   2.2183E+05 -4.1122E+03  2.2973E+04
0000683   2.3492E+05 -4.9534E+04 -2.5604E+03
0000684   2.6444E+05  2.2101E+05  1.8880E+04
0000685   2.9594E+05 -2.7626E+04  3.7302E+04
0000686   2.8957E+05 -9.6622E+04  7.6694E+04
0000687   7.2450E+04 -5.1557E+03 -4.4976E+03
0000688   1.8561E+05 -6.7589E+04 -1.0664E+04
0000689   1.6940E+05  3.4812E+04 -3.2448E+03
0000690   2.3519E+05 -5.8391E+04 -9.7979E+04
0000691   2.8729E+05  5.6100E+04  1.4341E+04
0000692   1.1872E+05 -2.7165E+04 -4.8964E+04
0000693   2.3069E+05  7.9176E+03  4.2710E+04
0000694   1.1943E+05 -3.8107E+04 -1.1489E+04
0000695   1.2806E+05  3.0242E+03 -1.1368E+05
0000696   1.6947E+05  4.9175E+04 -1.4386E+04
0000697   7.3057E+04  5.4567E+04 -9.9955E+03
0000698   8.5814E+04  5.3695E+04  4.9479E+04
0000699   3.0141E+05 -2.1920E+05 -6.4397E+04
0000700   1.1551E+05  1.6416E+04 -1.0237E+04
0000701   2.2051E+05  6.1473E+03  5.4058E+04
0000702   2.0291E+05 -7.7932E+04  3.7275E+04
0000703   2.7151E+05 -1.2290E+05 -9.6988E+04
0000704   1.6053E+05 -1.9131E+04  1.0529E+05
0000705   1.9443E+05  5.6740E+04 -1.7519E+05
0000706   1.7451E+05  9.2335E+03 -1.1378E+05
0000707   1.9344E+05  1.2802E+04 -3.6579E+04
0000708   2.7704E+05 -7.0473E+04 -9.0577E+04
0000709   3.3073E+04 -4.5160E+04 -1.5950E+04
0000710   1.6710E+05 -9.8283E+04  9.3883E+04
0000711   1.7287E+05  1.5100E+05 -3.4844E+04
0000712   2.7632E+05  1.1359E+05  2.2389E+04
0000713   2.3451E+05  4.2534E+03  5.2352E+04
0000714   2.5458E+05  1.7708E+05  1.6260E+05
0000715   9.5373E+04 -4.5547E+04  5.2916E+04
0000716   2.7470E+05 -4.9902E+03  2.8383E+04
0000717   1.7307E+05  7.9947E+04 -7.4777E+04
0000718   6.2728E+04  3.1269E+04 -6.7010E+04
0000719   2.2529E+05 -2.6492E+04  4.7553E+04
0000720   1.5951E+05  1.6621E+05 -1.5502E+03
0000721   1.2456E+05 -2.6217E+04 -4.2970E+04
0000722   3.1317E+05 -5.3358E+04 -2.4530E+03
0000723   2.7139E+05  8.2686E+04  1.1510E+05
0000724   1.9243E+05  3.2818E+03 -1.9727E+02
0000725   1.6088E+05  4.1185E+03  3.8445E+04
0000726   2.0695E+05  1.1017E+05 -9.6109E+04
0000727   2.8729E+05  6.1737E+04 -8.0941E+04
0000728   2.7172E+05  8.1852E+04 -4.3248E+04
0000729   3.0174E+05  1.1343E+05  5.8695E+04
0000730   3.3139E+04  1.5906E+05 -2.8542E+04
0000731   1.9433E+05 -5.1356E+04 -3.4245E+04
0000732   2.7021E+05 -9.9589E+04 -2.0430E+03
0000733   2.9746E+05  5.2400E+04 -1.0673E+05
0000734   1.7491E+05 -7.4618E+02  4.3739E+04
0000735   1.6243E+05 -9.8395E+02 -3.7748E+03
0000736   2.8350E+05 -9.2555E+04  4.1327E+04
0000737   1.7423E+05  4.2141E+04 -1.8008E+04
0000738   1.6312E+05 -1.5098E+05 -3.4873E+04
0000739   3.0592E+05  1.6871E+05 -4.5843E+04
0000740   1.5867E+05  2.3107E+04 -1.5277E+04
0000741   3.5584E+05  1.8549E+05 -8.1211E+04
0000742   1.7984E+05  7.5586E+03 -4.1905E+04
0000743   9.4481E+04 -1.2758E+05  1.5640E+05
0000744   2.4750E+05  3.8920E+03  6.0452E+03
0000745   4.5461E+04  1.6841E+04  3.6613E+04
0000746   1.5825E+05 -2.3651E+04 -1.6644E+05
0000747   1.9667E+05 -2.9766E+04  6.4862E+04
0000748   3.3967E+05  7.8955E+04 -1.1470E+05
0000749   1.7848E+05 -9.6536E+04  4.7862E+03
0000750   1.0706E+05 -3.6613E+04 -6.4309E+04
0000751   3.3267E+04 -4.8875E+04  1.5520E+03
0000752   1.4778E+05 -3.3445E+04  2.1115E+04
0000753   2.7908E+05  8.6301E+04 -1.5221E+05
0000754   3.4386E+05  1.6189E+04  1.0404E+05
0000755   2.2218E+05  1.1659E+05 -5.0693E+03
0000756   2.0094E+05  2.5142E+04  6.0514E+04
0000757   3.1219E+05  6.3676E+04 -1.0657E+05
0000758   1.1133E+05 -4.9568E+04  3.0616E+04
0000759   1.6553E+05  8.9367E+04  2.1609E+04
0000760   2.7974E+05 -2.0000E+05  3.5480E+04
0000761   9.1857E+04 -3.5547E+04 -4.3187E+04
0000762   1.6989E+05  5.7817E+04  5.9470E+04
0000763   9.1632E+04  2.2756E+03  4.9919E+04
0000764   1.8147E+05  8.9935E+03  1.2512E+04
0000765   1.1591E+05 -1.0217E+03  1.0928E+04
0000766   2.3475E+05 -7.5380E+04 -4.6414E+04
0000767   3.6205E+05 -1.2609E+05  1.3179E+05
0000768   2.7431E+05  6.4274E+04  7.2604E+04
0000769   3.5773E+05  1.2347E+05  3.1506E+04
0000770   1.7602E+05  7.0627E+04 -6.5856E+02
0000771   8.0504E+04  6.0872E+04 -2.2214E+04
0000772   3.6195E+04  7.9407E+03  5.6685E+02
0000773   9.6085E+04 -2.1681E+04  9.5254E+04
0000774   2.1903E+05  1.9580E+05  6.1013E+04
0000775   1.9340E+05  9.0139E+04  1.8524E+05
0000776   2.2919E+05 -2.4152E+05  1.7999E+05
0000777   1.7642E+05 -2.6165E+04 -6.3405E+04
0000778   6.7520E+04 -6.4818E+04  3.8387E+04
0000779   1.0433E+05 -1.3832E+04  1.1300E+03
0000780   1.3564E+05 -4.4402E+04  3.3943E+04
0000781   2.7959E+05  7.5732E+04 -4.3607E+04
0000782   1.9897E+05 -9.7077E+04  9.5700E+04
0000783   2.6105E+05  8.0797E+04 -1.5755E+04
0000784   9.2115E+04 -1.8799E+04 -1.0563E+05
0000785   1.4977E+05 -6.3031E+04 -8.8608E+04
0000786   6.1881E+04 -8.8579E+04  8.0100E+04
0000787   2.4468E+05  1.4022E+04 -1.2318E+05
0000788   1.2124E+05  1.2762E+05  6.6346E+04
0000789   2.2284E+05 -1.3385E+05  2.1211E+04
0000790   1.0223E+05 -7.3483E+04  4.4753E+02
0000791   2.0672E+05  1.4372E+05  2.0820E+04
0000792   2.1233E+05 -7.4464E+04 -7.9500E+04
0000793   2.4893E+05 -1.5217E+05  9.5605E+04
0000794   2.3447E+05  7.6894E+04 -8.4498E+04
0000795   8.6516E+04  1.7970E+04  4.5038E+04
0000796   1.5998E+05  2.4120E+04 -2.2321E+04
0000797   1.5668E+05 -1.1837E+05 -1.6045E+05
0000798   2.2138E+05  4.8576E+04  7.8639E+04
0000799   2.5856E+05  2.6016E+04 -6.6022E+04
0000800   2.2320E+05  2.1469E+04 -5.2763E+04
0000801   3.6586E+05 -3.3269E+04 -1.1803E+05
0000802   1.5957E+05  1.0887E+04  3.5345E+04
0000803   1.7837E+05  9.4628E+04 -1.7978E+04
0000804   1.4671E+05  1.3292E+04  7.2973E+04
0000805   2.8360E+04  3.9268E+04  2.3897E+04
0000806   3.1437E+04 -6.9415E+02 -2.1180E+04
0000807   8.4940E+04 -7.0001E+04 -6.6343E+03
0000808   3.1158E+05 -1.2104E+05  1.8174E+04
0000809   2.9088E+05  1.0669E+05 -5.4392E+04
0000810   1.2594E+05 -4.4098E+04  5.5881E+04
0000811   1.8118E+05  9.3514E+04  3.2193E+04
0000812   1.9839E+05 -6.7682E+04  2.7215E+04
0000813   7.7620E+04 -1.7417E+04 -6.0787E+04
0000814   1.2578E+05  4.4155E+04 -1.4298E+04
0000815   2.6208E+05  1.6862E+05  1.0758E+05
0000816   1.9407E+04 -2.4974E+04  7.1163E+04
0000817   2.3234E+05  1.9674E+04  4.0879E+03
0000818   1.8371E+05 -4.8144E+03  1.2325E+05
0000819   2.1758E+05 -1.1000E+04 -2.4887E+04
0000820   3.4368E+05  1.2721E+05  2.7494E+04
0000821   2.4515E+05  7.2369E+04 -8.6029E+04
0000822   3.0705E+04 -3.7330E+04  6.5204E+04
0000823   1.3425E+05 -2.3216E+04 -3.6293E+04
0000824   9.3477E+04 -3.0715E+04 -6.0554E+03
0000825   1.2973E+05 -2.7932E+04 -4.7022E+03
0000826   1.9805E+05 -2.5784E+04  9.1433E+04
0000827   1.5090E+05 -2.8672E+05  1.8761E+05
0000828   1.6644E+05 -3.3511E+04 -3.7268E+04
0000829   4.6359E+05  1.7002E+05 -2.8081E+04
0000830   3.1996E+05  2.0829E+05 -2.8628E+04
0000831   1.4604E+05  3.2052E+04  2.1240E+03
0000832   1.6086E+05 -1.4328E+05 -8.3224E+03
0000833   1.2839E+05  4.2059E+04 -3.6863E+04
0000834   1.6451E+05 -7.4046E+04 -4.4874E+04
0000835   1.1987E+05 -6.8436E+04  4.1703E+03
0000836   9.6240E+04  6.4240E+04  5.8342E+04
0000837   1.3899E+05 -4.5345E+04 -1.2675E+04
0000838   7.8056E+04  3.9918E+04  7.1754E+04
0000839   2.5412E+05  1.4544E+05 -9.1164E+04
0000840   1.4053E+05 -3.8196E+04  2.3632E+04
0000841   1.5162E+05  5.6525E+04 -4.6148E+04
0000842   1.7230E+05 -1.4745E+04  3.6330E+04
0000843   1.8572E+05 -1.4316E+04 -4.6302E+04
0000844   1.8918E+05 -1.6149E+05 -1.5171E+05
0000845   2.9916E+05 -4.7381E+04  3.1416E+04
0000846   3.0593E+05 -1.0541E+05  1.1134E+05
0000847   1.7121E+05  2.2403E+04  1.9185E+05
0000848   2.4476E+05  1.1832E+05 -1.4291E+04
0000849   1.3365E+05  2.2986E+03  5.6835E+04
0000850   8.2402E+04  4.1501E+04 -1.2639E+05
0000851   4.0205E+04  3.3665E+04  4.3880E+04
0000852   1.0601E+05  4.8041E+03  5.9807E+04
0000853   1.2090E+05  1.2007E+03 -1.1389E+05
0000854   1.5453E+05 -6.5134E+02  5.5749E+03
0000855   3.4082E+05  1.5248E+04 -1.6985E+04
0000856   1.0421E+05  4.5926E+04 -3.3470E+04
0000857   1.2944E+05  1.6737E+05  5.3198E+04
0000858   3.8012E+04  8.8306E+03  1.1145E+04
0000859   2.8731E+05 -1.2314E+05 -6.2662E+04
0000860   1.1712E+05 -9.8702E+04  1.1967E+05
0000861   2.6368E+05  1.9243E+05 -1.3687E+04
0000862   1.3167E+05  4.2229E+04  1.7988E+04
0000863   1.7343E+05 -5.0393E+04 -9.2723E+04
0000864   3.0665E+05 -2.8807E+04 -9.1310E+04
0000865   8.6129E+04 -4.2396E+04  5.5778E+04
0000866   2.6773E+05 -6.0201E+04  8.0236E+04
0000867   1.2809E+05  1.1894E+05  1.6495E+04
0000868   1.2345E+05  3.2379E+04  3.4602E+04
0000869   1.8272E+05 -5.5689E+04  4.6785E+04
0000870   9.3060E+04 -5.9051E+03  3.3288E+03
0000871   3.2355E+05 -5.0225E+04  2.6397E+04
0000872   2.5222E+05 -1.9583E+04 -9.1644E+04
0000873   2.4919E+05 -1.7942E+05  1.2054E+05
0000874   2.4173E+05 -6.1901E+04  2.6375E+04
0000875   1.2077E+05 -2.5407E+04  4.9112E+04
0000876   2.3834E+05  7.8511E+04 -1.4925E+05
0000877   1.3942E+05  6.6066E+04 -1.0053E+04
0000878   3.0528E+04  3.3066E+04 -2.3841E+04
0000879   1.6384E+05  1.1601E+04 -2.8445E+04
0000880   3.4380E+04 -1.5599E+05 -3.1404E+04
0000881   2.8563E+05  1.4949E+05 -1.0676E+05
0000882   3.3898E+05  3.5412E+04  2.4913E+04
0000883   2.9052E+05  1.1554E+04  7.3020E+04
0000884   9.9402E+04  4.2385E+04 -1.7451E+04
0000885   2.1809E+05 -9.7936E+03 -4.8355E+04
0000886   2.5021E+05 -3.8036E+04 -1.7687E+04
0000887   1.3965E+05  1.8881E+04 -6.2718E+04
0000888   2.1142E+05 -3.5505E+04 -3.9454E+02
0000889   1.2604E+05  9.2079E+04  4.2802E+04
0000890   1.5899E+05  1.2861E+04  1.1756E+05
0000891   1.2543E+05  9.1969E+04 -4.5037E+04
0000892   2.2242E+05  1.8304E+03 -1.3970E+05
0000893   8.2977E+04 -5.1202E+04  9.7497E+04
0000894   2.9524E+05  3.7757E+04  8.9611E+04
0000895   1.2511E+05 -1.0211E+03 -5.5618E+04
0000896   1.4211E+05  2.3211E+04  2.5200E+04
0000897   1.6345E+05  1.1482E+04  7.3601E+04
0000898   3.8975E+05  6.8978E+04  5.2874E+04
0000899   1.6626E+05 -1.0890E+05  8.8554E+04
0000900   3.3689E+05 -4.7896E+04 -6.7994E+04
0000901   5.8888E+04  7.5906E+04  5.1128E+04
0000902   9.5593E+04 -1.3801E+05 -6.1122E+04
0000903   9.5381E+04 -7.7889E+04 -1.4980E+04
0000904   2.5201E+05 -1.0685E+04  2.3420E+05
0000905   2.6034E+05  1.2741E+05 -5.6847E+04
0000906   2.7412E+05 -9.8333E+03 -3.0745E+04
0000907   1.4275E+05  1.1009E+04  4.9932E+04
0000908   4.0618E+04  2.0710E+04  3.0987E+04
0000909   1.3301E+05 -6.5860E+03 -3.0217E+04
0000910   3.1832E+05 -6.5985E+04  7.9906E+04
0000911   1.6042E+05  8.0625E+03  6.0479E+04
0000912   2.1424E+05 -4.5240E+04 -9.7407E+03
0000913   1.7841E+05 -3.9058E+04 -1.0070E+05
0000914   9.9451E+04 -1.3271E+04 -5.8079E+04
0000915   1.9649E+05 -9.2150E+04  7.3411E+03
0000916   1.3404E+05  5.4696E+03  1.6839E+04
0000917   1.9612E+05 -1.4467E+04  4.7402E+04
0000918   1.8173E+05  3.6879E+04  1.2440E+04
0000919   3.8748E+05 -1.1023E+05  1.0984E+05
0000920   2.0265E+05 -1.2807E+04 -1.5599E+05
0000921   3.0794E+05  1.8201E+03 -1.0629E+05
0000922   6.7420E+04  1.2764E+04  3.1538E+04
0000923   4.6867E+04  2.9820E+04 -2.5902E+04
0000924   2.4240E+05 -6.4282E+04 -1.0788E+03
0000925   2.4713E+05 -7.0870E+04 -1.5813E+05
0000926   2.4432E+05 -6.0039E+04  3.0355E+03
0000927   2.3369E+05  7.8987E+04 -1.9039E+04
0000928   1.8197E+05  9.0079E+04  1.3779E+04
0000929   1.4223E+05  8.8089E+04 -2.1249E+04
0000930   2.6283E+05 -2.1735E+04  2.5367E+04
0000931   1.5874E+05 -2.4748E+04  3.1747E+04
0000932   2.7187E+05 -4.1624E+04  8.6285E+02
0000933   2.5133E+05  1.8880E+03  1.3970E+05
0000934   1.7801E+05  9.4974E+04 -3.7054E+04
0000935   1.8502E+05 -1.0006E+05  8.7007E+04
0000936   3.0916E+05 -7.5374E+04 -7.7223E+03
0000937   1.1021E+05 -1.2738E+04  1.2064E+05
0000938   3.2273E+05 -1.5471E+05  1.8323E+02
0000939   1.1445E+05  3.1852E+04 -3.9581E+04
0000940   7.1517E+04  4.3409E+04 -9.8702E+04
0000941   2.8321E+05 -1.4821E+05  1.2584E+04
0000942   1.4779E+05 -5.1497E+04 -9.4649E+04
0000943   1.4419E+04 -2.1369E+04 -1.0030E+05
0000944   2.5178E+05 -9.4680E+03 -9.4477E+04
0000945   2.0086E+05 -1.1823E+04  8.4868E+04
0000946   2.6270E+05 -1.6623E+05 -1.7989E+05
0000947   1.0760E+05  1.4352E+04 -5.4403E+04
0000948   1.9366E+05  1.4705E+04  4.6497E+04
0000949   1.0831E+05 -3.3916E+04 -3.4640E+03
0000950   1.6076E+05 -1.7690E+04 -9.9049E+02
0000951   1.8817E+05  5.1497E+04 -9.5506E+03
0000952   2.5024E+05  1.6908E+05  9.3073E+04
0000953   3.5273E+05  1.6061E+05 -1.1277E+05
0000954   1.5145E+05 -9.9818E+04  3.5137E+04
0000955   3.1159E+05 -2.7832E+04 -1.0794E+04
0000956   1.7567E+05  2.5797E+04  6.5665E+04
0000957   1.4290E+05  1.0013E+05  6.3417E+04
0000958   1.5092E+05  1.0067E+04 -9.2484E+04
0000959   2.3859E+05  4.3855E+04  4.3206E+04
0000960   2.5193E+05 -1.4279E+05 -3.0007E+04
0000961   2.4366E+05  2.0572E+04 -2.8949E+04
0000962   1.9262E+05 -2.4860E+04 -3.5800E+04
0000963   1.4865E+05 -5.1452E+04  1.0840E+04
0000964   4.4059E+04 -6.1407E+04  1.0624E+04
0000965   2.4998E+05 -3.3221E+03 -9.6662E+04
0000966   2.3342E+05  7.6028E+04 -4.4983E+03
0000967   9.8300E+04 -6.3570E+04  3.5870E+04
0000968   2.8142E+05 -7.2111E+04  8.3118E+04
0000969   2.5490E+05 -9.9575E+04  1.6619E+04
0000970   2.7028E+05  8.2026E+04 -1.0064E+05
0000971   3.8169E+05  5.9187E+04 -7.4056E+04
0000972   3.2673E+05  2.5020E+04  1.0264E+05
0000973   2.0027E+05  9.3911E+04  5.8317E+04
0000974   2.5501E+05 -6.4927E+04  8.7128E+04
0000975   2.5551E+05  1.0032E+05  1.1894E+05
0000976   3.7587E+04 -2.6202E+04  3.3915E+04
0000977   1.7311E+05 -1.4658E+05  1.9967E+04
0000978   1.4696E+05  1.9394E+04  5.9535E+03
0000979   1.4484E+05  7.6694E+04 -4.9607E+04
0000980   1.0134E+05 -3.4292E+04 -2.3918E+04
0000981   1.9417E+05  5.5552E+04  8.6923E+03
0000982   2.8997E+05 -7.7326E+04 -2.8943E+04
0000983   1.7749E+05  2.6310E+04  6.1340E+04
0000984   2.5635E+05  4.9191E+04 -8.2778E+04
0000985   3.0219E+05  1.5767E+04 -4.0214E+04
0000986   1.6434E+05  8.3889E+04  7.5964E+04
0000987   2.6317E+05 -9.1272E+04  1.6402E+05
0000988   2.2907E+05 -1.1645E+05  3.2834E+04
0000989   1.9151E+05  3.9230E+04 -6.0246E+04
0000990   8.5364E+04 -4.7182E+03  2.8468E+04
0000991   1.7842E+05 -5.0093E+04  6.0810E+03
0000992   1.3592E+05  1.7597E+05 -4.6178E+04
0000993   1.2094E+05  6.9106E+04 -4.9839E+04
0000994   9.8635E+04  2.2393E+04  2.0459E+04
0000995   2.4001E+05  1.1622E+04  7.1508E+04
0000996   2.7315E+05 -1.0791E+05  1.5000E+04
0000997   2.1243E+05  1.7416E+04  4.1043E+04
0000998   2.9201E+05 -4.1514E+04 -5.3474E+04
0000999   2.7186E+05 -6.9130E+04 -3.2000E+04
0001000   1.3100E+05  6.6639E+04  1.4461E+05
