============================== SRIM-2013.00 ==============================
==============================================================================
====== SRIM Outputs\RANGE_3D.txt : File of Final Ion Positions =====

Ion = Ar (18)   Ion Mass= 039.9620
Energy  = 2682696.E-04 keV
Ion Angle to Surface = 00.0 degrees
==================== TARGET =======================
  Layer # 1 - Layer 1
  Layer # 1 - Bottom Depth=500000.E+02 A
  Layer # 1 - Density =0000.0089 g/cm3
  Layer # 1 -  100 % of Ar
様様様様様様様様様様様様様様様様様様様様様様様様様様
                                            
Ion       Depth  X   Lateral Y   Lateral Z  
Number    (Angstrom) (Angstrom)  (Angstrom) 
-------  ----------- ----------- -----------
0000001   1.2143E+06  5.1961E+05  7.1609E+05
0000002   1.5437E+06  4.8685E+05  1.0390E+05
0000003   1.3696E+06  9.8703E+04 -7.8607E+05
0000004   6.4827E+05  3.3643E+05  1.8473E+05
0000005   9.8743E+05 -6.2718E+05 -1.1127E+05
0000006   3.9696E+05  1.6322E+05 -6.7129E+05
0000007   1.2093E+06  2.2349E+05  5.4784E+05
0000008   8.8444E+05 -1.3980E+05  3.9291E+05
0000009   9.4898E+05 -2.0285E+05 -5.9086E+04
0000010   9.3986E+05 -5.5857E+05 -1.7317E+05
0000011   7.2464E+05  3.2925E+05 -6.2388E+05
0000012   7.7129E+05  4.4229E+05 -1.8748E+05
0000013   1.2259E+06 -2.2339E+05  7.7812E+05
0000014   8.9228E+05 -2.4630E+05  4.6128E+05
0000015   1.2932E+06 -6.6416E+04  6.3028E+05
0000016   1.2157E+06 -7.0350E+05  1.6986E+05
0000017   7.8486E+05 -4.6645E+05  7.4833E+04
0000018   1.0538E+06  3.5424E+05 -1.8040E+04
0000019   1.0623E+06  1.8999E+04  5.8210E+05
0000020   1.3571E+06 -3.4281E+05 -1.2060E+05
0000021   1.0977E+06  4.2010E+05  1.4478E+05
0000022   6.7868E+05  3.0567E+05 -1.1738E+05
0000023   1.7486E+06 -1.2664E+06  3.2230E+05
0000024   2.6627E+05  1.1018E+04 -5.9063E+05
0000025   1.0660E+06  1.7216E+05 -4.7838E+04
0000026   1.5075E+06 -1.3472E+04  1.9455E+05
0000027   1.5539E+06 -2.2036E+05 -3.0625E+05
0000028   1.0994E+06  9.1546E+05 -1.8004E+05
0000029   4.1716E+05 -1.8691E+04  4.8909E+05
0000030   1.8455E+06 -3.1687E+05 -4.1740E+05
0000031   7.9592E+05  3.1311E+04  6.6660E+04
0000032   1.4748E+06  6.1402E+05 -4.8025E+04
0000033   2.8236E+05 -1.8827E+05  3.1581E+05
0000034   5.4444E+05  7.5986E+05 -6.1867E+04
0000035   1.0982E+06 -4.6241E+05 -9.4775E+04
0000036   1.6619E+06 -3.4108E+05  2.2824E+05
0000037   8.8624E+05  2.7211E+05 -2.3401E+05
0000038   1.5113E+06 -2.4061E+05  6.3020E+05
0000039   1.2496E+06  3.2042E+05 -2.2628E+05
0000040   1.4798E+06  2.6757E+05 -2.4214E+05
0000041   8.2140E+05  3.2323E+05  1.8871E+05
0000042   5.7992E+05 -5.7304E+05 -2.8564E+05
0000043   1.0943E+06 -6.1745E+05  2.5057E+05
0000044   1.4798E+06  1.7527E+05 -3.9998E+05
0000045   1.4597E+06 -5.6890E+05 -9.1595E+04
0000046   6.9363E+05 -5.7530E+05 -3.6233E+05
0000047   1.6046E+06  1.9927E+05 -4.0288E+04
0000048   1.3829E+06  4.5896E+05  1.3158E+05
0000049   4.1376E+05  1.9112E+05 -1.8644E+05
0000050   1.4485E+06  3.5750E+05  9.7103E+05
0000051   1.5148E+06  4.1214E+05  4.8981E+05
0000052   8.2451E+05  9.9854E+04 -5.7608E+05
0000053   9.9469E+05  2.8870E+05  2.2753E+05
0000054   1.7660E+06  3.0161E+05 -2.9834E+05
0000055   1.5868E+06 -4.7290E+05  5.6541E+05
0000056   7.0258E+05  4.6031E+05 -1.8063E+05
0000057   8.5605E+05 -3.0181E+05  4.1426E+05
0000058   3.6209E+05  1.9020E+04 -2.1164E+05
0000059   1.3261E+06  1.0236E+05  6.6377E+05
0000060   1.1253E+06 -5.0540E+05  1.1073E+05
0000061   1.5476E+06 -4.6483E+03 -3.4081E+05
0000062   7.9486E+05 -7.0083E+05 -1.6566E+05
0000063   1.2485E+06  3.0354E+04  1.2487E+05
0000064   6.9797E+05 -5.5139E+05  2.8825E+05
0000065   1.0219E+06  1.2795E+05 -1.4030E+04
0000066   1.2129E+06 -4.5529E+05  1.0666E+04
0000067   1.3452E+06 -2.4765E+05  5.9822E+04
0000068   1.1608E+06  5.9845E+04 -3.2205E+05
0000069   1.3775E+06  3.0578E+05 -1.2024E+05
0000070   1.3239E+06  1.0569E+05  2.2926E+05
0000071   1.0639E+06  3.2412E+05 -1.5196E+05
0000072   8.1372E+05 -8.7705E+04 -6.6668E+04
0000073   1.3042E+06 -1.6424E+05  5.8202E+05
0000074   1.1008E+06 -1.3949E+05  2.3706E+04
0000075   7.4299E+05 -9.7751E+03  1.8461E+04
0000076   1.0085E+06 -2.7460E+05 -1.9162E+05
0000077   5.2676E+05  4.5971E+04  3.6246E+05
0000078   1.5932E+06  1.8468E+05  1.4955E+05
0000079   9.7456E+05 -4.1700E+05  5.1835E+05
0000080   1.2944E+06  1.0128E+06 -3.7878E+04
0000081   1.1203E+06 -2.5912E+05  2.1836E+05
0000082   1.5182E+06  2.5911E+05  9.9710E+04
0000083   1.0315E+06  2.6542E+03 -5.4450E+05
0000084   1.0462E+06 -1.4990E+05  2.5173E+05
0000085   3.6787E+05  2.5935E+04 -1.1326E+05
0000086   9.7263E+05 -1.0323E+05  2.6263E+05
0000087   1.0919E+06 -1.8984E+05 -2.0399E+05
0000088   1.2983E+06  3.2426E+05 -1.6297E+05
0000089   9.9915E+05 -2.1348E+05  6.3344E+04
0000090   1.2950E+06  1.6545E+05 -7.0456E+04
0000091   1.1618E+06  2.9780E+05 -4.7108E+04
0000092   1.3935E+06 -3.9004E+05  2.5580E+05
0000093   1.6241E+06  2.7686E+05 -1.1267E+05
0000094   1.5180E+06  4.7030E+05  1.8879E+05
0000095   2.3376E+05  8.2438E+05  2.2827E+05
0000096   1.0334E+06 -1.3707E+05 -3.5612E+05
0000097   6.9559E+05  1.7442E+05 -3.1664E+05
0000098   8.9190E+05  3.5881E+05 -1.6834E+05
0000099   5.1215E+05 -1.9537E+05  5.6914E+05
0000100   5.5919E+05  2.9774E+04 -2.1079E+04
0000101   1.0480E+06 -1.0584E+05 -7.7611E+05
0000102   6.1799E+05  3.0234E+05 -2.0287E+04
0000103   1.1125E+06 -2.7473E+05  2.3714E+05
0000104   6.4707E+05 -3.7858E+05  5.2686E+05
0000105   7.5505E+05 -2.8861E+05  1.3740E+05
0000106   1.4338E+06 -3.2992E+05 -4.8483E+05
0000107   1.4150E+06 -2.0161E+05  1.2194E+05
0000108   7.0323E+05  1.0941E+05  4.2208E+05
0000109   1.3787E+06 -3.5704E+05  4.6859E+05
0000110   1.2087E+06 -8.3968E+04 -2.2939E+05
0000111   8.2793E+05  1.7087E+05  7.9521E+04
0000112   1.4721E+06 -1.6809E+05  3.2105E+05
0000113   1.5090E+06 -1.9012E+05 -2.9572E+04
0000114   1.2126E+06 -3.4650E+05  1.2106E+04
0000115   1.3736E+06  1.3354E+05 -5.4615E+05
0000116   1.5447E+06 -8.8614E+04 -5.1987E+04
0000117   1.2440E+06 -1.5603E+05 -3.2264E+04
0000118   9.3410E+05  1.3807E+05  2.1311E+05
0000119   1.5523E+06  2.5315E+05 -1.1452E+05
0000120   1.7685E+06 -9.4361E+05 -9.9466E+04
0000121   8.4149E+05  2.1438E+05  4.3012E+05
0000122   1.1114E+06  4.9462E+05 -6.1445E+04
0000123   1.5118E+06 -1.4988E+05  1.6407E+05
0000124   1.6415E+06  5.8403E+05 -3.6583E+05
0000125   4.5268E+05  8.5914E+04 -3.2304E+05
0000126   1.3879E+06 -1.3256E+05 -2.5492E+05
0000127   1.1357E+06  1.3140E+05 -1.6995E+05
0000128   1.2539E+06 -2.1503E+05 -8.8926E+04
0000129   1.1945E+06 -4.9293E+04  2.5827E+05
0000130   1.3898E+06 -4.7638E+04  4.1040E+05
0000131   1.3139E+06  3.6940E+05 -5.5541E+05
0000132   1.0052E+06 -4.7569E+05  6.3920E+04
0000133   1.0427E+06  5.7827E+05 -4.8396E+05
0000134   1.3880E+06  4.7360E+04 -1.7932E+05
0000135   1.3429E+06 -7.2511E+04 -6.2199E+04
0000136   8.7880E+05 -2.4425E+05 -3.3495E+05
0000137   1.0204E+06 -6.3877E+05 -1.9348E+05
0000138   1.3214E+06  2.2735E+04  6.0089E+05
0000139   1.6256E+06 -1.0145E+05  4.2083E+05
0000140   1.3587E+06  1.4936E+05  1.2760E+05
0000141   5.8701E+05 -6.5500E+05 -5.7546E+05
0000142   8.7859E+05  2.2863E+05 -4.3422E+05
0000143   1.3501E+06  4.7702E+05  6.1138E+05
0000144   1.0036E+06 -1.7721E+05  5.9257E+05
0000145   1.7004E+06  3.0005E+05 -1.8600E+05
0000146   1.5066E+06  1.0645E+05 -4.2615E+05
0000147   4.8901E+05  3.1306E+05  5.3696E+04
0000148   5.8468E+05  4.1615E+05  1.5199E+05
0000149   7.3017E+05  6.0014E+04 -1.8540E+05
0000150   1.5850E+06  3.8630E+05 -7.2356E+03
0000151   7.4353E+05  9.6252E+04 -1.5154E+05
0000152   1.3807E+06 -3.4633E+05 -1.8588E+05
0000153   1.6026E+06  2.7160E+05  9.1079E+04
0000154   1.1797E+06 -4.7280E+04 -6.2028E+04
0000155   1.2426E+06 -2.0070E+05  2.8284E+05
0000156   5.4176E+05 -3.8111E+05  3.5453E+05
0000157   7.4335E+05 -6.4652E+05  3.6707E+05
0000158   7.8848E+05 -1.2682E+05 -4.1603E+04
0000159   1.0327E+06 -1.1759E+05  3.1946E+05
0000160   1.2693E+06  5.7150E+05 -7.2418E+04
0000161   4.8200E+05  2.7732E+05 -2.9478E+05
0000162   4.1399E+05 -2.5848E+05  1.0798E+05
0000163   8.5467E+05  1.0335E+05 -5.1521E+04
0000164   1.0226E+06  1.3769E+05  3.8821E+05
0000165   1.4514E+06 -4.1688E+04 -9.9218E+05
0000166   1.1455E+06 -1.8425E+05 -3.7958E+05
0000167   1.4996E+06  2.8928E+05  3.2216E+05
0000168   1.1308E+06  9.5638E+05 -8.8104E+04
0000169   1.6296E+06 -2.2895E+05 -2.7298E+05
0000170   1.2291E+06 -3.7397E+05  2.4209E+05
0000171   9.2852E+05 -3.5244E+05  5.5672E+05
0000172   1.1281E+06  1.9728E+05 -5.1991E+05
0000173   4.9906E+05 -3.5221E+05 -2.9526E+05
0000174   8.7755E+05 -4.0453E+05 -1.2142E+05
0000175   1.2469E+06 -9.9112E+05  4.1724E+04
0000176   1.3658E+06  3.9525E+05 -2.7960E+05
0000177   7.1603E+05  6.9588E+04 -1.6610E+05
0000178   1.3814E+06  8.5530E+04  4.1980E+05
0000179   1.6640E+06  4.7371E+05  2.5678E+04
0000180   3.5912E+05 -6.1024E+05 -1.8827E+05
0000181   3.1826E+05  5.4196E+05 -9.4063E+03
0000182   1.0920E+06  5.2789E+04 -1.9087E+05
0000183   1.1814E+06 -2.4083E+05 -4.1446E+05
0000184   5.7622E+05  4.9523E+03  4.4082E+05
0000185   9.4789E+05 -2.9981E+04 -7.4447E+05
0000186   1.2025E+06 -2.3767E+05 -1.3137E+05
0000187   8.9633E+05  2.3808E+05 -1.2243E+05
0000188   1.3273E+06  1.3282E+05  3.7518E+05
0000189   1.1973E+06  4.5572E+04  7.3648E+05
0000190   6.6292E+05  4.6050E+05 -3.5135E+04
0000191   1.2813E+06  2.0791E+04 -2.7523E+05
0000192   8.0783E+05  5.8794E+05  7.0037E+04
0000193   6.5486E+05  3.7830E+05 -2.9763E+05
0000194   5.6408E+05  1.4861E+04  2.3858E+05
0000195   8.8095E+05 -4.8213E+05  1.5822E+04
0000196   1.5536E+06 -1.0349E+05 -2.4143E+05
0000197   8.3117E+05  9.3755E+05  1.7674E+05
0000198   4.0739E+05  8.4759E+04  1.8523E+05
0000199   1.3500E+06  1.0381E+05  1.3487E+05
0000200   1.4051E+06 -2.2205E+05  4.2605E+05
0000201   9.3333E+05 -7.4512E+05  8.6930E+05
0000202   1.2329E+06 -2.5791E+05 -2.6903E+04
0000203   1.0965E+06 -6.2816E+05  3.9382E+05
0000204   1.4451E+06  4.0896E+05 -4.4743E+05
0000205   7.6469E+05  6.7142E+04 -4.8586E+05
0000206   4.4175E+05  2.5965E+05  1.3576E+05
0000207   8.9038E+05  1.1256E+04  3.0077E+05
0000208   7.5481E+05  1.0289E+05  4.0669E+05
0000209   1.0814E+06  2.3127E+05 -3.1815E+05
0000210   1.1931E+06 -4.0815E+05  4.3234E+05
0000211   1.2763E+06 -1.0822E+05 -3.9577E+05
0000212   1.2273E+06  2.7930E+04 -2.3608E+04
0000213   1.4540E+06  2.6374E+05  3.3421E+05
0000214   1.5307E+06  6.0958E+05 -1.3339E+05
0000215   3.3901E+05 -2.9499E+05  9.6307E+04
0000216   1.0547E+06 -6.9097E+04 -1.3230E+05
0000217   1.5734E+06  6.4844E+04 -1.1650E+05
0000218   7.4670E+05 -4.6326E+05  6.8435E+04
0000219   1.1170E+06 -2.3411E+05 -2.9151E+05
0000220   9.3839E+05 -3.8386E+05  7.2674E+04
0000221   1.3760E+06  4.4522E+05  4.1694E+05
0000222   9.9848E+05  2.0575E+05 -2.1678E+05
0000223   1.3967E+06 -7.5935E+05 -4.4254E+05
0000224   1.3715E+06  7.0818E+04 -2.9075E+05
0000225   1.6499E+06 -6.0826E+04 -1.6826E+05
0000226   1.2326E+06 -7.1713E+04 -2.7500E+04
0000227   1.0372E+06  3.6942E+05  2.5087E+05
0000228   8.1995E+05 -8.9342E+05  1.3466E+05
0000229   1.4041E+06  3.1019E+05  4.0589E+05
0000230   1.2963E+06 -1.3372E+05  3.9923E+05
0000231   4.5039E+05 -1.8737E+05 -2.6012E+05
0000232   4.9278E+05  1.2002E+05  9.9060E+04
0000233   1.0954E+06 -5.9998E+05  8.5252E+04
0000234   7.8114E+05  6.6505E+05  4.2096E+04
0000235   2.2394E+05  1.0313E+05  5.4786E+05
0000236   7.6156E+05 -4.7730E+05 -1.3374E+05
0000237   8.8318E+05  5.3490E+04 -1.4246E+05
0000238   9.0990E+05  4.7287E+05  2.0939E+05
0000239   4.3932E+05  3.7925E+04  6.0027E+04
0000240   1.2443E+06  9.0631E+04  1.9393E+05
0000241   4.3447E+05 -3.9725E+05  1.2616E+05
0000242   8.9787E+05 -1.3204E+05  4.4940E+05
0000243   1.1295E+06  1.2588E+05  2.9019E+05
0000244   9.5972E+05  1.2071E+05  2.6507E+05
0000245   8.7834E+05 -5.6461E+04 -1.4067E+05
0000246   1.0838E+06 -7.1478E+05  3.2290E+05
0000247   1.1768E+06  1.2608E+05 -4.0785E+05
0000248   1.1273E+06 -9.0209E+04  1.4009E+05
0000249   1.4906E+06  3.7647E+05 -9.2820E+04
0000250   1.2437E+06  4.6928E+04 -4.7205E+05
0000251   1.0241E+06 -6.3029E+05 -1.9866E+05
0000252   1.4614E+06 -2.9851E+05 -8.3988E+04
0000253   1.4353E+06 -2.7097E+05  1.2536E+05
0000254   4.5631E+04 -5.4893E+05  3.0976E+05
0000255   1.4385E+06  2.1909E+04 -2.0976E+05
0000256   1.3314E+06  3.2670E+05  3.6137E+05
0000257   7.8768E+05 -5.0571E+05  5.4398E+04
0000258   7.9112E+05  3.9685E+05  4.7110E+05
0000259   1.9083E+06 -3.4698E+05  3.8725E+05
0000260   9.1195E+05 -3.1659E+05  6.9149E+04
0000261   2.8088E+05  9.5869E+04 -9.8653E+04
0000262   1.2205E+06 -2.9395E+05 -5.3630E+05
0000263   9.0641E+05 -3.5033E+05  1.5514E+05
0000264   8.7549E+05  4.2595E+04 -1.2525E+05
0000265   1.6100E+06  1.3087E+05  1.6781E+05
0000266   4.4129E+05 -8.2311E+05 -4.3112E+05
0000267   1.1701E+06 -1.9319E+05 -1.9486E+05
0000268   1.1373E+06 -5.8826E+05 -6.7094E+04
0000269   5.2366E+05  8.7883E+04  8.8922E+04
0000270   1.0872E+06 -2.7097E+05 -7.8120E+04
0000271   9.5414E+05  8.9360E+05 -3.7256E+05
0000272   1.3749E+06  2.9723E+04 -3.5946E+03
0000273   1.4789E+06  2.8786E+05 -2.7125E+05
0000274   7.7128E+05  2.9325E+05  2.1769E+05
0000275   1.7146E+06 -9.2310E+04 -3.7652E+05
0000276   9.5987E+05  3.4998E+05  6.9503E+04
0000277   6.9486E+05 -2.0532E+03  1.1145E+05
0000278   1.0434E+06 -1.0502E+05  4.7058E+04
0000279   1.1635E+06 -4.8363E+05  3.2414E+05
0000280   1.3182E+06 -1.1982E+05 -3.8675E+04
0000281   1.8322E+06  4.5570E+05 -4.1888E+05
0000282   1.5188E+06 -6.1458E+05 -7.2354E+05
0000283   1.4225E+06  1.3758E+05 -2.8885E+05
0000284   6.2260E+05 -3.9848E+04 -2.7143E+05
0000285   1.2962E+06  4.9221E+05 -1.1307E+04
0000286   1.3240E+06 -6.0554E+05 -2.5007E+05
0000287   1.4095E+06 -2.6627E+05 -8.7685E+04
0000288   9.1823E+05 -3.2120E+04  1.1775E+05
0000289   8.0757E+05 -5.2094E+04  5.1903E+04
0000290   1.1494E+06  1.5571E+05  3.6818E+04
0000291   1.3741E+06 -3.0909E+05  2.5610E+05
0000292   9.2724E+05  2.8137E+05  6.0277E+04
0000293   6.8648E+05 -7.1795E+04  6.3779E+05
0000294   1.3459E+06 -2.1092E+04 -1.3474E+05
0000295   6.1017E+04 -1.4992E+03 -1.9651E+04
0000296   1.8517E+06 -1.6235E+05 -1.1842E+05
0000297   8.3288E+05  4.7317E+05 -9.2411E+04
0000298   1.0489E+06  8.8443E+04 -1.6528E+05
0000299   1.1006E+06 -1.1195E+05  3.3407E+05
0000300   1.8248E+06 -1.7459E+04  2.0775E+05
0000301   4.9204E+05 -2.4038E+05  3.1488E+05
0000302   6.3402E+05  8.7682E+04 -1.3021E+05
0000303   7.3207E+05  3.3975E+04  5.1436E+04
0000304   1.0541E+06 -3.0005E+05  8.0067E+05
0000305   1.4675E+06  1.1835E+05  2.4317E+05
0000306   7.8800E+05 -4.3891E+05 -2.9881E+05
0000307   1.5379E+06 -3.7619E+05 -2.6495E+05
0000308   1.4885E+06 -2.6836E+05  3.6378E+05
0000309   1.0818E+06  3.5821E+05 -2.7736E+05
0000310   1.2852E+06  9.1716E+03 -8.3548E+05
0000311   1.1572E+06 -5.4548E+05  1.0501E+04
0000312   6.4587E+05 -2.9237E+04  2.2831E+04
0000313   1.2326E+06 -2.3588E+05 -6.4989E+05
0000314   6.7216E+05  4.7197E+05 -9.7035E+04
0000315   1.3703E+06  3.8025E+05 -2.9409E+05
0000316   7.3543E+05 -9.2283E+04  7.5079E+04
0000317   7.1155E+05  1.9838E+04 -8.1880E+04
0000318   1.1026E+06  2.5353E+05 -1.6965E+04
0000319   1.4172E+06  2.5900E+05 -7.8905E+05
0000320   1.1405E+06 -1.9304E+05 -5.2557E+04
0000321   4.3659E+05  1.5645E+05 -1.9974E+05
0000322   6.8018E+05 -1.9725E+05  6.4807E+05
0000323   9.3339E+05 -6.4476E+04  3.6838E+05
0000324   3.1479E+05 -2.9985E+05  1.0377E+05
0000325   9.5740E+05 -1.8686E+05 -2.8559E+05
0000326   1.4855E+06  4.3745E+05  1.9224E+05
0000327   5.6104E+05 -3.1850E+04 -1.3276E+05
0000328   9.7759E+05  8.5935E+04 -7.8988E+05
0000329   9.9735E+05  3.4809E+05  1.2890E+03
0000330   7.7945E+05  2.7925E+05 -3.3411E+05
0000331   7.6378E+05 -2.4232E+02  9.6485E+04
0000332   8.8737E+05 -5.0488E+04  1.9860E+05
0000333   1.4384E+06 -2.7590E+05  2.7993E+05
0000334   1.3657E+06 -3.5856E+05  7.5855E+04
0000335   7.1979E+05 -4.7368E+05 -5.7098E+04
0000336   3.7597E+05 -4.4429E+05 -5.2788E+05
0000337   1.5033E+06  1.5655E+05  6.3323E+04
0000338   2.6697E+05 -1.7471E+05 -5.7889E+03
0000339   9.5620E+05 -2.2163E+05  2.7519E+05
0000340   9.5534E+05 -6.2935E+05  5.5568E+05
0000341   9.3850E+05 -1.5030E+05  4.5031E+05
0000342   8.8997E+05  3.2266E+05 -2.1458E+05
0000343   1.1627E+06  6.0565E+05  4.4499E+05
0000344   1.3806E+06 -4.6969E+04 -9.1468E+05
0000345   9.1967E+05 -2.1690E+05 -1.2866E+05
0000346   9.5583E+05  3.2687E+04  2.3871E+05
0000347   8.6766E+05 -1.0201E+06  1.4151E+04
0000348   1.1929E+06 -6.4881E+05  1.0256E+04
0000349   9.7963E+05 -7.8541E+04 -2.4587E+05
0000350   1.0329E+06 -7.4423E+04 -4.9613E+05
0000351   1.2898E+06  2.2571E+05  9.1474E+05
0000352   8.8164E+05  8.9913E+04 -1.8986E+05
0000353   1.0037E+06 -4.2170E+04  3.2488E+05
0000354   1.4986E+06  1.4952E+05 -2.2733E+04
0000355   1.2899E+06  6.4383E+05  1.2461E+04
0000356   1.7100E+06 -4.6679E+05 -9.8414E+04
0000357   1.3223E+06  1.0075E+06 -1.9561E+05
0000358   1.4441E+06 -8.0330E+05 -2.9400E+05
0000359   1.4217E+06  4.2884E+05 -1.4520E+05
0000360   1.4731E+06 -4.5853E+05  2.4395E+05
0000361   4.8720E+05 -2.4888E+05  1.3798E+05
0000362   1.0191E+06  1.1660E+05 -3.3332E+05
0000363   9.7814E+05 -1.6321E+05 -3.7394E+04
0000364   1.2243E+06  4.1691E+04 -7.5022E+05
0000365   1.1057E+06  4.6395E+04 -3.8875E+05
0000366   9.8675E+05 -6.9252E+03 -6.3968E+05
0000367   8.9675E+05  1.0265E+05 -2.6839E+05
0000368   1.1514E+06  8.0426E+04 -4.9430E+05
0000369   1.4859E+06 -1.8031E+04  3.8508E+05
0000370   4.9614E+05  7.8021E+04 -3.4966E+05
0000371   1.5902E+06  7.0394E+04 -2.0883E+05
0000372   1.0889E+06 -9.8347E+04 -2.9330E+05
0000373   1.5418E+06 -3.5328E+05 -4.4118E+02
0000374   1.0987E+06 -7.5698E+04 -6.4346E+04
0000375   6.1704E+05 -3.3756E+05 -1.7935E+04
0000376   9.5707E+05 -2.1867E+05  7.1842E+04
0000377   3.5303E+05 -4.5834E+05  1.6900E+04
0000378   1.4961E+06 -7.0740E+04 -4.0294E+05
0000379   4.6689E+05  6.5174E+05  6.5479E+04
0000380   1.1684E+06  4.8363E+05 -1.0847E+05
0000381   1.1919E+06 -1.6182E+05  1.9791E+05
0000382   9.9954E+05 -2.1087E+05  4.3096E+05
0000383   1.2623E+06 -2.5991E+05  5.3935E+05
0000384   1.4443E+06  1.2003E+04  2.2451E+05
0000385   1.3418E+06 -2.8963E+05  3.9984E+05
0000386   1.1292E+06 -4.4445E+05 -4.5278E+05
0000387   1.5066E+06 -2.6651E+04  1.8903E+04
0000388   1.0294E+06  5.9961E+05  4.3091E+05
0000389   1.2738E+06  6.2507E+05 -1.0755E+05
0000390   7.0356E+05 -2.7710E+05  9.9959E+04
0000391   1.1255E+06  3.5378E+05 -5.2301E+05
0000392   1.5685E+06  4.2992E+05 -2.9362E+05
0000393   4.8536E+05 -2.0361E+05 -2.6658E+04
0000394   1.5987E+06  2.7930E+05  1.2294E+05
0000395   2.9871E+05  1.0797E+05 -5.9386E+04
0000396   1.4939E+06  2.8331E+05  1.7181E+05
0000397   1.6007E+06  2.4418E+05 -6.8952E+04
0000398   1.7158E+06  3.9648E+05 -1.7750E+05
0000399   1.0066E+06 -3.5578E+05 -6.1254E+05
0000400   1.3935E+06  6.0130E+05 -3.8580E+05
0000401   2.8984E+05  1.3557E+05  7.2588E+04
0000402   1.7554E+06  6.9967E+05  3.7323E+05
0000403   1.0512E+06 -1.8847E+04  3.6746E+03
0000404   1.0684E+06  3.7885E+05  3.0137E+05
0000405   9.9437E+05 -1.4472E+05  5.0299E+05
0000406   8.9756E+05  2.8977E+05  9.3843E+04
0000407   1.1653E+06 -4.6269E+04 -1.2977E+05
0000408   8.2937E+05 -3.2936E+05  5.1291E+05
0000409   5.1843E+05 -2.1499E+05  8.2977E+04
0000410   1.1495E+06  1.7107E+05  2.0521E+05
0000411   1.3345E+06 -7.4603E+05 -3.9994E+05
0000412   1.0409E+06  6.2118E+04 -5.6636E+05
0000413   4.9082E+05 -1.6118E+05  5.4380E+05
0000414   1.1870E+06 -3.5419E+05 -3.2734E+05
0000415   1.1471E+06  1.7160E+03  1.3371E+04
0000416   1.4068E+06  2.0137E+05 -5.6432E+05
0000417   8.7546E+05 -2.1192E+05  8.2275E+04
0000418   1.3899E+06 -4.1390E+05 -3.3362E+05
0000419   1.7688E+06  2.3720E+05 -4.6512E+05
0000420   1.5314E+06  5.9461E+05  2.2737E+05
0000421   1.5598E+06 -9.5691E+04 -4.7703E+05
0000422   5.1903E+05  1.6501E+05 -4.7731E+04
0000423   6.8549E+05 -5.9926E+05  5.9181E+05
0000424   1.0498E+06  2.4128E+05 -4.2356E+05
0000425   6.0280E+05  1.7515E+05 -2.5481E+05
0000426   1.2199E+06 -8.3078E+04  3.2643E+05
0000427   6.8850E+05 -1.4502E+05 -7.5824E+05
0000428   7.9452E+05  3.2307E+05 -2.8930E+05
0000429   1.6218E+06 -3.1962E+05 -4.7016E+05
0000430   1.5151E+06  3.6645E+05 -2.3626E+05
0000431   1.2147E+06  5.3153E+05  1.1950E+05
0000432   1.6115E+06  9.8022E+04 -3.8120E+05
0000433   2.3506E+05 -5.6404E+04 -4.0908E+04
0000434   8.0565E+05  4.7360E+05  2.4519E+05
0000435   1.2495E+06 -6.3645E+05 -1.1906E+06
0000436   1.1578E+06  3.7858E+04  1.4046E+05
0000437   3.3964E+05  2.7953E+05  1.4995E+05
0000438   8.5290E+05 -1.2945E+05 -1.0677E+04
0000439   1.4504E+06 -1.2812E+05  3.9978E+05
0000440   9.8177E+05 -1.1735E+05  1.0946E+05
0000441   1.0313E+06  2.6718E+05  5.1843E+05
0000442   1.0415E+06  1.2628E+05  4.3868E+05
0000443   1.7160E+06  1.9106E+05  5.5029E+04
0000444   1.2615E+06 -8.0744E+04 -4.5641E+04
0000445   1.3622E+06  1.4131E+05 -5.8675E+04
0000446   7.0727E+05 -5.3357E+04  1.9300E+05
0000447   1.2710E+06 -4.3033E+04 -2.8181E+05
0000448   5.2693E+05  8.4092E+04  4.1483E+05
0000449   9.3698E+05  2.9030E+05 -1.0555E+05
0000450   1.7068E+06 -2.7842E+05 -3.6064E+05
0000451   1.1280E+06 -1.0401E+05 -5.3798E+05
0000452   9.1839E+05  1.5085E+05 -6.6218E+04
0000453   1.0339E+06  1.8999E+05 -3.9071E+05
0000454   1.4491E+06 -1.1853E+05  1.0402E+05
0000455   1.2178E+06  4.8936E+05  9.7671E+04
0000456   6.9497E+05 -1.3272E+05  1.9585E+05
0000457   1.4106E+06 -4.2409E+05  9.3593E+03
0000458   7.5609E+05 -1.4753E+05  1.8858E+05
0000459   1.4396E+06 -2.8026E+05 -6.2317E+05
0000460   1.7503E+06  5.1698E+05  2.9177E+05
0000461   1.0494E+06  6.4455E+04  2.2033E+05
0000462   6.7948E+05 -1.4476E+05  1.5983E+05
0000463   8.5863E+05 -4.9762E+04  6.6340E+04
0000464   1.2407E+06 -2.2301E+05 -1.2112E+05
0000465   1.0644E+06  7.5265E+03 -9.9465E+03
0000466   8.9546E+05  1.6466E+05 -1.7895E+05
0000467   9.4005E+05  5.9222E+05 -3.0867E+05
0000468   1.2003E+06  4.4519E+05  1.7538E+05
0000469   1.1695E+06  1.7161E+05 -5.1137E+05
0000470   1.1521E+06 -4.5219E+05  5.1445E+05
0000471   1.0382E+06 -1.9399E+05  4.1142E+05
0000472   1.3533E+06  4.5212E+03  1.6090E+05
0000473   1.4033E+06  3.6033E+05  4.9359E+05
0000474   2.9989E+05 -8.5520E+04  4.2368E+05
0000475   6.5121E+05  2.3816E+05 -2.2864E+05
0000476   1.1697E+06 -3.8532E+05 -9.7666E+04
0000477   1.7285E+05 -2.9594E+05  2.8738E+05
0000478   1.0677E+06  5.2759E+04 -2.9104E+05
0000479   1.0448E+06 -3.4129E+05 -1.2412E+05
0000480   8.2650E+05 -3.1150E+05  1.9257E+05
0000481   1.4684E+06  3.2672E+05 -7.2926E+05
0000482   9.6732E+05  1.0943E+05  2.6099E+05
0000483   1.5193E+06  5.2539E+03 -5.5310E+05
0000484   8.3646E+05  6.7776E+05 -5.1134E+04
0000485   9.8038E+05  2.9132E+05 -4.2897E+05
0000486   9.1810E+05 -4.3091E+04  3.1796E+05
0000487   1.3112E+06  4.5567E+05  3.6518E+04
0000488   8.3185E+04  1.0936E+04  1.4533E+05
0000489   9.2551E+05  6.8397E+04 -4.9903E+05
0000490   1.5578E+06  5.2931E+05 -3.5583E+05
0000491   9.1486E+05  2.6591E+05  1.5120E+05
0000492   1.3019E+06  7.0785E+04 -5.6764E+05
0000493   5.3177E+05 -6.9750E+04 -2.2382E+05
0000494   1.1736E+06  2.4076E+05 -4.1720E+05
0000495   2.5558E+05 -1.9021E+05  5.0105E+05
0000496   1.5703E+06 -2.4749E+05 -2.2679E+05
0000497   3.6309E+05  2.3685E+05 -4.6076E+05
0000498   1.9365E+06  1.0581E+05  3.9633E+05
0000499   1.3787E+06  1.5147E+04 -9.5410E+03
0000500   1.1541E+06  7.1906E+03 -7.7345E+05
0000501   1.1240E+06  1.9684E+05 -2.4779E+05
0000502   1.5924E+06 -1.4842E+05 -4.4437E+05
0000503   1.5969E+06 -2.4210E+05  3.7747E+05
0000504   1.3431E+06  2.6207E+05  8.6881E+04
0000505   1.3760E+06  9.7360E+05 -8.0300E+04
0000506   1.3681E+06 -1.5184E+05 -2.3226E+05
0000507   1.2967E+06  1.0060E+05  2.0443E+05
0000508   9.3882E+05 -3.3394E+05  7.0364E+05
0000509   1.5342E+06  2.5984E+05  5.6067E+05
0000510   1.0262E+06 -7.2928E+04  2.1410E+05
0000511   9.7906E+05 -6.5705E+05 -1.5322E+05
0000512   1.0190E+06  5.3089E+05 -7.1984E+05
0000513   4.4677E+05 -9.8751E+03  3.4738E+05
0000514   1.5887E+06  9.3240E+04 -6.1009E+04
0000515   1.2545E+06  7.3055E+03  1.1992E+05
0000516   1.7016E+06  3.7636E+05  3.9638E+04
0000517   7.4158E+05 -4.8717E+05 -3.3039E+05
0000518   1.0577E+06 -5.6334E+05  2.5443E+05
0000519   6.9701E+05 -1.3579E+04  1.0020E+05
0000520   1.4207E+06 -1.3058E+05 -6.6841E+04
0000521   1.0958E+06 -4.5013E+05  9.0694E+04
0000522   1.1447E+06 -6.5537E+05 -1.2691E+05
0000523   1.5910E+06  5.8310E+05  1.4566E+05
0000524   1.7838E+06  2.4018E+05  4.2989E+05
0000525   9.7035E+05 -9.4687E+03  8.9664E+04
0000526   1.0064E+06 -1.4429E+05 -4.6124E+05
0000527   1.1349E+06 -2.1639E+05 -3.6703E+05
0000528   9.5492E+05 -3.2236E+05 -2.0580E+04
0000529   1.2058E+06 -1.8962E+05 -6.4097E+05
0000530   1.1547E+06  3.3475E+04 -2.0188E+04
0000531   8.4062E+05 -9.7008E+04 -1.0348E+05
0000532   5.2909E+05  2.9379E+05  7.0696E+04
0000533   1.3849E+06 -1.2843E+05  4.0226E+05
0000534   1.6861E+06  2.0689E+04 -3.0102E+05
0000535   1.4774E+06 -9.7178E+04 -4.7576E+05
0000536   9.6857E+05  1.7530E+05 -6.8590E+05
0000537   1.0502E+06 -1.1191E+05  4.8534E+05
0000538   1.3662E+05 -1.4289E+05 -6.2760E+04
0000539   9.1977E+05 -1.9381E+05 -6.1246E+05
0000540   1.4504E+06  1.7085E+05 -6.2620E+04
0000541   6.8033E+05 -4.3666E+05 -9.9527E+04
0000542   1.0366E+06 -5.2856E+05  5.2970E+05
0000543   1.6174E+06 -5.6856E+04  4.2417E+05
0000544   5.4534E+05 -3.0441E+04 -1.3107E+05
0000545   1.3528E+06  2.9295E+04 -2.8854E+05
0000546   9.2362E+05 -4.9784E+05 -7.7172E+04
0000547   1.0102E+06 -9.1537E+05 -2.8079E+05
0000548   1.2067E+06  1.1520E+05 -2.0752E+05
0000549   8.2169E+05  2.2572E+04  2.5055E+05
0000550   1.5917E+06  9.4875E+04  2.6344E+05
0000551   1.2456E+06  4.6228E+04 -7.3299E+04
0000552   6.9729E+05 -3.1178E+05 -5.5608E+05
0000553   1.2738E+06 -3.0064E+05 -2.5158E+05
0000554   7.6992E+05 -1.7133E+05  6.6190E+04
0000555   1.4787E+06 -1.1091E+05 -5.3787E+04
0000556   6.6542E+05 -2.3053E+05 -7.3641E+05
0000557   3.7375E+05  1.6163E+05 -1.1207E+05
0000558   1.0666E+06  3.8468E+05 -2.7025E+05
0000559   1.0223E+06 -3.8953E+05 -9.3833E+04
0000560   8.4089E+05  1.3809E+05 -3.9108E+05
0000561   1.1933E+06  7.4502E+05 -6.5113E+05
0000562   1.6819E+06  2.9999E+05 -1.8465E+04
0000563   1.1563E+06  1.7448E+05  8.5647E+04
0000564   1.0129E+06  4.4803E+05  4.9699E+04
0000565   1.0560E+06  6.2152E+05  8.4640E+04
0000566   6.0622E+05  5.4781E+05  1.8371E+05
0000567   1.2152E+06  6.5255E+05 -1.3341E+05
0000568   4.9286E+05 -4.3963E+02 -9.8415E+04
0000569   1.9275E+06 -1.9512E+05  3.3981E+05
0000570   1.3496E+06  2.8857E+05  1.2081E+05
0000571   1.1532E+06  5.5019E+05 -1.5784E+05
0000572   1.1666E+06 -1.6205E+05  3.6609E+05
0000573   1.1347E+06 -5.8971E+05  4.8276E+05
0000574   8.8060E+05  3.3044E+03  6.4944E+04
0000575   1.3491E+06 -1.2303E+05 -7.0553E+05
0000576   1.1869E+06  1.7052E+05  1.1449E+05
0000577   9.7025E+05  1.5411E+05  2.7340E+05
0000578   7.2079E+05  4.3528E+05  4.0741E+05
0000579   3.7098E+05  4.5255E+05  1.9625E+05
0000580   1.2672E+06 -8.7172E+05 -3.0439E+05
0000581   1.5427E+06  6.8248E+05  1.7564E+04
0000582   1.2989E+06  1.0073E+05  4.0830E+05
0000583   9.1781E+05  4.4895E+05 -1.7616E+05
0000584   7.3338E+05  2.4836E+04  1.3847E+05
0000585   5.6135E+05  1.2674E+05  1.5570E+04
0000586   7.4137E+05  5.0489E+05 -2.2612E+04
0000587   1.7359E+06  1.0377E+05  6.6697E+04
0000588   5.1472E+05 -2.7691E+04 -2.9708E+04
0000589   8.5703E+05  3.1899E+05 -3.0677E+05
0000590   5.9099E+05 -2.4956E+04 -2.5272E+05
0000591   4.6019E+05 -2.4517E+05 -2.2857E+05
0000592   5.7737E+05 -4.4282E+05 -2.3915E+04
0000593   1.4512E+06 -4.8018E+05  2.6299E+05
0000594   1.5825E+06 -1.2033E+05  4.4484E+04
0000595   6.3504E+05  4.8901E+04 -7.4561E+04
0000596   1.2058E+06 -3.1850E+05  1.9106E+05
0000597   6.6249E+05  6.6764E+04  5.1005E+05
0000598   1.4518E+06  1.1864E+05  2.6485E+05
0000599   9.5241E+05  2.0385E+05  1.7580E+05
0000600   7.9122E+05  8.9297E+04  2.1890E+05
0000601   6.8379E+05  5.1051E+05 -3.6701E+05
0000602   4.5044E+05  1.1204E+04  8.9341E+04
0000603   1.2850E+06 -8.4015E+04  7.5944E+05
0000604   1.0355E+06 -1.2586E+05  4.3246E+05
0000605   1.2576E+06 -5.6625E+05  3.4371E+05
0000606   8.3837E+05 -7.8658E+04 -1.2367E+05
0000607   9.8814E+05  3.3592E+04 -1.2242E+05
0000608   9.9979E+05  2.1908E+05 -5.2647E+05
0000609   1.2561E+06 -7.6822E+05 -6.5510E+05
0000610   5.9142E+05 -5.0930E+05  4.5650E+05
0000611   1.3435E+06 -9.5000E+04 -1.7404E+05
0000612   7.5814E+05 -8.9489E+04 -3.7953E+05
0000613   1.6266E+06 -1.4756E+05  3.9606E+05
0000614   1.4047E+06 -2.8753E+05 -1.5918E+05
0000615   8.7842E+05 -6.9522E+04 -3.4403E+05
0000616   5.8949E+05 -1.5821E+05  2.7292E+05
0000617   9.1513E+05 -8.4949E+05  1.2115E+05
0000618   9.4372E+05  4.5989E+05 -8.9507E+04
0000619   6.1055E+05  3.1234E+05 -2.0222E+05
0000620   1.4455E+06 -3.2016E+05 -6.4461E+05
0000621   1.1225E+06 -1.9127E+05  2.6659E+04
0000622   7.3625E+05 -3.6723E+05  2.3985E+05
0000623   8.6495E+05 -8.9157E+04  1.3588E+05
0000624   3.0503E+05 -1.5669E+05 -4.7271E+04
0000625   1.4267E+06 -4.3287E+05  5.0934E+04
0000626   1.1977E+06  1.8243E+04  8.1516E+05
0000627   1.4350E+06 -9.8248E+03 -2.0767E+05
0000628   1.0049E+06  1.4479E+05  9.1171E+04
0000629   7.7870E+05 -3.6560E+03 -4.1839E+05
0000630   1.3797E+06 -6.7673E+05 -7.1150E+05
0000631   1.0593E+06  1.4038E+05 -7.8385E+04
0000632   4.3008E+05  1.2525E+05 -2.0474E+05
0000633   9.3943E+05  1.4635E+04  5.4590E+05
0000634   1.1130E+06  6.1192E+05  7.2318E+05
0000635   1.4847E+06  1.3442E+05 -5.3949E+05
0000636   5.3215E+05  1.2245E+04 -1.4071E+05
0000637   1.2119E+06 -2.2425E+05 -2.5666E+05
0000638   4.4933E+05  2.6742E+05  1.6801E+05
0000639   7.1689E+05 -1.7136E+05  4.0486E+04
0000640   1.4862E+06 -5.2146E+05 -2.7145E+05
0000641   9.0837E+05 -3.5408E+04 -3.6599E+04
0000642   4.9920E+05  2.6714E+05 -1.8886E+05
0000643   1.3604E+06 -2.2590E+05  3.4422E+05
0000644   3.5941E+05 -1.5113E+05  1.2511E+05
0000645   1.1918E+06 -3.2150E+05 -3.4217E+05
0000646   3.1543E+05 -1.4035E+04  1.9444E+05
0000647   1.4790E+06  6.0729E+05 -3.3187E+04
0000648   8.2043E+05 -1.2534E+05 -1.7351E+04
0000649   1.7163E+06  1.6319E+05 -2.6712E+05
0000650   6.5807E+05  8.9836E+04  6.0292E+04
0000651   1.2494E+06  3.0982E+05  4.2716E+05
0000652   7.8343E+05  4.1257E+05 -2.7416E+04
0000653   1.7570E+06 -4.2731E+04  2.9527E+05
0000654   1.4166E+06 -1.9039E+05 -1.7026E+04
0000655   4.9539E+05 -3.8558E+05  1.7494E+05
0000656   1.4080E+06 -2.2157E+05 -5.2072E+05
0000657   3.2644E+05  2.7456E+05  2.0824E+05
0000658   1.7238E+06  8.5726E+04 -4.4089E+05
0000659   7.6861E+05 -1.5204E+05 -3.0689E+05
0000660   1.0676E+06  2.2863E+05  1.1024E+05
0000661   1.1455E+06  2.7805E+05  6.4181E+05
0000662   1.4738E+06  5.6645E+05 -2.0644E+05
0000663   1.3431E+06  3.6753E+05 -4.6501E+05
0000664   5.0279E+05  8.1984E+04 -3.7699E+05
0000665   7.5812E+05 -8.2844E+03 -2.1973E+05
0000666   1.6198E+06  3.4970E+05 -1.8456E+05
0000667   1.2632E+06 -3.3450E+05  3.3163E+05
0000668   1.1077E+06 -6.0591E+05 -3.3641E+05
0000669   6.4667E+05 -1.5724E+05 -4.9953E+05
0000670   6.4400E+05 -4.0064E+05 -1.0123E+05
0000671   1.7403E+06  4.7236E+05 -5.8371E+05
0000672   7.9759E+05 -9.5651E+05  6.8856E+05
0000673   8.5037E+05  2.9030E+05 -4.3560E+05
0000674   1.4329E+06  1.1683E+05 -5.5992E+04
0000675   2.1134E+06 -3.1298E+05  1.6811E+05
0000676   1.3722E+06  6.6132E+05  3.0612E+05
0000677   1.4371E+06  7.4050E+04  3.8664E+05
0000678   1.5527E+06  6.9039E+05  8.3742E+04
0000679   5.1803E+05 -1.7226E+04 -3.8411E+04
0000680   1.6253E+06  3.3852E+05  2.2517E+05
0000681   1.2492E+06 -5.2938E+05  1.8596E+04
0000682   1.6788E+06  7.9109E+04 -4.2169E+05
0000683   1.3306E+06 -5.3487E+03 -5.5705E+05
0000684   4.0977E+05  3.4261E+05 -9.5396E+04
0000685   7.9256E+05  2.3830E+05 -4.4527E+04
0000686   1.5353E+06  2.3399E+05  1.9367E+05
0000687   1.2471E+06 -1.2966E+05 -1.1723E+05
0000688   1.0346E+06  5.3670E+05  2.1621E+05
0000689   7.5803E+05  5.7325E+05 -3.1318E+04
0000690   1.4149E+06 -4.8372E+05 -3.8778E+04
0000691   1.2349E+06  1.5749E+05  1.6248E+05
0000692   2.5413E+05  6.5122E+05  2.3040E+05
0000693   9.1147E+05 -1.3227E+05  3.1696E+05
0000694   1.1079E+06 -2.0977E+05  1.8363E+05
0000695   1.1162E+06 -3.0492E+05 -6.4098E+04
0000696   1.6755E+06 -6.0883E+05 -2.0122E+05
0000697   1.0801E+06 -3.0693E+05  6.9240E+05
0000698   1.1911E+06  1.7941E+05 -9.5030E+04
0000699   7.6093E+05  5.6594E+05 -4.0362E+05
0000700   3.3979E+05 -3.1430E+04  1.9253E+05
0000701   1.4572E+06 -4.2823E+05 -1.7106E+05
0000702   1.5114E+06  3.9575E+04 -3.2254E+04
0000703   1.5294E+06 -3.5837E+05 -2.5256E+05
0000704   1.4086E+06  4.7946E+05  3.0823E+05
0000705   9.8359E+05 -3.5574E+04  7.2994E+04
0000706   4.2708E+05 -3.4973E+04 -4.3269E+05
0000707   1.1262E+06 -1.0655E+05 -5.6591E+04
0000708   1.6172E+06  5.2125E+04  1.4383E+05
0000709   1.4138E+06 -8.4546E+05  2.6120E+05
0000710   1.1641E+06  1.5154E+05  6.8919E+05
0000711   1.7425E+06 -5.7436E+05 -6.2173E+05
0000712   1.6246E+06  2.2095E+05 -5.8740E+05
0000713   8.0975E+05  4.2443E+04 -2.7923E+05
0000714   6.3267E+05 -4.5352E+04  2.7470E+05
0000715   5.5623E+05  1.0536E+05 -1.8566E+05
0000716   1.5488E+06 -7.9951E+05 -2.9207E+05
0000717   1.5826E+06 -2.3288E+05 -2.5840E+05
0000718   8.6572E+05 -4.6344E+05 -1.0971E+05
0000719   1.1654E+06  5.5497E+04 -1.0773E+05
0000720   1.4985E+06 -4.8352E+05  2.1310E+05
0000721   1.0194E+06  4.2252E+05  1.8090E+05
0000722   3.5988E+05 -3.6506E+05  3.4627E+04
0000723   1.0445E+06 -2.1553E+05  6.3946E+05
0000724   7.2970E+05  1.5365E+05 -6.7141E+05
0000725   4.3706E+05  2.4977E+05  6.0208E+04
0000726   9.5799E+05 -4.5768E+05 -1.6476E+05
0000727   1.5402E+06  2.5851E+05  2.7832E+05
0000728   9.4978E+05 -4.7491E+04  3.4715E+04
0000729   9.9304E+05 -5.0683E+04 -2.0062E+05
0000730   7.3037E+05  2.7358E+05 -5.4376E+05
0000731   1.3319E+06  4.4057E+05 -1.9821E+05
0000732   1.3949E+06  1.5159E+05 -3.3168E+05
0000733   9.9095E+05 -5.1072E+05  7.1680E+05
0000734   1.5662E+06  8.2224E+04 -5.3207E+04
0000735   1.2556E+06  1.9648E+05 -5.1953E+05
0000736   5.7587E+05 -1.3186E+05 -2.1518E+05
0000737   7.6799E+05 -9.5337E+03 -2.8133E+05
0000738   4.7795E+05 -2.5802E+05 -3.1806E+04
0000739   8.5866E+05 -2.6520E+05  8.9635E+04
0000740   1.1551E+06 -3.8200E+05  7.1539E+04
0000741   1.1279E+06  5.2815E+05  6.1458E+05
0000742   1.0291E+06  9.8596E+04 -7.0719E+05
0000743   9.8435E+05 -2.4153E+05 -8.4802E+05
0000744   1.2832E+06  1.3445E+05 -3.7684E+05
0000745   1.1620E+06  3.3193E+05 -2.4477E+05
0000746   2.4323E+05 -5.7773E+03 -9.9644E+02
0000747   7.7838E+05  2.2862E+05  6.8580E+05
0000748   1.0903E+06 -1.8302E+05  3.6536E+05
0000749   1.1954E+06  1.0804E+05  6.7717E+05
0000750   5.6430E+05 -1.7726E+05  5.7017E+04
0000751   9.7433E+05 -9.2940E+05  8.9822E+04
0000752   8.1317E+05 -5.6756E+05 -6.3803E+05
0000753   1.1701E+06 -2.1176E+05 -2.8478E+05
0000754   1.5633E+06 -2.4780E+04 -1.7347E+05
0000755   1.5513E+06  2.2041E+05  1.1822E+05
0000756   1.4015E+06  1.3790E+05 -4.9788E+05
0000757   1.2841E+06 -2.2465E+05 -3.6809E+05
0000758   1.3735E+06  3.5333E+05  3.5850E+05
0000759   1.3535E+06  2.8325E+05  2.0963E+05
0000760   1.7520E+06  1.5882E+05  2.9031E+04
0000761   1.1308E+06  9.8751E+04 -3.6478E+05
0000762   1.5189E+06 -4.6507E+05  3.4577E+05
0000763   1.5030E+06 -3.3235E+05  1.9866E+05
0000764   8.3669E+05 -6.7290E+05 -1.7038E+05
0000765   8.4714E+05 -7.7554E+04  1.7240E+05
0000766   7.6010E+05 -7.4753E+05 -7.5628E+05
0000767   1.5794E+06  5.7463E+04  5.3843E+05
0000768   1.1694E+06  8.7964E+04  1.3220E+05
0000769   1.3076E+06  4.5479E+05  9.5786E+04
0000770   1.5474E+06 -3.8167E+05  3.9795E+04
0000771   1.1057E+06 -6.6758E+05  7.7403E+05
0000772   1.5734E+06 -3.7383E+05 -4.2694E+05
0000773   1.0731E+06  3.4272E+05  1.3142E+05
0000774   1.3511E+06 -3.4294E+05  3.5351E+04
0000775   1.2212E+06  2.2252E+05 -1.1763E+05
0000776   1.3765E+06 -4.5611E+05  5.2165E+05
0000777   1.8112E+06  3.5257E+05 -2.9751E+05
0000778   7.7325E+05  2.1437E+05  1.3453E+05
0000779   9.5398E+05  4.1515E+05 -3.1128E+05
0000780   1.1516E+06  2.5189E+05 -5.1407E+05
0000781   1.5687E+06 -8.1599E+04 -7.4063E+02
0000782   1.3295E+06 -1.8929E+05  4.9502E+05
0000783   1.1477E+06 -3.2331E+05 -9.1833E+03
0000784   1.4956E+06  1.2223E+05  2.6936E+05
0000785   7.2558E+05 -2.1721E+05 -3.8785E+05
0000786   8.0465E+05  1.2229E+04 -3.2991E+05
0000787   1.2214E+06 -4.1095E+05 -2.0328E+05
0000788   7.2442E+05  1.9391E+05 -1.5225E+05
0000789   1.7438E+06 -6.3367E+05 -4.5908E+05
0000790   8.1601E+05  4.0504E+04  3.4746E+05
0000791   1.2925E+06 -5.3936E+05  1.4035E+04
0000792   1.7984E+05  1.9177E+04 -3.0044E+04
0000793   8.5466E+05 -1.1811E+04  2.7283E+05
0000794   9.5832E+05 -4.1116E+05 -1.4648E+05
0000795   1.0924E+06  2.6565E+05  5.4517E+05
0000796   1.6654E+06 -5.3337E+05  6.5138E+05
0000797   1.3989E+06  1.9243E+04  5.2556E+05
0000798   1.0613E+06 -4.1428E+05  4.7320E+04
0000799   1.4540E+06 -5.4919E+05  1.7347E+04
0000800   5.6717E+05  2.1196E+05  6.4519E+04
0000801   1.0573E+06 -1.3820E+04  6.7304E+04
0000802   1.1591E+06 -1.5381E+05  1.6116E+04
0000803   1.3103E+06 -3.1486E+05  2.8243E+05
0000804   1.4263E+06 -1.2193E+05  2.2978E+05
0000805   9.3901E+05  3.0178E+05  3.8891E+05
0000806   7.1334E+05 -6.9390E+05 -6.8466E+05
0000807   8.6642E+05 -8.9135E+04  2.8534E+05
0000808   1.0625E+06 -2.1909E+04 -9.5121E+05
0000809   1.3201E+06 -1.7879E+05  2.9350E+05
0000810   8.0813E+05  3.2688E+05  2.1821E+05
0000811   1.7675E+06 -9.4674E+04 -2.1601E+05
0000812   9.1877E+05  1.9373E+05  7.9099E+04
0000813   1.3718E+06 -1.5606E+05 -1.6363E+05
0000814   1.3685E+06  6.4401E+04 -5.5225E+04
0000815   1.1098E+06 -3.9037E+04 -2.6206E+05
0000816   1.9344E+05 -2.8288E+05 -3.4579E+05
0000817   1.4270E+06 -4.4287E+05  3.1818E+05
0000818   8.2226E+05  1.0292E+05 -1.3559E+05
0000819   5.6773E+05  2.6473E+05 -3.7437E+05
0000820   1.6859E+06 -4.0561E+05  3.8243E+05
0000821   1.2515E+06 -6.8957E+04  1.4278E+04
0000822   1.0292E+06  3.1046E+05  5.8569E+05
0000823   8.1375E+05  3.1276E+05  1.0296E+04
0000824   3.7541E+05  2.1649E+05 -7.2799E+05
0000825   1.2900E+06 -1.6687E+05  1.1962E+05
0000826   7.8111E+05  4.6306E+05 -6.7562E+05
0000827   8.8544E+05 -5.8891E+02  2.8528E+04
0000828   1.2553E+06 -2.6207E+03  7.5883E+05
0000829   1.3027E+06 -4.6660E+05  3.4413E+04
0000830   1.2797E+06 -6.3536E+04  3.1202E+04
0000831   5.7965E+05  2.5543E+05  4.7779E+05
0000833   1.2943E+06 -1.2246E+05  2.2874E+05
0000834   1.5574E+06 -1.0054E+05 -7.4371E+03
0000835   1.1030E+06 -1.4799E+05 -6.8608E+04
0000836   3.0717E+05 -1.8149E+04 -9.3890E+04
0000837   7.1307E+05  2.0473E+05 -1.7364E+05
0000838   5.5314E+05  1.6737E+05 -1.2595E+04
0000839   1.2281E+06 -1.5267E+05 -3.7107E+05
0000840   8.8375E+05 -4.7295E+05  2.3534E+05
0000841   1.2172E+06  7.2053E+05  3.6511E+05
0000842   1.3297E+06  5.7964E+05 -4.4241E+05
0000843   1.5637E+06 -1.1764E+04  7.7946E+05
0000844   9.5518E+05  4.5448E+05 -8.4062E+05
0000845   1.1446E+06  4.9500E+05 -3.1142E+05
0000846   1.1293E+06  6.1910E+05 -1.3237E+05
0000847   1.2703E+06 -4.7833E+05 -1.4335E+05
0000848   1.0931E+06 -2.9781E+05 -5.3448E+05
0000849   1.2900E+06  3.9739E+05  1.2961E+05
0000850   1.3782E+06 -2.2643E+05 -1.4020E+05
0000851   5.0373E+05 -1.3753E+05 -2.8028E+05
0000852   1.4326E+06 -7.7319E+05 -2.3203E+05
0000853   1.4682E+06 -8.6366E+05  3.5635E+05
0000854   1.1410E+06  3.5492E+05  1.5011E+05
0000855   4.7306E+05  4.2250E+05  5.5104E+04
0000856   1.2089E+06 -1.1931E+06  5.0391E+04
0000857   3.9908E+05  4.6733E+04  4.6354E+04
0000858   1.0772E+06  1.4533E+04 -1.7242E+04
0000859   6.9822E+05  1.9559E+05 -7.7768E+04
0000860   7.9363E+05 -7.4371E+05  4.8413E+04
0000861   1.3324E+06 -2.4011E+05  1.2669E+05
0000862   1.0412E+06 -3.8613E+05  8.9414E+05
0000863   1.3322E+06 -1.2739E+03 -6.5867E+04
0000864   1.1682E+06 -2.0341E+05 -5.2451E+05
0000865   8.6558E+05  2.4604E+05 -4.4708E+05
0000866   1.1928E+06  3.9080E+05  4.1877E+05
0000867   1.3955E+06  5.8230E+05 -4.6178E+05
0000868   1.1735E+06 -3.5667E+05  4.4554E+05
0000869   5.1673E+05  2.1555E+05  7.2541E+04
0000870   1.5147E+06  3.6023E+05  4.6149E+04
0000871   1.5084E+06 -4.1048E+05 -3.4774E+05
0000872   5.8509E+05  1.0497E+05 -1.8015E+04
0000873   9.8521E+05 -9.1353E+04 -8.4653E+04
0000874   1.4415E+06  3.8403E+05 -3.4240E+04
0000875   1.7094E+06  5.1701E+04  2.6023E+05
0000876   1.6150E+06  2.5725E+04 -1.2973E+05
0000877   8.6724E+05  3.4965E+04 -3.2125E+05
0000878   1.0589E+06 -5.6254E+03  8.0936E+05
0000879   7.8298E+05 -3.3089E+05  4.2351E+05
0000880   1.3217E+06 -5.0375E+05 -2.2703E+05
0000881   1.0098E+06  1.2603E+04 -8.0114E+05
0000882   1.1946E+06 -6.0913E+05 -4.8999E+05
0000883   1.1750E+06 -7.1842E+04 -6.5469E+05
0000884   1.9951E+06 -2.6057E+05  6.5116E+05
0000885   1.5296E+06  2.2805E+05 -3.8071E+04
0000886   9.9772E+05  7.0473E+05  3.2233E+05
0000887   1.2006E+06  2.9644E+05 -2.1826E+05
0000888   1.3962E+06 -7.7343E+05 -7.7888E+05
0000889   1.0790E+06 -3.2841E+05  5.4099E+03
0000890   4.6829E+05  2.5819E+05 -1.6242E+05
0000891   1.4199E+06 -2.7676E+05 -8.3735E+05
0000892   3.3557E+05 -2.7385E+04 -9.1156E+04
0000893   6.2730E+05 -2.1663E+05  1.5029E+05
0000894   1.2903E+06 -6.1417E+05 -2.8672E+05
0000895   1.3547E+06 -3.8363E+05  9.3136E+04
0000896   8.1500E+05  2.0499E+05 -5.2819E+05
0000897   5.8131E+05  2.8444E+05  3.3636E+05
0000898   1.3302E+06  3.2082E+04  8.8282E+02
0000899   1.0768E+06  4.0853E+05 -3.1518E+04
0000900   1.0120E+06 -1.1165E+05 -5.7665E+05
0000901   6.5964E+05 -1.7123E+04 -2.5506E+05
0000902   7.1108E+05  7.4775E+05 -7.1848E+04
0000903   9.4138E+05  1.9238E+05  2.8461E+05
0000904   5.9250E+05 -9.2721E+04 -2.0257E+05
0000905   1.2910E+06 -2.0277E+04 -1.5531E+05
0000906   1.0403E+05 -2.7150E+05  1.9941E+04
0000907   8.4319E+05  6.6264E+05  2.8110E+05
0000908   1.6706E+06 -3.1578E+05  3.8271E+05
0000909   1.3754E+06  5.2224E+05  6.3857E+05
0000910   8.0654E+05 -2.3782E+05  6.7086E+04
0000911   1.4720E+06  4.5320E+05 -4.8294E+05
0000912   1.1499E+06  1.2110E+05  3.8556E+04
0000913   1.4945E+06  5.9573E+05 -6.9130E+04
0000914   1.4125E+06 -1.0754E+05  7.6423E+05
0000915   1.4777E+06 -5.3278E+04  2.9891E+05
0000916   1.2199E+06  5.1889E+05  5.9676E+04
0000917   8.6806E+05  3.4959E+04  5.3873E+05
0000918   1.6078E+06 -1.1360E+04  2.6361E+05
0000919   6.5676E+05 -8.8193E+04 -2.0967E+05
0000920   1.6583E+06 -2.9053E+05  2.6625E+05
0000921   1.2864E+06  7.9608E+04 -7.4290E+04
0000922   1.4517E+06  4.3344E+05 -3.8659E+04
0000923   7.4470E+05  6.5586E+04 -2.9156E+04
0000924   4.6359E+05 -3.1274E+05 -1.1993E+05
0000925   1.5973E+06  4.2041E+05 -6.3714E+03
0000926   5.8663E+05  5.0437E+04 -1.2704E+05
0000927   9.2661E+05 -1.0850E+05 -1.8106E+05
0000928   9.7178E+05 -2.6553E+04 -1.1190E+06
0000929   1.0855E+06 -5.2063E+05 -3.7382E+05
0000930   1.7043E+06  4.9483E+05  7.3654E+04
0000931   1.1876E+06  7.7817E+04  1.5244E+05
0000932   1.8429E+06  1.8326E+05  2.4770E+05
0000933   1.2759E+06 -4.6976E+05 -5.3572E+04
0000934   6.1469E+05 -3.0598E+03  1.6442E+04
0000935   7.9946E+05 -8.5071E+05  3.0408E+05
0000936   1.1373E+06  5.4428E+04 -2.5073E+04
0000937   6.3519E+05 -5.2637E+05 -3.9387E+04
0000938   1.0119E+06  8.2002E+05  8.9019E+03
0000939   1.3863E+06 -7.0680E+04  2.3540E+05
0000940   1.0310E+06 -5.7391E+05 -3.2849E+05
0000941   5.1512E+05 -2.5951E+05 -9.0682E+04
0000942   1.1334E+06  7.0136E+04  5.0633E+05
0000943   1.6864E+06  4.2724E+05 -1.5010E+05
0000944   2.2209E+05  9.3253E+04 -6.9513E+04
0000945   1.3722E+06  1.8068E+05  6.2453E+05
0000946   2.3872E+05 -5.5321E+05 -8.5450E+04
0000947   1.3483E+06 -6.5604E+05  5.5159E+04
0000948   6.1627E+05 -1.7026E+05  4.7710E+04
0000949   1.6633E+06  8.2706E+04  2.5935E+05
0000950   1.1459E+06  1.2226E+05 -1.1224E+05
0000951   1.5269E+06  7.5580E+04 -3.7419E+05
0000952   1.5666E+06  1.3109E+05 -6.8515E+04
0000953   1.5519E+06 -2.5325E+05 -2.8318E+05
0000954   1.1020E+06  2.1725E+05  4.1460E+05
0000955   1.0822E+06  7.5534E+05 -3.3878E+05
0000956   1.0808E+06 -1.0743E+05  3.2271E+05
0000957   8.3745E+05  7.7504E+04 -4.1493E+05
0000958   5.5973E+05  3.7502E+05 -4.0953E+05
0000959   5.2724E+05 -3.1001E+05  2.4466E+03
0000960   8.2152E+05 -1.5037E+05 -2.7549E+05
0000961   5.3562E+05 -1.9937E+04 -3.1467E+05
0000962   6.1946E+05  4.7934E+05 -1.9147E+05
0000963   1.0832E+06  3.6089E+04  7.1447E+05
0000964   5.6475E+05 -2.2635E+05  5.2365E+04
0000965   1.1372E+06 -3.9443E+04  1.4837E+05
0000966   1.5823E+06 -4.6952E+04  9.0506E+04
0000967   1.0490E+06  3.2639E+04  1.1755E+05
0000968   1.2303E+06  5.4231E+05 -5.7332E+03
0000969   1.3417E+06 -2.7431E+05 -6.7826E+05
0000970   8.4538E+05 -5.9561E+04 -4.1806E+05
0000971   1.6170E+06  6.2941E+04  2.2181E+05
0000972   7.2511E+05  1.6656E+05  5.8680E+05
0000973   6.8478E+05 -3.3278E+05  4.9591E+05
0000974   1.8063E+06  3.7120E+05  2.9321E+04
0000975   6.0672E+05  2.5743E+05  2.9812E+04
0000976   1.3632E+06 -2.0068E+05 -3.3431E+05
0000977   1.0145E+06  6.0726E+05 -1.5590E+05
0000978   1.4750E+06 -1.8455E+05 -6.4534E+04
0000979   1.4299E+06 -9.5549E+04 -2.2800E+05
0000980   9.7862E+05 -4.2642E+05 -7.4045E+05
0000981   1.0281E+06  2.5702E+04 -4.9450E+05
0000982   1.1079E+06 -3.4857E+05  1.2067E+05
0000983   1.1483E+06 -6.5903E+05 -1.7228E+04
0000984   1.2338E+06  1.4110E+05 -3.5871E+04
0000985   1.2815E+06  5.7787E+05 -2.5383E+05
0000986   1.3448E+06 -2.0861E+05  4.8127E+04
0000987   1.7582E+06 -4.1674E+05  6.2248E+05
0000988   8.9536E+05  7.7914E+05  4.6544E+05
0000989   1.4927E+06 -1.0033E+06 -1.0631E+05
0000990   9.1463E+05 -3.6662E+04 -1.0286E+05
0000991   1.4448E+06 -3.2308E+04  1.7785E+05
0000992   9.3196E+05 -4.2899E+05 -1.1490E+05
0000993   9.7841E+05  1.4889E+05  3.8473E+05
0000994   6.6879E+05 -4.2739E+05  1.2453E+05
0000995   1.0262E+06 -2.1047E+05 -5.2244E+05
0000996   1.3691E+05  7.8243E+03 -7.6334E+04
0000997   1.5049E+06 -6.9180E+04 -2.3532E+05
0000998   1.1256E+06  2.5108E+04 -6.9495E+04
0000999   1.3101E+06  4.1423E+05  1.2894E+05
0001000   1.0102E+06  2.2095E+05 -2.3843E+05
