============================== SRIM-2013.00 ==============================
==============================================================================
====== SRIM Outputs\RANGE_3D.txt : File of Final Ion Positions =====

Ion = Ar (18)   Ion Mass= 039.9620
Energy  = 3556480.E-04 keV
Ion Angle to Surface = 00.0 degrees
==================== TARGET =======================
  Layer # 1 - Layer 1
  Layer # 1 - Bottom Depth=500000.E+02 A
  Layer # 1 - Density =0000.0089 g/cm3
  Layer # 1 -  100 % of Ar
様様様様様様様様様様様様様様様様様様様様様様様様様様
                                            
Ion       Depth  X   Lateral Y   Lateral Z  
Number    (Angstrom) (Angstrom)  (Angstrom) 
-------  ----------- ----------- -----------
0000001   1.6210E+06  4.5382E+05  9.6426E+05
0000002   2.0661E+06  3.2843E+05 -6.3039E+05
0000003   2.0250E+06  3.6314E+05 -2.9520E+05
0000004   1.2043E+06  3.6452E+05  2.3680E+05
0000005   1.4670E+06 -3.6159E+05 -6.5504E+05
0000006   1.8022E+06 -3.8627E+05 -2.4562E+05
0000007   1.3284E+06  3.5011E+05 -6.4037E+04
0000008   1.8545E+06 -4.5968E+05  2.6091E+05
0000009   9.0256E+05 -7.6499E+04 -2.6688E+05
0000010   1.4732E+06  1.7280E+05  7.7696E+04
0000011   1.1935E+06  8.0819E+05 -1.1700E+06
0000012   1.7239E+06  4.9315E+05  4.1165E+04
0000013   1.7206E+06  1.7512E+05  1.2299E+05
0000014   1.6732E+06 -4.0394E+04  5.5761E+05
0000015   1.5050E+06 -2.5279E+05 -3.9513E+05
0000016   1.7506E+06 -3.2464E+05 -2.3525E+05
0000017   1.6753E+06  5.8648E+05 -3.1285E+05
0000018   5.3285E+05 -1.6944E+05  4.1333E+05
0000019   1.0694E+06 -1.2384E+05 -1.2309E+05
0000020   1.2558E+06  3.1969E+05 -3.9110E+05
0000021   1.9720E+06 -4.6007E+04 -8.7916E+04
0000022   1.0858E+06 -1.5633E+05  6.2942E+04
0000023   2.0302E+06  1.3063E+05  3.3093E+05
0000024   1.0391E+06 -6.8347E+05 -5.9567E+05
0000025   1.4159E+06 -3.9211E+05 -6.1434E+05
0000026   1.7188E+06 -6.8440E+05  3.5706E+05
0000027   1.7577E+06  3.7215E+05  6.3097E+05
0000028   4.4584E+05 -6.5302E+05  5.3040E+05
0000029   6.1611E+05  4.5288E+05  4.5523E+04
0000030   1.3974E+06  1.2148E+05  1.9236E+05
0000031   1.8491E+06 -8.8770E+05 -5.7027E+05
0000032   1.6747E+06  6.4290E+05  2.1903E+05
0000033   1.8337E+06  5.1362E+05 -1.8930E+05
0000034   2.0532E+06 -4.4550E+05  5.3008E+05
0000035   1.9287E+06 -3.3298E+05 -2.9717E+05
0000036   1.6120E+06 -1.8542E+04  2.1986E+05
0000037   2.9977E+05 -1.6287E+05 -4.2851E+05
0000038   1.6825E+06 -1.2074E+05 -3.1426E+05
0000039   1.4855E+06 -1.2618E+06 -5.5706E+05
0000040   1.1988E+06  6.0485E+04 -5.3509E+05
0000041   1.4650E+06 -2.1139E+05  1.8108E+05
0000042   1.7294E+06  3.7061E+05  6.6735E+04
0000043   1.6947E+06  6.7568E+05 -8.5801E+05
0000044   1.6116E+06  7.2933E+05  3.4830E+05
0000045   1.8552E+06 -1.4764E+05 -3.2158E+05
0000046   1.7069E+06  6.9464E+04 -3.5187E+05
0000047   5.0844E+05 -2.4191E+05  5.5277E+05
0000048   9.5205E+05 -4.9272E+05 -3.2464E+05
0000049   1.2425E+06 -7.7672E+04  4.2455E+04
0000050   2.7859E+05  3.2670E+04 -3.1406E+04
0000051   2.2068E+06  3.8437E+05  3.5591E+05
0000052   1.9725E+06  1.8277E+05  6.5315E+05
0000053   1.0912E+06  2.2077E+05  2.2983E+05
0000054   1.2183E+06 -2.8266E+04 -2.8664E+05
0000055   1.6700E+06  8.2930E+05  2.5058E+04
0000056   1.6774E+06 -2.2638E+05  1.3305E+05
0000057   1.4397E+06  1.6546E+05  4.2714E+04
0000058   1.4036E+06  3.1458E+05 -7.5181E+04
0000059   6.4539E+05 -1.1853E+05  6.2296E+05
0000060   5.2310E+05 -1.1639E+05 -2.3151E+04
0000061   1.5644E+06 -2.0810E+05 -6.1040E+05
0000062   9.0234E+05  6.6891E+05  1.9367E+05
0000063   2.1801E+06  1.7470E+05 -5.1371E+05
0000064   1.5203E+06  6.2761E+04 -1.0782E+05
0000065   1.7053E+06 -2.8256E+05 -5.5387E+05
0000066   1.2349E+06  2.7425E+05  2.1120E+05
0000067   9.2562E+05  7.5805E+04  3.3210E+05
0000068   1.8286E+06  8.5173E+04  3.1796E+05
0000069   1.5301E+06 -2.1300E+05 -1.6555E+04
0000070   9.2692E+05  8.7208E+05  7.1516E+05
0000071   1.6504E+06  1.3056E+05 -3.8924E+05
0000072   1.6290E+06 -4.7507E+05  1.3696E+05
0000073   1.5734E+06 -6.9672E+05  9.3460E+04
0000074   1.8672E+06  5.4756E+05 -3.7572E+05
0000075   1.0093E+06 -1.1976E+04  4.6884E+05
0000076   1.2058E+06  1.5847E+05  1.1835E+04
0000077   9.7979E+05  6.9933E+05 -1.5314E+05
0000078   7.2416E+05  8.2829E+03  4.0026E+05
0000079   1.6422E+06  3.6859E+05 -1.0523E+05
0000080   1.4842E+06 -2.7112E+05  4.3533E+05
0000081   1.1620E+06  6.5034E+04  1.9924E+05
0000082   1.2917E+06 -5.1766E+05  4.6252E+05
0000083   1.8979E+06 -1.4620E+05 -7.1818E+05
0000084   1.7552E+06 -4.2334E+05  1.4985E+05
0000085   1.1677E+06 -4.9973E+05 -4.3346E+05
0000086   9.7967E+05 -5.8329E+05 -2.9704E+05
0000087   8.0203E+05 -2.8860E+05  5.2335E+05
0000088   1.2004E+06  5.1727E+05  2.8472E+05
0000089   1.0263E+06  6.4551E+05 -3.1026E+05
0000090   1.7710E+06  8.6836E+05 -5.2805E+04
0000091   1.0271E+06  1.6802E+05  1.0352E+05
0000092   1.6792E+06 -4.4881E+04  1.4135E+05
0000093   1.2571E+06 -7.0594E+03 -1.6826E+05
0000094   2.0513E+06  5.5798E+05 -4.8232E+05
0000095   1.4507E+06 -5.8528E+05 -9.0394E+04
0000096   1.6451E+06 -2.4363E+05  4.9585E+04
0000097   9.1832E+05  2.1957E+05 -2.0056E+05
0000098   1.5339E+06  3.8844E+05 -2.2017E+05
0000099   1.8983E+06 -5.4554E+05  4.6582E+05
0000100   1.6605E+06 -9.2835E+04 -2.5717E+05
0000101   1.7365E+06  8.2356E+05 -4.7349E+05
0000102   9.3183E+05 -5.7397E+05  4.9527E+05
0000103   1.1458E+06 -5.5877E+05  7.1457E+05
0000104   1.4058E+06 -2.0651E+03  1.2552E+06
0000105   1.6660E+06 -4.3777E+05  2.9710E+05
0000106   8.5603E+05 -1.9274E+05  1.0921E+06
0000107   1.7348E+06  2.8191E+05  3.6072E+05
0000108   2.1972E+06 -5.5094E+05 -3.8105E+05
0000109   5.8398E+05 -5.9596E+05 -1.3501E+05
0000110   1.4005E+06 -1.6631E+05 -7.3855E+05
0000111   1.3937E+06  1.4418E+05 -5.5211E+05
0000112   1.2908E+06 -3.1321E+05 -3.7422E+05
0000113   1.6971E+06 -2.2348E+05  4.0441E+05
0000114   1.7997E+06 -2.3994E+05  9.9190E+05
0000115   1.3118E+06 -1.1646E+06 -9.5280E+04
0000116   1.9544E+06 -1.9338E+05 -4.1367E+05
0000117   2.4899E+06 -2.1144E+05  9.2334E+04
0000118   1.5850E+06 -4.4333E+05 -3.6317E+05
0000119   1.9855E+06 -1.3174E+06 -9.7613E+04
0000120   1.4521E+06  9.8619E+05  8.9910E+05
0000121   1.0412E+06 -6.3533E+04 -2.0221E+05
0000122   1.5957E+06 -1.8313E+05  6.9193E+04
0000123   1.0957E+06  3.6151E+05  2.9853E+05
0000124   1.8451E+06  5.0773E+05  2.0135E+05
0000125   1.3451E+06 -2.7575E+05  4.0721E+05
0000126   2.0493E+06  1.7783E+05 -2.8579E+05
0000127   7.5447E+05  5.0443E+05 -5.2592E+05
0000128   1.0347E+06  7.4455E+04  4.8029E+05
0000129   8.6967E+05 -5.8260E+05 -4.7849E+05
0000130   1.4234E+06 -1.2530E+05  3.9495E+05
0000131   1.1355E+06 -1.5447E+06  5.0413E+04
0000132   1.9696E+06 -1.5133E+05 -4.6790E+05
0000133   1.4466E+06 -9.0490E+04 -2.6042E+05
0000134   1.7007E+06 -4.1940E+05  6.8046E+05
0000135   1.4537E+06 -5.0168E+05 -3.6792E+05
0000136   1.6391E+06 -2.5914E+05  2.5290E+05
0000137   1.2313E+06 -1.3423E+05  4.7833E+05
0000138   1.8147E+06 -2.3139E+05 -5.1922E+05
0000139   2.0494E+06  5.8495E+05 -1.6272E+05
0000140   1.7105E+06 -1.7300E+05  7.8415E+04
0000141   8.0861E+05 -1.1324E+05 -1.8342E+05
0000142   1.3842E+06 -4.9272E+05 -1.4453E+05
0000143   8.8175E+05  6.5537E+04 -4.0565E+04
0000144   1.6531E+06 -9.5266E+04 -8.5787E+05
0000145   7.4518E+05 -9.9525E+04  7.0513E+05
0000146   1.9334E+06 -6.0177E+05 -2.5245E+05
0000147   9.5192E+05 -2.9955E+05  2.7174E+05
0000148   2.4400E+06  5.5667E+04 -9.6699E+04
0000149   7.5168E+05  6.3983E+05  5.7629E+05
0000150   2.0470E+06 -4.6510E+05 -4.6713E+05
0000151   1.5792E+06 -5.3704E+04  9.0045E+05
0000152   3.0896E+05 -5.0252E+04  1.7252E+05
0000153   2.0954E+06 -6.3160E+05  3.0356E+05
0000154   1.3706E+06 -1.8252E+05  7.3005E+04
0000155   7.4920E+05  1.3072E+05 -9.4361E+05
0000156   1.5962E+06 -1.5849E+05  2.1462E+03
0000157   1.1896E+06 -4.1344E+05 -2.3593E+05
0000158   9.9963E+05 -7.0665E+05  6.9206E+05
0000159   1.4612E+06  6.1568E+05  1.0896E+06
0000160   1.7127E+06  5.9799E+05  4.3200E+05
0000161   1.2914E+06  4.1307E+03 -2.3848E+05
0000162   1.6286E+06 -1.0904E+05  7.6175E+05
0000163   1.5971E+06  2.0798E+05  3.1985E+05
0000164   1.1342E+06 -2.6707E+05  4.2486E+05
0000165   9.1934E+05  6.9935E+05  1.2317E+05
0000166   1.0086E+06  4.5554E+05 -3.9890E+05
0000167   9.3325E+05  8.9431E+05  8.4930E+04
0000168   1.0708E+06 -5.0551E+05 -4.0683E+05
0000169   1.1742E+06  3.6332E+05 -7.8758E+05
0000170   2.0879E+06  6.8748E+04  3.3521E+05
0000171   1.7310E+06 -7.2524E+05  6.6655E+05
0000172   9.6302E+05 -4.0449E+05 -8.7498E+05
0000173   1.5670E+06  7.0764E+05  5.7750E+05
0000174   1.7814E+06 -1.5152E+05 -1.0703E+06
0000175   8.9434E+05 -6.4773E+05  9.0032E+05
0000176   1.6664E+06 -2.8320E+05  4.3437E+05
0000177   1.2278E+06  1.5023E+05 -1.7919E+05
0000178   1.6223E+06 -2.5641E+05 -3.8494E+04
0000179   1.5259E+06 -1.5192E+06 -5.2863E+04
0000180   1.8941E+06 -1.8065E+05  6.6715E+05
0000181   1.6855E+06  3.6180E+05 -4.6077E+05
0000182   1.8756E+06  5.1941E+05 -2.4573E+05
0000183   6.9887E+05 -8.8975E+04 -1.1157E+05
0000184   1.7647E+06  7.5911E+05  1.5159E+05
0000185   1.0348E+06 -8.2111E+04  5.7257E+05
0000186   1.2181E+06 -9.8240E+05 -1.6648E+05
0000187   1.3289E+06 -2.6721E+05  3.9864E+05
0000188   1.2354E+06 -7.1453E+05  2.1800E+05
0000189   1.4502E+06 -7.1872E+05 -5.4254E+05
0000190   1.7427E+06 -1.1210E+06  7.7474E+05
0000191   1.7094E+06  1.3564E+05  6.0545E+05
0000192   9.0101E+05 -6.4924E+05 -1.3273E+05
0000193   1.2409E+06  3.5249E+05  2.1055E+05
0000194   1.4084E+06 -6.5232E+05  6.7909E+05
0000195   2.1470E+06 -6.8049E+05 -5.3004E+05
0000196   1.4138E+06 -3.0942E+05 -3.1137E+05
0000197   5.3328E+05 -7.1299E+04 -1.5930E+05
0000198   1.1133E+06 -6.0714E+05 -5.4891E+04
0000199   1.1213E+06 -3.8281E+05  4.2396E+05
0000200   1.6436E+06  2.5646E+05  7.8280E+05
0000201   1.3905E+06 -6.5440E+05  1.6426E+05
0000202   1.3064E+06  1.8355E+05 -1.0782E+06
0000203   1.4589E+06 -2.3529E+05 -1.7618E+05
0000204   1.3502E+06 -5.7799E+05 -1.7180E+05
0000205   8.7484E+05  1.7260E+05 -1.4340E+05
0000206   1.6636E+06  2.0048E+05 -2.2000E+05
0000207   1.9164E+06  3.1617E+05  7.5367E+05
0000208   1.2637E+06  5.6034E+04  4.6051E+05
0000209   1.2014E+06  2.9381E+05  2.7584E+05
0000210   1.3728E+06 -3.5691E+05  3.7853E+05
0000211   2.1561E+06  4.3415E+05 -3.8540E+05
0000212   1.5462E+06 -2.9336E+05  1.9756E+05
0000213   2.3366E+06 -2.4897E+05 -8.9352E+04
0000214   1.3449E+06  6.8787E+05 -1.0731E+05
0000215   1.7832E+06 -1.1125E+05  1.3691E+05
0000216   1.1952E+06  6.1571E+05 -1.7775E+05
0000217   1.6108E+06 -7.6036E+05  4.9164E+05
0000218   2.3745E+06 -1.9472E+05  5.1936E+05
0000219   1.3127E+06  1.3699E+05  3.1939E+04
0000220   4.9694E+05  1.0887E+05 -4.0555E+05
0000221   2.1009E+06 -4.5598E+05 -5.6184E+05
0000222   1.1402E+06 -1.6950E+05  1.8729E+05
0000223   1.6014E+06 -4.3284E+03 -8.1127E+05
0000224   1.4904E+06  2.1104E+05  1.3532E+06
0000225   1.3818E+06 -3.8368E+04 -9.1848E+05
0000226   6.4030E+05 -6.4846E+04 -1.3012E+05
0000227   1.4541E+06  5.2929E+05  3.8560E+04
0000228   1.0336E+06 -9.1810E+04  8.7544E+05
0000229   8.5825E+05 -6.2180E+04  1.1386E+05
0000230   1.5532E+06 -5.6398E+04 -5.9008E+05
0000231   9.0465E+05 -2.1065E+05 -4.2277E+04
0000232   2.3297E+06 -1.4245E+05 -4.9323E+04
0000233   1.2775E+06 -6.9293E+05  6.5652E+05
0000234   2.1378E+06  1.0860E+05 -6.5430E+04
0000235   1.7287E+06  4.7949E+05  5.0589E+04
0000236   2.0064E+06  1.0244E+06  3.2841E+04
0000237   2.0686E+06 -6.3194E+05 -7.1686E+04
0000238   1.4431E+05  1.1319E+05 -1.2122E+04
0000239   1.6058E+06 -7.1735E+04  7.9424E+05
0000240   1.5114E+06 -3.3099E+05 -7.0659E+05
0000241   1.4461E+06 -6.9650E+05  5.9437E+04
0000242   1.9836E+06 -2.1146E+03 -1.0135E+05
0000243   8.0654E+05 -4.3498E+05 -1.2969E+05
0000244   6.6683E+05 -1.0917E+05  6.6909E+04
0000245   1.6978E+06 -2.4251E+05  4.3468E+05
0000246   2.0400E+06 -8.3831E+05  4.2642E+05
0000247   8.3859E+05 -2.2790E+05  2.7925E+05
0000248   3.5750E+05 -1.8802E+05 -1.2716E+05
0000249   1.4176E+06  7.0203E+05  6.4426E+05
0000250   1.7260E+06 -5.5219E+05 -3.2961E+05
0000251   5.2116E+05 -2.3505E+04 -4.6781E+05
0000252   1.5916E+06  6.1421E+05  2.2487E+05
0000253   1.7154E+06  2.3687E+05 -1.5117E+05
0000254   9.4098E+05  2.2430E+05 -4.0936E+05
0000255   3.4179E+05 -1.8665E+05  3.8728E+05
0000256   2.0218E+06 -2.7498E+05 -5.0357E+05
0000257   1.6912E+06 -5.6279E+05  4.6752E+05
0000258   2.1432E+06 -6.9103E+05 -2.9174E+04
0000259   1.6323E+06 -4.5820E+05 -6.0927E+05
0000260   1.3668E+06  9.3450E+03  4.8521E+05
0000261   1.4770E+06 -8.6934E+05  8.3798E+04
0000262   1.2156E+06 -1.7659E+05 -3.9554E+05
0000263   1.2329E+06 -4.8508E+05  9.9529E+05
0000264   1.0634E+06  2.7487E+05 -8.9848E+05
0000265   1.6845E+06  2.5048E+05  1.0074E+05
0000266   1.2545E+06  3.8869E+05 -3.4230E+05
0000267   9.5580E+05 -6.6170E+04  4.2793E+04
0000268   1.6584E+06  1.3836E+05 -6.0524E+05
0000269   1.0896E+06  3.6360E+05 -3.2327E+05
0000270   6.0894E+05  2.6367E+05  4.3382E+05
0000271   1.4558E+06 -3.4007E+05 -8.9329E+04
0000272   1.3854E+06 -6.0586E+05 -2.3974E+05
0000273   1.6685E+06 -1.6846E+05 -3.2790E+05
0000274   1.3384E+06 -6.5579E+05  3.0144E+05
0000275   7.1339E+05  2.4884E+05 -9.1589E+04
0000276   1.2196E+06  1.1519E+05  8.3585E+05
0000277   1.5844E+06  1.8299E+04 -1.2007E+05
0000278   1.1184E+06 -5.1929E+05 -4.3033E+05
0000279   1.6946E+06 -1.9602E+05 -2.0288E+04
0000280   1.7776E+06 -5.1910E+05 -2.7799E+04
0000281   8.7317E+05  5.6308E+05 -6.2032E+05
0000282   6.4705E+05  2.2727E+05 -2.2960E+05
0000283   1.9701E+06 -7.7204E+05  1.9133E+05
0000284   4.2830E+05  2.8543E+05  1.0303E+04
0000285   1.5291E+06  4.6424E+05 -5.3417E+05
0000286   1.7637E+06  1.3801E+05 -3.0547E+05
0000287   3.4700E+05 -4.3439E+05 -5.1524E+05
0000288   1.1348E+06 -3.0832E+05  7.6533E+05
0000289   1.1313E+06  9.1057E+05 -6.3012E+05
0000290   1.0056E+06 -4.5507E+05 -5.4698E+04
0000291   6.2435E+05 -1.9562E+05  1.6344E+05
0000292   9.2688E+05 -1.9028E+05  6.7477E+05
0000293   1.1988E+06 -8.0235E+04  1.1879E+05
0000294   1.6587E+06  4.7552E+05 -6.9717E+05
0000295   1.4804E+06  5.8695E+05 -7.9817E+04
0000296   1.9113E+06  5.4780E+05 -1.6835E+03
0000297   1.0634E+06  6.6361E+05 -7.5252E+05
0000298   7.4422E+05  5.5324E+04 -6.3286E+05
0000299   1.0200E+06  4.8720E+04  6.1275E+04
0000300   1.3220E+06  5.3413E+05 -3.0546E+04
0000301   1.7235E+06 -1.3510E+05  5.7911E+05
0000302   1.6855E+06  1.8480E+05 -7.0605E+05
0000303   8.9646E+05 -4.0540E+05  1.4312E+05
0000304   1.7424E+06 -2.0736E+05  1.2017E+06
0000305   1.1735E+06 -3.5912E+05  1.0459E+05
0000306   2.1673E+06 -6.2907E+05 -3.2555E+05
0000307   1.2103E+06  2.8112E+05  9.5109E+05
0000308   1.1318E+06  6.8451E+04 -2.4682E+05
0000309   1.9073E+06  1.9864E+03 -6.8739E+05
0000310   1.3028E+06  1.5311E+05  6.5089E+05
0000311   1.1049E+06  4.0971E+05 -6.7677E+05
0000312   1.3251E+06  7.8017E+05  6.5262E+05
0000313   1.6209E+06  6.9580E+05  5.1695E+05
0000314   2.3727E+06 -2.8101E+05  2.1633E+05
0000315   9.1942E+05  3.2989E+05 -2.5293E+05
0000316   1.3495E+06  1.2687E+04  4.0122E+05
0000317   1.7278E+06 -1.2939E+05 -2.8680E+05
0000318   1.1515E+06 -2.4422E+05  6.2920E+05
0000319   1.0790E+06 -4.7521E+05 -2.0183E+05
0000320   2.0235E+06 -7.7902E+05 -2.4391E+04
0000321   8.7795E+05  2.1021E+04 -1.4561E+04
0000322   1.7299E+06 -3.7864E+05  1.1722E+05
0000323   1.6395E+06  6.5819E+04  1.4007E+05
0000324   1.0640E+06  2.4420E+05 -3.0255E+05
0000325   2.1748E+06 -4.3528E+03 -5.3189E+04
0000326   1.0580E+06  1.2982E+04 -2.5065E+05
0000327   1.4728E+06  2.2072E+05 -1.0272E+06
0000328   2.0114E+06 -1.0907E+06  2.9486E+05
0000329   1.4383E+06  2.5065E+05  3.2912E+05
0000330   9.2068E+05 -4.3645E+05  4.6152E+05
0000331   7.1352E+05  1.2429E+05 -1.6303E+05
0000332   7.6309E+05 -2.2485E+05  2.5940E+05
0000333   7.8978E+05  1.0581E+05 -1.9172E+05
0000334   1.0192E+06 -2.5556E+05  1.4873E+05
0000335   7.5664E+05  1.6568E+05 -5.7981E+04
0000336   1.5700E+06  9.1168E+05  5.9813E+05
0000337   3.2048E+05  1.1628E+05  1.4746E+05
0000338   1.5352E+06  3.1400E+05  3.7594E+04
0000339   2.6065E+05 -1.0062E+05  5.1779E+04
0000340   1.3966E+06 -1.2674E+05 -7.4904E+05
0000341   1.6303E+06 -1.2469E+05 -7.2939E+05
0000342   2.1960E+06 -3.4871E+05 -6.0171E+05
0000343   1.2019E+06  8.2331E+04 -1.3791E+05
0000344   1.6664E+06  4.4728E+05 -7.8208E+05
0000345   1.4186E+06 -8.7709E+04  1.5702E+04
0000346   1.5859E+06 -6.0315E+05  3.8977E+05
0000347   6.7291E+05 -1.2349E+05  5.3453E+05
0000348   7.3862E+05 -1.7814E+05  3.0406E+05
0000349   1.7447E+06  2.1663E+05  2.1145E+05
0000350   1.7069E+06  4.6464E+05  4.2885E+05
0000351   1.9273E+06 -1.0265E+05 -2.8000E+05
0000352   1.6363E+06 -2.1861E+05  8.6092E+05
0000353   4.0633E+05  2.9072E+05 -2.2689E+05
0000354   2.1022E+06 -6.4596E+05  3.3813E+05
0000355   1.2503E+06 -7.7947E+04  1.9173E+05
0000356   1.3005E+06 -8.0296E+05 -5.3029E+05
0000357   1.2348E+06  2.5482E+05  8.2610E+03
0000358   1.6418E+06 -8.9811E+05  4.9354E+05
0000359   2.1103E+06 -4.0665E+05  7.9938E+04
0000360   1.6185E+06 -1.2628E+05 -3.2520E+05
0000361   1.2877E+06 -3.8630E+05  3.7254E+05
0000362   2.1821E+06  6.7698E+05  4.6826E+05
0000363   1.3077E+06 -5.2377E+05 -4.2888E+05
0000364   1.5228E+06  3.6815E+05 -5.1233E+05
0000365   1.3400E+06  8.1328E+05 -1.2029E+05
0000366   9.0251E+05 -5.1250E+05  1.8643E+05
0000367   1.4267E+06  2.0755E+04  6.6163E+05
0000368   1.5025E+06 -4.8908E+05  2.4245E+04
0000369   1.8619E+06  1.7054E+04 -2.4556E+05
0000370   1.8099E+06 -1.4109E+05  1.4437E+05
0000371   1.5935E+06 -5.0511E+05  3.6052E+04
0000372   2.1737E+06 -5.9073E+04 -1.1478E+06
0000373   1.2985E+06  8.9506E+04 -4.7301E+05
0000374   1.4716E+06  2.3419E+05  1.5571E+05
0000375   8.2522E+05  2.6893E+05 -8.1408E+05
0000376   7.0134E+05 -2.9332E+04  4.7826E+05
0000377   1.4420E+06 -9.5408E+05  7.4636E+04
0000378   2.0619E+06 -3.7566E+05 -5.7858E+05
0000379   9.2513E+05 -7.7893E+05 -2.5009E+05
0000380   1.1457E+06  3.4069E+05 -6.8674E+04
0000381   1.5567E+06 -3.5149E+05 -5.4640E+05
0000382   1.9394E+06 -8.8204E+05 -3.7417E+04
0000383   1.5101E+06 -1.5682E+05  1.5023E+05
0000384   1.5394E+06 -1.9089E+04  9.8525E+05
0000385   1.6636E+06  6.7949E+05 -4.7573E+05
0000386   1.2370E+06 -2.9617E+05 -5.8470E+05
0000387   1.5581E+06  2.2379E+04  7.4967E+05
0000388   1.0576E+06 -5.4257E+05 -4.8550E+04
0000389   1.8762E+06 -7.9445E+04 -7.9510E+05
0000390   1.2484E+06 -1.5176E+05 -1.1495E+05
0000391   4.4487E+05  8.6699E+05  7.7639E+04
0000392   1.1044E+06  5.1405E+04  3.0898E+05
0000393   1.6687E+06  1.5116E+05  1.5941E+05
0000394   1.1352E+06 -4.2464E+05  7.7694E+05
0000395   1.3847E+06  1.0730E+06 -1.5483E+05
0000396   1.3920E+06  5.8930E+05 -1.7842E+05
0000397   1.7513E+06  1.2296E+04  2.0025E+05
0000398   1.7852E+06  6.6195E+05  3.8368E+05
0000399   1.5309E+06  5.1712E+05  2.7442E+05
0000400   1.3396E+06 -6.6294E+05 -4.1560E+05
0000401   8.7541E+05 -3.4370E+05  1.0863E+06
0000402   9.4854E+05 -8.3912E+05 -1.1871E+05
0000403   1.9031E+06 -5.5703E+05  2.1351E+05
0000404   4.1028E+05 -2.4596E+04 -4.3560E+05
0000405   8.1796E+05  3.2140E+05  1.5968E+05
0000406   1.3468E+06  2.1100E+05 -6.2250E+05
0000407   9.7545E+05  4.0455E+05 -2.7094E+05
0000408   1.0882E+06  9.1796E+05  4.2744E+05
0000409   5.7428E+05 -3.6819E+05 -3.5334E+05
0000410   1.8090E+06 -7.3002E+05 -5.4603E+05
0000411   1.1693E+06 -1.8177E+04 -2.0676E+05
0000412   1.7282E+06 -3.5199E+05  6.9029E+05
0000413   3.4881E+05  7.0159E+05 -6.8675E+05
0000414   1.5374E+06 -7.1428E+05  8.6730E+05
0000415   9.7551E+05 -3.4405E+05 -5.1520E+05
0000416   8.7063E+05  3.6183E+05 -4.6412E+04
0000417   6.2725E+05 -6.0302E+04 -2.1389E+05
0000418   1.7167E+06  4.3987E+05  4.0326E+05
0000419   1.6567E+06 -2.5187E+04  4.4092E+05
0000420   1.4076E+06 -4.1584E+05  4.6792E+05
0000421   7.6923E+05 -1.5430E+05 -6.2102E+05
0000422   1.9321E+06 -1.3317E+05 -3.7346E+05
0000423   9.3256E+05  1.4219E+04  4.8951E+05
0000424   1.3520E+06  4.4353E+05 -2.8824E+05
0000425   2.2829E+06 -2.6102E+05  1.0582E+05
0000426   1.3142E+06  9.2319E+05 -4.9976E+05
0000427   7.2973E+05  4.1064E+05  7.5729E+05
0000428   1.6537E+06 -9.1555E+05 -3.3319E+05
0000429   1.0033E+06  4.6756E+05 -3.8881E+05
0000430   7.7499E+05 -4.4028E+05 -7.0502E+05
0000431   1.9360E+06 -9.5362E+04 -8.8219E+05
0000432   1.8036E+06  3.6881E+05 -6.3585E+03
0000433   1.2175E+06 -4.8499E+05  9.4095E+04
0000434   2.9325E+05  5.8650E+05  2.6772E+05
0000435   1.9346E+06  2.3542E+05  9.3613E+02
0000436   7.3639E+05 -6.4753E+04  2.2021E+05
0000437   9.7583E+05  3.4593E+05 -5.9542E+05
0000438   1.8408E+06  7.8504E+05 -8.1331E+04
0000439   1.2364E+06  2.6053E+05 -4.1390E+05
0000440   3.3143E+05 -1.5553E+04  4.4283E+05
0000441   2.1701E+06 -1.0724E+06 -5.6082E+05
0000442   2.0137E+06 -5.7392E+05  2.1642E+05
0000443   1.5138E+06 -3.6688E+05  1.1688E+05
0000444   1.3557E+06  3.7450E+05 -8.9537E+04
0000445   1.2389E+06 -5.5678E+04 -8.4006E+04
0000446   2.0503E+06  1.8172E+05  1.3038E+05
0000447   1.4080E+06  9.2619E+04 -4.3376E+05
0000448   1.6321E+06 -5.2921E+05  4.9476E+04
0000449   1.6268E+06  4.6488E+05  5.2996E+05
0000450   1.7103E+06  1.8116E+05 -1.1635E+05
0000451   1.8687E+06 -5.3870E+05 -1.6338E+04
0000452   1.5838E+06 -1.8355E+04 -2.3816E+05
0000453   1.6105E+06  7.7486E+05  2.8960E+05
0000454   1.0575E+06 -9.8848E+05  6.1946E+05
0000455   1.4190E+06  8.3135E+05  4.1500E+04
0000456   2.2409E+06 -5.0702E+04  7.4313E+05
0000457   1.9531E+06  5.1553E+05 -1.0303E+06
0000458   1.8225E+06  2.8623E+05  1.2135E+05
0000459   2.2035E+06 -3.9697E+05 -1.6899E+05
0000460   1.2040E+06 -1.2519E+05 -4.0446E+05
0000461   1.4809E+06  1.8327E+05  4.9669E+05
0000462   9.6573E+05 -2.2287E+05  5.0090E+05
0000463   1.5901E+06  3.6910E+05 -1.2149E+06
0000464   1.4046E+06  1.4715E+05  3.5756E+05
0000465   1.5049E+05 -1.8903E+05 -2.5141E+05
0000466   1.6894E+06 -3.3575E+05 -1.0914E+05
0000467   9.0642E+05 -3.8638E+05 -8.1049E+05
0000468   1.9200E+06 -6.4798E+04  2.0457E+05
0000469   1.1301E+06  3.0893E+05  8.1547E+04
0000470   1.9900E+06 -9.2501E+05  1.5774E+05
0000471   1.8407E+06 -5.5848E+05  1.7788E+05
0000472   9.0611E+05  9.0510E+04  3.1499E+04
0000473   1.2404E+06  5.0256E+05  8.2837E+04
0000474   1.0847E+06  1.7759E+05  5.2039E+03
0000475   9.9664E+05  8.4440E+04 -1.7852E+05
0000476   1.4697E+06 -2.6455E+05  2.8371E+05
0000477   2.3717E+05 -1.0623E+05  7.3116E+05
0000478   1.3529E+06  8.1260E+04  3.9403E+04
0000479   1.4095E+06  2.7743E+05 -2.5048E+05
0000480   1.3877E+06 -9.1684E+04  3.2411E+05
0000481   1.5740E+06  3.4255E+05  8.2749E+05
0000482   1.2103E+06  3.1746E+05  3.1115E+05
0000483   1.1918E+06  6.9768E+04  6.0288E+05
0000484   1.4355E+06 -7.2438E+05 -2.5859E+05
0000485   1.5097E+06 -5.7158E+04  2.6549E+05
0000486   1.5614E+06 -7.9980E+05  4.9758E+05
0000487   1.5244E+06  2.7959E+04 -4.4324E+05
0000488   2.2307E+06  1.7870E+02 -6.4024E+05
0000489   1.6993E+06 -2.0950E+05 -5.8188E+05
0000490   1.9481E+06  1.3878E+05  5.2818E+04
0000491   5.8365E+05 -6.1257E+05  4.1413E+05
0000492   1.7174E+06  1.3500E+06 -9.1929E+05
0000493   1.4625E+06  3.7872E+03 -1.7502E+05
0000494   3.3283E+05 -3.6968E+05  1.9771E+05
0000495   1.7425E+06 -1.0385E+05 -2.1532E+05
0000496   1.5217E+06  8.0416E+05 -3.1837E+04
0000497   7.6763E+05 -4.6520E+05 -8.1277E+05
0000498   2.3117E+06  6.1325E+05 -4.2586E+05
0000499   2.8444E+05 -1.8540E+05 -6.4851E+04
0000500   1.8392E+06 -3.2201E+05 -3.6537E+05
0000501   7.3519E+05  4.0180E+04 -1.9001E+04
0000502   6.9903E+05 -5.8487E+05 -2.0850E+05
0000503   1.6695E+06  7.8099E+04  4.2283E+05
0000504   1.3767E+06 -2.4382E+05  3.9332E+05
0000505   1.1025E+06  3.9730E+05  3.6574E+05
0000506   8.8651E+05  3.7526E+04 -5.3057E+05
0000507   1.1323E+06 -1.3592E+05  2.1728E+05
0000508   1.9228E+06  1.1771E+05  1.6351E+04
0000509   1.0257E+06 -1.7076E+05  4.2872E+05
0000510   1.2360E+06  6.1399E+05 -6.7435E+05
0000511   9.7424E+05 -6.8660E+05 -1.2485E+05
0000512   1.8083E+06 -4.6949E+05 -4.0713E+05
0000513   1.6007E+06 -2.0832E+05 -8.0927E+05
0000514   5.7732E+05 -6.2777E+05 -9.4230E+05
0000515   1.6816E+06 -3.7499E+05  1.9047E+05
0000516   1.5386E+06 -3.8561E+05 -1.4598E+05
0000517   1.7588E+06 -5.0901E+05 -2.4740E+05
0000518   1.7079E+06  4.0135E+05  1.1596E+05
0000519   1.3407E+06 -9.7150E+05  8.2711E+04
0000520   1.7887E+06 -1.2328E+05 -1.1953E+05
0000521   1.7858E+06 -3.7202E+05 -2.5386E+05
0000522   1.3003E+06  1.5154E+05  5.2078E+05
0000523   1.9995E+06 -1.9477E+05  6.6098E+05
0000524   1.7904E+06  5.7568E+05  1.2905E+06
0000525   8.9731E+05  4.9764E+04 -7.3024E+04
0000526   1.2428E+06  4.8584E+05 -7.2350E+04
0000527   1.4314E+06  1.5612E+05  3.5213E+05
0000528   1.2085E+06 -1.9959E+05 -8.4907E+04
0000529   1.3427E+06 -5.6267E+05  5.0002E+05
0000530   1.5328E+06 -3.7066E+05  1.6141E+05
0000531   1.6570E+06 -6.1961E+03  1.8510E+05
0000532   1.7003E+06 -2.3754E+05  5.9798E+05
0000533   1.0799E+06 -9.6349E+05 -1.3832E+05
0000534   1.9065E+06  5.1813E+05  2.7943E+04
0000535   1.5327E+06 -2.5257E+05 -3.8484E+05
0000536   7.6296E+05 -8.6431E+05  5.6468E+05
0000537   8.7357E+05  6.5770E+05 -5.0315E+05
0000538   7.5661E+05 -2.5687E+05 -2.4128E+05
0000539   1.2034E+06 -7.3654E+05 -2.5986E+05
0000540   8.5713E+05  1.9074E+05 -9.5088E+05
0000541   2.0448E+06 -7.8452E+05 -1.4677E+05
0000542   1.2308E+06 -4.9061E+04 -3.6243E+05
0000543   1.4697E+06 -4.0629E+05  1.8200E+05
0000544   1.7420E+06 -9.2185E+05  2.6701E+05
0000545   1.5300E+06 -3.3681E+05  2.9227E+05
0000546   1.6125E+06  2.8235E+03  1.3175E+05
0000547   6.5381E+05 -2.5911E+05 -4.2913E+05
0000548   5.6759E+05 -3.3441E+05  1.6308E+05
0000549   9.1072E+05 -1.6086E+05 -1.3859E+05
0000550   1.6684E+06  3.5859E+05  2.9036E+05
0000551   1.9438E+06 -3.4046E+05 -2.7153E+04
0000552   8.2117E+05  1.2941E+05  4.7441E+05
0000553   5.4697E+05  2.7234E+04  8.0684E+05
0000554   1.6938E+06  6.4468E+05 -3.4071E+05
0000555   2.0324E+06  3.7061E+05 -5.7555E+04
0000556   1.3237E+06 -1.1638E+05 -1.7266E+05
0000557   1.1316E+06 -5.0766E+05  4.2390E+05
0000558   1.3089E+06  1.8117E+05  2.5176E+05
0000559   1.5943E+06  3.3672E+05  2.9015E+04
0000560   1.7334E+06  2.4572E+05  1.9881E+05
0000561   1.1967E+06  5.2736E+05  5.1389E+05
0000562   1.3134E+06  5.9606E+05 -3.7808E+05
0000563   1.0737E+06  1.3097E+05 -6.4485E+05
0000564   1.2382E+06  6.9247E+05  2.3387E+05
0000565   1.1203E+06 -1.0328E+05 -6.5254E+05
0000566   1.6869E+06 -3.0300E+05 -6.8429E+05
0000567   1.5822E+06  2.7985E+05 -1.4726E+05
0000568   1.7517E+06  5.4181E+05 -2.6221E+05
0000569   8.4894E+05  3.4560E+04  1.5130E+05
0000570   1.4070E+06 -2.5461E+05 -4.5367E+05
0000571   1.6170E+06  1.7320E+06 -3.1387E+05
0000572   1.8818E+06  3.7856E+04  6.3437E+05
0000573   1.5040E+06 -1.1256E+06 -2.9893E+05
0000574   1.1280E+06 -8.1744E+05  4.6295E+05
0000575   1.1089E+06  4.7707E+05  1.0931E+05
0000576   1.8595E+06 -2.0359E+05 -2.6435E+05
0000577   1.8753E+06  4.8036E+05 -8.2074E+05
0000578   1.4487E+06  1.2782E+06  4.0176E+05
0000579   9.5215E+05  2.2042E+05  3.5809E+05
0000580   2.2688E+06 -2.0207E+05 -9.2944E+05
0000581   1.8912E+06  4.8726E+05  4.2382E+05
0000582   1.1642E+06 -2.2072E+05  9.0527E+04
0000583   1.3781E+06 -1.0420E+05 -2.0931E+05
0000584   1.4859E+06 -3.6822E+05 -6.0067E+05
0000585   1.6237E+06  1.6352E+05  9.5737E+05
0000586   1.1920E+06  2.6713E+05  6.0267E+05
0000587   1.4710E+06  3.9567E+05 -3.4301E+05
0000588   1.3686E+06 -7.7544E+05  1.2685E+05
0000589   1.7605E+06 -4.7186E+04 -4.1226E+04
0000590   1.1932E+06  3.5515E+04 -2.0224E+05
0000591   1.1286E+06  8.2310E+04  5.8917E+05
0000592   1.7437E+06  1.2877E+05 -2.4246E+05
0000593   2.4001E+06  2.9643E+05  2.2757E+05
0000594   1.0607E+06  8.4350E+05  4.3380E+05
0000595   1.8550E+06  4.2095E+05  2.8741E+05
0000596   2.3076E+06  1.0476E+04 -4.6509E+05
0000597   2.5735E+06 -5.5918E+04 -3.0325E+05
0000598   3.0787E+05  6.8091E+05 -3.4189E+05
0000599   8.2207E+05  6.3091E+05 -3.0465E+05
0000600   1.1505E+06 -1.3120E+05 -9.0291E+04
0000601   7.0490E+05  7.5439E+04 -6.9717E+00
0000602   1.4118E+06  2.2132E+05 -1.7801E+05
0000603   2.0115E+06 -4.7548E+05 -2.2961E+05
0000604   1.1044E+06  1.7446E+05 -1.8328E+05
0000605   1.4341E+06  4.3345E+05 -6.1563E+05
0000606   1.7326E+06 -7.2709E+05  5.7163E+05
0000607   5.9259E+05 -7.1846E+05 -4.9919E+05
0000608   9.3081E+05  2.9166E+05 -2.3803E+05
0000609   1.9076E+06  2.6868E+05 -6.3044E+05
0000610   2.2215E+06  9.3758E+05 -3.8626E+05
0000611   1.4718E+06  7.6851E+05  1.1307E+05
0000612   1.9138E+06 -2.1273E+05  7.6708E+05
0000613   1.2987E+06 -4.1694E+05  7.9277E+04
0000614   6.6559E+05 -1.7504E+05  8.8546E+05
0000615   9.7589E+05  4.3639E+05 -8.8881E+05
0000616   1.2074E+06 -6.8834E+05  5.4916E+04
0000617   1.3298E+06 -1.5056E+05  9.2260E+05
0000618   1.2306E+06  8.6269E+04  4.0993E+05
0000619   1.2706E+06  1.3782E+05 -2.3195E+05
0000620   7.0962E+05 -6.7458E+05  2.0243E+05
0000621   1.7661E+06 -4.3828E+04  3.6052E+05
0000622   1.2758E+06 -3.1056E+05 -2.0774E+05
0000623   8.6679E+05 -8.0485E+05  1.7833E+05
0000624   1.5900E+06 -6.3992E+05 -4.6133E+04
0000625   1.8946E+06  5.1877E+04 -4.3849E+05
0000626   6.6444E+05  5.8518E+04  6.1815E+04
0000627   9.5866E+05  4.8579E+04 -2.5654E+05
0000628   1.4436E+06  8.0782E+05  4.2614E+04
0000629   2.1557E+06  1.4814E+05 -3.2333E+05
0000630   1.4002E+06  6.2866E+05 -1.9968E+05
0000631   9.0352E+05  2.0584E+05  5.2297E+05
0000632   1.2133E+06  4.1007E+05 -7.8266E+05
0000633   2.0282E+06  1.8555E+05 -1.8380E+05
0000634   1.1045E+06  6.0375E+05 -2.1204E+05
0000635   1.3287E+06 -4.8501E+05  3.9191E+05
0000636   1.6751E+06 -5.8501E+05  4.1075E+05
0000637   1.3083E+06  2.3158E+05 -3.7267E+05
0000638   1.5728E+06 -1.3432E+06  2.1561E+05
0000639   1.4098E+06 -6.7875E+05 -3.0886E+05
0000640   1.4560E+06  1.4884E+05  1.5303E+05
0000641   2.2412E+06 -5.8499E+04 -6.2995E+05
0000642   7.1761E+05  2.2575E+05  2.2622E+05
0000643   1.2252E+06 -7.2083E+05  7.4953E+05
0000644   1.0080E+06  4.2026E+05  8.4159E+05
0000645   4.7237E+05  1.4039E+05  2.7609E+05
0000646   1.2720E+06  7.1840E+04 -5.0707E+05
0000647   5.9983E+05 -2.7613E+05  2.2618E+05
0000648   1.5549E+06 -1.8752E+05  6.0317E+05
0000649   1.5723E+06 -3.8335E+05 -1.9034E+05
0000650   1.5162E+06  1.8298E+05  8.0017E+05
0000651   1.5820E+06 -2.1769E+05  4.5526E+05
0000652   1.0781E+06  2.9593E+05 -2.3966E+04
0000653   2.3697E+06  3.8272E+05  1.3457E+05
0000654   1.0904E+06 -6.4938E+05 -3.8643E+05
0000655   2.0866E+06 -3.3405E+05 -5.0278E+05
0000656   1.7419E+06 -1.7052E+05 -1.4777E+05
0000657   7.4833E+05 -1.0938E+06  1.5974E+05
0000658   2.3915E+06  9.0421E+04 -9.0303E+05
0000659   1.1567E+06  7.3555E+05 -4.8802E+05
0000660   1.2425E+06 -1.8860E+05  3.2224E+05
0000661   2.2076E+06 -2.3260E+05  1.9011E+05
0000662   8.8284E+05 -4.0939E+05  3.4972E+05
0000663   5.4335E+05 -1.7077E+05  4.7510E+04
0000664   1.4263E+06  4.7057E+05 -4.2791E+05
0000665   1.2184E+06  1.6867E+05  2.4122E+05
0000666   1.1999E+06  9.0816E+05  1.4486E+05
0000667   1.6834E+06 -2.0813E+05 -8.7921E+01
0000668   1.6262E+06 -7.8745E+05  2.1720E+05
0000669   2.5911E+06 -1.7133E+05 -3.6715E+04
0000670   7.8165E+05 -3.8745E+05  3.3068E+05
0000671   1.7257E+06 -7.0101E+05 -2.6822E+05
0000672   1.2553E+06 -2.6399E+05 -1.6624E+05
0000673   8.2556E+05 -6.7066E+05 -5.2756E+05
0000674   1.2491E+06  4.2729E+05 -1.4187E+05
0000675   1.6645E+06  1.3035E+05  3.4922E+05
0000676   1.3158E+06 -3.3946E+05 -4.3950E+04
0000677   1.5087E+06  6.1007E+05  2.9710E+05
0000678   2.2624E+06 -1.0165E+05 -6.8445E+05
0000679   1.4162E+06  3.9570E+05  2.1039E+04
0000680   8.6072E+05 -2.5650E+05 -3.0877E+05
0000681   1.7620E+06 -9.9176E+05  9.5238E+05
0000682   6.3621E+05 -2.3309E+05  1.5208E+05
0000683   1.5728E+06 -1.1934E+05  1.5359E+05
0000684   1.3314E+06  8.8554E+04 -1.2039E+05
0000685   1.4162E+06 -1.0057E+06 -2.4291E+04
0000686   1.6258E+06 -2.2124E+05  1.0940E+05
0000687   1.2018E+06 -2.4856E+05 -1.6958E+05
0000688   3.5490E+05 -4.0645E+04  1.0609E+05
0000689   1.3724E+06  2.6568E+05  2.6122E+05
0000690   1.6734E+06 -4.2313E+05  1.2138E+05
0000691   1.8490E+06 -2.0747E+05  3.5063E+05
0000692   1.7864E+06 -1.7208E+05  1.2751E+05
0000693   1.3002E+06 -2.2631E+05 -3.5144E+05
0000694   7.3784E+05 -5.6601E+04 -3.5630E+05
0000695   1.8559E+06  2.3071E+05  8.2245E+04
0000696   2.0072E+06  1.0304E+05 -1.5348E+05
0000697   1.5657E+06 -4.3482E+05 -1.6796E+05
0000698   1.6090E+06  8.9368E+04  5.5443E+05
0000699   1.2322E+06  1.2190E+05 -8.2335E+05
0000700   2.0778E+06  2.9889E+05  2.7309E+05
0000701   1.9244E+06  3.5472E+05  8.5640E+05
0000702   1.9009E+06  3.2089E+04  3.0257E+05
0000703   1.5428E+06 -5.8037E+04  2.1782E+05
0000704   1.3566E+06  1.9936E+05  1.2018E+06
0000705   1.4735E+06 -1.4239E+05  1.8594E+05
0000706   1.4335E+06  5.7918E+04 -1.4627E+06
0000707   2.1248E+06 -4.5916E+05  2.2833E+05
0000708   1.0416E+06 -6.9646E+05  2.7998E+05
0000709   9.3528E+05  1.9025E+05  2.1686E+05
0000710   9.7520E+05 -5.1378E+05 -2.7039E+05
0000711   1.1291E+06  5.3613E+04 -5.5592E+05
0000712   4.8750E+05  3.7676E+04 -7.0126E+04
0000713   8.9158E+05  1.9437E+05  4.9564E+05
0000714   1.8105E+05 -4.8737E+05  4.8954E+05
0000715   6.7831E+05 -7.8353E+04 -5.6474E+05
0000716   1.7736E+06 -4.0803E+05 -1.8968E+05
0000717   1.9682E+06 -1.0284E+06  1.4575E+05
0000718   1.5014E+06 -7.9447E+05 -7.1447E+05
0000719   1.5816E+06 -6.4020E+05  4.5470E+05
0000720   1.3757E+06 -7.5738E+05 -1.1306E+06
0000721   1.2185E+06 -4.7123E+05 -2.3773E+05
0000722   1.5490E+06 -7.9050E+05 -9.5091E+04
0000723   1.8430E+06 -4.7746E+04  2.2725E+05
0000724   1.4077E+06 -5.3384E+05 -6.1919E+04
0000725   7.5155E+05  5.4859E+05 -4.0469E+05
0000726   2.1136E+06 -8.3994E+04 -1.1940E+06
0000727   1.4901E+06 -2.1020E+05  7.1865E+05
0000728   8.2418E+05  1.0664E+05  3.5488E+04
0000729   1.2122E+06  2.0426E+05  7.1222E+05
0000730   1.1764E+06 -6.1269E+05  4.9570E+05
0000731   1.7554E+06 -3.7432E+05 -3.1851E+05
0000732   8.4803E+05  1.2600E+05 -7.5389E+04
0000733   1.4616E+06 -1.6255E+05 -1.0473E+06
0000734   1.2029E+06  2.0552E+05  2.2604E+05
0000735   2.3067E+06  2.1007E+05  2.4583E+05
0000736   1.4300E+06 -4.0068E+05  4.3151E+05
0000737   1.8252E+06  1.0350E+05 -4.9469E+05
0000738   1.2070E+06  4.7000E+05  3.0508E+05
0000739   9.6799E+05  3.2967E+05 -1.2614E+04
0000740   2.1084E+06  4.4395E+05 -2.3014E+05
0000741   1.4380E+06  7.5470E+05  2.1299E+05
0000742   8.5705E+05 -6.0090E+05  2.8752E+05
0000743   1.9147E+06 -4.1696E+05  2.5814E+05
0000744   1.3578E+06 -3.4766E+05  2.2921E+05
0000745   1.7381E+06  5.6201E+03 -3.6836E+04
0000746   1.6445E+06  5.2376E+05 -2.0672E+05
0000747   1.7785E+06  4.2342E+05  1.6575E+05
0000748   6.2300E+05 -1.6851E+05  6.2249E+05
0000749   9.6479E+05  1.2649E+05  9.4512E+05
0000750   1.2790E+06 -3.0494E+05  1.7195E+05
0000751   1.8707E+06  5.4858E+05  4.4348E+05
0000752   1.7436E+06  1.6307E+05 -2.6786E+05
0000753   1.2835E+06  3.4088E+05  9.2079E+05
0000754   2.2072E+06 -3.2638E+05  2.6605E+05
0000755   1.8529E+06 -1.3559E+05  1.1098E+04
0000756   1.0152E+06 -9.4820E+05  1.4896E+06
0000757   2.0994E+06 -7.6193E+04  8.0328E+05
0000758   1.4398E+06 -3.4995E+03 -7.9146E+04
0000759   1.0375E+06 -2.7123E+05 -7.5885E+05
0000760   1.3761E+06 -2.6917E+05  2.1528E+05
0000761   3.8803E+05  1.3830E+05 -3.5535E+04
0000762   1.6669E+06 -5.8900E+05  8.4380E+05
0000763   2.0450E+06  7.4887E+05 -4.0368E+05
0000764   1.1129E+06  8.2182E+04 -5.4951E+05
0000765   9.7541E+05 -6.8513E+05 -2.4275E+05
0000766   1.9234E+06 -9.2616E+04 -2.0505E+05
0000767   1.1455E+06  5.9729E+05  5.7073E+05
0000768   1.5885E+06 -6.0098E+04  6.5489E+04
0000769   2.1044E+06  4.2104E+04 -9.3645E+05
0000770   1.2306E+06 -5.1202E+05 -2.1059E+05
0000771   1.5362E+06 -3.5492E+05 -2.1019E+05
0000772   1.2677E+06 -6.2413E+05 -3.1458E+04
0000773   1.8805E+06  4.2078E+05  6.6600E+05
0000774   1.5463E+06  7.7176E+04  1.8382E+05
0000775   1.3237E+06 -1.5592E+05 -1.2360E+05
0000776   2.1093E+06  2.0128E+05  5.9019E+05
0000777   1.4621E+06 -3.8823E+05  1.8232E+05
0000778   1.0904E+06 -5.2217E+05  3.2999E+05
0000779   8.0951E+05  1.5777E+05 -2.1570E+05
0000780   2.0102E+06  8.6881E+04 -1.7538E+05
0000781   1.5150E+06 -1.8538E+05  9.1759E+04
0000782   2.3077E+05 -5.5825E+05  3.2008E+05
0000783   4.7859E+05 -5.5561E+05 -1.4826E+05
0000784   1.5978E+06  3.2857E+04  6.9800E+04
0000785   1.7148E+06  6.8494E+05 -3.0580E+05
0000786   2.1867E+06  1.0302E+05 -3.4095E+04
0000787   1.7432E+06  1.8503E+05 -3.8029E+05
0000788   1.1666E+06  6.4832E+04 -2.7318E+05
0000789   1.8466E+06  8.8125E+05  2.9496E+05
0000790   8.3720E+05 -2.7547E+05 -5.8176E+05
0000791   7.1245E+05  5.7626E+05 -3.5956E+05
0000792   1.6316E+06 -5.3321E+05  1.2941E+05
0000793   2.2504E+06 -2.3754E+05  2.5854E+05
0000794   1.8186E+06  8.9641E+05  2.5363E+05
0000795   1.5141E+06 -2.1998E+05  1.1837E+05
0000796   1.1159E+06 -7.0158E+05 -2.2186E+05
0000797   5.0297E+05  2.2979E+05 -4.3244E+05
0000798   1.3892E+06  6.6974E+04  1.9083E+05
0000799   1.2017E+06 -3.3640E+04 -1.5723E+05
0000800   9.6081E+05 -1.3597E+04  4.8749E+03
0000801   1.6047E+06 -1.0013E+05 -2.3367E+05
0000802   1.6225E+06  5.5638E+05  6.7602E+05
0000803   2.1497E+06 -5.2941E+05 -5.4526E+05
0000804   1.9932E+06  6.6658E+04  1.9461E+05
0000805   1.1572E+06  9.6341E+04 -2.2938E+05
0000806   1.2664E+06 -7.2484E+05  4.0875E+05
0000807   1.7110E+06 -7.5550E+05  5.3764E+05
0000808   1.8349E+04 -1.1381E+05 -1.7462E+05
0000809   9.7854E+05  1.2026E+04  1.7815E+04
0000810   1.9623E+06  1.4312E+05  5.2047E+05
0000811   1.4787E+06  4.4943E+05 -1.2791E+04
0000812   2.5106E+06  6.2188E+05  4.3225E+05
0000813   1.3412E+06  1.4215E+05 -7.4791E+05
0000814   1.9794E+06  6.2699E+05  2.1667E+05
0000815   1.4067E+06 -3.7217E+05  3.1189E+05
0000816   1.6292E+06 -1.1130E+05 -4.4852E+05
0000817   1.6900E+06 -7.0741E+05  1.5207E+05
0000818   1.0555E+06 -1.7215E+05 -2.2201E+04
0000819   1.8196E+06 -7.2531E+04  4.8501E+05
0000820   1.3779E+06  6.1139E+05 -5.1675E+05
0000821   1.1680E+06 -4.8563E+05 -5.5528E+05
0000822   8.2362E+05  5.1240E+05  5.9297E+05
0000823   2.4389E+06 -6.6424E+04 -4.8728E+05
0000824   1.5495E+06  3.6321E+05 -1.6115E+05
0000825   1.3102E+06 -3.4582E+05 -1.9572E+05
0000826   1.2387E+06 -2.9964E+05  3.1891E+05
0000827   1.7747E+06  4.1773E+05  2.2994E+05
0000828   1.3585E+06 -1.6668E+05 -4.5951E+05
0000829   1.9658E+06  7.7495E+05 -6.7430E+05
0000830   1.6453E+06  4.8860E+05  6.0456E+05
0000831   1.1138E+06 -7.3211E+05  4.3978E+04
0000832   1.9728E+06 -4.4826E+05 -4.1354E+05
0000833   1.5313E+06  4.7162E+05 -3.5786E+05
0000834   1.4585E+06 -6.1264E+05 -1.4426E+05
0000835   1.6601E+06  1.0485E+06 -1.8993E+05
0000836   1.9210E+06 -5.7679E+05 -1.7560E+05
0000837   1.4666E+06 -1.0028E+06  1.9760E+05
0000838   1.6315E+06 -2.3640E+05 -6.9721E+05
0000839   1.7698E+06  7.3152E+05 -1.9253E+05
0000840   1.8072E+06 -1.1332E+06  4.4983E+05
0000841   6.4455E+05  5.2912E+05 -5.4316E+05
0000842   1.8549E+06 -8.3289E+05  7.9094E+05
0000843   2.6186E+06  3.9151E+05 -3.3646E+04
0000844   1.2265E+06 -1.3740E+05 -2.3918E+04
0000845   1.3191E+06  8.5798E+05 -4.9797E+05
0000846   1.4234E+06 -6.7876E+05 -5.1964E+05
0000847   2.2844E+05  1.3452E+04  4.1022E+04
0000848   1.5499E+06  1.6485E+05  5.2582E+05
0000849   1.2613E+06 -2.0641E+05 -1.1576E+05
0000850   1.6562E+06 -4.2091E+05 -8.7434E+05
0000851   9.1956E+05 -7.5983E+05 -1.3047E+05
0000852   8.3271E+05 -1.7026E+05 -4.3621E+05
0000853   1.5745E+06 -1.9446E+05  1.9992E+05
0000854   9.7802E+05 -2.3711E+05 -2.1319E+05
0000855   1.6714E+06 -1.0732E+05  1.3729E+06
0000856   8.3286E+05  5.8961E+04 -3.6586E+05
0000857   1.3639E+06  2.6828E+05 -8.8580E+05
0000858   1.9628E+06  3.3219E+05  8.7738E+04
0000859   1.5517E+06 -7.4416E+05  3.3976E+05
0000860   3.2880E+05 -2.5638E+05 -1.5642E+05
0000861   1.6081E+06  4.8968E+05 -6.3797E+05
0000862   1.2872E+06 -1.5870E+05 -2.2186E+05
0000863   1.4551E+06  1.3039E+05  2.3217E+05
0000864   1.1658E+06 -3.1164E+05 -4.4070E+05
0000865   1.5238E+06 -4.7212E+05  4.7253E+05
0000866   1.0391E+06  6.6039E+05 -1.2039E+05
0000867   1.9053E+06  5.6629E+05  1.2946E+05
0000868   1.2048E+06  1.8515E+05  2.1232E+05
0000869   1.5112E+06  7.5568E+05 -5.9421E+05
0000870   9.6729E+05  8.0741E+04 -7.6849E+04
0000871   8.0826E+05 -6.2267E+04  1.2529E+05
0000872   1.8870E+06  7.1097E+05  3.5297E+05
0000873   1.0249E+06 -5.0462E+05  1.5300E+05
0000874   9.5841E+05 -3.4529E+05 -6.0795E+05
0000875   1.4133E+06 -1.2219E+05 -5.5364E+05
0000876   1.4467E+06 -3.9337E+05  7.1074E+05
0000877   2.0950E+06  4.6357E+05 -2.1432E+05
0000878   1.5520E+06  3.7614E+05 -1.0166E+05
0000879   6.1560E+05 -5.2870E+05  2.2601E+05
0000880   1.6050E+06 -2.2538E+05 -6.4224E+05
0000881   9.4786E+05  7.5858E+05  7.2615E+05
0000882   1.4427E+06  3.5470E+04  6.2280E+05
0000883   1.5584E+06  7.6217E+04  7.4843E+05
0000884   9.5498E+05 -5.9783E+04  1.7305E+05
0000885   1.9541E+06  7.9390E+04  6.0999E+05
0000886   8.8319E+05  5.8098E+04  4.7790E+05
0000887   1.3052E+06 -2.9681E+05  3.0920E+04
0000888   1.2208E+06  1.8577E+05 -6.2640E+05
0000889   1.7647E+06  8.1910E+04  4.2162E+05
0000890   2.0431E+06 -2.3896E+05 -7.3965E+05
0000891   1.0117E+06  1.4901E+05  1.9719E+05
0000892   1.4926E+06 -1.3598E+05  6.9461E+05
0000893   1.8509E+06 -2.8555E+05 -2.2837E+05
0000894   1.5997E+06  3.4359E+05  2.7893E+05
0000895   1.2642E+06  1.2783E+05 -4.0036E+05
0000896   9.6155E+05  5.7869E+05 -1.7787E+05
0000897   9.9362E+05  8.9282E+04  1.6289E+04
0000898   1.4415E+06 -2.5674E+05 -7.5751E+05
0000899   1.6136E+06 -3.8415E+05 -9.3360E+05
0000900   9.1490E+05 -3.5617E+04 -9.4260E+05
0000901   1.3949E+06  5.9983E+05 -5.2477E+05
0000902   1.2363E+06  5.3916E+05 -8.5499E+04
0000903   9.5886E+05  5.3667E+05 -1.5771E+05
0000904   1.4765E+06  3.0140E+05  6.1626E+05
0000905   2.1155E+06 -1.0228E+06 -3.3244E+04
0000906   1.4567E+06  4.9715E+05 -1.1297E+05
0000907   1.8673E+06  6.8608E+05  7.4161E+05
0000908   1.4401E+06 -4.3043E+04 -1.9327E+05
0000909   1.2841E+06 -6.9817E+05 -5.2428E+05
0000910   1.2425E+06 -8.6798E+04 -3.2567E+05
0000911   1.6962E+06  7.4612E+04  1.5858E+04
0000912   1.0688E+06  2.4692E+05  4.0117E+04
0000913   9.0318E+05  2.3508E+04 -3.4668E+04
0000914   1.1275E+06  7.7371E+05 -6.7347E+04
0000915   1.5757E+06  9.7131E+05 -6.0941E+05
0000916   1.5180E+06 -1.6976E+05  8.5172E+05
0000917   1.8847E+06 -5.5347E+05  3.6181E+05
0000918   1.3328E+06  4.1407E+05  3.6890E+05
0000919   1.4597E+06  5.4246E+05  2.1208E+05
0000920   1.6216E+06 -1.2101E+06 -5.0104E+05
0000921   1.8474E+06  3.5418E+05  2.2543E+05
0000922   8.9271E+05 -3.2699E+05  4.9859E+05
0000923   2.0235E+06  3.3038E+05 -7.1874E+04
0000924   1.9382E+06  4.3368E+05 -2.5521E+05
0000925   1.8040E+06 -5.0456E+05  2.8694E+05
0000926   1.3530E+06  1.6329E+05 -4.6485E+05
0000927   1.6794E+06 -1.7417E+04  1.1009E+05
0000928   1.2946E+06  2.8447E+05  2.5921E+04
0000929   1.5020E+06 -1.6318E+05 -3.9688E+05
0000930   2.2298E+06  2.3560E+05  1.7830E+05
0000931   1.9823E+06 -9.4115E+04  6.6865E+05
0000932   1.9730E+06 -6.8460E+05 -3.4890E+04
0000933   1.4689E+06  5.8080E+04 -4.8074E+05
0000934   1.8329E+06 -8.4614E+04 -1.1255E+05
0000935   9.9024E+05  1.2557E+04  5.4515E+05
0000936   1.1357E+06 -1.1412E+06 -9.1561E+05
0000937   1.8291E+06 -4.1677E+05 -1.8969E+05
0000938   1.0176E+06  6.4070E+05  1.5186E+05
0000939   1.9388E+06 -1.1332E+04  3.3770E+05
0000940   1.5983E+06  5.0655E+05  1.7804E+05
0000941   1.6213E+06 -1.4087E+05 -9.5319E+05
0000942   1.0686E+06  1.0141E+05 -1.5469E+05
0000943   2.2567E+06  1.6686E+05  3.8002E+05
0000944   1.1628E+06  2.7996E+05  9.0707E+05
0000945   1.8737E+06 -8.4702E+05  2.3933E+04
0000946   5.8795E+05 -1.0141E+05 -8.1927E+05
0000947   1.1596E+06  2.0502E+05 -3.8925E+05
0000948   3.2714E+05 -1.2876E+04  1.0963E+05
0000949   1.1681E+06 -1.1299E+05  1.7752E+05
0000950   1.4621E+06 -3.5492E+05 -2.2203E+05
0000951   1.3202E+06 -3.3734E+05  7.4664E+05
0000952   1.0083E+06 -7.7744E+04 -2.8917E+05
0000953   1.3273E+06  5.2468E+05 -4.1743E+05
0000954   2.1072E+06  1.7794E+05  6.3751E+05
0000955   1.6150E+06 -2.6621E+05 -1.6315E+05
0000956   1.6073E+06  4.5361E+04  5.1006E+03
0000957   1.9489E+06 -3.8147E+05 -2.4810E+05
0000958   7.9804E+05 -3.8640E+05 -9.6324E+03
0000959   1.0016E+06 -5.2376E+05 -4.2752E+03
0000960   2.3477E+06 -4.3334E+05 -1.7499E+05
0000961   1.6424E+06 -3.2133E+05  7.6056E+05
0000962   1.3934E+06 -3.1286E+05  2.7992E+04
0000963   1.1392E+06  2.8262E+05 -2.1815E+05
0000964   1.7688E+06  2.3158E+05 -2.6559E+05
0000965   1.6695E+06 -2.7908E+05  3.8798E+04
0000966   1.9599E+06  5.5206E+05 -6.7723E+05
0000967   9.8320E+05  1.1911E+06  1.3245E+06
0000968   4.2776E+05 -4.7185E+05 -6.4429E+05
0000969   8.5195E+05  2.7419E+05 -2.7260E+05
0000970   1.3538E+06  7.4700E+04  1.8179E+05
0000971   9.7667E+05 -1.8633E+05  2.1099E+05
0000972   1.8898E+06  2.4472E+03  4.8193E+05
0000973   1.6993E+06 -6.0987E+05 -2.1954E+05
0000974   7.0979E+05 -8.8319E+04  3.7188E+05
0000975   1.8541E+06 -5.5591E+04 -2.2216E+05
0000976   1.6694E+06 -5.7382E+05  2.6216E+05
0000977   1.1276E+06 -7.4602E+05  4.7409E+05
0000978   1.6859E+06 -2.0028E+05  6.6104E+05
0000979   1.1974E+06 -3.4590E+05 -3.3377E+05
0000980   9.9761E+05  6.5015E+05 -2.6371E+05
0000981   1.5033E+06  9.8283E+04 -9.3780E+05
0000982   1.2164E+06 -3.7498E+05  3.2366E+05
0000983   1.2995E+06  6.5862E+05  4.8678E+04
0000984   1.7965E+06 -2.9936E+05  1.3293E+04
0000985   1.8411E+06 -1.4785E+05 -1.5146E+05
0000986   1.6439E+06  3.0293E+05  3.2295E+05
0000987   1.3399E+06  6.4033E+04  8.8961E+05
0000988   8.7305E+05 -5.1578E+05 -3.8741E+05
0000989   1.6759E+06  7.7106E+04  3.4747E+05
0000990   1.9009E+06  3.9127E+05  3.7248E+04
0000991   2.0820E+06 -4.8521E+05 -2.8109E+05
0000992   1.3266E+06  1.7159E+05 -2.9640E+05
0000993   1.7155E+06 -2.2887E+04  3.0252E+05
0000994   1.4242E+06  2.1496E+05  1.1819E+05
0000995   1.2421E+06  4.9526E+05  6.1379E+05
0000996   1.1338E+06 -5.9617E+04 -5.5239E+04
0000997   2.0707E+06  1.4201E+05  5.7794E+05
0000998   1.3805E+06  8.4388E+05  2.0317E+04
0000999   1.2612E+06  5.6395E+05  2.2983E+05
0001000   7.6768E+05  2.7606E+05 -1.6567E+05
