============================== SRIM-2013.00 ==============================
==============================================================================
====== SRIM Outputs\RANGE_3D.txt : File of Final Ion Positions =====

Ion = Ar (18)   Ion Mass= 039.9620
Energy  = 3906940.E-04 keV
Ion Angle to Surface = 00.0 degrees
==================== TARGET =======================
  Layer # 1 - Layer 1
  Layer # 1 - Bottom Depth=500000.E+02 A
  Layer # 1 - Density =0000.0089 g/cm3
  Layer # 1 -  100 % of Ar
様様様様様様様様様様様様様様様様様様様様様様様様様様
                                            
Ion       Depth  X   Lateral Y   Lateral Z  
Number    (Angstrom) (Angstrom)  (Angstrom) 
-------  ----------- ----------- -----------
0000001   1.7194E+06  9.0662E+05  2.0641E+05
0000002   2.2296E+06 -8.0226E+05 -9.7933E+04
0000003   1.7569E+06 -9.8549E+05  8.3925E+05
0000004   1.4818E+06  9.7183E+05  1.9519E+05
0000005   1.5383E+06 -8.0794E+04  6.6230E+05
0000006   1.5729E+06 -4.1962E+05  2.1231E+05
0000007   9.2739E+05  6.7073E+05 -9.3364E+04
0000008   1.9140E+06 -6.7623E+04  4.1257E+05
0000009   9.0934E+05  1.2252E+04  1.5770E+05
0000010   8.2838E+05 -2.2332E+05 -6.0553E+04
0000011   1.8532E+06 -6.0494E+05 -5.1209E+05
0000012   2.1591E+06 -7.9784E+05 -9.3600E+04
0000013   1.9159E+06 -3.8861E+05 -2.0959E+05
0000014   1.8218E+06 -9.7608E+04 -3.0978E+05
0000015   1.6174E+06 -5.5772E+05  2.9755E+05
0000016   2.1679E+06 -2.9005E+05 -5.1929E+04
0000017   9.4540E+05  1.8243E+05 -7.3822E+05
0000018   1.0545E+06  3.2773E+05  2.3659E+05
0000019   1.3516E+06 -1.6414E+05  2.8659E+05
0000020   1.7651E+06  6.0607E+05 -1.4345E+05
0000021   1.7396E+06 -3.6452E+05 -3.3204E+05
0000022   1.3519E+06 -2.9274E+05  4.0523E+05
0000023   9.9790E+05 -6.2430E+05  8.3827E+05
0000024   1.8417E+06  1.1983E+05 -1.5117E+06
0000025   1.8893E+06  4.4639E+05  2.3622E+04
0000026   1.5514E+06 -5.7727E+05 -1.4007E+06
0000027   7.8499E+05  4.0883E+05  4.2659E+05
0000028   1.1858E+06 -2.2909E+05 -5.5838E+05
0000029   1.0905E+06  1.7103E+05  2.4805E+05
0000030   1.2343E+06  5.3037E+04 -4.8869E+05
0000031   1.5567E+06 -1.9612E+05  8.4267E+05
0000032   1.4948E+06 -2.8049E+05 -5.4782E+05
0000033   1.7925E+06 -2.1262E+05 -4.6373E+05
0000034   2.2016E+06  2.1528E+05 -1.3743E+05
0000035   2.1707E+06  4.1975E+05  5.4262E+05
0000036   1.2769E+06 -6.1090E+05  4.6510E+05
0000037   1.7510E+06 -8.6612E+05 -1.2723E+05
0000038   2.4965E+06  3.5234E+05  8.8632E+05
0000039   1.6600E+06  2.4820E+05  9.5295E+05
0000040   2.0623E+06  1.9706E+05  1.4696E+05
0000041   1.7583E+06 -3.2579E+05  1.0619E+06
0000042   2.2393E+06 -9.0431E+05 -1.0355E+05
0000043   1.9968E+06 -5.9803E+05 -3.6834E+05
0000044   2.1968E+06 -4.7702E+03  9.6730E+05
0000045   1.8298E+06  3.0154E+05  5.9480E+05
0000046   5.4095E+05 -9.5919E+04  6.0656E+03
0000047   1.7112E+06 -2.3390E+05 -8.9090E+04
0000048   8.1677E+05  4.1728E+05  6.7322E+04
0000049   1.3633E+06  9.2099E+05  6.2322E+03
0000050   1.7002E+06 -4.6793E+05 -9.7260E+04
0000051   1.5950E+06  9.2568E+05  5.7485E+05
0000052   1.3961E+06  3.4040E+05  1.6764E+05
0000053   1.4197E+06  3.0751E+05 -1.5895E+04
0000054   1.7878E+06 -3.2320E+05 -8.6511E+05
0000055   1.5094E+06 -2.6619E+05 -2.5948E+05
0000056   1.7070E+06  3.7218E+05 -2.5943E+05
0000057   1.4575E+06  7.6468E+04  5.4578E+05
0000058   1.1626E+06 -8.3586E+04 -1.0474E+06
0000059   1.8865E+06  3.2500E+04 -4.1325E+05
0000060   1.7974E+06 -3.8948E+05 -1.0255E+06
0000061   1.5885E+06 -7.7390E+05  6.0596E+05
0000062   1.5299E+06 -6.2300E+05  1.1380E+06
0000063   1.4184E+06 -7.4247E+04  9.2669E+03
0000064   2.1549E+06  7.3037E+05 -6.4316E+05
0000065   1.7756E+06  2.0453E+05 -1.5114E+05
0000066   2.0715E+06 -1.6110E+04 -3.2743E+05
0000067   1.7289E+06 -3.9533E+05  3.2286E+05
0000068   1.2941E+06 -9.8908E+04 -5.3234E+05
0000069   5.7261E+05  1.0091E+05 -4.9936E+04
0000070   2.1458E+06 -2.1283E+05 -3.3934E+05
0000071   1.5036E+06  4.0105E+05  2.7027E+05
0000072   1.4446E+06  2.4927E+05 -4.4848E+05
0000073   1.9692E+06 -3.9924E+05  5.6925E+05
0000074   1.8094E+06  4.0129E+05  2.6970E+05
0000075   1.4872E+06 -9.9546E+05  1.3219E+05
0000076   1.5091E+06 -8.1079E+05 -4.6983E+05
0000077   1.0570E+06  3.9378E+05 -9.3982E+05
0000078   1.4468E+06 -3.4115E+05  7.0847E+05
0000079   8.5971E+05 -3.6403E+05  1.8569E+05
0000080   1.1201E+06  5.7031E+05 -2.1481E+05
0000081   1.0063E+06 -4.4309E+05 -9.0124E+05
0000082   1.5641E+06 -1.1131E+05  1.7731E+05
0000083   1.3586E+06  5.9618E+05  3.2647E+05
0000084   1.4597E+06  1.0029E+06  7.0476E+05
0000085   1.6600E+06  2.2910E+05 -7.5443E+04
0000086   1.3577E+06 -4.8247E+05  1.9387E+05
0000087   1.4524E+06 -3.9254E+05  2.5761E+05
0000088   1.5064E+06 -7.3462E+05  1.4947E+05
0000089   1.7468E+06  3.4065E+05 -2.6494E+05
0000090   9.4837E+05 -1.8828E+05 -1.0610E+05
0000091   1.9490E+06  2.2333E+05  1.3936E+05
0000092   1.7536E+06 -3.5305E+05 -1.1130E+05
0000093   1.7675E+06 -7.3208E+04 -2.4578E+05
0000094   2.2069E+06  4.7981E+05 -5.6598E+05
0000095   1.1198E+06  3.4106E+05  6.1902E+05
0000096   1.5811E+06 -9.1307E+05  9.5851E+04
0000097   1.9693E+06  3.1007E+05  1.3371E+06
0000098   1.5406E+06  3.6212E+05  1.1047E+05
0000099   1.5450E+06  4.5351E+05 -8.2451E+05
0000100   1.9538E+06 -4.6272E+04 -7.0514E+05
0000101   2.3839E+06  1.7411E+05 -4.5194E+05
0000102   1.1914E+06  5.6259E+05 -4.5206E+05
0000103   2.0826E+06 -5.0461E+05  2.6478E+05
0000104   1.2127E+06 -5.7539E+05  5.1835E+03
0000105   1.5999E+06 -2.5167E+05 -5.6406E+03
0000106   2.1308E+06  2.3020E+05  2.9421E+04
0000107   1.9209E+06  1.3333E+05 -3.2595E+04
0000108   2.4731E+06  7.0296E+05 -1.7910E+05
0000109   2.3307E+06  7.1943E+04  7.8414E+04
0000110   1.1049E+06  6.3902E+05 -8.2054E+05
0000111   5.6740E+05 -2.2449E+05  3.9296E+05
0000112   9.5163E+05 -3.9502E+05  3.7024E+05
0000113   1.8687E+06 -2.8344E+05  2.2303E+05
0000114   4.7464E+05 -5.0920E+05 -3.3105E+05
0000115   1.4988E+06  5.9433E+05 -5.0158E+05
0000116   1.6498E+06 -5.8058E+05  1.9610E+04
0000117   1.3344E+06 -3.3149E+05  5.6072E+03
0000118   1.7553E+06 -2.4329E+05 -8.7628E+05
0000119   2.1414E+06  5.1437E+05  1.6059E+04
0000120   1.9384E+06 -2.1163E+05 -2.9716E+05
0000121   1.1637E+06 -4.6760E+05  1.9208E+04
0000122   1.1762E+06  3.3752E+05 -9.0495E+05
0000123   1.0285E+06 -5.2683E+05 -3.4550E+05
0000124   1.2413E+06 -8.1360E+04  1.7379E+05
0000125   1.1606E+06 -3.5567E+05  5.5805E+05
0000126   2.2303E+06 -1.4987E+05 -5.6680E+03
0000127   1.4109E+06 -7.3442E+05 -1.5651E+04
0000128   1.5521E+06 -4.3799E+05  2.4999E+05
0000129   1.9098E+06 -2.5047E+05 -6.8579E+05
0000130   1.8615E+06 -1.7011E+05  4.4638E+05
0000131   2.3924E+06 -2.4015E+05  5.9318E+05
0000132   1.8403E+06 -6.2073E+05 -2.7302E+05
0000133   1.8205E+06  2.0558E+05 -6.6189E+05
0000134   3.1321E+05  3.8231E+04 -3.0861E+05
0000135   1.7413E+06 -1.3133E+04 -5.8714E+05
0000136   1.8493E+06  9.6499E+04  6.7146E+05
0000137   1.1642E+06  3.7037E+05  6.6058E+05
0000138   2.0797E+06 -5.8676E+04  7.7676E+05
0000139   1.3565E+06  1.0658E+05  3.7899E+05
0000140   8.1238E+05  3.3332E+05  2.5666E+05
0000141   1.0480E+06  3.9648E+05  4.4439E+05
0000142   1.0479E+06  1.0943E+05 -8.5603E+05
0000143   1.6826E+06  2.0290E+05  1.3338E+06
0000144   1.7780E+06 -6.7782E+05  8.0582E+05
0000145   1.9919E+06 -9.8983E+05  3.1760E+05
0000146   1.5794E+06  2.5311E+04  1.5546E+03
0000147   9.3226E+05 -1.0578E+06  6.5995E+05
0000148   1.6602E+06 -1.9882E+05  4.8247E+04
0000149   1.4144E+06  2.4854E+05  1.3121E+05
0000150   1.7982E+06  6.7543E+05  3.5749E+05
0000151   1.8361E+06 -6.6117E+05 -1.4816E+05
0000152   1.8745E+06  5.2819E+04  6.2504E+04
0000153   9.2242E+05 -4.3966E+05 -9.8394E+04
0000154   2.0795E+06 -4.5631E+05 -7.7692E+05
0000155   1.6726E+06 -7.6969E+05 -2.9408E+05
0000156   1.3890E+06  3.2550E+04  9.6792E+04
0000157   5.4072E+05  4.3701E+05 -1.1965E+05
0000158   1.8102E+06 -3.6760E+04 -5.0249E+05
0000159   1.6727E+06 -1.6906E+05 -5.5955E+05
0000160   1.4704E+06 -7.8382E+05  1.6765E+05
0000161   2.1928E+06 -1.0211E+05  3.0894E+05
0000162   1.6512E+06 -8.7709E+05 -6.3648E+04
0000163   1.8208E+06 -8.7803E+05  6.0108E+05
0000164   1.3146E+06 -9.9084E+05 -5.6238E+05
0000165   1.9307E+06  1.5624E+05 -6.8448E+05
0000166   1.1351E+06  7.2828E+05  4.5985E+04
0000167   1.9562E+06  9.9988E+05  5.3384E+05
0000168   8.0916E+05 -1.0687E+05 -1.4807E+05
0000169   1.7723E+06 -1.2254E+05 -4.2290E+05
0000170   1.8974E+06  1.0575E+06 -5.3466E+05
0000171   2.2661E+06 -1.5730E+05  6.6640E+05
0000172   1.9212E+06 -4.2050E+05  1.1475E+06
0000173   1.5731E+06  1.1324E+05  3.9267E+05
0000174   1.3575E+06 -9.3234E+04  4.6253E+05
0000175   1.5250E+06  4.4329E+05  4.0964E+03
0000176   8.5321E+05  6.3248E+05 -2.2547E+05
0000177   1.6832E+06 -3.6324E+03 -1.9416E+05
0000178   8.8648E+05  2.8854E+05 -3.5864E+04
0000179   1.8313E+06  7.3727E+05 -1.0769E+06
0000180   1.9759E+06 -1.0515E+06 -1.1162E+04
0000181   1.7411E+06  6.0228E+05 -9.5514E+05
0000182   6.7007E+05 -6.8435E+05  1.4221E+05
0000183   1.9277E+06 -1.1886E+03 -2.1460E+05
0000184   1.0549E+06  1.4661E+05 -1.7854E+05
0000185   1.2894E+06 -8.4844E+05  3.4179E+05
0000186   1.7970E+06 -1.5642E+05 -5.7729E+05
0000187   1.8796E+06 -4.2498E+05  1.7332E+05
0000188   1.9885E+06 -8.4089E+05  3.3772E+05
0000189   1.4766E+06 -2.5784E+05  4.4706E+05
0000190   1.7167E+06  6.1416E+05  7.0191E+05
0000191   1.2916E+06 -2.8303E+05  1.3805E+05
0000192   1.3572E+06  3.1043E+04  1.0528E+06
0000193   2.3695E+06 -3.6501E+05 -1.3416E+05
0000194   1.1434E+06 -4.5567E+05  8.2007E+05
0000195   1.0377E+06 -6.0799E+05  1.0999E+05
0000196   1.6730E+06 -2.5058E+05  1.3905E+04
0000197   1.8875E+06 -5.0439E+05  4.2246E+05
0000198   1.2934E+06 -4.9346E+05  2.2215E+05
0000199   1.6700E+06 -1.7709E+05 -5.1373E+04
0000200   1.9228E+06  4.5629E+05 -4.9720E+04
0000201   2.3076E+06  6.5535E+05  6.2669E+05
0000202   1.5568E+06  5.8568E+05 -7.5802E+05
0000203   1.8578E+06  1.9445E+05 -5.3096E+05
0000204   2.0358E+06  4.2335E+05  2.7464E+04
0000205   4.2508E+05  1.1538E+06 -3.4053E+05
0000206   5.1420E+05  5.3229E+05  4.2811E+05
0000207   1.7635E+06 -1.6576E+05 -4.7883E+05
0000208   1.9182E+06 -2.9386E+05 -7.5621E+05
0000209   1.5368E+06 -3.8883E+05  1.3558E+05
0000210   8.5966E+05 -5.8222E+04  2.7663E+05
0000211   1.7594E+06 -1.3629E+05  7.7951E+05
0000212   1.5358E+06 -3.7185E+05 -4.7013E+05
0000213   1.6130E+06 -1.8328E+05 -7.3867E+05
0000214   2.5239E+06  3.7249E+05  2.7361E+05
0000215   2.0564E+06 -4.1193E+05  3.0558E+05
0000216   1.2901E+06  8.7015E+05 -2.3874E+05
0000217   1.5917E+06  9.5938E+05  3.5516E+05
0000218   1.2302E+06  2.3707E+05 -3.7217E+05
0000219   1.4929E+06  5.0655E+05  4.0844E+05
0000220   1.5922E+06  7.0211E+04 -2.2738E+05
0000221   1.8584E+06  1.3998E+05 -3.8023E+05
0000222   2.0787E+06 -5.2191E+05 -5.2708E+05
0000223   1.8562E+06 -2.4899E+05  6.1860E+05
0000224   1.9871E+06  2.4582E+05  1.8247E+05
0000225   1.8327E+06  3.0063E+05  6.7441E+05
0000226   2.3032E+06 -5.8528E+04  1.0517E+06
0000227   6.1396E+05 -1.0517E+06  2.8027E+05
0000228   1.8986E+06  1.2923E+05 -7.8598E+05
0000229   1.6693E+06  6.5909E+05  4.1331E+05
0000230   2.1252E+06 -4.3703E+05 -1.9977E+04
0000231   1.4071E+06  2.0616E+05  1.4100E+05
0000232   2.4496E+06 -8.1874E+04  1.6794E+05
0000233   1.6238E+06  1.4104E+05 -1.2529E+06
0000234   1.6099E+06 -4.9595E+04  2.7432E+05
0000235   1.1395E+06  2.7443E+05 -7.6829E+05
0000236   1.9666E+06 -5.5243E+05  7.0305E+05
0000237   6.1507E+05  6.1962E+05  4.9205E+05
0000238   1.3067E+06 -3.2933E+05 -2.6107E+05
0000239   1.8433E+06 -2.0101E+05 -2.9790E+05
0000240   7.7728E+05 -2.1826E+04 -1.2197E+05
0000241   8.1250E+05  6.6108E+04 -9.1211E+04
0000242   1.6061E+06  1.1704E+06 -3.1403E+05
0000243   1.4967E+06  2.3234E+05  5.6508E+05
0000244   2.6780E+06 -7.9689E+05 -1.1158E+05
0000245   2.3767E+06  6.6618E+03 -6.3566E+05
0000246   7.7192E+05  7.2057E+05  6.6017E+05
0000247   6.3682E+05 -2.4805E+05 -1.3488E+05
0000248   1.3673E+06 -5.1628E+05 -1.4214E+05
0000249   1.6642E+06  2.6160E+05 -7.1795E+05
0000250   1.3730E+06 -5.2944E+05  3.8733E+05
0000251   1.9037E+06 -1.5100E+05 -4.0640E+05
0000252   1.0547E+06 -2.9555E+05 -1.7272E+05
0000253   7.3289E+05  4.8645E+05  7.6711E+05
0000254   1.4074E+06  4.1354E+05  1.8052E+05
0000255   1.3874E+06  6.7095E+05  4.9432E+04
0000256   4.4476E+05 -1.3248E+05  4.7263E+04
0000257   8.1018E+05 -3.9797E+05 -7.9486E+05
0000258   1.2360E+06  8.6150E+03  3.1992E+05
0000259   1.3277E+06  4.4280E+05  6.5181E+05
0000260   4.7145E+05  3.2409E+04  1.3396E+05
0000261   1.3299E+06 -2.8624E+05 -3.3434E+05
0000262   1.2264E+06 -9.4848E+04 -7.5389E+05
0000263   7.9982E+05 -5.6238E+05  4.5125E+05
0000264   1.7959E+06  4.6731E+04 -4.9116E+05
0000265   1.5395E+06  3.1675E+05  3.8392E+05
0000266   1.9856E+06  5.8345E+05 -1.5597E+05
0000267   1.3404E+06 -6.4291E+05  5.7268E+05
0000268   1.1111E+06 -7.9335E+05 -1.2241E+03
0000269   1.6507E+06  1.4213E+05  1.6628E+05
0000270   3.4396E+05 -3.5512E+05  1.5662E+05
0000271   1.4144E+06  6.9974E+05 -5.9519E+03
0000272   2.3609E+06 -2.6692E+05  3.7400E+05
0000273   1.1519E+06 -2.0066E+05 -2.7729E+05
0000274   2.1033E+06 -7.2689E+05 -1.0966E+06
0000275   1.9240E+06  9.4512E+04  2.0354E+05
0000276   1.3762E+06  4.6840E+05  1.7741E+05
0000277   1.9752E+06 -2.1679E+05 -1.2089E+06
0000278   1.9614E+06 -4.2802E+05 -6.8750E+04
0000279   1.9345E+06 -2.7600E+05 -9.8888E+03
0000280   2.2753E+06  3.2016E+05  5.1893E+05
0000281   5.8054E+05 -5.1887E+05  1.0104E+05
0000282   7.5312E+05 -6.4549E+05  3.4837E+05
0000283   1.4817E+06  3.2991E+05 -6.3822E+05
0000284   2.0618E+06 -5.2938E+05  7.4131E+05
0000285   1.9940E+06 -9.8382E+04  8.9478E+03
0000286   1.3014E+06  2.7298E+05  1.3958E+06
0000287   1.5422E+06  2.9619E+05 -2.8558E+05
0000288   1.7992E+06 -7.2214E+05 -3.4383E+05
0000289   1.5144E+06 -5.2048E+05  4.6113E+05
0000290   1.4851E+06  5.6888E+05 -3.4203E+05
0000291   1.5551E+06  7.8105E+04 -3.4965E+05
0000292   9.7369E+05  5.7955E+04 -5.4510E+05
0000293   1.6744E+06  4.4357E+05  6.5413E+05
0000294   1.5789E+06 -2.7145E+05  4.0174E+05
0000295   1.6855E+06  5.4248E+05  3.2652E+05
0000296   1.2385E+06 -2.3450E+05 -3.9244E+05
0000297   2.5825E+06 -7.3975E+04 -2.9755E+05
0000298   1.4682E+06  4.0949E+04  1.0301E+06
0000299   1.5325E+06  5.1441E+05  8.3419E+04
0000300   1.1642E+06  5.4167E+05  8.3708E+05
0000301   1.1600E+06 -2.4579E+05  4.9292E+05
0000302   2.0060E+06  5.8309E+05  4.0949E+05
0000303   7.3846E+05 -6.1952E+04  1.2340E+06
0000304   2.0407E+06 -3.4586E+05 -5.4360E+03
0000305   1.3104E+06 -5.3739E+05  3.7842E+05
0000306   2.3873E+06 -8.7665E+04  4.7920E+05
0000307   1.4778E+06  2.0340E+05  1.6861E+04
0000308   1.6904E+06  4.2310E+05 -1.0273E+06
0000309   1.8732E+06 -3.0189E+04 -7.1893E+05
0000310   1.0977E+06 -1.6434E+05  7.3847E+05
0000311   1.9095E+06 -5.0081E+05  9.6840E+04
0000312   2.0727E+06 -4.4135E+05 -5.0113E+05
0000313   1.6569E+06 -3.5425E+05 -4.8525E+05
0000314   1.6399E+06  2.4214E+05 -5.7997E+05
0000315   3.6287E+05  2.3822E+05  6.5565E+04
0000316   1.8044E+06 -1.7442E+05  3.7285E+05
0000317   1.8400E+06 -1.7883E+05 -4.2085E+05
0000318   2.5339E+06  4.4311E+05  2.2731E+04
0000319   2.0666E+06 -4.2183E+05  1.8579E+04
0000320   1.8339E+06 -1.1091E+05 -1.8213E+05
0000321   2.4457E+06  3.8686E+05  3.3906E+05
0000322   2.0168E+05 -1.5079E+05  1.7930E+05
0000323   1.9807E+06 -1.4334E+05  1.3038E+05
0000324   1.2239E+06  4.1778E+05  2.6648E+04
0000325   1.8836E+06 -1.6539E+05  4.2406E+05
0000326   1.3629E+06  4.9027E+05  8.6178E+05
0000327   2.3402E+06 -2.5896E+05  1.9810E+05
0000328   1.7361E+06  1.0829E+06  3.6070E+05
0000329   5.9539E+05 -4.7397E+05 -8.0606E+05
0000330   1.9416E+06  6.2463E+05  1.2408E+05
0000331   1.4992E+06  9.6048E+05 -8.5796E+05
0000332   1.8043E+06 -1.1271E+04 -3.9455E+05
0000333   2.5609E+06 -3.9175E+05  1.7540E+05
0000334   2.5118E+06 -4.2789E+05  3.2051E+05
0000335   1.7841E+06 -4.3919E+05  3.2539E+04
0000336   1.7155E+06 -7.5122E+05 -2.6755E+05
0000337   2.3392E+06 -5.9624E+05 -4.2071E+05
0000338   5.2769E+05 -2.6352E+05 -1.6405E+05
0000339   1.4954E+06  1.0901E+05  4.3242E+05
0000340   1.2492E+06 -1.6439E+05  2.4278E+05
0000341   1.9576E+06 -5.7196E+04  3.0272E+05
0000342   2.2004E+06 -6.0927E+04  2.0858E+05
0000343   1.9670E+06  6.0154E+05  4.4962E+05
0000344   1.6745E+06  1.8988E+05  3.9202E+05
0000345   1.1789E+06 -4.5398E+04 -7.0009E+05
0000346   1.4558E+06  3.9784E+05 -1.2117E+06
0000347   1.8142E+06 -6.5003E+05 -2.1996E+05
0000348   2.3399E+06  5.1665E+05 -1.5472E+05
0000349   1.8137E+06 -2.3144E+05  6.5370E+05
0000350   1.9827E+06  4.0132E+05 -7.1727E+05
0000351   1.8546E+06 -5.8011E+05  2.6741E+05
0000352   2.0593E+06  5.1001E+05  8.4957E+05
0000353   1.8061E+06  2.4130E+05 -1.2225E+05
0000354   7.5537E+05  1.6736E+03  4.0003E+05
0000355   9.4481E+05 -3.2811E+05  4.1760E+05
0000356   1.9644E+06  3.6737E+05  1.7405E+05
0000357   2.1084E+06 -9.4180E+05 -6.5199E+05
0000358   1.8302E+06  1.5703E+05 -6.7998E+05
0000359   1.5852E+06  5.2176E+05 -5.8285E+05
0000360   1.6296E+06 -1.0155E+06  1.0430E+05
0000361   1.3065E+06 -1.5409E+05 -2.0262E+05
0000362   1.4340E+06  1.3069E+06 -4.0911E+05
0000363   5.4702E+05 -4.5371E+05 -3.7655E+05
0000364   2.1518E+06  4.4325E+05  5.4493E+05
0000365   1.8130E+06 -1.4710E+05  3.6116E+04
0000366   1.7170E+06  7.5151E+05 -1.5317E+05
0000367   1.3354E+06  8.1873E+04  5.5988E+05
0000368   1.2063E+06  2.4991E+05  3.9382E+05
0000369   8.1002E+05 -6.8974E+04  1.0109E+05
0000370   8.5019E+05 -2.1795E+05  2.5017E+05
0000371   1.8338E+06  8.0994E+05  2.0223E+05
0000372   1.9603E+06  5.7759E+05 -5.8956E+05
0000373   1.6256E+06 -2.1071E+05 -3.1277E+05
0000374   1.8508E+06 -8.8825E+05 -7.7254E+05
0000375   1.7795E+06 -2.1485E+05  5.9789E+05
0000376   7.6725E+05  1.2199E+06  7.0665E+04
0000377   1.0996E+06  2.8091E+05  4.7423E+05
0000378   1.2853E+06 -1.2129E+05  4.7136E+05
0000379   1.7847E+06 -1.2395E+06  6.8492E+05
0000380   1.4448E+06 -4.5723E+05 -3.6828E+05
0000381   7.7385E+05 -1.5702E+05 -1.2172E+05
0000382   1.6202E+06 -4.6853E+05  6.7701E+05
0000383   1.3409E+06 -5.2173E+05  5.9289E+04
0000384   1.6830E+06 -8.2708E+05  2.3888E+05
0000385   1.5321E+06 -1.5858E+05 -1.9209E+05
0000386   1.6965E+06  4.8194E+05  1.8503E+05
0000387   2.3886E+05 -1.0527E+04  4.8786E+04
0000388   1.6189E+06  4.7350E+05 -3.4703E+04
0000389   2.5579E+06 -3.0808E+05 -1.2242E+05
0000390   4.0642E+05  3.4084E+05 -6.5657E+05
0000391   1.0733E+06 -7.2674E+05 -2.5957E+05
0000392   1.9369E+06 -3.1186E+05  3.8673E+05
0000393   9.5323E+05  2.3477E+05  3.8942E+05
0000394   1.7646E+06 -7.5354E+05  2.2209E+05
0000395   2.5145E+06 -3.0878E+05  1.2489E+05
0000396   1.6427E+06 -7.5642E+04  2.1759E+05
0000397   9.4662E+05  9.3108E+03  7.1923E+05
0000398   1.7121E+06  2.8729E+05 -2.3354E+04
0000399   2.3380E+06  3.7905E+05 -4.1518E+05
0000400   1.6560E+06 -6.6434E+05 -3.1731E+05
0000401   1.2414E+06  9.3795E+04  5.3084E+05
0000402   2.0081E+06 -1.8623E+05 -7.4216E+05
0000403   1.8524E+06 -5.1153E+05  1.8613E+05
0000404   9.1794E+05  4.9528E+05  9.8814E+04
0000405   2.0366E+06 -5.7425E+05 -5.1017E+05
0000406   1.0295E+06  4.5124E+04  1.1203E+04
0000407   1.4856E+06  4.7128E+05 -6.9934E+05
0000408   2.3013E+06 -1.5238E+05  3.1246E+05
0000409   1.0102E+06  6.0285E+05  2.1752E+05
0000410   1.4509E+06 -9.4438E+05  3.5276E+05
0000411   2.6005E+06  9.9310E+04 -4.8642E+05
0000412   1.0486E+06 -6.3480E+05  2.5781E+05
0000413   1.6544E+06 -5.0171E+05 -1.4318E+04
0000414   2.0653E+06  7.0807E+05  5.4689E+05
0000415   2.2151E+06  1.0887E+05  6.1382E+05
0000416   1.8891E+06  7.2096E+05  2.5106E+05
0000417   2.4920E+06  6.5750E+05 -1.9427E+05
0000418   1.5431E+06 -2.8367E+05  2.3119E+05
0000419   2.0189E+06 -7.9800E+05  1.8878E+05
0000420   1.3954E+06 -6.1872E+04  4.2379E+05
0000421   2.2105E+06  5.4741E+05 -1.4133E+05
0000422   1.1219E+06 -9.0536E+04 -3.7486E+05
0000423   1.6555E+06 -4.9899E+05 -2.3361E+05
0000424   2.1368E+06  3.4850E+05  1.1772E+05
0000425   2.2991E+06 -8.3829E+05  2.2298E+05
0000426   1.1606E+06  2.2291E+05 -6.3597E+05
0000427   1.9567E+06 -1.4058E+05  7.5786E+05
0000428   8.1421E+05  6.4434E+04 -1.7897E+05
0000429   1.2773E+06 -2.0506E+05  4.9547E+05
0000430   1.8510E+06  1.5176E+05 -4.8873E+05
0000431   1.4120E+06  9.0818E+04  1.1458E+06
0000432   1.8981E+06 -6.3051E+05  5.7310E+05
0000433   8.4605E+05  1.0623E+05 -2.0260E+05
0000434   2.0322E+06  4.2101E+05 -4.1983E+05
0000435   1.1875E+06 -1.0600E+06 -9.6961E+04
0000436   1.6557E+06 -1.0085E+06 -3.2544E+04
0000437   2.4429E+06  6.7022E+05 -8.4270E+05
0000438   1.9491E+06 -2.3465E+05 -3.6740E+05
0000439   2.3740E+06  8.7705E+04  2.2510E+05
0000440   1.0346E+06  4.0607E+04  1.7223E+05
0000441   1.3028E+06 -3.5485E+05 -5.1870E+04
0000442   1.0929E+06 -3.5824E+05  1.1310E+06
0000443   1.2337E+06  2.1947E+05 -8.5241E+05
0000444   1.2090E+06 -4.4227E+05  7.3573E+05
0000445   1.5279E+06 -5.4182E+05 -5.0342E+05
0000446   8.0301E+05  3.4014E+05 -1.6902E+05
0000447   1.6098E+06 -2.5461E+05 -6.2082E+05
0000448   5.4145E+05  1.2196E+05 -1.9734E+05
0000449   1.9902E+06  9.9098E+05 -5.1869E+05
0000450   1.3757E+06  3.6493E+05  6.0402E+05
0000451   1.8145E+06 -4.7205E+05  1.0324E+06
0000452   5.8475E+05 -1.5992E+05 -3.0344E+05
0000453   2.0635E+06  6.8291E+05 -3.8112E+04
0000454   1.3639E+06  2.0670E+05  3.8190E+05
0000455   1.6609E+06 -5.0305E+05  1.8549E+05
0000456   2.2487E+06  5.8872E+05 -3.9067E+04
0000457   1.5327E+06  3.9418E+05  7.3109E+05
0000458   2.2199E+06  3.4994E+05 -4.2351E+05
0000459   1.0323E+06  1.1900E+04 -8.3579E+04
0000460   2.2120E+06 -5.8227E+04 -4.7869E+05
0000461   1.1084E+06  5.8096E+05  1.2992E+05
0000462   1.8041E+06 -1.1234E+06  7.6963E+05
0000463   1.6225E+06  4.5025E+05  5.3026E+05
0000464   1.5679E+06 -3.7734E+05  1.3917E+05
0000465   1.4361E+06 -9.9761E+04 -1.2791E+05
0000466   1.0516E+06 -8.6785E+04  1.0113E+06
0000467   1.5160E+06 -4.8422E+05  5.8963E+05
0000468   1.5743E+06 -1.6901E+05  9.0342E+05
0000469   9.1098E+05  2.8619E+05  7.3110E+05
0000470   1.5385E+06 -8.5234E+05  1.2663E+06
0000471   1.2371E+06 -4.8373E+05 -2.5745E+05
0000472   1.5469E+06  4.2576E+04  2.6243E+05
0000473   1.1447E+06 -7.3471E+05  3.2348E+05
0000474   2.3503E+06 -9.3775E+04  7.5550E+04
0000475   1.2169E+06  7.9924E+04  2.0383E+05
0000476   1.2603E+06  8.8349E+05  1.1665E+05
0000477   1.1164E+06  3.8946E+03  4.1902E+04
0000478   2.0060E+06 -8.3375E+05  3.6059E+05
0000479   1.6661E+06  4.8611E+05 -1.5869E+05
0000480   2.2040E+06 -2.9267E+05 -4.9460E+05
0000481   9.4088E+05  3.3617E+05  3.5155E+04
0000482   1.9437E+06  1.9837E+05  1.0506E+05
0000483   2.1404E+06  1.7437E+05 -6.2794E+05
0000484   1.9323E+06 -7.1584E+05  2.5523E+05
0000485   1.1392E+06  5.4136E+05 -1.5293E+05
0000486   2.1562E+06  5.0979E+05  4.7616E+05
0000487   1.4168E+06 -8.1445E+04 -1.3453E+06
0000488   1.1910E+06  2.3383E+05 -3.7130E+05
0000489   1.7528E+06 -1.2200E+03 -5.9189E+04
0000490   1.6728E+06  2.5830E+05 -1.8070E+05
0000491   1.5110E+06 -3.9419E+05  6.5838E+05
0000492   1.6508E+06 -3.2884E+05  2.5453E+05
0000493   3.2549E+05 -1.0082E+06 -2.7301E+05
0000494   9.4633E+05 -1.8077E+05 -4.0313E+05
0000495   1.8788E+06  4.3046E+05 -9.1343E+03
0000496   1.2800E+06  3.1019E+05 -4.4505E+04
0000497   1.7611E+06 -1.2063E+05  1.1028E+05
0000498   2.0053E+06 -3.2880E+05 -1.1194E+05
0000499   2.1921E+06  7.9616E+05  7.4967E+05
0000500   1.7827E+06 -4.5800E+04 -3.5549E+04
0000501   1.8214E+06  5.2684E+05  1.2763E+05
0000502   1.7572E+06 -9.0017E+05 -2.4743E+05
0000503   1.9939E+06 -3.3657E+05  5.6722E+05
0000504   1.3678E+06 -3.8279E+03  1.7688E+05
0000505   1.0746E+06 -2.2232E+05 -2.1737E+04
0000506   6.7949E+05 -1.6669E+05 -9.7142E+04
0000507   2.0535E+06 -4.7637E+05 -2.6377E+05
0000508   2.2939E+06  2.9808E+04 -2.6773E+05
0000509   1.8785E+06  5.2612E+04  4.1157E+05
0000510   6.3457E+05  4.7069E+05  2.3404E+05
0000511   1.0980E+06  5.4435E+04  3.0023E+05
0000512   1.4356E+06  3.2021E+05 -5.0423E+05
0000513   2.1057E+06  2.0709E+05  4.6954E+04
0000514   1.3855E+06 -4.8401E+05 -2.3793E+05
0000515   1.9917E+06 -5.1104E+05 -4.6677E+05
0000516   1.4305E+06 -9.8750E+04 -1.3954E+05
0000517   1.9880E+06  6.6662E+05 -2.6868E+05
0000518   1.5138E+06  3.2123E+05  3.7579E+05
0000519   1.8767E+06 -4.6718E+03  9.1613E+05
0000520   1.4456E+06 -2.7558E+05 -1.4805E+05
0000521   1.2385E+06 -4.3282E+05 -1.7500E+05
0000522   1.4659E+06  1.0089E+05 -2.8622E+05
0000523   1.9206E+06 -6.9139E+05 -2.6640E+05
0000524   1.6653E+06 -5.7861E+05 -1.6938E+04
0000525   9.7870E+05  9.4151E+05 -5.9969E+05
0000526   1.8567E+06  9.5835E+05  4.2235E+05
0000527   1.6166E+06  5.5369E+05 -9.3077E+04
0000528   1.0433E+06 -8.4728E+05 -4.8300E+04
0000529   1.1405E+06 -2.3697E+05 -1.0438E+06
0000530   1.0818E+06  4.9984E+05 -8.4629E+05
0000531   1.8458E+06  8.4203E+05  2.0883E+05
0000532   1.7476E+06  2.7851E+05 -9.8266E+04
0000533   1.4806E+06 -8.3956E+05 -1.4923E+05
0000534   2.3790E+06 -2.7148E+05 -2.8625E+05
0000535   1.7327E+06 -4.6362E+05 -1.0665E+05
0000536   1.8397E+06 -4.2492E+05  4.4310E+05
0000537   1.5643E+06 -5.3883E+05  1.0474E+05
0000538   1.0937E+06 -1.5436E+05  9.2934E+05
0000539   1.3805E+06 -2.6038E+05  2.7345E+05
0000540   1.9825E+06 -5.4844E+05  5.0421E+05
0000541   2.2763E+06  1.4462E+06 -2.9315E+05
0000542   1.4651E+06 -6.1014E+05  1.5288E+05
0000543   1.7734E+06  8.5976E+05  2.5278E+05
0000544   2.0774E+06 -3.6670E+05 -8.1085E+03
0000545   1.4505E+06  3.0346E+05 -2.3837E+05
0000546   1.3830E+06  4.3595E+04 -8.4784E+05
0000547   1.6644E+06  2.7945E+05  3.8264E+05
0000548   1.0408E+06  4.2248E+05  5.1099E+05
0000549   1.3751E+06 -4.2220E+03 -3.6927E+05
0000550   1.0854E+06  8.1189E+05  1.8965E+05
0000551   1.9963E+06  2.2098E+05 -8.3612E+05
0000552   1.9362E+06  5.7277E+05  1.0234E+06
0000553   1.6514E+06 -6.1710E+05 -3.8212E+05
0000554   8.9111E+05 -2.5896E+05 -5.7833E+05
0000555   1.1963E+06  4.6386E+04 -3.4658E+05
0000556   2.3265E+06 -2.0922E+05  3.8025E+05
0000557   2.6586E+06  1.1557E+05  4.5764E+05
0000558   7.8025E+05  1.0782E+06  4.7003E+04
0000559   7.6991E+05  6.6767E+05 -1.1286E+06
0000560   1.1108E+06 -5.2827E+05  1.4367E+05
0000561   1.8639E+06 -5.9122E+03  5.6265E+05
0000562   1.7860E+06 -1.3167E+06  5.0580E+05
0000563   9.9126E+05 -9.9731E+05 -1.6711E+05
0000564   8.8043E+05 -9.5942E+05  5.5797E+04
0000565   2.3237E+06 -2.0090E+05 -3.0255E+05
0000566   2.1970E+06 -2.4795E+05  1.3470E+05
0000567   1.4359E+06 -1.0958E+06 -6.1315E+05
0000568   2.0099E+06  1.3012E+06 -4.4779E+05
0000569   1.7805E+06  1.5881E+05  3.3963E+05
0000570   2.9656E+06 -1.6884E+05 -1.1702E+05
0000571   6.2740E+05  2.4717E+05 -3.1074E+05
0000572   1.5763E+06 -7.1502E+03 -1.0504E+06
0000573   1.3520E+06 -1.0369E+06 -4.8374E+05
0000574   2.0125E+06  5.3208E+05  2.5575E+05
0000575   1.2255E+06  2.7385E+05  2.3419E+05
0000576   1.4650E+06  4.0909E+05  9.0982E+03
0000577   9.9667E+05 -6.4762E+05  7.7324E+05
0000578   1.6393E+06  3.2678E+05  2.1200E+04
0000579   1.5640E+06  1.2326E+05 -4.0100E+05
0000580   1.8797E+06  6.2125E+05  1.0530E+06
0000581   2.2198E+06 -5.0070E+05  3.4818E+05
0000582   1.2460E+06  4.8742E+05  2.1172E+05
0000583   1.8999E+06  4.0108E+05  3.6381E+05
0000584   1.5852E+06 -1.0162E+05  6.7142E+04
0000585   1.4443E+06 -8.1792E+04  1.0372E+06
0000586   3.8835E+05 -2.7982E+05  6.1135E+05
0000587   1.8874E+06 -7.2325E+05  1.4235E+05
0000588   2.4219E+06  6.7895E+04  7.0091E+05
0000589   1.4478E+06 -5.8367E+05 -6.3512E+05
0000590   1.0784E+06  2.4713E+05 -4.0478E+05
0000591   8.8804E+05  2.1297E+05 -4.8176E+05
0000592   1.4026E+06  1.0291E+06 -6.1734E+05
0000593   1.6814E+06  3.5068E+05 -1.3334E+06
0000594   1.2753E+06  3.3085E+03  4.9477E+05
0000595   1.6130E+06 -5.1153E+05  1.0304E+05
0000596   2.2080E+06  1.1640E+05  9.6154E+05
0000597   2.7323E+05 -1.5911E+05 -3.2326E+05
0000598   1.5145E+06  2.2755E+05 -1.0905E+06
0000599   1.4293E+06 -1.1192E+05  5.8430E+05
0000600   4.6811E+05  9.7415E+05 -2.9847E+05
0000601   1.0794E+06 -5.5011E+05 -3.6237E+05
0000602   1.2241E+06  1.3974E+05 -6.2509E+05
0000603   1.4478E+06 -3.8185E+05  5.6596E+05
0000604   1.6235E+06 -2.3304E+05 -9.7176E+05
0000605   1.3259E+06 -5.0368E+05  6.0336E+05
0000606   1.2934E+06  5.8262E+05 -7.6044E+05
0000607   2.0998E+06 -3.7758E+04 -4.5013E+04
0000608   2.5888E+06 -4.8869E+05  1.7442E+05
0000609   2.5245E+06 -4.8722E+04 -2.2137E+04
0000610   1.6902E+06 -6.8477E+05  3.7922E+05
0000611   2.1038E+06  4.3096E+05 -2.8215E+05
0000612   1.6824E+06 -7.7399E+05 -2.3515E+05
0000613   1.7997E+06  5.8907E+05  3.6510E+05
0000614   1.7303E+06 -4.5486E+05 -8.0308E+05
0000615   1.2966E+06 -2.7447E+05 -6.2318E+04
0000616   1.8521E+06  3.5775E+05 -3.5310E+05
0000617   1.5434E+06 -4.8456E+05 -1.2501E+05
0000618   1.9239E+06 -4.4393E+05 -3.8439E+04
0000619   1.7964E+06 -2.3719E+05 -1.2995E+05
0000620   2.0205E+06 -4.4809E+05 -3.3124E+05
0000621   1.8323E+06  3.4340E+04 -5.1956E+05
0000622   1.1813E+06  4.5180E+05 -6.3511E+05
0000623   7.3806E+05 -4.9374E+04 -3.8573E+05
0000624   1.4084E+06  4.3962E+04  1.3406E+05
0000625   2.2131E+06 -7.8152E+05  2.2112E+05
0000626   1.9186E+06 -2.6060E+05  1.8816E+04
0000627   8.4190E+05 -1.3959E+05  1.0984E+04
0000628   1.2073E+06 -1.9764E+05  1.0263E+05
0000629   1.1777E+06  5.9151E+05 -6.1879E+05
0000630   1.9291E+06  5.3132E+05 -3.5339E+05
0000631   1.5515E+06  1.8198E+05 -7.3048E+05
0000632   7.9007E+05  9.8111E+05 -7.4109E+05
0000633   1.9089E+06 -5.1212E+05  2.0857E+05
0000634   1.2977E+06 -2.2815E+05  5.7009E+05
0000635   1.7480E+06  2.8256E+04  1.1000E+05
0000636   1.2647E+06 -3.6326E+05  1.4584E+05
0000637   1.2762E+06 -2.8051E+05 -1.8837E+05
0000638   1.4131E+06 -4.1764E+05 -4.9421E+05
0000639   1.4743E+06  2.4121E+05  4.1116E+05
0000640   1.5441E+06 -1.9624E+05  5.8252E+05
0000641   9.9816E+05 -6.1201E+05 -7.8604E+05
0000642   1.2709E+06  1.4998E+06 -3.0738E+05
0000643   2.1524E+06 -4.7455E+05 -1.2414E+05
0000644   1.4314E+06  8.8737E+03 -2.5699E+05
0000645   8.2582E+05  3.8578E+04  2.7959E+05
0000646   2.6085E+06 -3.4414E+05  9.5759E+04
0000647   1.7782E+06 -2.1643E+05  1.6047E+05
0000648   6.5570E+05 -6.4905E+05 -5.5054E+05
0000649   2.1825E+06  7.7386E+05 -2.6528E+05
0000650   1.0477E+06 -8.4589E+05  2.7179E+05
0000651   2.1752E+06 -4.4316E+05  1.1844E+05
0000652   1.7442E+06 -1.1778E+05  2.3145E+05
0000653   1.9746E+06 -6.0438E+05  4.9261E+05
0000654   1.7955E+06  1.5189E+05  7.7205E+03
0000655   1.5026E+06  9.8267E+05 -5.6637E+05
0000656   1.0392E+06 -2.3671E+04  3.8765E+05
0000657   1.1631E+06  2.9033E+05 -1.0467E+06
0000658   2.1403E+06 -3.8338E+05 -1.9544E+05
0000659   1.5972E+06 -1.5085E+06  4.5306E+05
0000660   1.6434E+06  4.6895E+05  3.4785E+05
0000661   1.4247E+06  1.3649E+04 -1.3045E+05
0000662   1.1042E+06  3.0320E+05  3.9360E+05
0000663   7.6511E+05 -4.3803E+05 -5.3140E+05
0000664   1.8860E+06  4.2294E+05  9.0711E+05
0000665   2.0624E+06  2.7753E+05 -2.0701E+05
0000666   1.3397E+06 -7.9245E+05  4.1700E+05
0000667   1.7802E+06 -1.5095E+05 -5.5714E+05
0000668   6.0003E+05  2.7649E+05  4.4844E+04
0000669   1.5078E+06 -3.5391E+05 -1.4916E+05
0000670   1.6224E+06 -5.0758E+05  9.9035E+05
0000671   1.5731E+06 -5.1410E+05 -8.1196E+05
0000672   1.0997E+06  1.0743E+06 -5.3601E+05
0000673   2.0151E+06  1.5545E+05 -1.4761E+05
0000674   7.1179E+05 -6.1499E+05 -1.4135E+04
0000675   2.3042E+06 -1.8646E+05 -8.7966E+05
0000676   1.8226E+06  2.0443E+05  5.1962E+05
0000677   8.7206E+05  5.7402E+05 -5.5807E+04
0000678   1.0748E+05 -7.8012E+04  1.0566E+05
0000679   4.4492E+05  7.2960E+05  5.2968E+05
0000680   1.4208E+06  9.5846E+05 -4.3942E+04
0000681   2.0678E+06 -2.0377E+05  2.2068E+05
0000682   1.4716E+06  5.1364E+05  8.9418E+05
0000683   1.7325E+06  3.9728E+05  6.8389E+05
0000684   1.7479E+06  1.2429E+05  1.7409E+05
0000685   1.6578E+06  3.6230E+05  5.2108E+05
0000686   1.6720E+06  4.0115E+05 -2.1670E+05
0000687   2.1506E+06 -4.2877E+03  1.1032E+06
0000688   1.4945E+06 -2.1341E+05 -8.5414E+05
0000689   1.5980E+06  5.5336E+05 -2.8765E+05
0000690   1.6932E+06 -2.1225E+05  1.6400E+05
0000691   1.9584E+06 -5.6584E+04  1.8799E+05
0000692   2.0701E+06  2.8280E+05 -6.0255E+05
0000693   1.6414E+06 -1.3990E+05 -2.6824E+05
0000694   1.3112E+06  3.4729E+04  1.0036E+05
0000695   1.7545E+06  2.9244E+04  3.5116E+05
0000696   1.9797E+06  3.5407E+05  9.0892E+05
0000697   1.6508E+06 -4.8021E+05 -4.9927E+03
0000698   2.3880E+06 -3.4567E+03  4.5904E+04
0000699   1.7822E+06 -2.0951E+05  1.0416E+06
0000700   2.4434E+06  2.1028E+05 -1.1689E+05
0000701   2.2021E+06 -7.4509E+05  1.3244E+05
0000702   1.5142E+06 -8.8141E+05  9.3143E+05
0000703   2.1732E+06  3.5401E+05  7.8509E+05
0000704   1.5985E+06  7.5767E+04 -8.7977E+05
0000705   1.8831E+06  9.5203E+04  7.0623E+05
0000706   1.0361E+06  1.6490E+05 -1.1096E+04
0000707   1.6103E+06  5.0875E+05 -1.9012E+05
0000708   2.4082E+06  9.5236E+04 -8.2711E+05
0000709   1.8328E+06 -1.4367E+05  7.7380E+05
0000710   1.6877E+06 -6.2263E+05  3.6443E+05
0000711   1.4554E+06  4.2453E+05 -1.1707E+06
0000712   6.7757E+05  1.2028E+05  1.4110E+05
0000713   7.3782E+05  1.5663E+05  8.0034E+04
0000714   1.8850E+06 -3.3917E+05  5.8265E+04
0000715   1.0415E+06  9.9334E+04 -1.4045E+04
0000716   1.8173E+06  5.9326E+04 -4.5243E+05
0000717   1.3469E+06  4.4027E+05  1.7889E+05
0000718   1.7031E+06  1.6952E+05  2.3747E+05
0000719   1.3525E+06 -1.3568E+05  6.7825E+05
0000720   1.4382E+06 -3.0780E+05  3.3889E+05
0000721   2.1935E+06  5.5938E+05 -2.9559E+05
0000722   1.3682E+06  1.9234E+05 -2.8020E+05
0000723   1.4554E+06 -1.2360E+05  1.4379E+05
0000724   7.8268E+05 -2.8902E+05 -3.7954E+05
0000725   2.2109E+06 -3.0409E+05  1.7417E+05
0000726   1.4504E+06  4.3693E+04  6.9773E+04
0000727   1.7998E+05 -1.1519E+05  2.0145E+05
0000728   1.2434E+06 -3.8180E+05 -1.3817E+05
0000729   1.8439E+06  2.7940E+05  2.4845E+05
0000730   2.1004E+06 -9.7403E+05  7.6535E+04
0000731   1.8926E+06  2.7171E+05  1.0732E+05
0000732   1.1516E+06  9.3528E+05  2.5858E+05
0000733   1.7008E+06 -1.8565E+04 -3.9445E+04
0000734   1.4149E+06 -2.6951E+05 -8.7162E+05
0000735   1.0834E+06  2.8044E+05 -1.5733E+05
0000736   1.0184E+06 -3.5428E+05  5.0125E+05
0000737   1.8918E+06 -3.9545E+05  7.2961E+05
0000738   2.4335E+06 -2.0864E+05  4.6194E+05
0000739   1.6601E+06  5.9732E+05  6.0306E+04
0000740   1.9673E+06 -4.1292E+05 -1.7631E+05
0000741   1.2695E+06 -7.1593E+05 -2.5418E+05
0000742   1.5961E+06  1.5957E+05 -7.0667E+05
0000743   1.3762E+06 -2.8866E+05  2.1906E+05
0000744   5.6853E+05 -1.7666E+05  2.9512E+05
0000745   1.3424E+06 -1.0662E+05 -6.7523E+05
0000746   2.3354E+06 -1.1557E+05 -5.0253E+03
0000747   2.0812E+06  2.3735E+05 -1.0092E+06
0000748   1.6091E+06 -2.6739E+05  5.6134E+05
0000749   1.7251E+06  2.2071E+05 -2.1014E+05
0000750   2.2538E+06 -2.1575E+05  7.9415E+05
0000751   1.9657E+06  5.1919E+05  7.6580E+05
0000752   5.2071E+05 -2.7877E+05  2.0859E+05
0000753   1.5430E+06 -7.1834E+05 -4.3119E+05
0000754   1.4066E+06  2.5625E+05  7.0911E+05
0000755   2.3105E+06  9.2409E+05 -4.9064E+05
0000756   2.3249E+06  8.0623E+05  7.5129E+04
0000757   1.7944E+06 -4.3807E+05  3.9071E+05
0000758   1.3585E+06  1.8846E+05  4.5637E+05
0000759   1.5603E+06 -4.0335E+05  2.9522E+04
0000760   9.2502E+05  4.8513E+05  7.0445E+05
0000761   9.2191E+05  8.9062E+04 -2.0201E+05
0000762   1.4558E+06 -1.6850E+05  3.6493E+05
0000763   2.1234E+06  3.3148E+05 -1.4987E+05
0000764   1.1773E+06  5.3460E+05 -6.3820E+05
0000765   1.5131E+06  3.3813E+05 -7.8673E+04
0000766   1.9062E+06  3.1299E+05 -1.0433E+05
0000767   1.7825E+06  3.2679E+05  2.9669E+05
0000768   8.9581E+05 -5.3952E+05 -2.5258E+05
0000769   1.2952E+06 -1.8889E+05  3.0866E+05
0000770   2.3611E+06  7.8085E+05  2.9234E+05
0000771   1.2026E+06  6.1506E+04 -5.0795E+05
0000772   2.5394E+06 -1.6861E+05  6.8926E+04
0000773   1.3306E+06 -4.8052E+05  8.0526E+04
0000774   1.0947E+06  6.7272E+05  4.1409E+05
0000775   1.8499E+06  6.9393E+05  7.5525E+04
0000776   2.2967E+06 -5.8231E+05 -1.6639E+05
0000777   1.6893E+06 -2.1796E+05 -7.9188E+05
0000778   1.3328E+06  5.2641E+05  2.7887E+05
0000779   1.4401E+06 -7.4053E+05 -1.6389E+05
0000780   5.8877E+05 -2.8818E+05  6.9177E+04
0000781   1.5625E+06 -6.3893E+05  2.7227E+05
0000782   2.0898E+06 -2.7055E+05 -4.9572E+05
0000783   1.7896E+06  1.4498E+05  7.5193E+05
0000784   1.3415E+06  7.3902E+05 -7.2296E+05
0000785   2.2582E+06 -1.1241E+06 -7.0682E+04
0000786   2.0518E+06 -3.1334E+05 -5.0406E+05
0000787   1.4997E+06 -4.1371E+05  2.0115E+05
0000788   4.5395E+05  3.9687E+05  6.7001E+05
0000789   1.0253E+06  4.3506E+04 -1.4687E+05
0000790   2.2796E+06 -5.2649E+05  7.0227E+05
0000791   1.8393E+06 -1.4059E+05 -1.4519E+05
0000792   1.5864E+06  7.6060E+05  1.2692E+05
0000793   2.0378E+06  5.1296E+05  1.1965E+05
0000794   1.3683E+06 -1.6175E+05  6.6862E+05
0000795   1.3378E+06 -3.9091E+05  1.6649E+05
0000796   2.0619E+06  1.9010E+05 -2.7462E+05
0000797   9.3070E+05  7.0381E+05  5.3917E+05
0000798   2.1597E+06  1.5417E+05  1.1104E+05
0000799   1.5930E+06 -5.6419E+04 -5.9804E+05
0000800   1.9999E+06 -1.0728E+05 -2.2212E+05
0000801   1.6307E+06  2.5946E+05  8.0347E+04
0000802   1.7460E+06  1.6701E+05  2.9335E+05
0000803   1.2439E+06  3.4585E+05 -6.8237E+04
0000804   1.2539E+06  2.2155E+05 -3.4944E+05
0000805   2.1322E+06  5.6594E+05  4.1769E+05
0000806   1.6124E+06 -2.4549E+05  5.4166E+05
0000807   1.4015E+06 -4.1545E+04  6.0678E+05
0000808   1.6545E+06  1.4996E+05 -8.5386E+05
0000809   1.2260E+06  3.9524E+05 -1.7455E+05
0000810   9.1192E+05  1.7171E+05 -5.4679E+05
0000811   2.0975E+06 -3.4971E+04 -6.5051E+05
0000812   1.7120E+06  2.0601E+05  3.5991E+05
0000813   1.4095E+06  5.1089E+05  4.2875E+05
0000814   4.3604E+05  3.4536E+05 -8.0614E+04
0000815   1.9870E+06  9.4255E+05  9.5318E+04
0000816   2.3430E+06 -7.2161E+05  8.5914E+04
0000817   1.0204E+06  7.7708E+05  3.3042E+05
0000818   9.9286E+05  4.8538E+05 -5.8785E+05
0000819   9.2073E+05 -5.1597E+05  3.1565E+05
0000820   2.1080E+06  4.0474E+05  4.0000E+05
0000821   1.7303E+06  5.9981E+05  2.9316E+05
0000822   1.5767E+06  4.5292E+05 -6.6233E+05
0000823   1.5500E+06  2.3174E+05  1.9730E+05
0000824   1.7335E+06 -2.2845E+04  4.6307E+05
0000825   2.3814E+06  4.3513E+05  7.6775E+05
0000826   2.9621E+05 -6.1640E+04 -2.7305E+04
0000827   2.0655E+06 -1.9514E+05  2.8527E+04
0000828   2.0731E+06  1.2863E+05  5.1991E+05
0000829   1.0500E+06  2.4043E+05  7.6713E+04
0000830   1.5715E+06 -7.0995E+05 -6.3941E+04
0000831   9.4229E+05 -3.5528E+05  8.4359E+05
0000832   1.6492E+06 -1.4226E+05 -1.4915E+05
0000833   2.1595E+06 -6.8457E+04 -3.4394E+05
0000834   1.3268E+06 -3.7325E+05 -1.8402E+05
0000835   9.9692E+05  3.0747E+05 -3.3351E+05
0000836   1.2611E+06  6.6894E+05  2.4210E+05
0000837   8.0484E+05 -3.7394E+05  1.0547E+05
0000838   1.8959E+06  4.6167E+05 -9.3746E+05
0000839   1.9362E+06  4.6828E+04  5.4372E+05
0000840   4.9035E+05 -3.6250E+05  1.7576E+05
0000841   1.9296E+06  1.3807E+05 -4.7130E+05
0000842   1.4426E+06 -4.0372E+05 -4.0094E+05
0000843   1.5544E+06 -1.2391E+06 -1.3952E+05
0000844   1.5206E+06  5.2260E+05 -1.0094E+05
0000845   2.1155E+06  3.2554E+05  1.0622E+06
0000846   1.2646E+06  5.5960E+05 -1.3997E+05
0000847   1.3605E+06  4.3042E+05  2.3872E+05
0000848   1.6350E+06  8.1294E+04 -6.7812E+05
0000849   1.5184E+06  1.9518E+05  4.8227E+05
0000850   1.0933E+06 -1.3729E+05 -3.1073E+05
0000851   1.2496E+06 -9.8715E+04  3.2286E+05
0000852   1.9790E+06 -1.8450E+05 -3.4938E+05
0000853   1.0712E+06 -4.1207E+05 -4.6962E+05
0000854   1.4709E+06 -6.1962E+05 -5.6640E+05
0000855   2.4371E+06  2.8040E+04 -3.3402E+04
0000856   1.5044E+06 -1.4037E+05  9.5379E+04
0000857   1.2507E+06  4.0404E+05 -5.1942E+05
0000858   2.3209E+06  6.7120E+04  5.3207E+05
0000859   2.1525E+06 -1.8504E+05 -4.9519E+05
0000860   7.1162E+05 -4.0938E+05 -1.7985E+05
0000861   2.0325E+06 -2.2166E+05 -3.4435E+05
0000862   1.8146E+06  1.5742E+05 -8.2012E+05
0000863   1.8819E+06  5.7312E+05  2.4295E+05
0000864   1.9098E+06 -1.2721E+05 -1.5820E+05
0000865   2.5453E+06 -1.6204E+05  3.0729E+05
0000866   2.0465E+06  3.1790E+05 -1.3188E+05
0000867   1.8665E+06  8.1423E+05  1.7074E+05
0000868   2.4466E+06 -9.0226E+04  2.8381E+05
0000869   1.9014E+06  9.6057E+05 -6.1816E+05
0000870   1.7120E+06 -6.9939E+05 -3.6712E+05
0000871   1.6636E+06  2.8160E+05  3.6216E+05
0000872   1.2599E+06  4.6535E+05 -5.7150E+05
0000873   1.6757E+06 -5.4721E+05 -9.5239E+05
0000874   1.1343E+06 -2.2899E+05  5.6040E+04
0000875   1.6879E+06 -2.8059E+05  2.0071E+05
0000876   2.2041E+06  2.2476E+05  4.1100E+05
0000877   1.6546E+06 -1.5984E+05 -7.4474E+04
0000878   1.2647E+06 -4.1504E+05 -4.5607E+05
0000879   2.2572E+06 -4.7824E+05 -2.8138E+05
0000880   3.2065E+05  1.6292E+05 -1.6605E+05
0000881   2.4299E+06 -1.1430E+05  4.4775E+05
0000882   2.0156E+06  1.1611E+06  4.1193E+05
0000883   1.7350E+06  9.8134E+04 -3.7507E+05
0000884   1.4376E+06 -1.3783E+05  1.3077E+05
0000885   1.6702E+06  1.1362E+05  8.2597E+04
0000886   1.4660E+06  2.8944E+05 -5.5958E+05
0000887   1.6900E+06 -1.2266E+06  4.3402E+05
0000888   1.5500E+06  4.7113E+05  4.8515E+05
0000889   2.1270E+06 -5.9421E+05 -1.6518E+05
0000890   6.9433E+05 -3.8755E+05 -5.8325E+04
0000891   1.8971E+06 -1.4663E+05 -3.0368E+05
0000892   2.0656E+06  1.7020E+05 -4.2578E+05
0000893   1.5724E+06  3.3781E+05 -9.4102E+04
0000894   1.1326E+06  3.6937E+05 -3.4930E+05
0000895   2.6384E+06 -3.5675E+05  2.7885E+05
0000896   1.7281E+06  3.5438E+05 -4.0977E+05
0000897   1.7325E+06 -4.0561E+05  8.4891E+04
0000898   2.3385E+06  1.5826E+05  5.7008E+05
0000899   1.3674E+06 -6.1404E+05 -6.0317E+03
0000900   1.6125E+06  2.5029E+05 -1.2497E+06
0000901   1.1574E+06  2.6573E+05 -7.1990E+05
0000902   1.1274E+06  2.2956E+04 -8.3397E+05
0000903   5.7799E+05 -7.8581E+05  1.9549E+05
0000904   1.2398E+06  2.1649E+05 -3.1581E+05
0000905   1.0597E+06  3.1743E+05 -2.3066E+04
0000906   1.9502E+06 -5.5911E+05  1.2803E+06
0000907   1.9632E+06 -3.1368E+05 -4.0491E+05
0000908   1.7006E+06  1.6008E+05 -3.1105E+05
0000909   1.9462E+06 -2.6179E+05 -2.4065E+05
0000910   1.8320E+06 -4.9808E+05  4.3771E+05
0000911   2.2003E+06 -2.1961E+05  3.8147E+05
0000912   1.2307E+06 -2.6409E+05 -8.1888E+03
0000913   1.0126E+06 -7.1084E+04 -3.6434E+05
0000914   1.2303E+06 -1.1288E+06  5.8703E+05
0000915   1.4973E+06 -8.2433E+05 -8.3676E+05
0000916   2.5088E+06 -3.3915E+05  2.5231E+05
0000917   1.5034E+06  2.6806E+04  1.0863E+06
0000918   1.9961E+06 -2.1930E+05 -4.3268E+05
0000919   9.9067E+05 -4.9270E+05  3.0379E+05
0000920   1.7232E+06 -1.6483E+06  8.2046E+05
0000921   7.5873E+05 -3.6195E+05  9.5935E+04
0000922   1.0711E+06 -4.8685E+05  5.4934E+05
0000923   2.1826E+06 -3.8854E+05  6.7818E+05
0000924   1.8713E+06 -1.6387E+05  9.9641E+05
0000925   1.9338E+06  1.6869E+05 -5.2826E+05
0000926   9.2830E+05  8.1024E+05  2.0266E+05
0000927   1.5024E+06 -6.7085E+05  2.4034E+04
0000928   1.2832E+06  1.7608E+05 -7.6363E+04
0000929   1.7774E+06  2.1936E+05  6.3893E+05
0000930   2.2457E+06 -2.8382E+05  2.2509E+05
0000931   5.8634E+05 -2.3994E+05 -3.1789E+05
0000932   1.3683E+06 -3.1053E+05 -7.7893E+04
0000933   1.2147E+06  2.4530E+05  8.7866E+05
0000934   2.0846E+06 -2.7001E+05 -8.1562E+05
0000935   1.4097E+06  1.5210E+05 -5.8532E+05
0000936   2.0684E+06 -2.7928E+05 -2.7730E+05
0000937   1.3021E+06  3.2851E+05 -2.3335E+05
0000938   2.2113E+06 -9.5629E+04 -3.7024E+05
0000939   7.1654E+05 -4.3507E+05 -1.4842E+05
0000940   1.9947E+06  3.4809E+05  7.5928E+05
0000941   1.2598E+06 -5.5111E+05  8.7878E+05
0000942   1.2437E+06 -4.1773E+05 -2.0127E+05
0000943   1.3218E+06  4.0415E+05 -2.8246E+05
0000944   1.9551E+06  1.1900E+05  1.6170E+05
0000945   1.6005E+06 -1.0740E+06  3.9457E+04
0000946   9.9133E+05  2.6502E+05  1.1115E+05
0000947   1.4795E+06 -6.8759E+05 -3.8851E+05
0000948   1.8237E+06  6.5915E+05 -4.1121E+04
0000949   2.2201E+06 -2.7105E+05  3.9252E+05
0000950   1.2854E+06  1.1245E+05 -3.0502E+05
0000951   1.8645E+06  4.6330E+05 -3.1696E+05
0000952   2.2032E+06 -1.2883E+05  3.8513E+05
0000953   1.2152E+06  1.1676E+05 -4.4213E+05
0000954   1.6653E+06 -2.8637E+05  5.8864E+05
0000955   2.2199E+06  4.0603E+04  3.2729E+05
0000956   1.4822E+06  2.6177E+05  3.0327E+05
0000957   1.5697E+06  4.1601E+05  1.8030E+05
0000958   2.5827E+06  1.0109E+06  3.5569E+05
0000959   2.0116E+06 -4.2093E+04 -8.3088E+05
0000960   1.5992E+06 -5.4000E+05  9.6703E+04
0000961   1.7637E+06  1.9333E+05 -6.9954E+05
0000962   2.2530E+06  3.5633E+05 -9.6006E+05
0000963   2.1907E+06  1.0116E+05 -5.1543E+05
0000964   2.9508E+05 -2.6519E+05  5.7169E+04
0000965   1.7465E+06  2.8896E+05  2.7678E+05
0000966   2.3477E+06 -4.8904E+05  3.4655E+05
0000967   1.4417E+06 -2.4597E+05  7.3519E+05
0000968   1.5329E+06  1.6346E+05  3.0241E+05
0000969   1.1775E+06  2.3421E+05 -1.0280E+06
0000970   5.7422E+05 -2.7765E+05 -1.3332E+05
0000971   1.6581E+06 -8.7303E+05 -4.0003E+05
0000972   2.1145E+06 -1.1285E+05 -5.2105E+05
0000973   2.4895E+06 -1.2656E+05 -1.0858E+05
0000974   1.6454E+06 -2.4767E+05 -1.8076E+04
0000975   1.3591E+06  6.5865E+05  4.2558E+05
0000976   9.8826E+05 -5.3321E+05 -1.3860E+05
0000977   6.6957E+05  4.1618E+05  7.3299E+04
0000978   9.2168E+05  5.2156E+05 -6.1966E+05
0000979   1.9123E+06  3.5476E+05  6.5406E+04
0000980   1.1472E+06 -4.4331E+05 -6.0000E+03
0000981   4.7984E+05  1.1474E+05 -3.6438E+05
0000982   1.6308E+06 -1.0184E+06  2.4326E+05
0000983   1.1384E+06 -3.7183E+05  8.2604E+05
0000984   1.5955E+06  2.2926E+05  7.0993E+05
0000985   1.6843E+06 -5.9078E+05  1.5517E+05
0000986   9.8075E+05  6.5403E+04  1.8375E+05
0000987   2.4683E+06  7.6106E+05  6.2518E+05
0000988   1.5592E+06 -7.9729E+05  1.2267E+05
0000989   1.5603E+06 -1.1475E+06  6.0758E+05
0000990   2.2363E+06  5.4076E+05 -3.6420E+05
0000991   1.5767E+06  2.5486E+05  3.5220E+05
0000992   1.5824E+06 -4.2968E+04  1.9611E+05
0000993   1.2535E+06  9.6301E+05  5.0146E+05
0000994   1.2854E+06  1.4976E+05 -7.2551E+05
0000995   1.1896E+06  2.3630E+05 -5.0180E+05
0000996   1.5687E+06 -2.7047E+05 -1.6250E+05
0000997   2.2961E+06  4.6660E+05 -8.8288E+04
0000998   2.3291E+06 -5.7360E+05  4.5570E+04
0000999   1.1062E+06  7.5896E+05  7.9387E+05
0001000   9.9429E+05 -6.1623E+05 -2.2549E+05
