============================== SRIM-2013.00 ==============================
==============================================================================
====== SRIM Outputs\RANGE_3D.txt : File of Final Ion Positions =====

Ion = Ar (18)   Ion Mass= 039.9620
Energy  = 4291934.E-04 keV
Ion Angle to Surface = 00.0 degrees
==================== TARGET =======================
  Layer # 1 - Layer 1
  Layer # 1 - Bottom Depth=500000.E+02 A
  Layer # 1 - Density =0000.0089 g/cm3
  Layer # 1 -  100 % of Ar
様様様様様様様様様様様様様様様様様様様様様様様様様様
                                            
Ion       Depth  X   Lateral Y   Lateral Z  
Number    (Angstrom) (Angstrom)  (Angstrom) 
-------  ----------- ----------- -----------
0000001   1.4376E+06 -1.1847E+06  4.0723E+05
0000002   2.7061E+06 -3.2885E+05  2.7127E+04
0000003   1.6864E+06 -3.2315E+05 -7.5700E+05
0000004   1.1836E+06 -2.5936E+05 -6.1595E+05
0000005   1.7512E+06 -8.4595E+04  1.0542E+05
0000006   2.2590E+06 -3.1387E+05  5.2801E+05
0000007   2.3801E+06  4.1339E+05 -3.6826E+05
0000008   1.3309E+06 -1.1435E+06 -4.0215E+05
0000009   1.2734E+06  5.1530E+05 -4.2533E+05
0000010   2.1191E+06  7.0106E+05  5.4383E+05
0000011   2.3299E+06 -4.6033E+05 -8.9438E+05
0000012   6.0345E+05 -5.9598E+05  1.9983E+05
0000013   1.6298E+06  5.2874E+05  5.2403E+05
0000014   2.3218E+06  2.1535E+05 -4.5066E+05
0000015   1.6162E+06  2.8264E+05 -3.3720E+05
0000016   1.6603E+06  2.5347E+05 -1.5599E+05
0000017   1.5213E+06 -1.8690E+05  5.0072E+05
0000018   1.6371E+06  1.0545E+05 -4.8468E+05
0000019   1.6330E+06 -2.3419E+05 -3.4851E+05
0000020   1.6025E+06 -2.9431E+05  3.5931E+05
0000021   2.4070E+06 -9.6197E+05 -1.8191E+05
0000022   1.9006E+06  1.1345E+05 -1.0174E+06
0000023   1.9749E+06 -9.3635E+05 -1.1831E+05
0000024   1.6773E+06  9.7946E+04 -1.2921E+06
0000025   1.2187E+06 -4.1619E+05 -6.0849E+05
0000026   1.0148E+06  1.2938E+05 -4.9163E+05
0000027   1.2586E+06  2.1413E+05 -9.2846E+04
0000028   6.1237E+05 -1.5234E+05 -2.8123E+04
0000029   1.7836E+06 -5.4818E+05 -1.0146E+06
0000030   1.2666E+06 -1.0551E+06 -5.8101E+05
0000031   2.2356E+06 -2.9824E+05  6.8045E+05
0000032   2.4360E+06 -1.9289E+05  1.4727E+05
0000033   2.2411E+06  1.0240E+06 -1.1569E+05
0000034   1.8171E+06 -4.8913E+05 -4.9916E+05
0000035   2.4649E+06  5.5138E+05 -4.8997E+05
0000036   1.1779E+06 -1.2911E+06  6.3915E+05
0000037   1.9706E+06  1.5638E+05  2.1561E+05
0000038   1.8206E+06 -1.8648E+05 -1.5039E+05
0000039   2.1816E+06 -1.8176E+05 -1.1494E+06
0000040   2.3752E+06  6.4775E+05 -3.0953E+05
0000041   1.7013E+06 -4.8581E+03 -6.1037E+05
0000042   2.2192E+06  1.4172E+05 -1.9507E+05
0000043   1.6310E+06 -2.8715E+05 -8.2216E+05
0000044   7.8007E+05 -1.5549E+05 -2.2314E+04
0000045   1.7619E+06 -4.8489E+05 -1.7890E+05
0000046   2.1588E+06 -8.4311E+04  1.1622E+05
0000047   1.5723E+06 -2.2933E+05 -6.0147E+05
0000048   1.1084E+06 -1.1056E+05 -7.4898E+05
0000049   1.0893E+06  8.9391E+05 -5.9036E+05
0000050   1.5663E+06 -9.4759E+05  4.6821E+05
0000051   1.3737E+06 -5.7852E+05  4.7314E+05
0000052   9.2644E+05  6.1534E+05  1.9747E+05
0000053   6.9790E+05 -2.8073E+05 -3.1495E+05
0000054   1.8633E+06 -1.3950E+05  2.4189E+05
0000055   1.9530E+06 -5.2691E+03  3.8502E+05
0000056   1.8150E+06  9.2735E+05  1.2940E+05
0000057   7.5053E+05 -6.5672E+05 -2.0414E+05
0000058   1.1796E+06 -8.3956E+05  3.1963E+04
0000059   1.4745E+06  7.9978E+04 -6.3004E+05
0000060   2.2668E+06 -5.6063E+05  3.2250E+05
0000061   2.1056E+06 -1.9465E+05  3.2001E+05
0000062   9.7335E+05 -1.7186E+05 -8.7066E+05
0000063   2.0757E+06  2.3500E+05 -9.7758E+05
0000064   1.5986E+06 -3.5049E+05 -2.5995E+04
0000065   1.3615E+06  3.4397E+05  6.1090E+05
0000066   1.3809E+06  3.4458E+05  2.6984E+05
0000067   6.5948E+05 -1.2748E+05 -4.8196E+04
0000068   2.0536E+06  4.6348E+05  4.0866E+05
0000069   1.2547E+06 -3.3544E+05 -2.7718E+05
0000070   1.5751E+06  2.1523E+05  3.4915E+05
0000071   2.3031E+06 -3.7912E+03  2.2555E+05
0000072   1.8438E+06 -4.1741E+05 -5.4848E+05
0000073   8.6742E+05  6.4733E+05  7.4108E+05
0000074   2.3792E+06  4.1044E+04  3.5819E+05
0000075   1.2311E+06  4.8680E+05 -2.9705E+05
0000076   2.1886E+06 -7.8499E+05 -1.6774E+05
0000077   2.1675E+06 -6.1417E+05 -3.1993E+05
0000078   1.3803E+06 -1.0740E+06  1.6113E+04
0000079   1.1777E+06 -3.5069E+05  3.1783E+05
0000080   2.0970E+06  1.0790E+06 -5.4684E+05
0000081   6.5511E+05  5.7274E+04 -1.5943E+05
0000082   1.3876E+06 -2.4389E+05 -4.5726E+04
0000083   1.8251E+06 -1.4867E+06  3.9588E+05
0000084   1.6744E+06 -1.5580E+05  6.2421E+05
0000085   1.2102E+06  8.9120E+05  3.5950E+05
0000086   1.5170E+06 -2.3351E+05 -1.7086E+05
0000087   1.6100E+06 -4.6388E+05 -4.8806E+05
0000088   1.9104E+06  6.0717E+05  4.6581E+05
0000089   1.4157E+06  1.2186E+05 -3.3963E+05
0000090   2.1367E+06 -9.7951E+05  2.2241E+05
0000091   1.6085E+06 -1.7490E+05 -6.9276E+05
0000092   1.6493E+06 -9.1431E+05 -5.9607E+05
0000093   2.1234E+06 -7.0910E+05 -5.5243E+05
0000094   1.5963E+06 -3.4824E+05 -1.2878E+04
0000095   8.8932E+05 -8.4372E+05 -6.9744E+05
0000096   1.1714E+06  6.8191E+03 -2.1643E+05
0000097   1.6602E+06  7.3727E+05  1.0627E+06
0000098   1.1804E+06 -1.3926E+05  4.1330E+05
0000099   2.2545E+06 -1.3478E+05 -1.0614E+06
0000100   2.1169E+06 -4.4868E+05  3.7532E+05
0000101   2.1436E+06 -2.0512E+04 -2.2220E+05
0000102   2.6013E+06 -1.8640E+05  2.0637E+05
0000103   1.9377E+06  3.1183E+05 -6.7860E+04
0000104   2.1150E+06 -6.7015E+05 -3.8500E+05
0000105   2.3481E+06 -6.3451E+05 -2.6541E+04
0000106   1.4647E+06 -6.9182E+05  4.4829E+05
0000107   3.6495E+05  1.8278E+05 -3.8393E+05
0000108   1.4675E+06  1.1992E+05  3.1932E+05
0000109   1.7417E+06 -7.1814E+05  1.7913E+05
0000110   2.2239E+06  2.0783E+05  2.0425E+05
0000111   1.7983E+06 -4.1978E+05 -5.5407E+04
0000112   2.3172E+06 -6.3023E+05 -6.6054E+05
0000113   9.5611E+05  3.4391E+05  3.8607E+05
0000114   1.7609E+06  6.4894E+05 -3.9675E+05
0000115   2.2555E+06 -2.0183E+05  8.3692E+05
0000116   1.8074E+06 -2.8339E+05  1.0235E+05
0000117   1.2929E+06  4.8910E+05 -4.5910E+05
0000118   1.8478E+06  6.8115E+05  9.1491E+05
0000119   1.8193E+06 -5.7504E+05  9.5363E+03
0000120   2.4329E+06 -1.6050E+05 -3.9116E+05
0000121   1.8253E+06  2.8280E+05 -8.4959E+05
0000122   1.5267E+06 -2.2817E+05  3.3162E+05
0000123   1.3617E+06 -1.2021E+06 -1.1498E+05
0000124   2.3743E+06  5.6529E+04  3.3836E+05
0000125   1.3153E+06  8.9070E+05  6.5709E+05
0000126   1.7905E+06 -4.9653E+05 -7.2485E+02
0000127   2.1131E+06 -1.4516E+05 -5.0845E+05
0000128   1.1327E+06 -2.5696E+05 -2.4995E+05
0000129   1.7715E+06  7.0801E+05  5.3965E+05
0000130   1.8953E+06 -4.4296E+05 -4.5409E+05
0000131   1.3533E+06  2.9829E+05 -8.5787E+05
0000132   1.8761E+06  4.8231E+05  9.8709E+05
0000133   1.6877E+06 -6.3189E+04  4.1818E+05
0000134   1.7625E+06  4.5234E+05  4.9823E+04
0000135   1.6901E+06 -3.9697E+05 -3.0409E+04
0000136   2.0744E+06  1.0363E+06  2.5405E+05
0000137   1.3871E+06  4.6216E+05  7.9278E+05
0000138   5.5551E+05  8.3142E+04 -3.4837E+05
0000139   2.6013E+06  3.0871E+05  6.3092E+05
0000140   1.1573E+06 -2.3306E+05 -5.5248E+05
0000141   1.4904E+06 -5.7687E+05  2.7235E+04
0000142   9.7543E+05  5.8852E+05  3.5101E+04
0000143   1.1341E+06  5.3984E+04  7.2017E+05
0000144   1.2662E+06  7.6780E+05  3.1685E+04
0000145   2.1564E+06  3.1068E+05  5.0924E+05
0000146   1.6848E+06  2.8989E+05  2.6241E+05
0000147   1.6772E+06  6.9892E+05 -2.0802E+04
0000148   1.8874E+06 -6.1673E+05 -3.7948E+05
0000149   1.5830E+06  4.4181E+05 -5.9606E+05
0000150   8.4679E+05 -3.5838E+05 -7.5568E+04
0000151   1.1465E+06 -2.9977E+05  5.2716E+05
0000152   1.0505E+06  6.1979E+05 -5.0083E+05
0000153   1.7964E+06  1.1248E+06 -5.4960E+04
0000154   9.0346E+05 -5.6572E+04 -7.3295E+05
0000155   2.2371E+06  1.6534E+05 -4.9583E+03
0000156   1.2273E+06 -1.4340E+06 -5.4299E+05
0000157   2.0443E+06  1.4836E+05  4.1508E+05
0000158   1.8176E+06  1.0857E+06  7.4247E+04
0000159   1.8579E+06  4.2835E+05  6.1102E+05
0000160   1.6169E+06 -3.4878E+05 -6.5183E+05
0000161   1.3367E+06 -6.1100E+05  5.5739E+05
0000162   1.2524E+06  2.6750E+05 -2.5030E+05
0000163   2.0973E+06 -7.2651E+05 -1.6726E+05
0000164   2.3610E+06 -2.1412E+05 -4.1517E+05
0000165   1.8864E+06 -1.4600E+06 -6.7240E+05
0000166   1.9917E+06  3.5538E+05 -1.7901E+05
0000167   1.9834E+06 -6.3944E+04  9.6079E+05
0000168   1.5672E+06  2.7469E+05 -2.2114E+05
0000169   1.5923E+06  6.2219E+04 -3.4462E+04
0000170   1.2368E+06 -8.0722E+04  2.0799E+05
0000171   1.2963E+06 -1.4837E+06  5.3152E+05
0000172   8.5561E+05 -9.4289E+03  8.7252E+05
0000173   2.1694E+06  1.4453E+05  5.8864E+05
0000174   1.2531E+06  6.5744E+05 -7.4383E+05
0000175   1.6954E+06  2.8403E+05 -1.8346E+05
0000176   1.7379E+06 -8.6162E+05  1.0490E+05
0000177   2.4010E+06 -6.4133E+05 -4.1477E+04
0000178   1.7830E+06  1.4047E+05 -8.8438E+04
0000179   9.2817E+05 -1.0395E+05 -4.2767E+05
0000180   1.6801E+06  4.5222E+05 -1.3450E+05
0000181   1.6054E+06  5.3509E+05  4.9761E+05
0000182   1.3669E+06 -1.8108E+05  1.1563E+06
0000183   1.5298E+06  3.0982E+05  3.2412E+05
0000184   6.5309E+05  4.0721E+04  3.4397E+05
0000185   1.6500E+06  3.7240E+05 -3.9991E+05
0000186   9.7478E+05  2.2038E+05  6.1246E+05
0000187   2.3781E+06 -5.4444E+05 -1.1897E+05
0000188   2.6500E+06 -4.5823E+05 -7.7034E+05
0000189   8.1985E+05  1.2182E+05  2.4282E+04
0000190   1.9004E+06 -4.8443E+03 -1.4090E+05
0000191   1.8489E+06  1.8986E+05  4.2317E+05
0000192   2.3932E+06  3.0667E+04  1.2391E+05
0000193   1.6406E+06  6.2391E+05  7.0332E+05
0000194   2.0910E+06  2.7117E+05  7.2979E+05
0000195   2.1406E+06 -1.0228E+06  4.3441E+05
0000196   2.3027E+06 -1.0994E+06 -8.7382E+04
0000197   2.0969E+06  3.3158E+05 -1.3234E+05
0000198   2.6005E+06 -6.3054E+05  2.2147E+05
0000199   6.9313E+05 -2.8416E+03  1.4188E+05
0000200   2.0019E+06  1.2576E+06  3.5252E+04
0000201   1.6847E+06 -1.2191E+05 -1.7973E+05
0000202   1.9992E+06 -6.8865E+05  8.8401E+04
0000203   2.3035E+06 -1.4690E+06 -2.4809E+05
0000204   2.4314E+06  3.1806E+05 -2.1876E+05
0000205   2.4580E+06 -9.8319E+04 -2.0988E+05
0000206   1.4369E+06  1.4957E+05  9.1908E+05
0000207   9.3921E+05  4.2679E+05 -5.7788E+05
0000208   2.0532E+06 -5.7757E+05 -2.8474E+05
0000209   2.5297E+06 -8.8819E+05  2.9472E+04
0000210   1.3810E+06  9.4897E+05 -3.8935E+05
0000211   1.2320E+06 -7.4820E+04 -2.4737E+05
0000212   2.8719E+06  3.4366E+05 -6.5880E+05
0000213   2.2437E+06 -9.1102E+05  1.8091E+05
0000214   2.4720E+06 -9.2530E+05 -3.2860E+05
0000215   7.3099E+05  4.8871E+05 -4.5547E+05
0000216   1.2845E+06 -2.1977E+05 -3.8626E+05
0000217   1.9759E+06 -5.7731E+05  5.7443E+04
0000218   2.5332E+06  1.1858E+05  4.3385E+05
0000219   2.0024E+06 -2.1003E+05 -1.2022E+05
0000220   2.2475E+06  4.8965E+04  6.5738E+05
0000221   1.9606E+06  8.6520E+05  2.8947E+05
0000222   1.8555E+06 -4.3654E+02 -1.1958E+05
0000223   1.6778E+06  5.2108E+05  3.7745E+05
0000224   1.9325E+06  2.0708E+05  5.9090E+05
0000225   9.1697E+05  7.3511E+05 -9.5431E+04
0000226   1.9569E+06  1.0160E+05  1.9708E+05
0000227   1.5525E+06  2.1566E+05  9.7242E+04
0000228   8.2323E+05  1.5995E+05 -3.0777E+04
0000229   7.7933E+05  4.3820E+04 -1.3143E+05
0000230   2.1818E+06 -9.2576E+05 -3.7009E+04
0000231   1.6378E+06  1.0605E+06 -8.9264E+05
0000232   2.1524E+06  5.6871E+05  3.5461E+05
0000233   2.3903E+06 -1.0455E+06  2.5379E+05
0000234   9.9940E+05 -9.3744E+04 -2.7519E+05
0000235   6.9025E+05  2.5683E+05  2.5497E+05
0000236   1.8936E+06  6.6767E+05 -4.2736E+03
0000237   1.7166E+06  5.1300E+05  1.1329E+06
0000238   2.6761E+06  8.7287E+04 -6.9042E+04
0000239   1.6635E+06  3.2055E+04  5.3677E+05
0000240   2.2409E+06  3.8092E+05 -5.4439E+04
0000241   5.4804E+05  5.9099E+05  8.4843E+05
0000242   1.3103E+06 -5.5170E+05 -3.0990E+05
0000243   8.7157E+05  5.0871E+05  7.3915E+05
0000244   1.6101E+06  3.5024E+05 -5.1217E+05
0000245   2.0384E+06 -2.2895E+04 -5.5790E+04
0000246   1.4385E+06  1.8156E+05  7.5546E+04
0000247   1.4301E+06  5.3147E+05  4.8291E+05
0000248   1.5385E+06  2.6125E+05  9.1905E+05
0000249   1.1831E+06 -6.4955E+05 -4.6722E+05
0000250   1.3629E+06 -2.7490E+05  3.6401E+05
0000251   2.0963E+06  8.9180E+04  6.5243E+05
0000252   1.1141E+06 -5.1363E+05  8.1726E+05
0000253   1.3260E+06  9.5730E+05  9.2896E+05
0000254   1.6267E+06  2.0843E+05 -1.4581E+05
0000255   1.8390E+06  6.7445E+05  8.7132E+05
0000256   2.2095E+06  4.0446E+04 -2.8865E+04
0000257   1.5799E+06  6.1478E+05  4.4964E+05
0000258   1.3822E+06 -1.4032E+06 -1.1623E+05
0000259   1.3168E+06  3.0884E+05 -1.7580E+04
0000260   1.9558E+06  1.1547E+05 -1.9038E+05
0000261   1.9951E+06  5.7075E+05 -4.3970E+05
0000262   1.8906E+06  3.3054E+05  2.3995E+05
0000263   2.2498E+06 -1.3664E+05  1.7220E+05
0000264   2.1723E+06  5.0259E+04  6.7648E+03
0000265   1.5943E+06 -5.7716E+05 -8.2044E+04
0000266   1.5933E+06  3.3262E+05 -1.6629E+05
0000267   1.8217E+06 -4.2188E+04  2.4506E+05
0000268   2.6707E+06 -3.0508E+05  2.7995E+05
0000269   1.6647E+06 -3.8111E+05 -1.2618E+06
0000270   1.3380E+06 -1.0820E+05 -7.8893E+05
0000271   2.5305E+06  3.4451E+05 -1.4289E+03
0000272   1.3593E+06  4.7839E+05 -5.0596E+05
0000273   1.6256E+06 -5.8258E+05 -3.4525E+05
0000274   8.1353E+05  6.4321E+05  6.8079E+05
0000275   1.6063E+06 -5.0643E+05 -1.0271E+05
0000276   2.0265E+06  5.8371E+04 -2.9652E+05
0000277   1.4950E+06  7.3156E+05 -5.3512E+03
0000278   1.3266E+06 -2.9204E+05 -1.1429E+06
0000279   1.9703E+06 -7.4243E+05  5.9083E+05
0000280   1.6782E+06  2.0931E+05 -1.9252E+05
0000281   1.1298E+06  1.0577E+06  4.0494E+05
0000282   2.0526E+06 -8.8704E+04 -4.9423E+05
0000283   1.3197E+06  3.9541E+05  5.8889E+05
0000284   1.5728E+06 -4.2917E+05 -4.2813E+05
0000285   1.9788E+06  4.3636E+05 -5.1113E+04
0000286   1.1350E+06 -8.5297E+05 -3.6803E+05
0000287   2.0482E+06 -2.2418E+05 -6.4130E+05
0000288   1.8586E+06  6.9292E+05 -6.3042E+05
0000289   1.6089E+06 -6.5912E+04 -5.0428E+05
0000290   1.3459E+06 -6.6709E+05 -3.1782E+05
0000291   1.5590E+06  1.2329E+06 -6.9235E+05
0000292   3.1927E+06  3.0743E+05 -2.9498E+04
0000293   2.1612E+06 -1.5125E+05  9.3150E+05
0000294   8.5241E+05 -5.7494E+05  8.7740E+04
0000295   2.8742E+06 -2.0232E+05  4.8360E+05
0000296   1.9980E+06 -7.9246E+05 -7.8296E+04
0000297   1.5469E+06 -3.8727E+05 -3.1116E+05
0000298   1.5851E+06  4.6287E+05 -6.9793E+05
0000299   1.7322E+06  2.8653E+05  1.1575E+05
0000300   2.3312E+06  6.3575E+05  9.4470E+04
0000301   2.9175E+06  7.0858E+04  1.7215E+05
0000302   7.0838E+05  3.3488E+05  1.4524E+04
0000303   1.4876E+06 -7.0660E+05 -5.4709E+05
0000304   1.2690E+06 -1.6812E+05 -1.0823E+04
0000305   1.8244E+06  8.3710E+05 -2.0163E+04
0000306   9.2804E+05  1.3155E+05 -1.4155E+05
0000307   1.2873E+06 -2.6697E+05 -1.1303E+06
0000308   1.3820E+06  6.7334E+05  2.1331E+05
0000309   2.4918E+06 -3.1752E+05  8.7551E+05
0000310   1.2649E+06  1.1382E+06 -5.1958E+05
0000311   1.4399E+06  5.0422E+05  2.3826E+05
0000312   1.3203E+06  1.0268E+05 -1.3693E+06
0000313   2.2742E+06  1.2205E+05  6.9444E+04
0000314   1.8990E+06  1.3442E+06 -2.0822E+05
0000315   2.2698E+06 -2.4635E+05  1.0574E+04
0000316   2.5106E+06 -4.1833E+05 -5.2980E+05
0000317   1.9702E+06 -3.5712E+05  4.4627E+04
0000318   2.3540E+06 -6.6038E+05  4.0291E+04
0000319   1.9290E+06 -9.3347E+05  7.2199E+05
0000320   9.3755E+05 -2.2199E+05 -3.2818E+05
0000321   1.6584E+06  2.6955E+05 -1.4828E+05
0000322   2.3455E+06  2.5293E+05  2.4210E+05
0000323   2.3373E+06 -1.5618E+05  1.0660E+05
0000324   1.3481E+06  1.7886E+05 -7.6651E+05
0000325   1.8732E+06 -8.2423E+05 -4.1572E+05
0000326   7.1547E+05  2.9886E+05 -3.1605E+05
0000327   1.6489E+06  5.1750E+04 -5.0796E+05
0000328   2.1337E+06 -1.2483E+06  1.0768E+05
0000329   1.6387E+06  1.6728E+05 -2.1371E+05
0000330   2.2547E+06  6.4675E+05 -1.7295E+05
0000331   2.0148E+06 -2.4240E+05  6.9191E+05
0000332   1.9048E+06 -4.6898E+05 -4.8386E+05
0000333   1.4813E+06  2.9457E+05 -6.4235E+05
0000334   1.6034E+06  1.0775E+06  6.9192E+04
0000335   2.0603E+06 -1.9108E+04  5.1354E+05
0000336   7.8003E+05 -4.8171E+05  3.6577E+05
0000337   2.2077E+06 -7.3337E+05 -8.9364E+05
0000338   1.0155E+06  3.9940E+05  1.6320E+05
0000339   1.4717E+06 -5.4805E+05 -3.2952E+05
0000340   2.6661E+06  7.7672E+05  2.0426E+05
0000341   1.5423E+06 -1.1275E+06  4.2871E+05
0000342   2.1441E+06  3.6639E+04 -6.7126E+05
0000343   1.6467E+06  2.7419E+05  3.7070E+05
0000344   2.2105E+06 -6.8654E+04  8.3982E+04
0000345   8.8871E+05 -4.8070E+05  8.0876E+05
0000346   1.7304E+06  7.9320E+05 -9.2955E+05
0000347   1.0926E+06  7.2379E+05  7.6449E+05
0000348   1.7293E+06  4.0413E+05  3.9844E+03
0000349   7.0449E+05  4.7334E+05 -4.8033E+05
0000350   1.4218E+06  1.4995E+05 -4.8987E+04
0000351   1.0578E+06 -2.9568E+04 -1.0758E+05
0000352   2.0378E+06 -5.0095E+05 -7.9292E+05
0000353   2.2505E+06  7.9149E+05 -1.4203E+05
0000354   1.9212E+06  6.9306E+04 -9.4069E+05
0000355   1.6447E+06  1.0242E+05 -1.2777E+06
0000356   1.8842E+06  1.7537E+05  8.4398E+05
0000357   1.5415E+06  7.8322E+05  1.0145E+06
0000358   1.7206E+06 -8.3101E+05 -1.0326E+04
0000359   6.0090E+05  1.5160E+05  2.5049E+05
0000360   1.2287E+06  4.5104E+05 -1.2952E+05
0000361   8.4126E+05 -2.2262E+05 -1.2013E+05
0000362   2.6006E+06  2.0424E+05 -6.9250E+05
0000363   2.4863E+06 -1.1115E+05  5.7870E+05
0000364   1.6577E+06 -1.0249E+06 -4.4623E+05
0000365   2.5395E+06 -4.3712E+05 -6.1961E+04
0000366   1.6025E+06 -2.8685E+05  8.0034E+05
0000367   2.1202E+06 -5.8647E+04 -4.5075E+05
0000368   1.6402E+06  8.4824E+04 -7.1145E+05
0000369   1.6756E+06 -1.0257E+06  9.4691E+05
0000370   1.9076E+06 -1.6996E+05 -5.1283E+05
0000371   6.1219E+05  2.1011E+05 -5.8381E+05
0000372   1.6729E+06  3.0575E+05  4.9812E+05
0000373   2.7538E+06 -5.0649E+05  6.9282E+05
0000374   2.1943E+06 -2.0684E+05  3.6688E+04
0000375   2.5211E+06  3.0629E+05 -7.5346E+04
0000376   1.9586E+06  8.2737E+05 -5.8609E+05
0000377   1.0004E+06  5.9178E+05  7.8522E+05
0000378   1.2460E+06  4.1508E+05 -1.1612E+06
0000379   2.7625E+06  2.1324E+05 -3.4068E+05
0000380   2.0330E+06  8.5067E+05 -6.7458E+05
0000381   2.5222E+06  4.6253E+05  6.1075E+05
0000382   1.6189E+06 -4.4085E+05  4.3054E+05
0000383   1.3491E+06 -1.8508E+05 -1.3224E+06
0000384   1.4705E+06 -5.6776E+05 -7.4667E+05
0000385   2.2153E+06 -5.6409E+05  5.7360E+05
0000386   2.7212E+06 -6.1804E+05 -1.6622E+05
0000387   1.4528E+06 -4.3840E+05 -1.4015E+05
0000388   1.6900E+06  3.8288E+05 -1.2958E+05
0000389   6.5045E+05 -5.5678E+05 -7.5881E+04
0000390   1.4105E+06 -1.3822E+05  4.5243E+05
0000391   2.2592E+06 -5.4632E+03 -6.3160E+05
0000392   2.1706E+06 -2.7820E+05 -7.1916E+05
0000393   2.0190E+06 -5.8932E+04  1.3444E+06
0000394   2.0398E+06 -4.7612E+05  8.2288E+04
0000395   2.0593E+06 -2.5844E+05 -2.8833E+05
0000396   1.6503E+06 -5.1790E+05  9.7601E+04
0000397   1.4718E+06 -4.4800E+05 -3.9768E+05
0000398   9.9933E+05  1.6502E+05 -1.3578E+04
0000399   1.7706E+06 -4.7521E+05 -2.8679E+05
0000400   2.1894E+06  6.8318E+05  3.7758E+05
0000401   2.9838E+06 -8.3328E+05 -1.1474E+05
0000402   1.9743E+06 -2.3817E+05  6.0355E+05
0000403   2.2461E+06  2.4142E+05  1.4821E+05
0000404   9.9135E+05  2.6840E+05  2.7395E+04
0000405   2.5892E+06 -1.3542E+05 -3.2982E+05
0000406   6.2370E+05  2.6888E+05  5.4520E+05
0000407   1.6801E+06  4.2749E+05 -1.3490E+06
0000408   8.5209E+05  3.4661E+05 -4.3877E+04
0000409   2.1017E+06 -7.9558E+04  5.7227E+05
0000410   1.1428E+06 -9.7329E+05 -7.9185E+04
0000411   1.7729E+06  4.7596E+05 -4.9992E+04
0000412   1.7527E+06 -1.4088E+05  2.1275E+05
0000413   2.4873E+06  3.3252E+05  9.7873E+04
0000414   1.7794E+06 -6.2949E+05 -1.6676E+05
0000415   2.1115E+06 -5.8051E+05 -3.9271E+05
0000416   1.4810E+06 -6.7423E+04 -7.9793E+04
0000417   2.2376E+06 -5.9471E+05  3.8147E+05
0000418   7.7924E+05  5.6429E+05 -1.2215E+06
0000419   1.8114E+06  8.3454E+04  4.5569E+05
0000420   2.2043E+06 -1.1183E+06 -2.7173E+05
0000421   2.0525E+06 -4.4250E+05 -5.0546E+05
0000422   1.5420E+06 -2.1654E+05  3.6190E+05
0000423   2.1888E+06  1.2195E+05 -3.9829E+05
0000424   1.4935E+06 -4.6232E+05  4.5472E+05
0000425   1.7477E+06  2.9545E+05  9.0686E+05
0000426   7.1649E+05 -2.1188E+05 -1.2464E+05
0000427   1.5645E+06 -3.1036E+05 -3.9887E+05
0000428   1.7973E+06 -2.8492E+05 -2.3863E+05
0000429   1.8494E+06  3.8078E+05  4.3526E+04
0000430   2.1736E+06  2.4838E+05  8.8690E+05
0000431   1.1451E+06 -5.1727E+05 -5.0240E+05
0000432   4.9157E+05  3.6318E+05  6.3531E+05
0000433   1.8598E+06 -2.7580E+05 -5.0240E+05
0000434   1.7361E+06 -2.1388E+04  1.4679E+05
0000435   1.5529E+06  2.8478E+05 -1.0466E+06
0000436   1.8509E+06  1.2497E+05  1.1642E+06
0000437   2.3271E+06  3.0807E+05  6.2698E+05
0000438   2.3842E+06  8.5969E+05 -4.4650E+05
0000439   6.7681E+05 -1.6176E+05  1.3256E+05
0000440   2.3287E+06  6.2025E+05 -8.9105E+04
0000441   1.9848E+06 -4.2572E+05  2.7935E+05
0000442   1.6841E+06  2.6452E+05 -1.0271E+05
0000443   9.8178E+05  4.7199E+04 -4.2242E+05
0000444   2.7455E+06  2.0757E+05  1.7224E+05
0000445   1.5106E+06  2.2376E+05  3.2011E+05
0000446   1.4515E+06  1.5129E+06  3.8213E+05
0000447   2.1799E+06 -9.0058E+04  3.5281E+04
0000448   1.4312E+06  2.6725E+05  8.0262E+04
0000449   1.0878E+06  1.4556E+05 -1.3894E+05
0000450   1.2580E+06  3.8154E+04  2.7549E+05
0000451   1.9977E+06 -1.1273E+05  9.3249E+05
0000452   1.9099E+06 -1.3198E+04 -4.0641E+05
0000453   1.8089E+06  1.3197E+05  5.4356E+05
0000454   1.9937E+06 -5.5220E+05 -4.4234E+05
0000455   1.4308E+06  4.3826E+05 -8.1255E+04
0000456   2.2630E+06 -7.8929E+05  4.5777E+04
0000457   1.5047E+06 -4.9404E+05  2.2755E+05
0000458   8.7134E+05  9.2029E+05 -6.0410E+05
0000459   2.4334E+06 -4.0816E+05  5.5484E+05
0000460   1.8803E+06  3.5443E+05  2.7865E+05
0000461   1.7972E+06  5.4535E+05  8.3688E+03
0000462   1.8560E+06 -5.9773E+05 -9.6699E+05
0000463   1.5181E+06  4.4648E+05 -2.0951E+04
0000464   2.2909E+06 -6.9575E+05 -7.3359E+05
0000465   6.8143E+05 -1.0038E+06  9.4178E+04
0000466   1.1914E+06 -9.3475E+04 -9.8855E+05
0000467   1.5472E+06  5.6727E+05 -7.8584E+05
0000468   2.2418E+06  3.3838E+05 -2.9825E+05
0000469   1.6614E+06  5.6834E+05 -4.9989E+04
0000470   1.9318E+06 -2.3191E+05 -5.0157E+05
0000471   1.7088E+06  1.1166E+05 -6.0474E+04
0000472   1.4650E+06  5.0859E+05  4.5009E+05
0000473   1.8391E+06 -5.3215E+05  4.1936E+05
0000474   2.0041E+06 -6.7563E+05 -8.3125E+05
0000475   2.0632E+06  3.8129E+04  4.4383E+05
0000476   1.1397E+06 -1.0002E+05  3.3943E+05
0000477   1.9926E+06  5.8597E+04  5.4703E+05
0000478   1.6649E+06 -2.7816E+05  4.7570E+05
0000479   2.7695E+06 -1.2458E+05 -5.8777E+05
0000480   1.1661E+06  3.1583E+05  2.4750E+05
0000481   1.0815E+06 -1.2577E+05  2.7044E+05
0000482   2.4673E+06  1.8382E+05  1.6714E+05
0000483   1.0012E+06 -5.8845E+05 -8.1446E+04
0000484   9.5915E+05 -2.7772E+05 -1.4710E+05
0000485   1.5542E+06 -3.8220E+05  1.3543E+06
0000486   2.3553E+06  5.8026E+05  6.5481E+04
0000487   2.0204E+06 -5.7755E+05  3.9774E+05
0000488   1.9244E+06 -4.0477E+05 -9.0496E+05
0000489   1.9362E+06  5.7235E+05 -1.7950E+04
0000490   2.2911E+06 -5.1142E+05 -3.5128E+05
0000491   1.1465E+06  6.7913E+05 -1.3276E+06
0000492   1.0709E+06  3.1019E+05  3.2506E+05
0000493   1.6840E+06  5.4565E+05  9.3025E+05
0000494   1.4011E+06 -3.2586E+04  1.0653E+06
0000495   2.0411E+06 -7.2574E+05  6.0415E+05
0000496   2.5300E+06 -1.7686E+05  2.3616E+05
0000497   1.0917E+06 -1.8159E+05  3.2796E+05
0000498   1.1468E+06 -4.8981E+05 -6.6275E+05
0000499   1.5943E+06 -7.3377E+05  1.1121E+06
0000500   1.3282E+06 -8.1798E+04 -1.1523E+06
0000501   2.1444E+06 -2.1297E+05 -8.9463E+04
0000502   2.1609E+06  3.6793E+05 -1.8618E+04
0000503   2.1151E+06  1.0845E+06 -5.0624E+04
0000504   2.8627E+06  6.8832E+04  1.4980E+05
0000505   2.0539E+06 -2.3052E+05 -4.4647E+05
0000506   1.8477E+06  1.2885E+05 -2.1332E+04
0000507   2.2885E+06 -1.3578E+06 -1.4032E+05
0000508   2.4746E+06 -7.1689E+04  3.3737E+05
0000509   1.7772E+06 -6.3006E+05 -3.7556E+04
0000510   2.0390E+06  6.5320E+05  3.7036E+05
0000511   1.7653E+06 -3.5700E+05  2.1973E+04
0000512   1.5722E+06  6.9409E+05 -8.7352E+03
0000513   1.8448E+06  1.6112E+05 -6.3849E+05
0000514   1.7865E+06 -5.6407E+05  4.0065E+05
0000515   1.0656E+06 -2.0638E+05 -1.7524E+05
0000516   1.8556E+06 -2.1984E+05 -1.2264E+05
0000517   2.0326E+06  1.0720E+06 -4.5553E+05
0000518   2.0719E+06 -9.7905E+05  1.0032E+04
0000519   2.2155E+06  6.2801E+05  7.5811E+05
0000520   1.4561E+06  6.4187E+05 -7.0385E+05
0000521   2.7975E+06  4.0656E+05  3.7815E+05
0000522   2.7713E+06  3.5122E+05 -1.0753E+03
0000523   9.1096E+05  9.8501E+05 -9.3541E+05
0000524   1.8028E+06 -2.1442E+05  4.7784E+04
0000525   8.1634E+05  2.4301E+05  2.6328E+05
0000526   2.6625E+06  3.4938E+05  1.9147E+05
0000527   2.1978E+06 -5.6438E+05  5.2616E+05
0000528   1.6139E+06 -7.0433E+05 -3.4662E+05
0000529   1.6817E+06 -1.3650E+05 -8.8858E+05
0000530   2.1180E+06  4.7258E+05  6.5927E+05
0000531   7.3927E+05 -3.9938E+05  1.5993E+05
0000532   1.2992E+06  8.7890E+05 -3.7980E+05
0000533   2.2814E+06  8.7559E+05  8.5040E+05
0000534   1.8141E+06  2.9162E+05 -6.6906E+05
0000535   2.3533E+06 -1.9170E+05 -5.1680E+05
0000536   1.5023E+06 -1.2818E+05  1.9220E+05
0000537   1.6231E+06  3.0451E+05 -7.2115E+05
0000538   1.3867E+06  2.8586E+04  1.1971E+06
0000539   1.9999E+06  8.9722E+05 -9.2516E+04
0000540   1.8395E+06  3.5493E+05 -5.5246E+05
0000541   1.2353E+06 -8.2487E+04  1.4301E+05
0000542   1.9408E+06  7.6287E+05  1.5970E+05
0000543   1.7216E+06 -5.6250E+04 -4.2101E+05
0000544   1.5081E+06  6.6630E+04  1.6008E+06
0000545   2.2786E+06 -4.8813E+05  4.6010E+05
0000546   1.8669E+06  3.5212E+04  1.8765E+05
0000547   1.0911E+06 -3.9284E+05 -1.2988E+05
0000548   2.1750E+06 -1.0527E+05  2.5387E+05
0000549   1.6546E+06  6.7660E+05 -9.2416E+05
0000550   9.0202E+05  4.6828E+05  1.1900E+05
0000551   2.0905E+06  8.1930E+05  9.7602E+05
0000552   2.0380E+06  5.5600E+05  3.5919E+05
0000553   1.0083E+06 -2.1698E+05 -1.4150E+05
0000554   1.3645E+06 -5.5204E+05  2.5221E+05
0000555   9.1598E+05 -4.6297E+05  9.8787E+04
0000556   8.0776E+05 -3.3867E+05  4.8968E+04
0000557   7.5295E+05  1.9336E+05  2.7222E+05
0000558   1.7001E+06  2.7029E+05  8.5479E+05
0000559   1.3425E+06  4.3866E+05  3.0521E+05
0000560   2.3257E+06 -1.0963E+06 -5.2433E+05
0000561   1.2034E+06 -3.2574E+05  2.9110E+04
0000562   2.0536E+06  1.1758E+06  6.5067E+05
0000563   1.5863E+06 -7.5141E+05 -2.1326E+05
0000564   2.1547E+06  5.0833E+05  1.8054E+05
0000565   1.9566E+06 -4.2052E+05  1.0987E+05
0000566   1.9230E+06 -8.5942E+05 -8.6662E+05
0000567   1.2786E+06  2.5023E+05  1.5603E+04
0000568   1.7726E+06  1.4308E+04 -3.8353E+05
0000569   1.5041E+06 -5.3943E+05  3.9268E+05
0000570   2.3311E+06 -7.7372E+05 -1.0343E+06
0000571   2.4654E+06 -3.9524E+05  5.8469E+05
0000572   1.4414E+06 -1.4097E+05  3.1300E+05
0000573   1.0366E+06  5.0331E+05  2.5804E+05
0000574   2.6121E+06 -2.8736E+05  6.9519E+05
0000575   1.6369E+06 -7.1041E+05 -5.3535E+05
0000576   1.2332E+06  9.8917E+04 -4.7567E+05
0000577   2.4678E+06  1.1310E+05 -3.4943E+05
0000578   1.1632E+06 -1.7950E+05  4.1924E+04
0000579   1.6483E+06 -4.0634E+05 -3.5278E+05
0000580   1.6521E+06  1.2979E+05 -9.0652E+05
0000581   2.3037E+06 -5.4769E+05 -1.5973E+05
0000582   1.9988E+06 -1.7385E+05 -5.2905E+05
0000583   2.5556E+06  2.0392E+05  3.1358E+05
0000584   1.9669E+06 -5.9712E+05 -1.3783E+04
0000585   1.5730E+06 -7.6933E+04  7.8328E+05
0000586   2.1320E+06 -3.3316E+04 -9.6039E+03
0000587   2.0831E+06  1.2463E+05 -2.0385E+05
0000588   2.2636E+06 -2.7646E+05 -2.9841E+05
0000589   5.1116E+05  2.5117E+04  7.9984E+04
0000590   1.3092E+06 -5.5981E+03  3.9840E+05
0000591   1.7351E+06 -4.2210E+05  2.3149E+05
0000592   1.5874E+06  1.1596E+06  2.6353E+05
0000593   1.9219E+06 -4.0946E+05 -5.5727E+05
0000594   2.0118E+06  1.0799E+06  3.7246E+05
0000595   9.7314E+05 -1.6802E+05  3.0897E+05
0000596   1.9829E+06 -7.4265E+04  8.8167E+04
0000597   1.6362E+06 -8.0858E+05  1.0195E+06
0000598   2.2077E+06  3.5381E+05 -3.7117E+05
0000599   1.3910E+06 -4.4080E+05  1.4691E+05
0000600   1.8896E+06 -7.9559E+05 -2.8159E+05
0000601   1.6481E+06  1.3220E+05 -1.0952E+06
0000602   2.0476E+06  3.5721E+05 -4.5136E+05
0000603   2.6289E+06  6.3227E+04  1.2205E+04
0000604   1.6155E+06  2.6348E+05  2.6090E+05
0000605   2.7799E+06  1.9635E+05  1.3289E+05
0000606   2.1729E+06 -4.8865E+03 -3.1136E+05
0000607   2.1961E+06  5.3264E+05  7.0175E+05
0000608   2.0364E+06  8.0926E+05  2.2044E+05
0000609   1.7082E+06 -1.4758E+05 -3.1246E+05
0000610   2.1185E+06  3.5680E+05  3.9679E+05
0000611   1.9016E+06  7.3929E+05 -1.1171E+05
0000612   1.6640E+06  8.8091E+05 -1.6737E+05
0000613   2.0877E+06 -2.1293E+05  1.4786E+05
0000614   2.1055E+06  1.6974E+05 -7.6427E+05
0000615   1.8098E+06 -3.8547E+05 -1.2445E+06
0000616   2.1205E+06 -2.5957E+05 -2.4668E+05
0000617   1.9958E+06  2.2599E+05  9.3187E+04
0000618   8.5740E+05 -8.5887E+05  7.0544E+05
0000619   1.9898E+06 -5.0061E+05  7.3659E+04
0000620   1.3657E+06  3.2828E+05 -2.5009E+05
0000621   8.0842E+05 -2.4396E+04 -9.4928E+04
0000622   1.1220E+06 -3.6596E+05 -1.5091E+05
0000623   1.9685E+06  2.2490E+05 -1.3243E+05
0000624   2.5143E+06 -1.5335E+05  1.6638E+05
0000625   2.2540E+06 -6.1304E+05 -6.1040E+05
0000626   1.0784E+06  1.3621E+05  4.0029E+03
0000627   8.7322E+05 -1.8439E+05 -6.7996E+04
0000628   5.2815E+05 -8.0494E+05  1.1051E+06
0000629   2.0335E+06  4.2095E+05  1.0234E+04
0000630   2.0891E+06  2.7698E+05 -4.7171E+05
0000631   1.1104E+06  7.2136E+05 -7.7542E+05
0000632   2.2834E+06  1.4829E+05 -9.7637E+04
0000633   1.2909E+06 -1.0879E+06 -1.0447E+05
0000634   2.5470E+06  4.5210E+05 -8.1924E+05
0000635   2.2956E+06  2.9713E+05 -5.1701E+05
0000636   2.3437E+06  7.1634E+05  9.2369E+05
0000637   1.9175E+06  1.3390E+06 -2.5369E+05
0000638   8.9201E+05 -3.3894E+05 -8.0792E+05
0000639   2.5687E+06 -2.7041E+04  5.5763E+05
0000640   2.7385E+06 -5.8807E+05 -8.3785E+05
0000641   1.7468E+06 -6.3690E+04 -5.3855E+05
0000642   1.5200E+06  7.2522E+05 -4.2332E+05
0000643   2.3066E+06  2.9252E+04  8.4713E+05
0000644   2.6793E+06  1.0293E+04 -6.7049E+05
0000645   2.7793E+06  9.1135E+05  8.0351E+04
0000646   2.6330E+06 -1.5664E+05 -6.7998E+05
0000647   2.1987E+06 -9.8218E+05  8.0536E+05
0000648   1.9358E+06 -4.5227E+05  3.8174E+04
0000649   1.8828E+06  9.5812E+04 -4.6730E+05
0000650   1.7208E+06 -4.7060E+03  8.4423E+05
0000651   1.8654E+06 -1.2077E+06  1.0715E+06
0000652   2.0692E+06 -4.6204E+05  2.0524E+05
0000653   1.8493E+06 -7.7695E+05  6.6193E+04
0000654   1.5193E+06 -1.8182E+05 -5.3929E+05
0000655   1.5252E+06  4.2930E+05 -2.1952E+05
0000656   2.0430E+06 -2.6683E+05  2.5779E+05
0000657   2.6251E+06  2.8782E+05 -4.3535E+05
0000658   1.2339E+06  2.3779E+05 -1.4780E+06
0000659   2.0434E+06  4.2505E+05  7.4818E+05
0000660   1.6280E+06  4.2856E+05 -2.4420E+05
0000661   6.2304E+05 -4.9771E+04  2.4799E+05
0000662   1.6216E+06  1.7938E+05  1.2855E+05
0000663   1.7310E+06 -6.2316E+05 -4.3325E+03
0000664   1.7922E+06 -7.3246E+05 -4.0607E+05
0000665   1.3227E+06 -5.7109E+05  3.4532E+05
0000666   2.5389E+06 -2.5148E+05  2.5657E+04
0000667   2.3076E+06 -6.8470E+04  1.9473E+04
0000668   1.6131E+06  5.4431E+05  7.1031E+05
0000669   1.4930E+06  3.9181E+05 -3.9818E+05
0000670   2.0138E+06  6.1040E+04 -4.1157E+04
0000671   1.0952E+06 -7.4905E+05 -1.3000E+06
0000672   1.8444E+06 -5.3905E+03  3.6877E+05
0000673   1.4962E+06  1.6866E+05  7.2809E+05
0000674   1.6129E+06 -2.6943E+05 -2.3175E+05
0000675   1.7898E+06  5.7179E+05  8.5473E+05
0000676   1.6406E+06  2.5439E+05 -1.0434E+05
0000677   1.8833E+06 -3.0136E+05 -1.5749E+04
0000678   6.7687E+05  3.7248E+05  7.4510E+05
0000679   2.6712E+06  2.2843E+04  5.2168E+05
0000680   1.4268E+06 -4.6900E+05 -2.1029E+05
0000681   2.1440E+06  3.4373E+05  4.5424E+05
0000682   6.1739E+05 -3.2561E+05 -7.1843E+03
0000683   2.3799E+06  8.5229E+05 -6.9918E+04
0000684   2.4084E+06  1.3667E+04 -3.4957E+04
0000685   1.2217E+06  1.6925E+05 -4.5523E+05
0000686   9.1235E+05 -4.1099E+05  2.6601E+05
0000687   1.9419E+06  9.6043E+05 -6.0725E+05
0000688   1.7133E+06  2.9766E+05  4.2425E+05
0000689   2.1035E+06 -9.0583E+05  8.3438E+04
0000690   2.6648E+06  1.7366E+05 -6.3185E+04
0000691   2.0167E+06  1.0472E+06  1.4703E+05
0000692   2.4899E+06 -1.0748E+05  4.2464E+03
0000693   1.5506E+06 -1.8051E+05 -6.2131E+04
0000694   2.0517E+06 -2.7275E+04  1.8686E+05
0000695   1.6597E+06 -2.7671E+05  3.6105E+05
0000696   1.7380E+06  3.1120E+04 -1.6483E+05
0000697   1.9494E+06  4.8731E+05 -2.2220E+05
0000698   1.7629E+06 -8.9174E+05  4.3171E+05
0000699   1.6305E+06  2.7198E+04  5.9303E+05
0000700   2.0160E+06 -3.0356E+05 -1.7956E+04
0000701   6.4481E+05 -2.2953E+05  2.2268E+05
0000702   1.0132E+06  3.2564E+05 -1.2362E+04
0000703   1.0802E+06  2.6750E+05 -4.1699E+05
0000704   2.1529E+06 -8.9339E+04 -2.9338E+05
0000705   2.3851E+06 -3.9755E+04  6.6359E+04
0000706   1.4731E+06 -4.6430E+05 -1.3141E+05
0000707   2.2607E+06 -9.7249E+05 -8.9526E+05
0000708   1.7075E+06  9.1745E+05 -3.5404E+05
0000709   1.7404E+06 -1.1624E+06 -3.4838E+05
0000710   2.0024E+06  4.2918E+05  1.5579E+05
0000711   1.6688E+06  2.5645E+05  1.9475E+05
0000712   8.5777E+05  4.4858E+05 -9.6106E+05
0000713   1.7014E+06  1.0391E+06 -2.8905E+05
0000714   1.2726E+06  6.4272E+04 -2.8894E+05
0000715   1.8346E+06  5.2303E+05 -5.1549E+05
0000716   1.0940E+06 -5.2841E+04  7.9780E+04
0000717   1.0640E+06 -3.7888E+04 -2.2004E+05
0000718   2.5153E+06  7.0259E+04 -4.1362E+03
0000719   1.9227E+06 -2.1645E+05 -2.3432E+05
0000720   1.0231E+06 -9.5590E+05  3.2160E+05
0000721   1.0779E+06  6.1246E+05  1.5702E+04
0000722   1.7097E+06  1.1654E+05 -3.4418E+05
0000723   4.6424E+05 -1.5906E+05 -1.3907E+06
0000724   1.5046E+06  8.4804E+04 -4.2205E+05
0000725   1.8766E+06  2.6606E+04 -1.2783E+05
0000726   1.7920E+06 -8.6501E+05  2.2673E+05
0000727   2.4087E+06  1.2544E+05  2.0056E+05
0000728   1.7234E+06  3.1630E+05  1.7494E+05
0000729   2.0013E+06 -9.6561E+05  2.4687E+05
0000730   1.9932E+06 -1.8501E+05 -3.0930E+05
0000731   2.2136E+06 -3.6844E+05 -6.9008E+05
0000732   8.1616E+05  1.0444E+06  7.2743E+05
0000733   2.4170E+06  7.7073E+05  4.4721E+04
0000734   1.6851E+06 -3.5260E+05 -1.0491E+06
0000735   2.0098E+06  7.5626E+05 -1.1862E+05
0000736   2.1405E+06 -1.2224E+06 -4.3929E+05
0000737   2.5973E+06  6.0747E+05  3.9357E+05
0000738   1.7476E+06 -5.3229E+05 -6.0110E+05
0000739   1.1119E+06 -1.1176E+06  5.2530E+05
0000740   2.1821E+05  1.4051E+05  8.5909E+04
0000741   1.8663E+06 -5.4992E+05 -8.0741E+05
0000742   2.3708E+06  4.7712E+04  6.8565E+04
0000743   9.0139E+05 -5.0181E+05  9.7505E+04
0000744   1.0561E+06  7.2348E+05  9.2037E+05
0000745   2.1371E+06 -5.9327E+05  4.5085E+05
0000746   1.7455E+06 -8.5065E+05 -9.5909E+05
0000747   1.7513E+06  2.3034E+05  5.2861E+05
0000748   1.9988E+06 -5.6629E+05  6.8644E+05
0000749   2.1030E+06  4.6377E+04  5.6938E+05
0000750   2.1421E+06 -2.5022E+05 -5.7607E+04
0000751   2.2404E+06  4.1539E+04 -1.2166E+05
0000752   1.1961E+06  2.8255E+05 -3.4032E+05
0000753   1.7875E+06 -2.8762E+05 -5.2883E+05
0000754   1.7160E+06 -4.0151E+05  1.8716E+05
0000755   1.9747E+06  5.7107E+04  1.4349E+06
0000756   1.7307E+06  1.8107E+05 -2.8725E+05
0000757   1.6734E+06  3.7063E+05 -2.2729E+03
0000758   1.8910E+06 -4.4715E+05 -1.3397E+05
0000759   9.9133E+05 -5.7143E+05  2.0335E+05
0000760   2.3853E+06  5.2542E+05 -5.9311E+04
0000761   1.6398E+06 -1.8654E+05  3.2224E+05
0000762   1.6785E+06 -3.6163E+05 -1.2655E+06
0000763   1.9108E+06  1.3692E+06 -9.1286E+05
0000764   2.3109E+06  2.4647E+05 -1.3071E+04
0000765   2.2993E+06  4.2967E+05 -6.1179E+04
0000766   1.2542E+06 -1.0504E+05 -1.8021E+05
0000767   2.4487E+06 -2.8844E+05  3.4845E+05
0000768   1.8660E+06 -5.9864E+04  7.3208E+05
0000769   1.2517E+06  4.9154E+05  1.0693E+06
0000770   1.6148E+06  2.2743E+05 -1.1343E+05
0000771   2.0078E+06 -3.8886E+05  5.6349E+05
0000772   1.9658E+06 -4.2686E+05  9.9651E+05
0000773   2.0735E+06  2.4044E+05  1.8205E+05
0000774   2.9894E+06  4.4430E+05  4.1554E+05
0000775   2.2262E+06  1.4974E+05  4.4490E+04
0000776   1.4345E+06  2.6392E+05  4.6571E+04
0000777   2.4599E+06  5.6559E+05  1.4081E+05
0000778   2.2101E+06  2.1567E+05  5.0233E+05
0000779   1.5953E+06  2.0386E+05 -4.5426E+05
0000780   1.1296E+06  1.3082E+05 -3.0057E+05
0000781   1.8596E+06 -6.7781E+05  1.2133E+05
0000782   2.1953E+06  3.4725E+05 -6.1519E+05
0000783   1.2326E+06 -4.2629E+05  1.0948E+05
0000784   2.0191E+06 -7.6335E+05 -2.8873E+05
0000785   7.3103E+05  4.1520E+05 -2.2559E+05
0000786   1.7342E+06  3.1744E+05  6.2811E+04
0000787   1.7396E+06 -8.6469E+05 -3.4685E+05
0000788   2.0190E+06  5.3302E+05 -8.3500E+04
0000789   1.8856E+06 -2.1931E+05  1.7113E+05
0000790   2.2007E+06 -9.0329E+05 -1.1015E+04
0000791   1.3385E+06 -5.4182E+05 -4.2614E+05
0000792   1.4904E+06 -4.1448E+05  7.7822E+05
0000793   1.4459E+06  2.0659E+05  1.7408E+05
0000794   1.6888E+06 -1.8587E+05  6.9784E+05
0000795   1.7707E+06  6.3863E+05 -2.1083E+04
0000796   1.9734E+06 -9.7126E+04 -3.6871E+05
0000797   1.6043E+06 -5.3633E+05  1.4305E+05
0000798   2.4019E+06  1.0504E+06  5.2903E+05
0000799   2.5606E+06  6.1180E+04 -1.1597E+05
0000800   1.4590E+06 -4.0705E+05  5.4988E+05
0000801   2.6798E+06  6.0600E+05 -3.7647E+05
0000802   1.7947E+06 -3.5481E+05  4.5929E+04
0000803   4.4720E+05 -4.3184E+05 -4.2208E+05
0000804   2.0600E+06 -1.0256E+05 -9.1399E+05
0000805   1.9972E+06  6.8460E+05 -2.7961E+05
0000806   1.8740E+06  9.1872E+05 -2.9539E+05
0000807   2.0618E+06  2.2272E+05 -4.3946E+05
0000808   2.5726E+06 -1.1242E+05 -1.7328E+05
0000809   1.5027E+06  6.0205E+04  7.0768E+05
0000810   2.3662E+06 -2.9634E+04 -6.9879E+05
0000811   2.9230E+06  2.1769E+05  1.2663E+05
0000812   1.2760E+06 -4.1590E+05  8.5844E+05
0000813   2.1660E+06  2.4815E+05 -8.6373E+05
0000814   2.4545E+06 -6.9753E+05  2.8539E+05
0000815   7.8808E+05  7.6288E+05 -1.5909E+05
0000816   1.8234E+06 -1.7457E+05 -1.3330E+06
0000817   8.2253E+05  4.2159E+05 -4.6594E+05
0000818   1.7503E+06  2.9551E+05  8.2129E+05
0000819   1.5186E+06  4.8495E+05  4.2457E+05
0000820   1.6634E+06 -2.5254E+05 -1.6750E+05
0000821   1.7708E+06  6.3713E+05 -8.1721E+05
0000822   1.2015E+06 -1.2554E+05  9.9503E+04
0000823   2.8358E+06  1.6705E+05  4.0545E+05
0000824   2.7037E+06  6.5374E+04 -9.2177E+05
0000825   1.8536E+06  7.2277E+05 -6.2027E+05
0000826   9.1767E+05 -2.6623E+05  3.7909E+05
0000827   2.0935E+06  1.1800E+06 -3.2332E+05
0000828   1.0913E+06 -6.2714E+05  1.2539E+06
0000829   8.7024E+05  7.1686E+04 -2.9770E+04
0000830   1.6748E+06 -7.1501E+05  7.1599E+04
0000831   2.1968E+06  7.7838E+04  1.1489E+06
0000832   1.8709E+06 -2.5992E+05  7.8610E+04
0000833   1.8220E+06 -5.0018E+05 -7.3381E+05
0000834   1.8563E+06  2.4668E+05  3.7503E+05
0000835   5.9531E+05 -3.0280E+05  3.5859E+04
0000836   9.1531E+05 -3.7055E+05 -1.5375E+05
0000837   2.0116E+06  3.5119E+05 -3.0568E+05
0000838   1.0571E+06 -6.2087E+04  4.9348E+05
0000839   2.2675E+06  7.6179E+05  2.1509E+05
0000840   2.5488E+06 -6.5124E+05 -6.8111E+05
0000841   1.2915E+06  9.1200E+05 -4.1077E+05
0000842   2.1559E+06  1.3865E+05  6.7459E+05
0000843   8.4365E+05 -2.3094E+05  1.7384E+06
0000844   1.0990E+06 -3.9677E+05  1.7788E+05
0000845   1.8049E+06 -3.2627E+05  5.4738E+05
0000846   1.8897E+06  2.2542E+05 -4.7547E+04
0000847   2.5674E+06  1.0873E+06 -3.6537E+05
0000848   2.1627E+06 -5.8963E+05  4.7732E+05
0000849   1.6748E+06  8.8454E+04  1.0909E+05
0000850   2.3341E+06  3.8280E+05  2.6092E+05
0000851   1.8912E+06 -1.0881E+05  8.2633E+05
0000852   2.2484E+06 -1.9581E+05  2.9606E+05
0000853   1.3238E+06  4.5392E+05  1.0688E+05
0000854   1.2516E+06  9.0123E+05  9.6717E+05
0000855   1.5468E+06 -1.1817E+06 -5.2245E+05
0000856   1.6933E+06  6.6268E+05  1.2650E+05
0000857   2.7805E+06 -4.2539E+05 -2.0845E+05
0000858   1.9505E+06 -2.9802E+05 -1.2633E+05
0000859   1.5587E+06  1.7700E+05  9.0697E+05
0000860   1.6972E+06  6.4571E+05 -7.5927E+05
0000861   7.8999E+05  6.1345E+05  3.9440E+05
0000862   1.7959E+06  4.9875E+05  6.8545E+05
0000863   2.0140E+06 -1.7223E+05 -7.5357E+04
0000864   2.1490E+06 -1.1636E+05  7.5755E+05
0000865   1.8993E+06 -3.0900E+05 -5.3986E+05
0000866   1.9939E+06  8.0571E+03  3.7914E+05
0000867   1.1354E+06 -5.0389E+05 -1.4580E+05
0000868   8.1371E+05 -1.4301E+04  2.9897E+04
0000869   1.8760E+06  3.3196E+05  4.7890E+05
0000870   2.0182E+06  8.5849E+05  3.1244E+05
0000871   1.5193E+06  4.5917E+05  6.0702E+05
0000872   9.3048E+05 -5.1895E+05 -2.2134E+05
0000873   1.9185E+06 -7.3429E+05 -7.8005E+05
0000874   1.2861E+06  1.2532E+05 -4.9629E+05
0000875   1.7432E+06  6.8934E+05 -7.9123E+05
0000876   2.1638E+06 -5.2554E+05  1.5929E+05
0000877   1.1239E+06  9.6228E+03 -2.8196E+05
0000878   2.0863E+06 -2.5407E+05 -3.6453E+04
0000879   7.8140E+05  1.0593E+06 -1.2760E+05
0000880   1.6922E+06  3.1558E+05 -3.3042E+05
0000881   1.8573E+06 -8.6131E+05 -1.8358E+05
0000882   2.1223E+06 -1.7372E+04 -8.5510E+04
0000883   2.0883E+06  5.4956E+05 -1.3904E+05
0000884   1.8615E+06  2.2974E+05 -1.7064E+04
0000885   1.4165E+06  3.0978E+05 -9.3229E+04
0000886   2.0497E+06 -5.2400E+05 -3.5797E+05
0000887   1.4932E+06 -3.0188E+05 -3.0087E+05
0000888   1.8988E+06  1.7094E+04  1.2403E+05
0000889   1.3330E+06  2.4273E+05 -2.2708E+05
0000890   1.0032E+06  4.6226E+05 -3.7172E+05
0000891   1.7037E+06  9.4335E+04  7.1839E+05
0000892   1.6404E+06  1.1777E+06  4.0141E+05
0000893   9.6449E+05  1.5398E+06 -2.2128E+05
0000894   1.1684E+06  1.3365E+05 -2.8700E+05
0000895   2.0329E+06  1.1215E+05 -7.6420E+05
0000896   2.1705E+06 -5.5770E+03 -1.3239E+04
0000897   8.8483E+05 -1.9400E+05  2.2322E+05
0000898   2.3130E+06 -6.8856E+05  1.3259E+06
0000899   1.6790E+06 -6.1920E+05 -7.3614E+05
0000900   2.2760E+06 -4.8268E+05 -2.5007E+05
0000901   1.7497E+06 -3.5642E+05  1.8006E+05
0000902   2.4148E+06 -2.9447E+05 -1.0946E+06
0000903   2.1154E+06 -5.3610E+04  7.8694E+05
0000904   2.1864E+06  2.6793E+05  1.0746E+06
0000905   1.6971E+06 -1.0063E+06  2.4649E+05
0000906   1.3345E+06 -5.1642E+05 -1.1291E+05
0000907   2.0591E+06 -7.0894E+05 -3.6013E+04
0000908   2.0906E+06  6.2381E+05  2.8756E+05
0000909   2.5639E+06 -5.1072E+05  9.1508E+05
0000910   2.0773E+06  5.6017E+05 -8.5374E+05
0000911   2.0367E+06  5.5635E+05 -1.5366E+05
0000912   2.0809E+06 -1.6871E+05  6.5514E+05
0000913   1.4424E+06  3.6328E+05  7.6664E+05
0000914   2.1102E+06 -5.6413E+05 -2.1784E+05
0000915   6.1483E+05  5.5956E+05  3.0700E+05
0000916   6.9756E+05 -4.2622E+05 -8.6645E+04
0000917   1.8281E+06 -9.7540E+04 -3.8455E+05
0000918   4.9964E+05  1.5696E+05  8.1018E+04
0000919   1.5794E+06 -1.2965E+06  3.1526E+05
0000920   2.1815E+06 -8.7797E+05 -1.1608E+05
0000921   1.1905E+06 -2.0433E+05 -1.4213E+06
0000922   2.2047E+06 -2.4820E+05 -3.7669E+03
0000923   7.7043E+05  9.0258E+03  1.8994E+05
0000924   2.5344E+06 -2.4014E+05  3.1030E+05
0000925   1.6447E+06  8.7798E+05  1.1205E+05
0000926   1.9177E+06 -7.5543E+05 -3.6294E+05
0000927   1.8320E+06 -1.0352E+05 -3.3197E+05
0000928   1.6605E+06  4.7718E+05  1.8157E+05
0000929   1.1415E+06 -6.8489E+05 -7.8247E+05
0000930   1.5982E+06  1.1541E+05 -8.3488E+05
0000931   1.0778E+06 -8.2162E+05 -1.9478E+05
0000932   2.0915E+06 -3.7651E+05  3.2907E+04
0000933   2.9620E+06  1.4033E+05 -8.5673E+05
0000934   2.3979E+06  9.8274E+05  1.4720E+05
0000935   1.9260E+06  8.6337E+04  2.8792E+05
0000936   1.7986E+06  5.4383E+04 -6.7717E+05
0000937   1.6487E+06 -8.2472E+04 -6.9858E+05
0000938   2.0738E+06  9.5286E+04  4.0427E+05
0000939   1.9470E+06  1.6725E+05 -5.8992E+05
0000940   6.2282E+05 -3.7986E+05  3.1373E+04
0000941   1.7608E+06  2.5609E+05 -2.2688E+05
0000942   1.7462E+06  1.3838E+05  4.5155E+05
0000943   2.0161E+06  2.6511E+05 -2.9425E+05
0000944   1.4672E+06  1.0927E+05  4.4637E+05
0000945   1.3220E+06 -1.2834E+05 -3.7336E+05
0000946   1.5244E+06  3.5819E+05  1.3555E+05
0000947   8.4575E+05 -2.4485E+05 -1.6396E+05
0000948   1.4893E+06  4.5993E+05 -7.0539E+05
0000949   2.6948E+06  9.1908E+04  1.6149E+05
0000950   1.0221E+06 -2.1620E+05 -5.6414E+05
0000951   1.4110E+06  8.3234E+05  1.8024E+05
0000952   2.1047E+06  1.2366E+05  3.9991E+05
0000953   2.2707E+06 -4.6825E+05  4.2819E+05
0000954   1.3204E+06 -4.7221E+05  2.8509E+05
0000955   1.2309E+06 -1.8884E+05 -6.0588E+05
0000956   1.9217E+06  3.2480E+05 -1.1931E+05
0000957   1.6224E+06 -8.3580E+05 -8.1428E+05
0000958   1.7119E+06 -8.4436E+05 -8.4070E+04
0000959   1.8940E+06 -9.9208E+05  7.5717E+04
0000960   1.6239E+06 -4.1672E+05  3.8003E+05
0000961   1.3457E+06 -3.9951E+05 -3.2846E+05
0000962   1.5131E+06  4.4689E+05 -9.7612E+04
0000963   8.8910E+05  5.2406E+05 -1.8594E+04
0000964   2.1647E+06 -1.9159E+05 -1.2588E+06
0000965   1.7052E+06  6.6648E+04  1.4104E+05
0000966   2.4141E+06 -2.9585E+05 -6.9715E+05
0000967   1.8288E+06  8.0005E+05  1.8569E+04
0000968   1.2944E+06 -8.5730E+05 -4.3712E+05
0000969   1.5785E+06  5.8262E+04 -3.2702E+05
0000970   2.1833E+06 -1.4462E+05  5.7516E+05
0000971   1.7240E+06 -5.9324E+05 -1.0646E+05
0000972   2.2880E+06  2.2774E+04 -1.6448E+05
0000973   1.3666E+06 -1.9533E+05  3.5832E+05
0000974   2.3103E+06 -3.2668E+05 -4.8583E+05
0000975   1.6815E+06 -5.1947E+05  1.7808E+05
0000976   2.4078E+06 -3.3348E+05 -1.7721E+04
0000977   1.4090E+06  4.5518E+05  5.9097E+05
0000978   1.8346E+06 -4.9562E+05  1.0473E+06
0000979   2.2858E+06 -9.5939E+05 -1.4919E+05
0000980   2.1041E+06  7.7649E+05  6.1925E+05
0000981   2.4599E+06  4.0731E+05  1.7103E+05
0000982   2.1378E+06  9.9602E+04 -3.1239E+05
0000983   2.3899E+06 -5.3630E+04  9.3973E+05
0000984   1.2541E+06 -7.5161E+05  7.7792E+05
0000985   1.8560E+06 -4.8347E+05 -5.5824E+05
0000986   2.3951E+06  1.0730E+06  3.8643E+05
0000987   2.2368E+06  2.4027E+05 -5.8367E+05
0000988   2.0073E+06  2.3211E+05 -3.4175E+05
0000989   1.3004E+06  6.4959E+05 -4.9293E+05
0000990   1.1777E+06  5.4042E+05 -4.5301E+05
0000991   2.2750E+06  6.6610E+04  4.0206E+05
0000992   1.5568E+06 -5.0957E+05  2.3395E+05
0000993   1.8876E+06 -3.8763E+05 -3.7522E+05
0000994   1.6249E+06 -4.3563E+05  3.5381E+04
0000995   2.1793E+06  1.3663E+05 -4.7304E+05
0000996   2.0505E+06  1.1750E+06 -2.0792E+05
0000997   1.6444E+06 -5.0839E+05  5.3853E+05
0000998   2.2292E+06  7.8656E+04 -6.5514E+05
0000999   1.5480E+06 -1.1602E+05 -3.2483E+05
0001000   2.6068E+06 -1.8402E+05 -1.0018E+05
