============================== SRIM-2013.00 ==============================
==============================================================================
====== SRIM Outputs\RANGE_3D.txt : File of Final Ion Positions =====

Ion = Ar (18)   Ion Mass= 039.9620
Energy  = 5179474.E-04 keV
Ion Angle to Surface = 00.0 degrees
==================== TARGET =======================
  Layer # 1 - Layer 1
  Layer # 1 - Bottom Depth=500000.E+02 A
  Layer # 1 - Density =0000.0089 g/cm3
  Layer # 1 -  100 % of Ar
様様様様様様様様様様様様様様様様様様様様様様様様様様
                                            
Ion       Depth  X   Lateral Y   Lateral Z  
Number    (Angstrom) (Angstrom)  (Angstrom) 
-------  ----------- ----------- -----------
0000001   2.1323E+06  1.3406E+06  4.2233E+05
0000002   2.3519E+06 -1.1469E+04 -1.1396E+06
0000003   1.1235E+06  2.6157E+05 -7.4006E+05
0000004   1.6646E+06 -9.4689E+05 -1.3513E+05
0000005   1.1123E+06 -6.0160E+04 -4.4928E+05
0000006   2.7700E+06 -8.7632E+05 -1.6458E+05
0000007   2.2891E+06  6.0779E+05 -1.1611E+05
0000008   2.0716E+06 -4.6509E+05 -3.8752E+05
0000009   2.0324E+06 -1.2555E+05  1.0195E+06
0000010   2.6318E+06  3.6165E+05  4.1473E+05
0000011   2.6905E+06  7.7805E+05  1.2354E+05
0000012   1.9243E+06 -5.6476E+05  2.0525E+05
0000013   2.0171E+06  5.0510E+04 -2.1044E+05
0000014   2.6554E+06 -4.9645E+04  9.0667E+05
0000015   1.0538E+06 -1.4914E+04  1.0049E+06
0000016   1.1645E+06 -2.3432E+05 -6.6216E+05
0000017   1.8260E+06 -8.4865E+05  4.9693E+05
0000018   2.2391E+06  4.1058E+05 -3.3167E+05
0000019   2.7854E+06  9.8689E+05 -5.4283E+05
0000020   1.4953E+06  8.0591E+05 -8.0319E+05
0000021   2.2444E+06  8.7853E+05  1.1910E+05
0000022   2.4914E+06  3.9344E+05  1.0553E+06
0000023   1.6072E+06 -1.3421E+06  4.8453E+05
0000024   1.8176E+06 -1.5693E+05  2.0910E+05
0000025   1.2765E+06  1.8579E+05 -7.6991E+04
0000026   1.3750E+06  1.0713E+06 -3.5849E+05
0000027   1.6100E+06 -4.7960E+05  3.8629E+05
0000028   2.2311E+06  7.2314E+05 -3.8835E+05
0000029   3.0218E+06  1.3763E+04 -3.8699E+04
0000030   1.9086E+06 -2.1686E+05 -6.9963E+05
0000031   1.5364E+06 -3.0088E+04 -1.3663E+05
0000032   3.2126E+06 -1.8270E+05  1.5821E+05
0000033   1.7354E+06 -1.0795E+06 -1.7684E+05
0000034   2.5026E+06  4.2104E+05 -3.3003E+05
0000035   2.7680E+06 -1.0425E+06 -3.2296E+05
0000036   2.6507E+06 -5.3391E+05 -4.8946E+05
0000037   2.4208E+06 -1.4029E+05 -7.8925E+05
0000038   9.4958E+05 -6.6413E+04  7.0549E+05
0000039   1.6394E+06 -2.1601E+05 -3.2084E+05
0000040   2.2068E+06 -1.1297E+05 -3.0606E+05
0000041   1.8776E+06 -7.6920E+05  3.3034E+05
0000042   2.3926E+06 -7.9802E+05  8.0662E+05
0000043   2.0700E+06 -2.8581E+05  1.0341E+05
0000044   2.4008E+06 -1.4969E+06  3.9742E+05
0000045   2.3514E+06  8.0245E+05 -6.1165E+05
0000046   2.5341E+06 -5.3643E+05 -1.1557E+06
0000047   1.0547E+06  2.2782E+04 -1.0008E+05
0000048   2.6183E+06  6.3382E+05  2.3556E+05
0000049   1.3653E+06  1.0259E+06  1.4278E+05
0000050   1.7417E+06  4.3236E+05 -9.5089E+05
0000051   7.1569E+05  5.4696E+05  1.2346E+06
0000052   1.8833E+06  7.8225E+05  8.1515E+05
0000053   1.7026E+06 -1.3760E+05 -5.4473E+05
0000054   7.2476E+05 -6.6120E+05  7.3982E+05
0000055   1.9977E+06 -1.2677E+05 -1.7766E+05
0000056   2.7578E+06 -3.5516E+05  1.5018E+06
0000057   2.1616E+06  4.7869E+05 -1.6853E+04
0000058   2.0317E+06 -2.7096E+05  6.3659E+05
0000059   1.5702E+06  1.1254E+04  2.0765E+05
0000060   2.3295E+06 -1.0108E+05 -1.6132E+05
0000061   9.0585E+05  6.6199E+04 -4.6611E+04
0000062   2.1049E+06  1.2845E+06 -4.5752E+05
0000063   3.0211E+06  4.0639E+05 -2.2953E+05
0000064   2.0846E+06  3.8064E+05  7.0213E+05
0000065   2.7255E+06  5.2482E+05  1.0700E+06
0000066   1.8214E+06 -7.0467E+05  1.0778E+06
0000067   2.3065E+06 -2.3737E+05 -1.1902E+06
0000068   1.9873E+06 -2.3988E+05 -9.3263E+05
0000069   2.6248E+06 -7.0061E+05 -1.0515E+06
0000070   1.8718E+06 -1.1174E+05  6.4212E+05
0000071   2.3059E+06 -1.1153E+06  5.0233E+05
0000072   2.0792E+06  4.1567E+04 -3.0281E+04
0000073   1.9870E+06 -1.2669E+05 -6.2538E+05
0000074   1.7561E+06  2.3603E+05 -8.2274E+05
0000075   1.6748E+06 -5.1225E+05 -8.1243E+05
0000076   1.6704E+06 -2.2710E+05  1.0405E+05
0000077   1.7725E+06 -4.8018E+05  8.9245E+04
0000078   2.8968E+06  7.5600E+05 -1.0921E+06
0000079   2.4806E+06  1.8898E+03 -8.1717E+05
0000080   1.8112E+06 -1.2463E+06 -8.6001E+04
0000081   3.2320E+06  1.0490E+05  5.8363E+04
0000082   2.4004E+06 -3.4701E+05 -1.5361E+06
0000083   1.1397E+06 -8.7195E+05  1.0070E+06
0000084   2.3540E+06  6.2265E+05  4.2428E+05
0000085   2.9132E+06  2.3926E+05  8.3733E+05
0000086   1.9918E+06  6.0013E+05 -1.2319E+05
0000087   2.4845E+06 -4.6496E+05 -4.3068E+05
0000088   1.7342E+06  8.1904E+05 -4.8247E+04
0000089   2.3505E+06  1.2918E+05 -2.4160E+05
0000090   2.1629E+06 -8.6314E+05  1.0862E+06
0000091   3.0998E+06  1.5846E+05 -7.3077E+05
0000092   3.0403E+06 -8.4315E+04 -1.6131E+05
0000093   1.3414E+06 -1.8887E+05 -2.1541E+05
0000094   1.6717E+06 -8.3618E+05  7.9682E+05
0000095   2.3349E+06 -1.1731E+06 -2.1749E+05
0000096   1.6126E+06  3.3585E+05 -2.1909E+05
0000097   1.8400E+06  1.5243E+05 -4.1027E+04
0000098   1.6251E+06 -3.3625E+05 -1.2528E+05
0000099   2.4274E+06  1.0902E+06 -5.4274E+04
0000100   2.6327E+06  1.9346E+05 -2.0812E+05
0000101   2.0146E+06 -3.0350E+05 -4.2248E+05
0000102   1.0883E+06  1.8936E+04  8.1092E+05
0000103   1.5886E+06  3.2426E+05 -2.8809E+05
0000104   2.2594E+06  3.8117E+05  3.9796E+05
0000105   2.7456E+06 -2.6528E+05 -7.3252E+05
0000106   2.6684E+06  1.7920E+04  4.2215E+05
0000107   1.4012E+06 -3.0765E+05 -8.3362E+05
0000108   2.3080E+06  4.2611E+05 -1.4307E+06
0000109   2.9221E+06 -2.0361E+05 -5.7357E+05
0000110   5.9532E+05  2.8464E+05 -7.5210E+05
0000111   2.7360E+06  5.9683E+05  2.9575E+05
0000112   2.3631E+06 -2.9461E+05 -8.8658E+05
0000113   1.7264E+06  7.6717E+04  8.0313E+05
0000114   2.3451E+06  1.2508E+06 -2.1625E+05
0000115   1.7048E+06 -3.4738E+05 -9.2471E+05
0000116   1.7394E+06 -1.2197E+06 -9.1566E+05
0000117   1.5201E+06  5.5474E+05 -5.9997E+05
0000118   1.9664E+06 -5.0946E+05 -6.3308E+05
0000119   1.9410E+06 -1.1597E+06  6.4446E+05
0000120   2.3903E+06  6.3723E+05 -4.7636E+05
0000121   2.5642E+06 -7.3053E+05 -6.5022E+05
0000122   1.7082E+06 -1.7694E+05  1.6543E+05
0000123   1.8266E+06 -5.0597E+05 -1.2041E+06
0000124   2.1340E+06 -5.7892E+05  9.8686E+05
0000125   2.3671E+06 -1.0588E+06 -1.0166E+05
0000126   2.4480E+06 -7.1895E+04 -3.7216E+05
0000127   1.4446E+06 -3.2180E+04  1.1829E+05
0000128   1.8551E+06 -4.6051E+05  2.1119E+06
0000129   2.1858E+06  5.8536E+05  7.3156E+05
0000130   2.0883E+06 -2.3427E+03 -3.7810E+05
0000131   1.0216E+06  2.1272E+04  8.8428E+05
0000132   1.9302E+06  4.2222E+05 -5.7900E+05
0000133   1.9365E+06  8.2011E+05 -6.4183E+05
0000134   4.9650E+05 -4.4765E+04  8.0995E+05
0000135   2.5311E+06  2.5252E+05  3.0189E+05
0000136   1.6315E+06 -9.7409E+05  1.5156E+06
0000137   1.7738E+06  6.9013E+05 -4.3446E+05
0000138   2.6604E+06 -3.6957E+05 -9.9468E+05
0000139   1.7372E+06  2.4947E+05 -2.6134E+05
0000140   2.5378E+06  4.3542E+05 -1.6381E+05
0000141   6.5148E+05  3.4005E+05 -2.5417E+05
0000142   2.6214E+06 -2.2480E+05 -3.0667E+05
0000143   2.2199E+06  4.1069E+05 -9.4510E+05
0000144   1.8870E+06  5.4346E+05 -2.0375E+05
0000145   2.9903E+06  7.2311E+05  2.4072E+04
0000146   2.6486E+06  8.6434E+05  3.4502E+05
0000147   1.6219E+06 -3.9131E+05  4.8313E+05
0000148   1.9928E+06 -1.4543E+05 -8.4693E+04
0000149   1.2605E+06  2.8907E+05  4.7867E+05
0000150   2.2144E+06  1.0390E+06  1.3114E+06
0000151   2.2240E+06 -8.0497E+05  8.3237E+05
0000152   2.0634E+06 -6.3705E+05 -9.8671E+05
0000153   2.0870E+06 -1.2208E+05  3.6852E+05
0000154   2.1645E+06  9.8945E+02 -5.2561E+05
0000155   2.5515E+06 -9.7853E+05  3.0488E+05
0000156   1.6157E+06 -3.5122E+05  2.4717E+05
0000157   2.3206E+06 -6.4952E+05  6.6406E+05
0000158   1.9771E+06  3.1064E+05  5.3220E+05
0000159   2.6358E+06  1.3340E+06  4.5734E+04
0000160   2.1448E+06  2.9529E+05  1.0786E+06
0000161   2.0898E+06  4.2125E+05 -3.8643E+05
0000162   1.6319E+06  3.5857E+05 -1.0929E+06
0000163   2.3098E+06 -9.2673E+05  5.4751E+05
0000164   2.1925E+06  3.0741E+05 -2.9393E+05
0000165   2.0377E+06 -3.7183E+04 -4.8999E+05
0000166   2.3510E+06  3.7871E+04 -1.2779E+05
0000167   2.8791E+06  1.7917E+05 -1.1391E+05
0000168   2.1987E+06 -2.5307E+05  5.5239E+05
0000169   2.4804E+06 -4.1580E+04 -8.1717E+05
0000170   2.5453E+06  2.8266E+05  5.7054E+05
0000171   1.5944E+06 -3.1784E+05 -8.3288E+05
0000172   2.5699E+06  4.0029E+05 -1.0352E+05
0000173   3.0359E+06  4.8685E+04 -6.1287E+05
0000174   1.5721E+06  7.5999E+05  7.4145E+05
0000175   2.3853E+06  2.6111E+05 -7.7692E+05
0000176   2.3732E+06 -3.0171E+05  8.3877E+05
0000177   3.1226E+06 -1.4197E+05  1.1233E+06
0000178   2.3904E+06  1.8666E+05 -1.1639E+05
0000179   2.3661E+06 -2.7020E+05  4.5047E+05
0000180   2.0766E+06  1.4329E+06 -2.1504E+05
0000181   2.7746E+06 -7.6118E+05 -1.6561E+05
0000182   2.5124E+06 -7.6645E+04 -2.5329E+05
0000183   1.6705E+06  3.8754E+05  7.0672E+05
0000184   3.1215E+06 -4.7831E+04 -5.6009E+05
0000185   1.8762E+06 -1.1337E+05 -5.2506E+04
0000186   1.8311E+06  7.5861E+05  4.1176E+05
0000187   2.6646E+06 -3.4048E+05 -5.0111E+05
0000188   1.8779E+06 -2.0589E+05 -1.2624E+06
0000189   2.5725E+06  1.3525E+05  3.1692E+05
0000190   2.2453E+06  6.9368E+05  7.6246E+05
0000191   2.1616E+06 -6.7729E+04  1.6751E+05
0000192   2.4180E+06 -7.1224E+05 -2.2227E+05
0000193   2.5574E+06  9.8688E+05  3.0795E+05
0000194   2.2531E+06  2.2808E+05 -1.7587E+05
0000195   1.2654E+06  5.7651E+05  8.8970E+05
0000196   1.9679E+06  4.1109E+05 -3.1775E+03
0000197   1.2377E+06 -6.0608E+05  4.9135E+05
0000198   2.7751E+06 -1.2196E+05 -6.4394E+05
0000199   8.5120E+05 -5.2690E+05 -4.7478E+05
0000200   1.0793E+06 -5.8110E+04  2.2025E+04
0000201   2.8256E+06 -1.7242E+05 -7.3949E+05
0000202   2.0625E+06 -5.1750E+05  1.6076E+06
0000203   2.2466E+06  1.9121E+05 -3.9859E+05
0000204   2.8788E+06  4.2665E+05  1.6628E+05
0000205   1.7011E+06  4.9501E+05  2.3630E+05
0000206   2.2993E+06 -6.3709E+04 -6.1586E+05
0000207   1.3288E+06 -1.0676E+06  1.0670E+06
0000208   2.5711E+06  5.4025E+05  6.4209E+05
0000209   1.1458E+06  1.5137E+04 -9.6041E+04
0000210   1.8618E+06  3.8191E+04 -1.3710E+05
0000211   1.7927E+06 -7.4576E+05  1.3566E+05
0000212   8.5638E+05 -5.5709E+05  8.8802E+05
0000213   9.5000E+05  7.1327E+05  1.0916E+06
0000214   1.5039E+06  7.1935E+05  2.1290E+05
0000215   1.2361E+06  1.4913E+05  4.1807E+05
0000216   1.8542E+06 -3.0848E+05 -1.6026E+05
0000217   1.1945E+06  1.1038E+06  2.2144E+05
0000218   2.1080E+06  4.6467E+05  1.7092E+04
0000219   2.6454E+06  2.9383E+05  5.1054E+05
0000220   2.7194E+06  8.3200E+05  6.9904E+03
0000221   2.1059E+06 -1.3145E+05  4.0627E+05
0000222   2.4032E+06 -2.2919E+05 -1.3657E+06
0000223   7.7411E+05 -2.9950E+05  1.9826E+05
0000224   1.7431E+06 -4.6734E+05  1.5746E+06
0000225   2.3172E+06 -5.9431E+05  2.1167E+05
0000226   1.7546E+06 -1.0932E+06  2.3900E+05
0000227   2.0502E+06 -2.9303E+05  8.8817E+05
0000228   1.2904E+06  5.9627E+04 -3.1758E+05
0000229   1.7764E+06  5.5180E+05 -7.0294E+04
0000230   1.9626E+06 -2.0634E+05  4.0926E+05
0000231   2.3782E+06  3.1218E+05  4.3760E+05
0000232   2.5463E+06  6.0659E+05 -9.8298E+05
0000233   1.8533E+06 -9.9166E+04 -1.0765E+06
0000234   9.8619E+05  1.1812E+06  2.6117E+05
0000235   2.0572E+06 -3.9007E+05  4.6200E+05
0000236   2.8471E+06 -2.9307E+05 -8.2276E+05
0000237   1.4862E+06  5.7115E+05 -7.3272E+05
0000238   2.2322E+06  5.6854E+05 -2.0629E+05
0000239   1.6821E+06 -7.0873E+05  7.2576E+04
0000240   1.7540E+06  4.5126E+05  1.6222E+05
0000241   2.0172E+06 -5.7564E+05 -9.0178E+04
0000242   1.5919E+06 -5.1749E+05 -3.3871E+05
0000243   1.5551E+06 -5.4638E+04 -5.1742E+05
0000244   1.4084E+06  2.3457E+05  1.3592E+06
0000245   2.5848E+06 -4.4495E+05  3.4662E+05
0000246   2.2197E+06 -6.3570E+05  2.4408E+05
0000247   2.8401E+06  1.4780E+05 -4.8682E+05
0000248   1.8754E+06  9.1123E+05 -8.6597E+05
0000249   2.5981E+06  6.6671E+05  1.3952E+05
0000250   1.7457E+06  1.3631E+04  7.6210E+05
0000251   2.6000E+06 -3.9326E+05  2.2212E+05
0000252   1.1962E+06 -3.3133E+05 -5.1425E+05
0000253   2.8702E+06  1.9099E+05  9.5751E+04
0000254   2.3344E+06  9.5445E+05  4.8748E+04
0000255   3.0661E+06  3.9977E+05 -7.0800E+05
0000256   2.6246E+06  8.8819E+05 -9.0335E+04
0000257   2.4552E+06  7.8031E+04  2.6294E+05
0000258   1.8813E+06  6.6324E+05 -5.0104E+05
0000259   1.2003E+06  2.1098E+05 -7.7693E+05
0000260   1.2309E+06 -5.4878E+05  2.3813E+05
0000261   1.8551E+06  7.6423E+04  2.1574E+05
0000262   2.2988E+06 -1.7706E+05  5.1723E+05
0000263   5.8087E+05 -6.2591E+05 -6.1980E+05
0000264   1.2249E+06  1.3355E+05  2.1780E+05
0000265   1.9628E+06 -5.5266E+05  1.4046E+06
0000266   2.1834E+06  1.3313E+06 -1.3407E+06
0000267   1.6823E+06 -1.1426E+06  1.4514E+06
0000268   1.7135E+06  1.7205E+05 -6.1609E+04
0000269   1.3898E+06  1.5610E+05  1.1895E+06
0000270   1.5068E+06  2.2215E+05  8.4549E+04
0000271   2.7142E+06  3.4977E+05  2.2814E+05
0000272   2.3754E+06  2.7467E+05 -3.5861E+05
0000273   2.1955E+06  3.3767E+05  7.5106E+05
0000274   2.8387E+06  2.6469E+05 -5.5232E+05
0000275   2.3004E+06  1.1996E+06  7.1889E+05
0000276   9.8024E+05 -7.5649E+05 -8.3034E+05
0000277   2.4098E+06  9.2023E+05  4.7912E+05
0000278   1.8928E+06 -1.4365E+06  1.7257E+05
0000279   2.0338E+06 -4.9780E+05 -8.2608E+05
0000280   3.0200E+06  6.3822E+05 -4.9719E+05
0000281   2.7524E+06 -1.0522E+05 -1.7088E+05
0000282   1.6691E+06 -8.5894E+05  6.8893E+04
0000283   2.3911E+06 -1.2761E+06  5.4393E+05
0000284   1.4994E+06 -2.5271E+05 -8.3947E+05
0000285   2.1428E+06  4.6574E+05 -4.6928E+05
0000286   2.2104E+06  1.4549E+04  4.6111E+05
0000287   2.6282E+06 -4.2362E+05 -2.7004E+05
0000288   2.4775E+06 -4.4400E+05 -8.3769E+05
0000289   2.3049E+06  4.7278E+05  6.5549E+04
0000290   1.7894E+06  3.6344E+05 -6.8011E+05
0000291   2.6129E+06  5.1857E+05 -3.5211E+05
0000292   1.4232E+06 -4.6064E+05  5.0901E+05
0000293   1.1299E+06 -5.1215E+05  2.9795E+05
0000294   2.2374E+06  6.4370E+05  2.9000E+05
0000295   3.4310E+06 -6.1583E+04  3.4696E+05
0000296   1.4295E+06  5.3979E+05  3.5099E+05
0000297   2.1159E+06 -7.0421E+05  1.1941E+05
0000298   9.8392E+05  3.6281E+05  7.7028E+05
0000299   1.8031E+06 -4.1584E+04 -5.9753E+05
0000300   1.9195E+06 -3.2348E+05 -5.2018E+04
0000301   1.5483E+06  5.2674E+05  6.0206E+05
0000302   2.9183E+06 -3.6167E+04 -1.0214E+05
0000303   1.9436E+06  3.7448E+05  3.8701E+05
0000304   2.0838E+06 -4.7953E+05  1.7257E+04
0000305   1.6301E+06 -3.9110E+05  8.7187E+05
0000306   1.9664E+06 -2.1971E+05 -6.3430E+05
0000307   2.3490E+06  1.2015E+06 -9.9120E+05
0000308   1.9269E+06  5.8320E+05 -7.3408E+05
0000309   2.0976E+06 -5.9645E+05 -7.0706E+05
0000310   9.8303E+05 -4.0786E+05 -9.4312E+05
0000311   2.6331E+06  1.6561E+05  2.3471E+04
0000312   2.2832E+06  1.4554E+05 -4.7068E+05
0000313   2.2270E+06  1.5593E+05 -6.8697E+05
0000314   7.9200E+05  1.7561E+06 -5.4260E+05
0000315   3.1569E+06 -6.3920E+05 -7.5275E+05
0000316   2.7392E+06  3.2933E+05  5.6931E+05
0000317   1.5561E+06  3.9953E+05  6.5474E+04
0000318   1.9777E+06  8.4026E+05 -9.7852E+05
0000319   1.4028E+06  8.9558E+05 -1.2582E+05
0000320   4.6512E+05 -1.3027E+05  7.6557E+05
0000321   1.9750E+06  4.7296E+05 -1.5592E+05
0000322   2.5856E+06 -8.6412E+04 -2.5170E+05
0000323   1.8894E+06 -5.4771E+05 -3.8837E+05
0000324   1.8271E+06  1.1242E+06 -8.5651E+05
0000325   2.6876E+06  5.5527E+05  5.8037E+05
0000326   6.2723E+05  3.8246E+04  1.4530E+05
0000327   2.0087E+06 -2.7816E+05 -3.3573E+05
0000328   2.0329E+06  4.1053E+05  6.9572E+05
0000329   2.0694E+06 -8.8153E+05 -1.8015E+05
0000330   2.6976E+06  6.0355E+05 -1.8900E+05
0000331   9.8655E+05 -8.4778E+04 -6.9763E+05
0000332   1.5814E+06 -7.3096E+05  1.7222E+05
0000333   3.1273E+06  2.2823E+05 -3.6606E+04
0000334   1.9628E+06 -1.3474E+05 -3.0896E+05
0000335   1.3610E+06  1.1564E+06 -1.2680E+05
0000336   2.4324E+06  1.1179E+06  6.7508E+05
0000337   2.7526E+06  4.1411E+05  8.1213E+05
0000338   2.1897E+06 -1.0229E+06  8.9129E+05
0000339   2.2619E+06 -1.5607E+05  2.5142E+05
0000340   1.2089E+06  5.7741E+05 -8.9383E+05
0000341   2.4797E+06  7.7787E+05  6.4769E+05
0000342   1.0382E+06  2.9868E+05 -4.8285E+05
0000343   2.3927E+06 -5.0851E+05  8.8719E+05
0000344   1.5625E+06 -9.9486E+05  3.6561E+05
0000345   7.6209E+05 -1.1077E+06 -4.3578E+04
0000346   2.4875E+06 -3.8685E+05  8.7797E+05
0000347   3.2969E+06  4.1530E+04 -2.5863E+05
0000348   2.2661E+06  4.9951E+05 -4.6934E+04
0000349   1.0316E+06  3.9716E+05  1.4697E+06
0000350   2.7702E+06 -6.6161E+05  3.0616E+05
0000351   2.5080E+06 -5.3218E+05 -1.0050E+06
0000352   2.1364E+06  1.9803E+05 -2.7730E+05
0000353   2.2470E+06  2.1937E+05  3.9164E+05
0000354   2.4789E+06  1.5553E+05  7.3081E+04
0000355   1.3875E+06  4.3822E+05  5.4617E+05
0000356   1.2843E+06 -4.9235E+04 -1.1622E+06
0000357   1.8742E+06  2.5775E+05 -2.7463E+05
0000358   1.7322E+06  1.4815E+06 -2.7385E+05
0000359   2.9114E+06 -7.7457E+05 -1.6050E+05
0000360   1.6435E+06 -1.8091E+05  8.1322E+03
0000361   2.4505E+06  7.9402E+05 -3.6100E+05
0000362   1.5600E+06 -1.8965E+05 -7.7489E+05
0000363   2.8350E+06  2.6133E+05 -4.8639E+05
0000364   2.0518E+06 -1.0696E+05  1.8419E+05
0000365   2.2417E+06  7.4243E+05  4.7411E+05
0000366   9.5553E+05 -1.8879E+05 -6.3772E+05
0000367   1.4928E+06 -1.1067E+06 -7.7717E+04
0000368   2.7692E+06  2.9846E+05 -5.0392E+05
0000369   2.6455E+06  6.1849E+05  3.7957E+04
0000370   2.8913E+06 -3.3939E+05 -2.0100E+05
0000371   2.8363E+06  8.3101E+05  3.4777E+05
0000372   1.0041E+06 -4.0140E+05 -1.2364E+05
0000373   1.2179E+06  1.1709E+06  1.1319E+06
0000374   1.2623E+06 -1.3230E+06  4.5939E+04
0000375   1.7016E+06 -6.2586E+05 -7.0278E+05
0000376   2.3590E+06  1.7578E+05 -7.3220E+05
0000377   1.1115E+06  6.4987E+05  9.7479E+05
0000378   1.9529E+06  2.4885E+05 -5.6819E+04
0000379   2.4661E+06  7.0251E+05  6.2361E+04
0000380   1.8240E+06 -7.3362E+05  1.1075E+06
0000381   2.4069E+06 -3.4405E+05  1.5336E+06
0000382   2.4742E+06  4.1666E+05  7.6863E+04
0000383   2.2056E+06  2.6146E+05  8.7628E+05
0000384   2.6435E+06  9.4090E+04 -5.2554E+05
0000385   1.2540E+06  7.2942E+05 -1.0759E+06
0000386   5.0132E+05 -8.7125E+05  8.4211E+05
0000387   2.3045E+06 -3.4954E+05 -6.1291E+05
0000388   1.7351E+06 -3.8161E+05  9.3416E+05
0000389   2.2208E+06  2.9463E+05  1.1890E+06
0000390   2.7692E+06 -1.1364E+06  3.5283E+05
0000391   9.3383E+05 -7.8903E+05  7.4880E+05
0000392   1.7472E+06 -3.5292E+05  4.0844E+05
0000393   1.6414E+06  3.7809E+05  1.6224E+06
0000394   1.8532E+06  1.5098E+05 -2.5015E+05
0000395   1.7078E+06 -3.6589E+05 -8.5330E+05
0000396   1.4847E+06 -8.4888E+05  5.9938E+05
0000397   3.4427E+06 -1.6297E+05 -5.9362E+05
0000398   2.0431E+06  1.0722E+05 -1.2232E+04
0000399   1.9327E+06  6.0393E+05  5.6658E+05
0000400   2.3069E+06 -6.2240E+05 -8.3199E+05
0000401   1.6840E+06 -7.7991E+05 -1.0874E+06
0000402   1.4642E+06  9.1560E+04  1.6565E+04
0000403   1.9601E+06  5.4559E+05  2.8533E+05
0000404   2.0981E+06 -7.1374E+05  5.6938E+05
0000405   1.2421E+06  1.9397E+04  2.1964E+05
0000406   2.0722E+06  3.6872E+04  1.6436E+05
0000407   1.3460E+06  2.6471E+05  8.1273E+04
0000408   2.0672E+06 -4.4142E+03 -5.4811E+05
0000409   2.3162E+06  2.8334E+05  3.8008E+05
0000410   1.6850E+06 -3.9567E+05 -8.5342E+05
0000411   2.7100E+06 -5.3903E+05 -6.3415E+05
0000412   1.8809E+06 -3.0770E+05  4.3020E+05
0000413   1.6372E+06  4.6332E+05 -4.7466E+05
0000414   2.3809E+06  3.0969E+05 -7.0427E+04
0000415   1.9849E+06 -5.2415E+04 -1.0417E+06
0000416   2.1568E+06 -2.7125E+05  8.9215E+05
0000417   2.0843E+06 -3.2783E+04 -2.4155E+05
0000418   2.1906E+06  1.0648E+06 -3.5404E+05
0000419   1.7801E+06  5.2666E+05  2.6281E+05
0000420   1.8447E+06 -5.3055E+05 -2.3879E+05
0000421   2.4499E+06 -1.3022E+06 -6.7902E+05
0000422   1.9262E+06 -1.4281E+05  1.6046E+05
0000423   1.5530E+06 -1.2948E+06  2.0072E+05
0000424   2.0944E+06 -1.3883E+06  1.3696E+05
0000425   2.2359E+06  6.8348E+05 -3.4068E+04
0000426   1.5989E+06  4.2244E+05 -2.9381E+05
0000427   7.9967E+05  5.6198E+05 -2.4529E+05
0000428   2.7517E+06 -2.5853E+05 -8.8381E+04
0000429   7.7546E+05 -1.0751E+05 -1.2013E+06
0000430   1.5162E+06 -5.6215E+05 -9.4938E+05
0000431   1.3619E+06  2.9245E+05  2.4842E+05
0000432   1.7989E+06 -7.8826E+05  4.7962E+05
0000433   2.8310E+06 -2.5160E+05 -3.5153E+05
0000434   1.6438E+06  4.0879E+04  1.2275E+05
0000435   2.1036E+06  2.1015E+05  1.0804E+06
0000436   2.7562E+06  2.5928E+05  5.9401E+05
0000437   2.3419E+06  1.8411E+05 -1.9244E+05
0000438   2.1657E+06  1.0608E+05 -4.5998E+05
0000439   1.9058E+06 -1.0824E+05  3.9731E+05
0000440   1.8054E+06 -1.5742E+05 -3.8964E+05
0000441   1.7404E+06 -6.8283E+04 -4.4083E+05
0000442   1.9621E+06 -2.9049E+05  6.3605E+05
0000443   2.4624E+06  4.1055E+05  1.1156E+06
0000444   2.3283E+06 -1.3100E+05  1.0108E+06
0000445   2.5155E+06 -1.0014E+06  8.0934E+05
0000446   1.8265E+06  3.2680E+04  7.4982E+05
0000447   2.4348E+06  6.0852E+05 -6.4393E+05
0000448   2.4105E+06  4.8155E+05 -8.7933E+05
0000449   2.0199E+06 -1.1924E+06  5.3120E+05
0000450   2.3987E+06 -5.4023E+05  3.9120E+05
0000451   3.0891E+06  2.2815E+04 -2.7045E+05
0000452   2.7895E+06 -3.3203E+05  7.6791E+05
0000453   1.8734E+06 -8.7139E+05 -5.4427E+05
0000454   2.9569E+06 -7.4059E+05 -9.7270E+05
0000455   2.9342E+06 -2.0881E+05 -1.5968E+05
0000456   2.7379E+06 -2.0091E+05  8.4735E+05
0000457   2.2235E+06  2.6264E+05 -1.2515E+05
0000458   2.2625E+06 -6.1652E+05  8.0407E+04
0000459   1.9163E+06 -3.8658E+05  5.1689E+05
0000460   2.5728E+06 -4.0988E+05  4.7418E+05
0000461   2.4397E+06  9.7025E+05 -4.4672E+05
0000462   1.7364E+06  8.8254E+05  8.8781E+05
0000463   2.2532E+06 -8.2309E+05 -1.8967E+05
0000464   2.6380E+06  5.8105E+05  2.0389E+05
0000465   2.5936E+06 -6.0965E+05 -3.7232E+05
0000466   1.6721E+06 -1.1607E+05 -5.6687E+05
0000467   1.4485E+06  2.0508E+05 -2.7267E+05
0000468   2.5243E+06  4.5296E+05 -9.6947E+04
0000469   2.8355E+06 -7.5294E+05 -1.5298E+04
0000470   1.5895E+06  1.5075E+06  1.6114E+05
0000471   2.3274E+06  4.6165E+05 -1.8995E+05
0000472   1.5826E+06 -2.7017E+04  6.2196E+05
0000473   2.5330E+06 -1.0035E+06 -1.6272E+05
0000474   1.7622E+06  5.9318E+05  2.5179E+05
0000475   1.3615E+06  8.1841E+05  5.0781E+05
0000476   1.9842E+06 -8.0434E+05 -7.8105E+05
0000477   1.9939E+06  1.2330E+05 -9.5713E+03
0000478   2.8754E+06 -3.7782E+05  1.2361E+06
0000479   2.6661E+06 -5.7130E+05 -7.1499E+05
0000480   2.1160E+06 -4.6546E+05 -3.0513E+05
0000481   2.3442E+06  3.8210E+05  8.3652E+05
0000482   9.0717E+05  4.8765E+05  9.2389E+05
0000483   1.8498E+06 -2.6310E+05  1.2746E+06
0000484   2.7242E+06 -3.4856E+05 -1.0701E+06
0000485   1.6875E+06  3.6997E+05 -1.7060E+05
0000486   1.5238E+06 -1.6954E+05 -8.7259E+05
0000487   2.6151E+06 -5.9333E+05 -2.4034E+05
0000488   2.0277E+06  3.5796E+05  3.7863E+04
0000489   2.5723E+06 -3.0600E+05 -5.0824E+05
0000490   2.0654E+06  4.5662E+05 -7.1082E+05
0000491   9.3685E+05  7.3199E+05 -1.0090E+05
0000492   2.5069E+06 -2.4801E+05 -3.2763E+05
0000493   2.0205E+06 -8.0254E+05  4.7699E+05
0000494   1.3885E+06 -5.1400E+05  2.1978E+05
0000495   1.2816E+06  4.9038E+05 -9.0137E+05
0000496   2.6342E+06 -5.5360E+05 -1.8963E+05
0000497   1.9106E+06  4.0906E+04 -9.0448E+05
0000498   1.4944E+06  4.0818E+05 -8.1484E+05
0000499   2.1817E+06 -1.1315E+06 -7.2164E+05
0000500   1.0166E+06  3.6402E+05 -1.8254E+05
0000501   2.3057E+06 -3.9198E+04 -1.1002E+06
0000502   1.5866E+06 -1.4986E+06 -2.3708E+05
0000503   3.1503E+06 -1.1748E+04  3.5708E+05
0000504   2.5856E+06 -8.6876E+05  5.9772E+05
0000505   1.6770E+06 -7.0889E+05  5.7789E+05
0000506   2.4013E+06  8.6435E+04 -1.0734E+05
0000507   2.1972E+06 -2.2747E+05 -3.7322E+05
0000508   3.0523E+06  5.9481E+05  1.8889E+05
0000509   2.5335E+06  1.1318E+06 -2.6116E+05
0000510   1.6494E+06  1.6892E+05 -6.5362E+05
0000511   3.0781E+06  3.7352E+05  2.2869E+05
0000512   2.4958E+06  1.0109E+06  3.6000E+05
0000513   2.7725E+06  9.8989E+04  1.3879E+05
0000514   1.3197E+06  1.3430E+06  6.0273E+05
0000515   1.6759E+06  2.8676E+05 -2.3669E+05
0000516   2.3115E+06 -5.6330E+05  3.9068E+05
0000517   3.1762E+06 -1.2108E+05 -2.8848E+05
0000518   1.9941E+06  7.2002E+04  3.4397E+05
0000519   1.0344E+06  6.8652E+05  2.1038E+05
0000520   1.1333E+06 -4.8359E+04 -3.2090E+05
0000521   2.1720E+06  8.7952E+05 -7.8650E+05
0000522   2.4407E+06  5.8288E+03  2.7339E+05
0000523   2.3945E+06 -1.9167E+05  6.2374E+05
0000524   2.1574E+06 -1.2067E+05 -3.5716E+04
0000525   1.2014E+06  5.7947E+05  4.3628E+05
0000526   1.9140E+06 -9.0838E+04  7.6592E+04
0000527   1.6891E+06  4.6637E+05  3.9408E+04
0000528   2.1035E+06  3.3434E+05  8.0708E+04
0000529   8.1327E+04  2.1250E+05 -6.2743E+05
0000530   2.0776E+06  4.4428E+05  1.2576E+04
0000531   1.2785E+06  6.9095E+05  1.7680E+05
0000532   2.9523E+06 -3.8214E+05 -5.4662E+05
0000533   1.6940E+06  8.0547E+05 -8.6710E+04
0000534   1.6807E+06  6.2645E+05  3.4124E+05
0000535   2.5652E+06  2.9550E+05 -1.2457E+06
0000536   2.3005E+06 -1.6073E+05 -4.1629E+05
0000537   1.6487E+06 -7.9572E+05  3.9497E+04
0000538   1.3775E+06  8.3807E+05  6.1710E+05
0000539   1.7953E+06  9.5357E+05  1.5110E+05
0000540   1.2718E+06 -2.4340E+04  5.3823E+05
0000541   2.2368E+06 -6.7416E+05  5.3842E+04
0000542   2.8438E+06  6.3933E+05  2.5523E+05
0000543   1.2181E+06  5.3713E+05 -1.9623E+05
0000544   2.5313E+06  2.6002E+05 -7.9542E+04
0000545   2.7249E+06  1.2679E+06  1.5130E+05
0000546   2.6402E+06 -6.9767E+03  2.1905E+05
0000547   2.8885E+06 -1.8180E+05  1.6731E+05
0000548   1.8162E+06  4.6271E+05 -8.5963E+04
0000549   2.7561E+06 -9.8153E+04 -9.5384E+05
0000550   1.9743E+06 -5.2467E+05  1.3269E+06
0000551   1.7758E+06 -1.0501E+06  5.0526E+05
0000552   2.5268E+06 -1.4196E+05 -6.2090E+05
0000553   2.4034E+06  3.7739E+04  4.2713E+05
0000554   2.4990E+06 -6.9118E+05  1.0391E+06
0000555   2.6025E+06 -1.5786E+04  9.7222E+04
0000556   1.2593E+06  6.9941E+05 -8.1544E+05
0000557   2.3755E+06  8.2474E+04  1.4329E+05
0000558   1.9978E+06  5.3732E+05  2.6154E+05
0000559   1.2848E+06  1.2812E+04  3.1344E+05
0000560   2.3970E+06 -1.0445E+06 -6.2834E+05
0000561   2.4691E+06 -5.9610E+05 -2.0135E+05
0000562   2.9474E+06  7.6376E+05  3.4367E+05
0000563   1.8552E+06  6.3408E+05  3.0390E+05
0000564   2.1472E+06 -8.3658E+05  6.8316E+04
0000565   2.1907E+06  1.6653E+05  1.4587E+05
0000566   2.1152E+06 -6.5475E+05 -4.4339E+05
0000567   2.3218E+06 -3.0339E+05  1.8674E+05
0000568   1.5253E+06 -3.5857E+05  5.2934E+05
0000569   2.1085E+06 -7.5801E+05  1.6380E+06
0000570   1.9285E+06  3.0293E+05 -7.7875E+05
0000571   1.1149E+06 -4.3786E+04 -2.8395E+05
0000572   2.2254E+06 -7.4507E+05  5.5480E+05
0000573   3.0423E+06  8.2515E+05  2.9780E+05
0000574   2.1032E+06  7.3718E+05 -1.1530E+06
0000575   1.1124E+06 -3.5003E+05  5.3673E+05
0000576   2.1277E+06 -3.5497E+05 -1.9164E+05
0000577   2.3182E+06  1.8005E+05  4.8322E+05
0000578   1.7018E+06 -1.6495E+06  1.1202E+05
0000579   1.3169E+06 -1.7643E+05  3.0964E+05
0000580   2.0529E+06  1.1949E+06  1.1231E+05
0000581   1.7410E+06 -5.5791E+05  6.1682E+05
0000582   2.1654E+06 -2.2282E+04  7.9448E+05
0000583   1.0519E+06  3.9741E+05 -8.5557E+05
0000584   2.4796E+06 -6.9334E+05 -8.9380E+05
0000585   2.1379E+06 -1.7876E+05 -2.6299E+05
0000586   2.2242E+06 -5.0398E+05 -2.5887E+05
0000587   2.5150E+06  9.3657E+05 -8.3594E+05
0000588   2.3647E+06 -6.8976E+05  8.9808E+04
0000589   1.8068E+06 -8.4296E+05 -1.0316E+06
0000590   1.3966E+06  1.2683E+06 -7.7730E+04
0000591   2.2712E+06 -9.7699E+04 -3.4067E+05
0000592   2.1865E+06 -3.5059E+04  2.7545E+05
0000593   2.2364E+06 -1.1048E+06  6.0566E+05
0000594   2.5360E+06  2.8130E+05 -1.2726E+06
0000595   2.5849E+06  5.1482E+05  1.6214E+05
0000596   2.5100E+06 -3.0890E+05 -2.5749E+04
0000597   2.5343E+06  2.7114E+05 -4.1952E+05
0000598   3.0540E+06 -2.0006E+05 -4.1821E+05
0000599   2.3353E+06 -3.3691E+05  7.9491E+05
0000600   2.7092E+06  6.3618E+04 -1.3623E+05
0000601   9.6942E+05  3.3681E+05 -7.7881E+05
0000602   1.8955E+06  1.1622E+05  7.5580E+04
0000603   2.7964E+06 -2.4344E+05  1.5548E+05
0000604   2.0219E+06 -6.4961E+05  1.8855E+05
0000605   2.1276E+06  1.7906E+05 -3.8507E+04
0000606   2.5987E+06 -4.7875E+05  5.7184E+05
0000607   1.4889E+06  2.0390E+05  6.0002E+04
0000608   2.9564E+06 -5.1358E+05 -2.2142E+05
0000609   2.1782E+06 -4.8541E+05 -1.9109E+05
0000610   1.4076E+06  2.3579E+05  3.9112E+05
0000611   2.5038E+06  6.3031E+05 -7.4518E+05
0000612   2.5314E+06  7.2224E+05  1.5739E+04
0000613   1.5934E+05 -4.6251E+05 -6.0341E+05
0000614   2.8843E+06 -4.2928E+05 -8.7802E+04
0000615   3.0989E+06  9.0749E+05  7.7082E+05
0000616   2.8794E+06  2.1051E+05 -5.4931E+04
0000617   2.2695E+06 -4.1165E+05  4.0721E+05
0000618   2.0776E+06  3.4369E+05 -7.8707E+05
0000619   1.7244E+06  2.9589E+05 -9.5240E+05
0000620   2.5351E+06 -1.4047E+05 -5.3749E+05
0000621   2.2048E+06 -3.8921E+05 -4.1076E+05
0000622   1.8363E+06 -3.5414E+05  8.5745E+05
0000623   2.4787E+06 -7.7061E+03  2.1088E+05
0000624   2.3954E+06 -1.6904E+05 -1.5654E+05
0000625   1.5808E+06  1.3658E+05  4.3323E+05
0000626   1.6494E+06 -2.4921E+04  5.1932E+05
0000627   2.3519E+06 -2.1050E+05  7.5955E+05
0000628   1.5369E+06 -7.4964E+04 -2.6435E+05
0000629   2.3351E+06 -3.5119E+05  2.2483E+05
0000630   1.7411E+05 -2.0282E+05  5.8344E+05
0000631   2.6749E+06  2.0386E+05  9.0101E+04
0000632   1.2486E+06  4.9618E+04 -2.1391E+04
0000633   1.6527E+06 -4.7753E+05 -8.4000E+04
0000634   1.6741E+06  1.3083E+05  1.8322E+05
0000635   1.1951E+06  4.0502E+05  2.4975E+05
0000636   2.6992E+06  2.4370E+05 -1.9919E+05
0000637   1.8587E+06 -4.7869E+05  7.7741E+05
0000638   3.2544E+06 -6.6480E+05  2.8451E+05
0000639   1.8777E+06 -6.0111E+05  1.2748E+06
0000640   2.2109E+06  5.4852E+04 -9.3317E+05
0000641   2.5281E+06 -3.1558E+05  1.9226E+05
0000642   1.8389E+06 -2.3882E+05 -1.1551E+06
0000643   2.2875E+06  6.2554E+05  6.6348E+04
0000644   2.4916E+06 -4.1288E+05  1.8542E+04
0000645   1.6496E+06  1.4748E+05 -2.7180E+05
0000646   2.8515E+06 -4.5576E+05  4.9934E+05
0000647   2.4872E+06 -3.8043E+05 -2.3464E+05
0000648   1.6776E+06  6.5374E+05  1.0173E+06
0000649   2.0704E+06 -7.6871E+04 -5.8004E+05
0000650   2.4406E+06 -1.0813E+06 -3.6823E+05
0000651   2.3011E+06 -4.9945E+05 -2.7044E+05
0000652   1.9706E+06  7.8437E+05  4.5257E+04
0000653   2.8114E+06 -6.6081E+05 -9.3612E+04
0000654   2.0198E+06  6.8702E+05  6.9993E+05
0000655   1.8172E+06  9.2087E+05  2.5256E+05
0000656   2.0648E+06  3.5929E+05 -6.7018E+05
0000657   1.7917E+06 -7.4039E+05  2.1171E+05
0000658   2.0293E+06  1.7063E+05  2.7040E+05
0000659   2.0006E+06 -6.4886E+05 -5.6221E+05
0000660   1.2909E+05  2.3004E+05  1.9594E+05
0000661   1.8086E+06  1.3045E+06 -5.6539E+05
0000662   2.4080E+06 -6.6882E+05 -8.5594E+05
0000663   2.0110E+06 -4.6640E+05 -1.7283E+05
0000664   2.2629E+06  4.3465E+05 -2.7328E+05
0000665   2.1544E+06  2.1224E+05  2.7596E+05
0000666   1.2308E+06  3.2135E+05  8.1539E+05
0000667   1.6782E+06  2.3286E+05  4.4998E+05
0000668   1.5434E+06 -1.1155E+06 -6.0332E+05
0000669   2.7345E+06  1.2664E+05  4.5574E+05
0000670   1.4702E+06 -4.5234E+05  1.0078E+06
0000671   1.4154E+06  7.8921E+05  9.9678E+04
0000672   2.5006E+06  2.7323E+05  1.3001E+05
0000673   2.4409E+06  8.5270E+04 -7.9928E+05
0000674   2.1757E+06 -3.8655E+05 -1.0330E+06
0000675   2.4863E+06 -5.2088E+05  4.1863E+05
0000676   2.4277E+06  1.6108E+05 -9.6052E+05
0000677   1.2939E+06 -5.2970E+05  2.9363E+05
0000678   1.8445E+06  3.4352E+05  5.0570E+05
0000679   2.3096E+06 -6.8341E+05 -1.3548E+05
0000680   1.9241E+06 -7.0045E+04 -6.8055E+05
0000681   2.7317E+06  1.0672E+06  9.2480E+05
0000682   1.8849E+06 -3.7473E+05  3.6442E+05
0000683   1.6620E+06 -6.1281E+03 -1.2699E+04
0000684   2.3851E+06  4.7010E+05  3.7886E+05
0000685   4.4463E+05 -3.5111E+05  1.7251E+05
0000686   2.5134E+06  1.6026E+05 -7.5889E+04
0000687   1.8016E+06 -2.3379E+05  2.0468E+05
0000688   1.8966E+06 -2.5036E+05  9.3216E+05
0000689   2.2807E+06  1.6129E+06  1.1701E+05
0000690   2.9381E+06 -2.9747E+05 -2.2992E+05
0000691   2.5487E+06  6.6691E+05  4.0617E+05
0000692   1.0590E+06  5.0160E+05 -4.3723E+05
0000693   2.1069E+06  3.2354E+05  6.0028E+05
0000694   2.4955E+06  6.2578E+04 -6.3017E+05
0000695   2.2383E+06 -3.9100E+04 -7.0770E+05
0000696   2.5220E+06  2.7002E+05 -2.7081E+05
0000697   1.7010E+06  1.8947E+05  2.3483E+05
0000698   2.3572E+06  5.1096E+05 -1.2631E+04
0000699   2.4457E+06  5.6255E+05  2.8269E+04
0000700   2.5519E+06 -4.0789E+05  5.9941E+05
0000701   2.4445E+06  2.8394E+05 -1.1023E+05
0000702   2.0054E+06  5.8920E+05 -2.7223E+05
0000703   2.3299E+06  2.0093E+05  1.2372E+05
0000704   2.3073E+06 -3.6482E+05  5.6173E+05
0000705   1.8518E+06  1.6848E+05  8.2751E+05
0000706   1.2754E+06  1.6627E+05  1.2996E+05
0000707   1.9843E+06 -8.5613E+04 -6.0107E+05
0000708   2.5402E+06  1.0416E+06 -9.4503E+05
0000709   2.4317E+06 -2.3002E+05 -7.2582E+05
0000710   2.1867E+06 -3.9718E+05  8.5456E+05
0000711   1.9276E+06 -3.9598E+04 -4.4043E+05
0000712   1.9455E+06  1.6539E+03 -2.6772E+05
0000713   1.9914E+06  5.8060E+05  5.7110E+05
0000714   2.3291E+06 -2.1891E+04 -2.0100E+06
0000715   1.9203E+06  2.0910E+05 -5.2035E+05
0000716   1.3187E+06  6.8729E+05  9.8142E+04
0000717   1.6825E+06  2.4911E+05  2.2393E+05
0000718   1.4935E+06  2.8104E+05 -3.0648E+05
0000719   2.1228E+06 -5.6234E+05 -2.1846E+05
0000720   2.5804E+06  1.4221E+05 -6.0605E+05
0000721   1.2311E+06 -4.8818E+05 -8.0450E+05
0000722   3.1275E+06  4.2137E+05  7.8890E+05
0000723   2.9390E+06 -1.2666E+05  4.1908E+05
0000724   5.0101E+05 -3.8323E+04 -9.5656E+03
0000725   3.1804E+06 -8.9629E+05 -3.4965E+05
0000726   7.3079E+05 -4.2066E+04  1.3086E+05
0000727   1.2757E+06  4.7314E+05 -5.3472E+05
0000728   2.5746E+06  4.1714E+04 -4.1134E+05
0000729   2.3482E+06 -4.0543E+05  1.2967E+05
0000730   2.5538E+06 -1.0705E+05  8.3022E+05
0000731   2.1842E+06  6.0336E+05  3.7356E+05
0000732   1.5634E+06 -1.0189E+05 -7.8887E+05
0000733   1.4309E+06 -3.9670E+04 -9.8360E+05
0000734   1.8300E+06  4.7616E+05 -1.7694E+05
0000735   2.1389E+06 -1.3917E+05 -3.9845E+04
0000736   5.2080E+05 -1.3259E+04 -1.6003E+04
0000737   2.8600E+06  5.5136E+05  1.4375E+05
0000738   1.9049E+06  2.0252E+04  1.0681E+06
0000739   1.5912E+06  5.9914E+05  2.6331E+05
0000740   2.5181E+06 -2.6806E+05 -7.7096E+05
0000741   2.3471E+06  6.8352E+05 -6.1636E+05
0000742   2.0864E+06  3.0603E+05  5.2350E+05
0000743   2.4270E+06 -1.0670E+05  3.0335E+05
0000744   2.3734E+06 -7.8861E+05 -3.7044E+05
0000745   1.0392E+06 -4.7901E+04 -1.5604E+05
0000746   3.0079E+06 -7.8381E+05  4.7716E+05
0000747   2.9775E+06 -2.6635E+05  2.0805E+05
0000748   1.9752E+06  6.5408E+05 -1.0801E+06
0000749   8.8437E+05  1.6624E+05  4.3453E+05
0000750   1.8090E+06  5.6821E+05  3.1016E+05
0000751   1.1168E+06 -6.9598E+05 -6.3347E+05
0000752   2.6445E+06  4.6334E+04  2.2235E+05
0000753   2.0720E+06 -1.1217E+06  9.1636E+05
0000754   2.0151E+06 -3.8079E+05 -7.8893E+04
0000755   2.9552E+06  6.1616E+04  4.7026E+05
0000756   2.5486E+06 -3.8491E+05  6.2951E+04
0000757   5.3177E+05 -1.5985E+05 -1.0580E+04
0000758   2.3257E+06  3.5431E+05 -1.6562E+05
0000759   1.4501E+06 -3.3622E+05 -5.2971E+04
0000760   1.6563E+06  2.8593E+05 -7.2767E+05
0000761   1.9738E+06  4.0307E+05 -2.7007E+05
0000762   3.0023E+06  2.9267E+05 -1.4414E+05
0000763   2.3367E+06 -9.3488E+05 -6.7450E+05
0000764   1.8004E+06  5.9035E+05 -7.0486E+05
0000765   1.6640E+06  4.5971E+05  1.0348E+06
0000766   6.1447E+05 -3.8572E+05  7.1338E+05
0000767   2.2609E+06 -2.7207E+05  6.5346E+05
0000768   1.8615E+06 -5.3304E+05  1.5684E+06
0000769   2.3367E+06  8.9492E+05 -8.0745E+05
0000770   2.1318E+06  1.1012E+05 -6.7914E+04
0000771   2.6257E+06  3.4505E+05  3.5836E+05
0000772   8.9659E+05  5.3791E+05  6.5903E+05
0000773   2.5954E+06  2.6322E+03  6.0048E+05
0000774   1.4125E+06  1.2403E+05 -2.0314E+05
0000775   1.9845E+06 -1.3009E+06  2.1059E+05
0000776   2.0138E+06  1.1219E+06 -5.5030E+04
0000777   2.5272E+06  7.6771E+04 -4.3855E+05
0000778   1.4911E+06 -2.8000E+05  5.0870E+05
0000779   2.7026E+06 -7.4001E+05  5.1750E+05
0000780   1.9382E+06 -8.6491E+05 -5.3481E+05
0000781   1.9002E+06  1.1091E+06 -8.0283E+05
0000782   1.4534E+06 -3.0949E+05 -5.4446E+05
0000783   2.3229E+06 -3.1625E+04  1.2087E+06
0000784   2.3473E+06  5.7195E+05 -2.8110E+05
0000785   2.1244E+06  4.1056E+05  1.2451E+05
0000786   2.5565E+06  6.8119E+05  1.3394E+05
0000787   1.4592E+06  7.1357E+05 -1.1041E+05
0000788   8.8633E+05 -5.0841E+03  3.9690E+04
0000789   2.1913E+06  4.9773E+05  5.6553E+05
0000790   2.3782E+06 -6.4307E+05 -6.1021E+05
0000791   9.6488E+05  1.0488E+06 -1.1351E+05
0000792   8.5179E+05  2.7441E+05  8.0966E+05
0000793   2.5224E+06  5.6543E+05 -1.0478E+06
0000794   9.9199E+05  6.1835E+05 -2.0620E+05
0000795   2.8491E+06 -1.5116E+05  1.1987E+05
0000796   1.6168E+06 -3.2281E+05 -3.3176E+05
0000797   2.5705E+06 -5.1465E+04 -6.5049E+05
0000798   2.1913E+06  4.0419E+05 -1.1958E+06
0000799   1.6019E+06  1.1527E+06 -2.0359E+05
0000800   7.3045E+05 -6.0840E+05  1.7287E+05
0000801   2.1272E+06 -6.3666E+05  6.3995E+05
0000802   1.8168E+06 -8.3571E+05  2.9976E+05
0000803   2.2367E+06  1.8732E+05 -1.1789E+05
0000804   2.7221E+06 -1.1958E+06 -7.5062E+05
0000805   1.9130E+06 -5.1465E+05 -7.7003E+04
0000806   1.8080E+06  7.7600E+05  8.1886E+05
0000807   2.7783E+06  6.7713E+05  2.0737E+05
0000808   1.4188E+06 -8.1641E+05  6.4826E+04
0000809   1.6841E+06 -5.9261E+05  3.6948E+05
0000810   2.0184E+06 -3.8452E+05 -1.4292E+05
0000811   2.3603E+06  4.7556E+05  7.1145E+05
0000812   6.3075E+05  8.3697E+04 -1.0598E+05
0000813   1.2899E+06  4.5254E+05  2.0342E+04
0000814   1.1489E+06 -1.9141E+05 -3.6685E+05
0000815   3.0044E+06 -4.0424E+05  2.6911E+05
0000816   2.7864E+06 -2.8381E+05 -4.9964E+05
0000817   2.6873E+06 -8.9601E+05 -1.1209E+05
0000818   2.4765E+06  5.2723E+05 -4.8705E+05
0000819   1.0561E+06 -2.4875E+05 -1.0871E+05
0000820   3.1052E+06 -2.1784E+05  5.4209E+05
0000821   1.9547E+06 -2.9521E+05 -1.0581E+06
0000822   2.5738E+06 -4.1536E+05  4.8435E+04
0000823   1.6270E+06 -6.7827E+05 -1.0378E+06
0000824   5.0058E+05 -9.3585E+05 -7.5927E+05
0000825   1.6263E+06 -7.1827E+05 -7.8794E+04
0000826   2.7569E+06  1.3178E+06 -3.9834E+05
0000827   3.1607E+06 -5.4417E+05 -1.0623E+05
0000828   2.2906E+06  4.1752E+04  7.3854E+05
0000829   2.0753E+06 -1.3099E+06 -1.6885E+05
0000830   2.0347E+06 -4.1726E+05  2.5934E+05
0000831   7.7728E+05  3.5535E+05  6.2761E+05
0000832   1.0471E+06  5.6726E+05  1.8154E+05
0000833   2.5996E+06  2.9622E+05 -3.2897E+05
0000834   2.3834E+06  1.4736E+06  1.1738E+06
0000835   2.2630E+06 -5.7690E+05 -3.0232E+05
0000836   2.6609E+06  4.2707E+05 -4.5819E+05
0000837   1.9023E+06  1.3527E+05  2.3970E+04
0000838   3.0605E+06  6.2510E+04 -2.9704E+05
0000839   1.8387E+06 -9.7042E+05 -1.1401E+05
0000840   2.8856E+06 -4.0210E+05 -1.0861E+06
0000841   2.3723E+06  1.1173E+05  7.7842E+05
0000842   2.1444E+06  1.1628E+05  5.9431E+05
0000843   2.6774E+06  9.0015E+05  4.8257E+05
0000844   1.7760E+06 -1.1163E+06 -3.4770E+05
0000845   2.4868E+06  4.3545E+05  3.8695E+05
0000846   2.7990E+06  3.8179E+05 -2.3886E+05
0000847   2.2450E+06 -3.4913E+05 -3.1195E+05
0000848   1.5229E+06 -4.1166E+05  1.1140E+05
0000849   1.5411E+06  2.9018E+05  2.0736E+05
0000850   2.3526E+06  3.7423E+05  2.6121E+05
0000851   2.0355E+06  7.2693E+05 -4.1970E+05
0000852   1.6600E+06  2.2512E+05 -2.8844E+05
0000853   2.1797E+06 -2.8029E+04 -9.8684E+05
0000854   2.2853E+06  1.1576E+05  1.8780E+05
0000855   2.8681E+06 -6.1719E+05 -2.4892E+05
0000856   1.8378E+06  4.6987E+05 -9.0097E+04
0000857   2.4460E+06  2.1475E+05 -4.9043E+04
0000858   1.5536E+06  3.6110E+05  3.0439E+05
0000859   1.5383E+06 -7.1404E+05  5.5816E+05
0000860   2.7693E+06 -5.8282E+04 -7.2311E+05
0000861   2.5213E+06 -6.1842E+05 -1.1626E+05
0000862   2.5511E+06 -2.3904E+05 -1.8077E+05
0000863   2.3985E+06  8.9772E+05 -9.8588E+04
0000864   2.0550E+06 -5.8662E+05 -1.7815E+05
0000865   2.2377E+06  4.9429E+05  5.1907E+05
0000866   1.8543E+06 -4.6287E+05  1.5885E+05
0000867   2.1820E+06  5.9847E+05  4.7604E+05
0000868   1.0919E+06  5.8204E+04  1.5602E+05
0000869   1.0467E+06 -1.0813E+05 -7.3798E+05
0000870   2.5621E+06 -1.1296E+06  4.2805E+05
0000871   1.9012E+06  1.4090E+06 -7.0428E+05
0000872   1.2452E+06 -2.6025E+05 -4.3746E+04
0000873   1.1636E+06  1.1318E+06  7.7394E+05
0000874   1.4467E+06  5.7800E+05  3.5882E+05
0000875   2.3194E+06 -3.5118E+05  1.6617E+05
0000876   2.1768E+06  2.5352E+05 -5.6701E+05
0000877   1.7988E+06 -5.1524E+05 -3.1238E+05
0000878   1.9075E+06 -3.9827E+05  9.1440E+05
0000879   1.5423E+06  7.3667E+05 -3.0719E+05
0000880   2.1364E+06  5.0427E+05 -3.7753E+05
0000881   2.2449E+06 -1.4153E+05  2.5586E+05
0000882   2.0534E+06  6.9616E+05  4.9000E+04
0000883   2.1206E+06 -4.6094E+05 -7.9698E+05
0000884   2.5903E+06 -1.0309E+06 -9.6408E+05
0000885   2.4158E+06  2.7567E+05  1.2568E+05
0000886   1.1622E+06 -5.2226E+05 -2.4056E+04
0000887   2.4867E+06  7.9150E+05 -7.1461E+05
0000888   2.4005E+06 -1.0689E+06 -1.4981E+05
0000889   1.7894E+06 -4.8923E+05  2.7952E+05
0000890   2.2774E+06  6.8775E+05 -1.2916E+06
0000891   3.4160E+06 -3.9743E+05  3.2502E+05
0000892   1.5396E+06 -7.5661E+05 -4.5041E+04
0000893   2.1864E+06 -4.0859E+05  7.7554E+04
0000894   1.1821E+06 -5.0506E+05  1.7600E+05
0000895   2.3351E+06 -1.5439E+05  4.8107E+05
0000896   1.3416E+06 -1.1919E+06  8.0009E+05
0000897   1.5128E+06 -4.0889E+05  1.7542E+05
0000898   2.7075E+06 -2.1539E+05  5.2300E+05
0000899   2.5167E+06  1.3806E+05 -1.3605E+05
0000900   2.8896E+06 -2.4601E+05 -7.6728E+05
0000901   2.2336E+06  5.9847E+05  3.0848E+04
0000902   2.0524E+06  1.0631E+05  2.7363E+05
0000903   1.5753E+06  3.5454E+05  9.0757E+04
0000904   1.8187E+06 -6.0794E+05  2.6465E+05
0000905   2.6609E+06  9.5726E+05  1.7512E+05
0000906   1.1884E+06 -3.6306E+05 -4.2041E+05
0000907   2.6849E+06  4.7821E+05  6.3679E+05
0000908   2.1292E+06  5.9945E+05  4.7640E+04
0000909   2.1197E+06 -2.2409E+05 -2.3541E+05
0000910   1.0527E+06 -1.1337E+06 -5.3546E+05
0000911   2.3052E+06  1.3276E+06 -9.0256E+05
0000912   1.1463E+06 -1.9208E+05 -3.0173E+05
0000913   7.2093E+05  5.6998E+05 -4.4952E+04
0000914   2.1952E+06 -3.6504E+05  6.8232E+05
0000915   1.2665E+06 -9.4863E+05  1.7912E+05
0000916   2.5590E+06 -1.1575E+05  5.9914E+05
0000917   2.8010E+06  6.2235E+05 -9.9743E+05
0000918   2.0970E+06 -1.1165E+06  9.8887E+05
0000919   2.2905E+06  9.7508E+05  5.3947E+05
0000920   1.8413E+06 -6.8008E+05 -9.3053E+05
0000921   2.2668E+06  3.2706E+05  3.8042E+05
0000922   2.0659E+06  2.4932E+05  2.9287E+05
0000923   2.9745E+06 -3.1540E+05 -8.4858E+04
0000924   1.5535E+06  5.2680E+05  1.7924E+05
0000925   2.3619E+06  4.1294E+05 -6.6976E+05
0000926   8.9167E+05 -1.5360E+05 -6.5110E+04
0000927   2.2160E+06 -4.0979E+05 -4.5094E+05
0000928   3.1896E+06  3.0339E+05 -4.6696E+05
0000929   2.8048E+06 -7.8449E+02  3.9027E+05
0000930   2.0162E+06  8.2941E+05 -3.2106E+05
0000931   1.9735E+06 -8.2213E+05 -6.2723E+05
0000932   1.5650E+06 -9.9678E+05 -8.5210E+04
0000933   1.3897E+06  1.8359E+05 -1.4416E+06
0000934   2.3279E+06  1.4451E+06 -8.2690E+05
0000935   1.9960E+06  2.3342E+05 -1.1247E+06
0000936   2.1868E+06 -1.1914E+05 -3.6992E+05
0000937   1.7486E+06  7.2809E+04  5.2820E+05
0000938   1.8523E+06 -2.0712E+05 -5.5595E+05
0000939   1.4607E+06  2.5618E+05  2.1841E+05
0000940   3.3170E+06 -3.3950E+05 -2.8027E+05
0000941   3.1599E+06  7.6300E+05  1.4223E+05
0000942   1.5870E+06 -2.4935E+05 -2.1370E+05
0000943   2.5124E+06  1.1183E+05  9.3851E+05
0000944   2.5633E+06  2.5749E+05  1.1986E+05
0000945   1.0038E+06 -9.1348E+05  1.4685E+05
0000946   1.4285E+06  7.0035E+05  1.0602E+06
0000947   2.1890E+06 -8.1381E+05  6.5791E+05
0000948   1.3417E+06  7.5108E+05  6.6045E+05
0000949   3.0077E+06 -5.4038E+04 -5.5964E+05
0000950   2.2428E+06  4.9809E+05  1.4593E+05
0000951   2.8696E+06 -1.2945E+06 -4.1488E+05
0000952   1.3399E+06  5.8270E+05 -1.2489E+06
0000953   2.1420E+06  3.4645E+05  3.1299E+05
0000954   2.4579E+06 -3.7940E+05  1.0557E+06
0000955   3.1157E+06 -2.4484E+05  5.1725E+05
0000956   1.8746E+06 -3.4038E+05  1.0330E+06
0000957   1.7691E+06  5.3256E+05  4.0206E+05
0000958   1.5741E+06  1.7157E+06 -1.1941E+06
0000959   2.7110E+06 -4.8191E+05 -1.2450E+05
0000960   3.1957E+06  6.9438E+05 -3.2744E+05
0000961   2.5331E+06  2.0132E+05  6.8843E+05
0000962   2.5351E+06 -6.7302E+05  5.7856E+05
0000963   1.2020E+06  5.4839E+05 -1.8954E+05
0000964   2.2653E+06 -2.7241E+05  5.7266E+05
0000965   1.3570E+06  3.0529E+05 -5.3204E+05
0000966   1.1894E+06  4.5853E+05 -8.8486E+05
0000967   3.1251E+06 -9.1399E+04  2.8005E+05
0000968   2.1647E+06 -7.6986E+05  9.4749E+04
0000969   9.0683E+05  8.3803E+05 -1.2611E+06
0000970   1.9755E+06  8.9619E+05 -2.9038E+05
0000971   8.6405E+05  7.7420E+02  2.1913E+05
0000972   1.7440E+06  5.3590E+05  7.9561E+05
0000973   1.4682E+06 -5.3492E+05  7.2990E+05
0000974   1.8466E+06 -2.8508E+04  1.0436E+06
0000975   1.3030E+06  4.6305E+05  5.1609E+04
0000976   2.4691E+06 -1.7898E+05 -6.8877E+04
0000977   1.5383E+06  1.1516E+06 -5.0946E+05
0000978   1.3206E+06 -6.1676E+05 -2.8174E+05
0000979   2.6462E+06 -8.5536E+05  6.7069E+05
0000980   3.0184E+06  5.6794E+05  4.9412E+03
0000981   2.2726E+06  5.7660E+05  1.2037E+05
0000982   2.0912E+06 -3.2506E+05 -2.0363E+05
0000983   1.1673E+06 -3.2237E+05  1.4486E+05
0000984   2.0721E+06 -7.9469E+05  6.9269E+05
0000985   2.8630E+06  5.0234E+04  2.1442E+05
0000986   1.6179E+06  5.2623E+05  8.0448E+05
0000987   1.9221E+06 -6.1741E+04 -5.0024E+05
0000988   1.1205E+06 -1.3329E+05 -1.6836E+05
0000989   1.4342E+06 -7.3627E+05  8.6116E+05
0000990   4.1617E+04 -8.9789E+04  2.0798E+05
0000991   1.4227E+06 -4.4922E+05  9.4387E+05
0000992   1.9204E+06 -3.2856E+05  1.7328E+05
0000993   2.4593E+06 -4.7765E+05 -4.5682E+05
0000994   1.2678E+06 -2.4051E+05 -2.1597E+05
0000995   2.3484E+06  1.0031E+06 -6.5785E+05
0000996   2.4423E+06 -1.0927E+06 -8.3438E+04
0000997   1.5556E+06  1.9817E+05 -2.4904E+05
0000998   2.7098E+06 -9.1705E+05 -7.8266E+04
0000999   2.3126E+06 -8.9892E+04 -4.6416E+05
0001000   1.6810E+06 -2.1037E+05  1.2729E+06
