============================== SRIM-2013.00 ==============================
==============================================================================
====== SRIM Outputs\RANGE_3D.txt : File of Final Ion Positions =====

Ion = Ar (18)   Ion Mass= 039.9620
Energy  = 1000000.E-03 keV
Ion Angle to Surface = 00.0 degrees
==================== TARGET =======================
  Layer # 1 - Layer 1
  Layer # 1 - Bottom Depth=500000.E+02 A
  Layer # 1 - Density =0000.0089 g/cm3
  Layer # 1 -  100 % of Ar
様様様様様様様様様様様様様様様様様様様様様様様様様様
                                            
Ion       Depth  X   Lateral Y   Lateral Z  
Number    (Angstrom) (Angstrom)  (Angstrom) 
-------  ----------- ----------- -----------
0000001   3.4642E+06 -4.2418E+05 -2.8246E+06
0000002   3.2653E+06 -5.0163E+05  1.0792E+06
0000003   1.9654E+06  3.2840E+05  7.6305E+05
0000004   3.8503E+06  1.6134E+06 -2.8257E+05
0000005   3.1815E+06  1.0630E+06 -1.5394E+06
0000006   1.2263E+06  6.1503E+05  7.2150E+04
0000007   4.4865E+06  4.5789E+05 -7.2556E+05
0000008   4.2736E+06 -1.2643E+06  1.0563E+06
0000009   4.0408E+06  3.7788E+05 -3.2341E+05
0000010   4.2516E+06  7.3184E+05  1.5996E+04
0000011   3.0989E+06 -1.1985E+05  6.2426E+05
0000012   2.4226E+06  3.7443E+05  5.1977E+04
0000013   2.6441E+06  9.8685E+05 -3.2930E+04
0000014   3.7976E+06 -3.2141E+05  1.0205E+06
0000015   3.4084E+06  1.1697E+06 -3.3721E+05
0000016   4.9210E+06  1.2403E+06  7.6124E+04
0000017   3.8355E+06  1.1068E+06  1.0701E+06
0000018   1.2918E+06 -1.1817E+06 -3.7810E+05
0000019   3.6148E+06 -4.9732E+05 -1.6546E+05
0000020   3.4791E+06  5.9587E+05  1.4390E+06
0000021   4.1362E+06  2.6551E+05  1.0391E+06
0000022   3.7842E+06  1.1625E+06  1.1970E+05
0000023   2.6834E+06  1.1645E+04  1.9933E+05
0000024   4.7396E+06  1.4012E+06  6.2336E+05
0000025   3.2831E+06  2.0806E+06  3.3692E+05
0000026   3.8440E+06  2.6321E+05 -6.2736E+05
0000027   4.8880E+06  8.3528E+05  1.6329E+06
0000028   4.2177E+06  7.5275E+05 -8.9419E+04
0000029   2.8957E+06 -1.6041E+06 -4.1480E+05
0000030   2.3776E+06  2.6076E+05 -3.9993E+02
0000031   3.6633E+06  1.1821E+06  6.3458E+05
0000032   3.2226E+06 -8.9569E+05  4.2875E+05
0000033   4.4229E+06 -6.3258E+04  8.3910E+05
0000034   2.9880E+06  8.4922E+05  4.5417E+05
0000035   4.5344E+06  4.3806E+05  3.8063E+05
0000036   2.4662E+06 -3.0411E+05  5.9945E+05
0000037   4.0257E+06  8.9726E+04  5.3387E+05
0000038   3.0638E+06 -4.9558E+05 -3.8791E+05
0000039   3.7323E+06  2.1780E+05  1.1631E+06
0000040   3.2637E+06 -4.3125E+05 -7.6206E+04
0000041   2.7004E+06 -7.5600E+05  7.7151E+05
0000042   2.9721E+06 -2.8831E+05 -4.1992E+05
0000043   3.6615E+06 -1.2344E+06 -6.3445E+05
0000044   3.4460E+06 -1.0383E+06  5.3704E+05
0000045   4.1774E+06  1.0835E+06  2.3186E+05
0000046   3.8449E+06 -3.4841E+05 -8.0785E+05
0000047   4.3815E+06 -2.3379E+05 -7.5431E+05
0000048   4.0429E+06  3.8621E+04 -9.9222E+05
0000049   3.7738E+06  4.7313E+04 -2.4719E+06
0000050   2.8486E+06  1.0565E+06 -2.4532E+05
0000051   3.4542E+06 -1.5580E+05 -5.7365E+04
0000052   2.4969E+06  4.9442E+05  1.4122E+06
0000053   3.0352E+06 -8.5851E+05  1.1615E+05
0000054   4.5568E+06  1.1375E+06 -5.6655E+05
0000055   4.0855E+06  1.2797E+06 -1.7220E+05
0000056   3.1161E+06 -1.2504E+05  1.6611E+06
0000057   3.3915E+06  1.3832E+06 -2.7047E+04
0000058   3.8789E+06 -1.2957E+06  1.0586E+06
0000059   4.3759E+06  8.6483E+05 -1.9849E+05
0000060   3.9265E+06 -6.5524E+04 -1.1186E+06
0000061   4.8963E+06  1.4893E+06 -6.6104E+05
0000062   2.7638E+06  4.4943E+05  5.9234E+05
0000063   3.5061E+06  7.3816E+05 -2.7635E+06
0000064   3.5520E+06 -1.5093E+06 -3.7793E+04
0000065   4.7210E+06 -1.1451E+06  6.5183E+05
0000066   4.3019E+06  1.8190E+05  7.2485E+05
0000067   3.9511E+06  1.6277E+05 -3.3287E+05
0000068   4.5808E+06 -1.2252E+06 -2.7276E+05
0000069   4.4578E+06 -7.9084E+05  6.9903E+05
0000070   3.9840E+06 -1.3377E+06 -9.3779E+05
0000071   4.3162E+06  1.9178E+05  4.6762E+05
0000072   4.2474E+06 -6.7695E+03 -1.0474E+06
0000073   4.5421E+06 -8.0794E+05  9.1174E+05
0000074   3.8211E+06  4.1693E+05  3.5934E+05
0000075   2.4513E+06 -1.0872E+06  4.6969E+05
0000076   3.8581E+06 -7.0853E+05 -8.7622E+05
0000077   4.3131E+06  3.2211E+05 -6.8950E+04
0000078   3.5875E+06  8.5395E+05 -7.3768E+05
0000079   3.7383E+06  1.4794E+06  8.6809E+04
0000080   3.8776E+06 -1.2292E+05 -6.4661E+05
0000081   3.2617E+06 -5.7841E+05 -1.2857E+06
0000082   4.6697E+06 -2.4153E+05 -9.9039E+05
0000083   2.7598E+06  4.4300E+05  4.7482E+05
0000084   2.4202E+06 -5.6556E+05  2.8394E+05
0000085   3.5268E+06 -8.1234E+05  2.2344E+06
0000086   4.3594E+06  3.3760E+05 -2.6290E+05
0000087   2.9607E+06  6.5128E+05  4.9338E+05
0000088   4.2966E+06 -1.4320E+06 -1.2323E+06
0000089   2.0543E+06  1.1605E+06 -1.4698E+06
0000090   3.5571E+06  4.6345E+04 -1.1373E+05
0000091   3.6672E+06  1.1104E+06  6.0292E+05
0000092   2.7215E+06  1.0611E+06 -2.5752E+05
0000093   1.4301E+06 -4.8365E+05  6.1235E+05
0000094   4.3158E+06  6.1101E+05 -2.5278E+05
0000095   4.0723E+06 -1.7010E+06 -1.1702E+06
0000096   3.7927E+06  2.4923E+04  8.9118E+05
0000097   2.4150E+06  7.4487E+05 -1.1138E+06
0000098   3.5719E+06 -1.6962E+06  8.1099E+05
0000099   3.1027E+06  1.2837E+06  2.4674E+05
0000100   4.4054E+06  2.9766E+05 -1.1512E+06
0000101   3.3328E+06  1.3226E+06  1.5194E+06
0000102   2.8336E+06  1.3479E+06 -7.0989E+05
0000103   3.0210E+06 -1.0462E+06 -2.2021E+04
0000104   3.9087E+06  7.2200E+05 -1.4481E+05
0000105   4.3597E+06  4.8165E+05 -1.0720E+06
0000106   4.6646E+06 -2.9783E+05  9.0782E+05
0000107   3.9834E+06  2.3383E+06  6.4389E+05
0000108   3.8746E+06  7.5063E+05 -1.2553E+06
0000109   2.6909E+06 -2.8701E+05 -1.5725E+06
0000110   3.3494E+06  3.5914E+05  1.2182E+06
0000111   3.2201E+06  2.1204E+06  4.6560E+05
0000112   3.6590E+06 -3.6993E+05 -9.8753E+05
0000113   3.8015E+06 -4.7661E+05  7.7453E+05
0000114   2.9886E+06  5.9848E+05 -1.4547E+05
0000115   3.9245E+06 -1.3370E+06 -3.0398E+04
0000116   1.8020E+06 -8.7747E+05 -4.8718E+05
0000117   3.3889E+06 -1.5988E+06 -3.9684E+05
0000118   3.7485E+06 -1.1119E+06  1.0163E+06
0000119   2.9963E+06 -3.2633E+05  6.9032E+05
0000120   2.9055E+06  9.5818E+05 -1.6115E+05
0000121   2.7339E+06  1.6724E+06 -3.3446E+05
0000122   4.1731E+06 -1.1548E+06  5.2135E+05
0000123   4.2141E+06  2.9854E+05  8.3472E+05
0000124   4.2711E+06  2.6092E+05 -1.8262E+05
0000125   4.1391E+06 -4.8975E+05 -5.4079E+05
0000126   3.3754E+06  6.0237E+05  1.0872E+06
0000127   2.6132E+06 -9.5984E+03  1.7774E+06
0000128   3.9782E+06  2.1431E+05 -1.8756E+05
0000129   4.7791E+06 -4.7407E+05  2.2046E+05
0000130   4.1580E+06 -5.9240E+05  1.0538E+06
0000131   3.9269E+06 -4.7402E+05  4.2177E+05
0000132   3.9762E+06  8.0847E+05 -5.1231E+05
0000133   1.9599E+06  4.2685E+05 -6.0072E+05
0000134   3.3456E+06 -1.4015E+06 -1.0492E+06
0000135   1.5978E+06  8.8746E+05 -3.8344E+04
0000136   3.4692E+06 -2.3226E+05  2.7908E+05
0000137   3.5433E+06 -7.1554E+05  5.5978E+05
0000138   4.2978E+06 -9.8346E+04 -6.3318E+05
0000139   3.4264E+06  6.4506E+05 -1.0624E+06
0000140   2.6990E+06  7.2974E+05  1.1950E+06
0000141   3.6581E+06  2.3175E+05 -1.4562E+06
0000142   4.0417E+06  3.3542E+05  4.4161E+04
0000143   3.1411E+06 -3.6714E+05 -3.1632E+05
0000144   4.8372E+06 -6.6129E+05 -3.1024E+05
0000145   3.9707E+06 -6.7063E+05  3.0330E+05
0000146   2.3326E+06  1.1277E+06  1.8557E+06
0000147   2.9146E+06  3.8415E+05 -4.8959E+05
0000148   4.1771E+06 -4.9535E+05 -3.1779E+05
0000149   2.5944E+06  7.7639E+03  5.8764E+05
0000150   4.4480E+06  8.4310E+04 -1.4967E+05
0000151   3.5771E+06  8.7820E+05  1.7397E+06
0000152   4.1714E+06 -1.0766E+06  8.8514E+05
0000153   2.5192E+06 -5.5612E+05 -1.0661E+06
0000154   3.2511E+06 -2.0252E+05 -5.9416E+05
0000155   3.7695E+06  1.8027E+06 -1.2604E+06
0000156   3.1451E+06 -2.8217E+05 -1.1094E+06
0000157   2.2640E+06 -1.2577E+05  5.7611E+05
0000158   2.7549E+06 -2.6755E+05 -1.1793E+06
0000159   2.5038E+06  2.2329E+06 -7.9891E+05
0000160   2.8516E+06  6.1858E+05 -8.2238E+05
0000161   2.7840E+06 -7.7872E+05  8.0191E+05
0000162   2.3142E+06 -7.3849E+05  5.3630E+05
0000163   3.3456E+06  7.9370E+05 -5.1573E+05
0000164   3.9615E+06  1.2403E+06  1.2013E+06
0000165   3.2781E+06  1.5014E+06 -6.5748E+05
0000166   4.1293E+06  6.2301E+05  8.0730E+04
0000167   3.8946E+06 -1.9179E+06  7.3465E+05
0000168   3.3846E+06 -8.4576E+05 -7.5842E+05
0000169   3.7747E+06  1.3104E+06 -6.3471E+05
0000170   2.9191E+06  2.9719E+04  1.3780E+06
0000171   2.5028E+06 -5.4897E+05 -1.1019E+06
0000172   3.7014E+06 -2.5193E+06 -1.0669E+05
0000173   3.3840E+06  9.6845E+05 -6.2766E+05
0000174   2.7379E+06  1.4150E+06  1.7441E+06
0000175   4.0917E+06  9.6558E+05 -2.4015E+05
0000176   4.6948E+06 -9.3451E+05  1.4433E+06
0000177   3.9068E+06 -8.6006E+04 -5.3537E+05
0000178   3.4822E+06  9.4603E+05  5.6150E+05
0000179   2.8195E+06 -5.6197E+04 -7.2087E+05
0000180   1.4959E+06  1.7897E+06  7.1539E+04
0000181   3.1222E+06  7.9352E+04 -2.5889E+06
0000182   4.0927E+06  7.4198E+05 -8.6463E+05
0000183   3.9023E+06 -4.8579E+05 -3.9580E+05
0000184   2.0968E+06  1.2019E+06 -5.7328E+05
0000185   4.6366E+06 -8.7104E+04 -4.9173E+05
0000186   3.3810E+06  3.9808E+05 -5.5129E+05
0000187   3.7205E+06  8.1164E+02  1.0795E+06
0000188   4.2325E+06 -1.5882E+05  3.8310E+05
0000189   1.5894E+06  1.1042E+05 -1.9988E+06
0000190   3.8709E+06 -5.1857E+05  8.0461E+04
0000191   4.7442E+06 -5.4991E+05 -3.5354E+05
0000192   2.2063E+06 -1.6623E+05  1.6654E+06
0000193   2.4771E+06  5.4676E+05  3.5884E+04
0000194   4.4142E+06  5.3594E+05 -6.0005E+05
0000195   2.0837E+06 -4.3053E+05  5.8929E+05
0000196   2.2197E+06 -1.3096E+06 -3.7525E+05
0000197   2.5232E+06  2.3922E+04  9.7075E+04
0000198   3.7269E+06  1.7438E+06  9.8280E+04
0000199   4.4200E+06  1.1372E+05 -2.9975E+05
0000200   4.2864E+05 -1.4646E+05 -1.2029E+05
0000201   2.4069E+06  9.6973E+05  1.4082E+06
0000202   1.8029E+06  1.4690E+06  2.4003E+05
0000203   2.8798E+06 -8.7438E+05  5.0657E+05
0000204   3.8184E+06  1.9284E+05 -1.3019E+06
0000205   3.9701E+06  1.8582E+06  1.7250E+05
0000206   2.5816E+06  5.7174E+05 -1.0464E+06
0000207   4.4763E+06 -5.8344E+04  8.2588E+05
0000208   3.3331E+06 -7.3109E+05  1.8599E+06
0000209   4.1649E+06 -5.7801E+03  2.1220E+06
0000210   4.7348E+06  1.0312E+05 -1.2690E+05
0000211   4.0767E+06  1.0327E+06 -1.4721E+06
0000212   2.0689E+06  5.7226E+05 -2.0400E+05
0000213   3.5882E+06  4.0349E+05  1.0001E+06
0000214   4.5677E+06  1.1724E+05  1.9490E+05
0000215   3.4907E+06  1.3780E+06  4.4913E+05
0000216   3.8108E+06  8.5365E+03  2.3243E+04
0000217   4.3126E+06 -9.8355E+05  1.3642E+06
0000218   3.8217E+06  1.0061E+06 -1.1032E+06
0000219   3.6545E+06  1.1947E+06  8.5740E+05
0000220   3.6964E+06 -1.1288E+05 -6.0624E+05
0000221   3.0910E+06 -8.8512E+05  7.3529E+05
0000222   3.0739E+06 -6.5403E+05  1.4226E+05
0000223   2.8977E+06 -2.7314E+05  7.8299E+05
0000224   2.4470E+06 -7.1303E+05  1.2139E+06
0000225   4.7524E+06  4.5893E+05 -5.0150E+05
0000226   2.7711E+06 -2.6356E+05 -8.3136E+05
0000227   3.8754E+06 -3.4574E+05 -1.4216E+06
0000228   4.2022E+06  6.8741E+05  6.6339E+05
0000229   3.2708E+06 -1.0441E+06 -3.2503E+05
0000230   2.7828E+06 -3.6732E+05 -2.1066E+06
0000231   3.8489E+06  7.8995E+05 -5.9079E+05
0000232   2.6236E+06  8.3816E+04 -1.8223E+05
0000233   3.1910E+06  1.5409E+06  1.3630E+06
0000234   3.3521E+06 -5.4904E+05  1.7923E+06
0000235   4.1302E+06  1.6326E+05 -8.9698E+05
0000236   4.0477E+06 -4.3134E+04 -9.8576E+04
0000237   2.6355E+06 -7.0620E+05  7.3364E+05
0000238   1.9802E+06  3.6293E+05  4.6223E+05
0000239   2.6003E+06  3.7126E+05  1.0057E+06
0000240   3.8066E+06  9.4709E+05 -4.2024E+05
0000241   3.9759E+06  1.0116E+06  1.0012E+05
0000242   3.4811E+06 -2.3840E+06 -2.5574E+05
0000243   2.9159E+06 -8.4399E+05 -3.8064E+05
0000244   2.4531E+06  5.2653E+05 -1.2579E+05
0000245   2.9588E+06 -8.9241E+05 -8.1466E+05
0000246   2.9187E+06 -5.2974E+05  2.7780E+05
0000247   3.4924E+06  3.4726E+05 -2.2033E+05
0000248   3.5543E+06  6.6400E+05  6.5028E+05
0000249   5.1483E+06 -7.9313E+05 -9.7977E+05
0000250   1.9925E+06  1.9049E+04  1.5388E+06
0000251   4.5569E+06  5.2611E+05  4.5003E+05
0000252   4.0820E+06 -1.5625E+06 -6.3236E+05
0000253   4.4838E+06 -1.6873E+05 -7.4091E+05
0000254   1.7961E+06  2.8539E+05  1.8073E+06
0000255   4.0637E+06  5.0161E+05  2.2466E+05
0000256   3.4853E+06  1.3659E+06 -5.6977E+05
0000257   3.6402E+06 -9.0071E+05 -1.1749E+06
0000258   4.9578E+06  3.8702E+05  1.9829E+06
0000259   2.7840E+06  4.4284E+05  6.9790E+05
0000260   3.3554E+06  4.7283E+04  5.6302E+05
0000261   4.2382E+06 -9.5504E+05  3.3850E+05
0000262   3.4771E+06  5.5726E+05 -9.4805E+05
0000263   3.6093E+06 -1.6657E+05  1.3841E+05
0000264   4.4865E+06 -7.5487E+05 -9.9621E+05
0000265   3.6011E+06 -4.6683E+05  7.1076E+05
0000266   4.0089E+06 -3.5554E+04  1.0183E+05
0000267   3.2614E+06  2.4363E+06  3.5570E+05
0000268   4.5576E+06 -5.8082E+04 -1.0147E+06
0000269   3.9179E+06  2.8327E+05 -2.2269E+04
0000270   2.5502E+06 -9.5663E+05  7.5036E+05
0000271   3.0074E+06  1.6942E+04  1.2070E+06
0000272   4.2932E+06 -1.0217E+06 -3.7370E+05
0000273   2.9847E+06  9.6841E+05  4.5614E+05
0000274   3.0656E+06 -1.8499E+06 -8.5267E+04
0000275   3.7849E+06  3.5710E+05 -2.3986E+04
0000276   4.4842E+06 -2.5272E+05  2.0331E+05
0000277   4.6395E+06  8.8353E+05  1.2138E+05
0000278   3.0089E+06 -1.2369E+06 -1.8304E+06
0000279   3.4660E+06 -7.8426E+05  4.5114E+05
0000280   3.9622E+06  4.2301E+05 -3.7079E+05
0000281   3.3493E+06 -7.6560E+05 -1.6015E+06
0000282   3.7700E+06 -4.2758E+05  1.5231E+06
0000283   3.7133E+06  1.6882E+05 -1.3971E+06
0000284   1.8269E+06 -4.1781E+05 -1.2383E+06
0000285   4.2977E+06  4.3616E+05 -8.4103E+05
0000286   4.7298E+06 -2.3224E+05  2.5120E+04
0000287   3.3707E+06  2.2778E+06 -1.5780E+06
0000288   2.7846E+06 -3.6938E+05 -4.3010E+05
0000289   2.3030E+06  1.6810E+06 -1.1047E+06
0000290   4.3382E+06  1.2927E+06 -1.9842E+05
0000291   3.2527E+06  2.8575E+05 -2.2027E+05
0000292   3.0178E+06  1.7649E+04  7.1175E+04
0000293   3.6592E+06  1.8186E+06 -7.8785E+05
0000294   2.7012E+06  4.1076E+05 -1.8906E+06
0000295   3.4292E+06 -6.8812E+05 -1.2089E+05
0000296   4.4766E+06 -1.1560E+06 -1.2319E+05
0000297   3.4664E+06 -2.3101E+06 -1.1175E+05
0000298   4.1718E+06 -2.4955E+05 -1.4864E+06
0000299   3.7054E+06 -1.1474E+05  3.6707E+05
0000300   2.5567E+06 -5.3200E+05  2.1094E+06
0000301   2.5666E+06  6.4270E+05 -1.9496E+06
0000302   2.2608E+06 -2.9528E+05 -1.2019E+06
0000303   3.6402E+06  1.1713E+06  1.1333E+06
0000304   3.6718E+06  2.2648E+05  7.3804E+05
0000305   4.5490E+06  6.3910E+04  2.5243E+05
0000306   3.1372E+06 -5.9901E+05  6.2704E+05
0000307   3.7034E+06  4.3953E+05 -9.4112E+05
0000308   4.0244E+06 -1.0358E+06  1.0137E+06
0000309   2.3711E+06 -5.1389E+05  1.4436E+06
0000310   2.7636E+06 -4.6016E+05 -3.7739E+05
0000311   3.4045E+06 -1.3564E+06  1.4314E+06
0000312   3.1983E+06  2.8310E+05 -2.2425E+05
0000313   3.8339E+06  7.6678E+05  4.7607E+04
0000314   3.2425E+06 -1.4394E+06 -1.4568E+06
0000315   3.7018E+06  4.8615E+04 -1.7280E+06
0000316   4.2262E+06  3.4616E+05 -2.6370E+05
0000317   1.7616E+06 -1.1947E+06  5.5501E+05
0000318   3.8732E+06  3.3597E+05 -1.0381E+05
0000319   3.8668E+06 -7.7325E+05  9.8338E+05
0000320   3.5713E+06 -1.1770E+06 -4.2361E+05
0000321   3.9671E+06  2.5203E+05  3.5895E+05
0000322   3.3748E+06 -1.3198E+06  1.3386E+06
0000323   4.2999E+06  1.5485E+06 -7.0127E+05
0000324   3.3806E+06 -8.9245E+05  4.4312E+05
0000325   3.6122E+06  7.3671E+05  4.9943E+05
0000326   3.4470E+06  1.4219E+06  3.2479E+05
0000327   2.8869E+06 -4.3762E+05 -4.0669E+05
0000328   3.3173E+06 -1.0648E+06  5.9061E+05
0000329   4.2209E+06  1.2668E+06  2.1805E+05
0000330   3.9663E+06 -1.7737E+05  8.4525E+05
0000331   2.3489E+06  6.3977E+05 -2.3736E+06
0000332   3.5097E+06 -1.9511E+06  2.6637E+05
0000333   4.0467E+06 -6.5960E+05 -1.0597E+04
0000334   3.4941E+06  8.9843E+05  4.7666E+05
0000335   4.5088E+06  9.8075E+05 -1.7872E+06
0000336   3.5539E+06  1.6494E+06  7.6914E+05
0000337   4.1501E+06  2.4328E+05  1.1169E+06
0000338   2.6001E+06 -3.0691E+05 -4.4303E+05
0000339   3.8363E+06 -2.6162E+05  3.1298E+05
0000340   3.3417E+06 -2.0264E+05 -7.4874E+05
0000341   2.3284E+06 -1.5522E+06 -8.6351E+05
0000342   3.9726E+06 -5.0748E+05 -2.0551E+05
0000343   3.3213E+06 -1.1516E+06 -2.0349E+05
0000344   2.4962E+06  5.5609E+05  1.0923E+06
0000345   4.3256E+06 -4.5377E+05 -3.0900E+05
0000346   3.2967E+06  2.6206E+06  1.4151E+06
0000347   3.8637E+06 -3.8464E+05  1.0141E+06
0000348   3.9007E+06  7.0467E+05 -2.3072E+05
0000349   2.2241E+06 -7.2040E+05 -1.3946E+06
0000350   2.7283E+06  6.1665E+05 -3.9876E+05
0000351   4.3952E+06 -1.0500E+05  1.8024E+06
0000352   3.4557E+06 -1.7062E+05 -8.9298E+05
0000353   3.7575E+06 -1.0794E+06 -3.9145E+04
0000354   3.9600E+06 -9.8107E+05  2.8806E+05
0000355   4.0727E+06 -5.0875E+05 -1.1519E+05
0000356   4.4957E+06 -7.3933E+05 -2.6608E+05
0000357   1.9737E+06 -8.9666E+05 -6.2045E+05
0000358   3.5499E+06 -1.0945E+06  1.9519E+06
0000359   3.9662E+06  1.9886E+05 -9.6319E+05
0000360   3.9374E+06 -4.2779E+05  2.9783E+05
0000361   4.1303E+06 -1.9880E+05 -7.5400E+05
0000362   4.3668E+06  2.8736E+05 -1.4584E+06
0000363   4.4485E+06  3.1438E+05  7.8812E+05
0000364   2.5720E+06  4.9236E+05  9.2572E+05
0000365   2.9671E+06  1.3052E+05 -6.2825E+05
0000366   3.4597E+06 -1.0366E+06  5.1060E+04
0000367   3.6564E+06 -1.2706E+05 -3.3321E+05
0000368   3.5369E+06  3.3026E+05  3.9495E+05
0000369   4.2547E+06  7.2589E+05 -1.1846E+06
0000370   2.9202E+06 -3.1126E+05 -1.2281E+05
0000371   3.6398E+06 -1.4536E+06 -5.7338E+05
0000372   4.7675E+06  6.4886E+05  3.5875E+05
0000373   2.4559E+06  5.7815E+05  9.1387E+05
0000374   4.2921E+06  6.3340E+05 -4.3157E+05
0000375   3.5405E+06  3.6669E+05  3.2760E+05
0000376   4.0437E+06  4.8576E+05 -8.4516E+05
0000377   2.4818E+06  1.4727E+06  1.3887E+06
0000378   3.4139E+06  1.5126E+06 -8.6936E+05
0000379   4.3871E+06  1.0269E+06  6.6626E+05
0000380   4.4801E+06  4.7377E+04 -2.3747E+05
0000381   3.7840E+06  1.3136E+06  3.9183E+05
0000382   2.7724E+06  1.3856E+06  3.2464E+05
0000383   4.5861E+06  3.9507E+05 -3.1612E+05
0000384   2.8810E+06  3.3360E+05  3.1659E+05
0000385   2.9869E+06 -5.5934E+05 -9.7398E+04
0000386   4.0993E+06  1.1066E+06 -1.3217E+05
0000387   3.5243E+06 -1.0135E+06 -7.3562E+05
0000388   4.2367E+06 -1.3068E+04 -1.2345E+05
0000389   2.4220E+06 -1.0164E+06  2.3419E+05
0000390   1.9125E+06 -2.9373E+05 -6.3249E+05
0000391   3.2851E+06 -1.4436E+06  3.9319E+05
0000392   3.9233E+06  4.8947E+05 -7.2445E+05
0000393   3.4143E+06  2.0718E+06  5.4247E+05
0000394   3.5841E+06 -2.2187E+05 -1.9726E+06
0000395   2.8627E+06  3.5008E+05  2.2784E+05
0000396   3.6446E+06 -4.3872E+05  9.6253E+04
0000397   3.7047E+06  2.3167E+05 -9.0217E+05
0000398   2.3735E+06  1.7141E+06 -1.4634E+05
0000399   3.6560E+06  8.5811E+05  3.6145E+05
0000400   3.1748E+06  3.2805E+05 -6.5123E+05
0000401   3.5846E+06  1.0627E+06  6.7711E+04
0000402   3.3812E+06 -7.8284E+05 -1.3056E+05
0000403   2.2911E+06  4.6513E+05 -1.9541E+05
0000404   4.5310E+06  4.7033E+04 -3.6806E+05
0000405   3.7768E+06 -2.1082E+05  3.0113E+05
0000406   3.7665E+06 -2.7689E+05 -2.0397E+05
0000407   4.2183E+06  7.5565E+04  8.9574E+04
0000408   4.2047E+06 -1.9233E+05  1.9512E+05
0000409   4.4990E+06  9.4581E+05  5.5686E+05
0000410   4.0135E+06 -6.0411E+04  5.4575E+05
0000411   4.2210E+06 -9.8616E+04 -9.0270E+05
0000412   2.5489E+06  1.9044E+05 -3.0577E+05
0000413   2.9018E+06  1.4078E+06 -2.2455E+06
0000414   2.6221E+06 -5.7228E+04  1.5389E+05
0000415   2.5054E+06 -4.2204E+05  3.2101E+05
0000416   4.5054E+06 -3.6003E+05 -8.3083E+05
0000417   4.0129E+06 -1.3040E+05 -1.4240E+06
0000418   3.2007E+06 -5.5115E+05 -3.6220E+05
0000419   3.7718E+06  8.7363E+04  9.6333E+04
0000420   4.1863E+06 -5.9516E+04  2.4065E+05
0000421   2.4036E+06 -4.3709E+05  2.0153E+06
0000422   3.0463E+06 -5.0565E+05  7.1884E+05
0000423   3.7699E+06  5.4645E+05  1.8096E+06
0000424   3.7493E+06 -8.2631E+05 -7.6248E+05
0000425   3.6464E+06 -1.3741E+05  1.9529E+06
0000426   4.5272E+06  6.1763E+05  1.5402E+06
0000427   2.9659E+06 -9.0429E+05  5.6751E+05
0000428   3.2466E+06  1.0305E+06 -1.8465E+06
0000429   3.7318E+06 -6.1733E+05  8.1518E+04
0000430   3.0263E+06  1.4506E+06  5.7805E+05
0000431   3.8306E+06  2.1438E+05  1.0666E+06
0000432   3.2852E+06  1.5757E+06  5.9617E+04
0000433   3.7075E+06  1.0343E+06  4.8082E+05
0000434   3.7916E+06 -3.2797E+05 -2.9698E+05
0000435   3.1971E+06  1.4497E+05 -7.5072E+05
0000436   3.2227E+06 -4.7316E+05 -2.0375E+06
0000437   3.4377E+06  4.4558E+05  4.6917E+05
0000438   4.2056E+06  7.3552E+05 -6.3484E+05
0000439   3.6938E+06 -9.5402E+05 -1.5530E+05
0000440   4.9678E+06 -6.1499E+04 -6.6776E+05
0000441   3.1291E+06 -2.0075E+06 -1.7595E+05
0000442   2.5735E+06  1.5598E+06  8.9467E+05
0000443   2.3892E+06 -5.5133E+05 -6.7649E+05
0000444   4.2432E+06  8.3284E+05 -3.0974E+05
0000445   1.5856E+06 -2.1959E+05  8.8451E+05
0000446   3.1006E+06 -1.7088E+06 -5.0658E+05
0000447   2.7366E+06  9.8831E+05  3.4343E+04
0000448   4.4711E+06  1.7304E+05 -5.3567E+05
0000449   2.8122E+06  1.3941E+06  1.8224E+05
0000450   4.1517E+06 -2.7953E+05  1.9117E+06
0000451   2.7930E+06 -1.5081E+06 -2.1519E+05
0000452   4.5921E+06  2.3747E+05  1.3945E+06
0000453   2.9841E+06  1.8614E+06 -1.3701E+05
0000454   2.9121E+06 -1.4219E+06  1.6699E+06
0000455   2.4806E+06 -6.3230E+05  9.3557E+03
0000456   4.2944E+06  4.9903E+05 -7.7262E+05
0000457   3.7923E+06  9.8650E+05 -2.2202E+05
0000458   4.4375E+06  1.3070E+05  5.3409E+05
0000459   2.8110E+06 -7.3710E+05  6.9525E+05
0000460   3.5774E+06 -8.6178E+05 -5.1621E+05
0000461   4.0025E+06 -8.7661E+05  5.7377E+05
0000462   4.0354E+06  1.0449E+04 -1.5140E+05
0000463   4.0681E+06 -6.4690E+05 -2.0786E+06
0000464   3.6483E+06  1.4586E+06 -4.0465E+05
0000465   4.4300E+06 -1.3471E+05 -1.6661E+05
0000466   3.9400E+06  1.2420E+06 -7.6313E+05
0000467   2.1915E+06 -1.9964E+05  1.2622E+05
0000468   3.4232E+06  1.8923E+05 -7.9895E+05
0000469   4.5424E+06 -8.6769E+04 -2.6770E+05
0000470   2.3155E+06  1.4969E+06  6.2593E+05
0000471   4.1626E+06  1.9826E+05  2.0800E+05
0000472   3.7793E+06 -8.3890E+05  4.0161E+05
0000473   4.2308E+06 -1.4089E+06  1.4856E+06
0000474   2.5230E+06 -1.2555E+06  1.3221E+06
0000475   4.2642E+06  1.9065E+05  1.1032E+06
0000476   2.2510E+06  2.8013E+05 -1.2448E+05
0000477   3.3654E+06  3.8958E+05  2.1215E+04
0000478   3.0859E+06 -5.4272E+05  4.3083E+05
0000479   3.7036E+06  7.3873E+05 -1.0266E+06
0000480   2.4123E+06  3.9827E+05  6.6410E+05
0000481   4.2785E+06  1.1016E+05  2.6369E+05
0000482   3.1410E+06 -1.6170E+06 -7.2701E+04
0000483   4.3655E+06 -2.7131E+05  1.6257E+05
0000484   2.3169E+06  5.7301E+05  3.0704E+05
0000485   3.7255E+06  2.5808E+05 -2.7193E+05
0000486   4.4852E+06 -2.4722E+05  6.8576E+05
0000487   3.9499E+06 -6.5923E+05 -5.2968E+04
0000488   3.7500E+06 -9.0380E+05  1.0137E+06
0000489   3.5006E+06  3.2483E+05  3.6728E+05
0000490   1.7617E+06 -7.8401E+05 -2.3035E+06
0000491   4.0224E+06  6.5233E+05 -9.6917E+05
0000492   3.8780E+06  1.3499E+05 -1.3121E+06
0000493   3.3981E+06  3.7470E+05 -3.0409E+05
0000494   2.7610E+06  6.9261E+05 -9.0762E+05
0000495   2.5891E+06 -1.6131E+06 -1.1550E+05
0000496   1.4214E+06  2.7083E+05 -1.5414E+05
0000497   4.2221E+06  5.2712E+05  5.0400E+05
0000498   3.2267E+06  9.5511E+05 -1.2667E+06
0000499   1.9890E+06 -1.2220E+06  1.5494E+06
0000500   4.2259E+06 -1.0730E+06  1.0244E+06
0000501   3.4618E+06 -5.8103E+05 -1.5179E+06
0000502   4.6551E+06  1.0228E+06 -1.0494E+06
0000503   3.2988E+06  8.5837E+05  5.0280E+05
0000504   3.6882E+06 -1.6263E+04 -5.4778E+05
0000505   3.1999E+06  3.1013E+05  7.8312E+05
0000506   3.8093E+06 -4.2075E+05  1.3020E+06
0000507   1.7865E+06  2.2169E+05 -1.2868E+06
0000508   2.8481E+06 -3.5450E+05  1.5630E+05
0000509   4.0826E+06 -4.7584E+05 -1.4765E+05
0000510   3.7528E+06 -2.1449E+05  1.0387E+06
0000511   2.7509E+06 -5.4499E+04  2.0799E+05
0000512   3.9934E+06  5.9585E+05  4.7829E+05
0000513   3.6466E+06 -3.1956E+05  4.5370E+05
0000514   2.7934E+06 -2.0352E+05 -1.2267E+06
0000515   4.7448E+06  1.9240E+05 -1.0648E+06
0000516   3.7271E+06  6.3096E+05 -1.5474E+06
0000517   4.0189E+06 -7.1512E+05 -7.2394E+05
0000518   3.6848E+06 -7.9639E+05  8.8718E+05
0000519   3.8068E+06 -2.6482E+05  4.3766E+05
0000520   3.7081E+06  2.6954E+05 -9.8583E+04
0000521   3.6619E+06 -3.7990E+05 -3.3975E+05
0000522   4.4592E+06 -7.1288E+05 -2.7951E+05
0000523   3.1985E+06 -1.0306E+05  8.4346E+05
0000524   1.9645E+06 -2.9732E+05  1.4079E+06
0000525   3.5725E+06 -9.3152E+04  4.2060E+05
0000526   2.7763E+06 -1.1644E+05  1.4947E+06
0000527   4.3402E+06 -1.0001E+06  5.2845E+05
0000528   3.3038E+06 -6.2445E+04  1.5626E+05
0000529   4.2002E+06 -4.5836E+05 -1.3122E+06
0000530   4.1050E+06 -1.0922E+06  3.0478E+05
0000531   2.7620E+06 -9.1897E+04  8.6323E+05
0000532   3.0213E+06  7.8216E+04 -6.7892E+05
0000533   3.6534E+06  1.7128E+04  1.8250E+05
0000534   3.6989E+06 -5.7017E+05 -2.7919E+04
0000535   2.5588E+06 -1.5035E+06  2.4139E+06
0000536   4.5750E+06  1.6594E+05  3.0483E+05
0000537   3.6997E+06 -6.3174E+05  4.8205E+05
0000538   3.8020E+06 -5.5603E+05 -8.1350E+05
0000539   2.4411E+06  1.8984E+05  5.1727E+05
0000540   3.5241E+06 -8.7515E+05  1.4621E+06
0000541   4.7482E+06  7.7775E+05 -5.7212E+05
0000542   3.8354E+06  1.2113E+06  7.0249E+05
0000543   3.4642E+06 -4.6544E+05 -1.8780E+04
0000544   3.0728E+06 -1.1614E+06  3.5882E+05
0000545   4.5284E+06 -1.5142E+05  6.9624E+05
0000546   2.2909E+06  4.4700E+05 -1.4017E+04
0000547   4.2552E+06 -5.7861E+05 -1.3819E+06
0000548   3.4928E+06 -1.5627E+06  6.2891E+05
0000549   4.2118E+06 -5.2410E+05  5.1864E+05
0000550   1.2335E+06 -4.9563E+04  9.0020E+05
0000551   4.6630E+06  5.4037E+05 -7.4458E+05
0000552   2.4225E+06 -2.0102E+06 -6.2115E+05
0000553   2.1804E+06 -1.3597E+05  1.3428E+05
0000554   3.6750E+06  2.8847E+05 -1.5297E+06
0000555   3.0367E+06 -1.3114E+06  1.1903E+06
0000556   2.6786E+06 -2.8759E+05  5.4402E+05
0000557   2.8955E+06  2.6018E+05  1.7172E+06
0000558   3.3525E+06 -8.9692E+05 -2.0532E+05
0000559   4.4302E+06 -3.3242E+05 -1.9808E+05
0000560   3.6427E+06 -3.1235E+04 -3.2884E+05
0000561   3.5344E+06  8.0780E+05 -4.6947E+05
0000562   4.0216E+06 -1.3130E+06  9.2809E+05
0000563   1.3959E+06  9.6665E+05  3.9299E+05
0000564   2.8663E+06 -1.6603E+05 -2.3437E+04
0000565   4.2764E+06  1.0713E+05 -8.7183E+05
0000566   3.6677E+06 -7.6858E+05  1.3150E+06
0000567   2.1692E+06 -1.9044E+06 -8.3597E+04
0000568   1.6598E+06 -1.2769E+06 -4.9882E+04
0000569   4.1573E+06  2.1873E+05  5.0948E+04
0000570   4.0156E+06 -5.0811E+05 -1.6539E+06
0000571   3.9365E+06  1.2963E+06  2.2272E+05
0000572   3.7113E+06  1.4007E+06 -9.5761E+05
0000573   4.8206E+06 -5.7141E+05 -1.0862E+06
0000574   3.0176E+06 -1.5665E+06  1.0767E+06
0000575   4.7595E+06 -1.0086E+05 -8.0513E+05
0000576   3.7332E+06 -6.6570E+05 -1.4536E+06
0000577   4.0059E+06  8.5512E+05  4.8849E+05
0000578   4.0463E+06  1.3225E+06 -2.5132E+05
0000579   3.2822E+06  1.2802E+05 -3.7419E+05
0000580   3.5630E+06 -1.3945E+06 -4.5289E+03
0000581   4.4374E+06  2.6532E+05 -7.1860E+05
0000582   3.8207E+06 -5.7352E+05 -8.4824E+05
0000583   3.5232E+06 -3.7288E+05 -6.5674E+05
0000584   4.3667E+06 -3.3808E+05 -4.0117E+05
0000585   2.5153E+06  7.3656E+05  1.1150E+06
0000586   4.1484E+06 -8.9123E+05 -3.7683E+05
0000587   2.7459E+06 -3.5050E+05 -1.8539E+05
0000588   4.8096E+06 -1.1373E+05 -2.3241E+05
0000589   4.4149E+06  4.7470E+05 -5.9901E+05
0000590   3.9353E+06 -3.4734E+05 -1.4705E+06
0000591   3.1555E+06 -1.0008E+06  2.7964E+05
0000592   4.3632E+06  6.0386E+05 -3.5285E+05
0000593   3.1847E+06  4.1666E+05  5.8606E+05
0000594   4.3305E+06  5.2512E+05  7.9946E+05
0000595   3.6102E+06 -3.2671E+05 -1.0022E+06
0000596   4.0660E+06  8.5560E+05 -1.0236E+06
0000597   4.3000E+06 -5.2604E+05  2.3615E+05
0000598   3.1528E+06  1.1404E+06  1.0780E+06
0000599   4.0940E+06 -1.2914E+06  2.6259E+05
0000600   2.6502E+06 -7.0603E+05 -2.2041E+05
0000601   4.6690E+06  1.3547E+06  6.6431E+05
0000602   4.2355E+06  1.0859E+05  6.7030E+05
0000603   3.5839E+06 -1.8525E+05 -1.3310E+06
0000604   2.7575E+06 -1.9572E+06  4.4687E+05
0000605   4.6273E+06 -1.6997E+05  2.7061E+05
0000606   3.7731E+06 -1.1023E+06 -1.8645E+06
0000607   2.4792E+06 -1.1348E+06 -3.2483E+05
0000608   2.1576E+06 -2.0519E+06 -1.9777E+05
0000609   1.2631E+06 -3.8742E+05 -1.3189E+06
0000610   4.5755E+06  4.9525E+05 -5.9706E+05
0000611   5.0728E+06 -3.0489E+05  1.0337E+05
0000612   3.0801E+06 -1.1215E+06 -2.3737E+05
0000613   3.8213E+06 -1.6785E+06  2.8028E+05
0000614   1.4747E+06  3.1956E+05  2.9724E+05
0000615   4.2741E+06 -9.1363E+04 -3.4752E+05
0000616   2.5742E+06 -4.8747E+05 -2.4698E+06
0000617   3.1328E+06 -1.0724E+06 -5.6825E+05
0000618   4.0010E+06 -7.0309E+05  6.6234E+05
0000619   4.3098E+06  2.8193E+05 -4.8933E+05
0000620   2.8299E+06 -3.0881E+05  1.6061E+06
0000621   2.9730E+06 -1.4016E+06 -1.3869E+06
0000622   3.6506E+06 -8.5694E+05 -2.0089E+05
0000623   2.5477E+06  1.3883E+06 -4.6829E+05
0000624   3.0771E+06  2.5135E+05 -1.0522E+06
0000625   4.8002E+06 -3.2666E+04  4.8511E+05
0000626   4.5174E+06  3.7685E+05 -8.2459E+04
0000627   3.4699E+06  2.8707E+05  7.4301E+05
0000628   3.8884E+06 -8.6081E+05  1.0647E+06
0000629   3.5798E+06  1.0304E+04  6.2299E+05
0000630   3.0306E+06 -6.6923E+05 -1.0195E+06
0000631   4.4660E+06  5.4355E+05  7.5805E+05
0000632   4.0912E+06 -3.5474E+05 -8.8047E+05
0000633   4.1696E+06 -4.4537E+05 -5.4212E+05
0000634   3.5640E+06  5.8139E+05  3.8534E+05
0000635   4.5264E+06  3.4633E+05  3.9032E+05
0000636   3.6530E+06 -6.2270E+04 -1.6914E+06
0000637   4.2775E+06  2.0412E+05 -8.1283E+05
0000638   4.9489E+06  5.6053E+05  7.0040E+05
0000639   3.0669E+06  1.2729E+06 -1.4249E+05
0000640   2.1944E+06  3.6755E+05 -3.7119E+05
0000641   2.8714E+06  5.7371E+05  6.2435E+05
0000642   3.8242E+06 -1.3537E+06  6.1515E+04
0000643   3.6622E+06 -1.1363E+06  9.0874E+05
0000644   3.0571E+06  1.3943E+06 -2.0079E+06
0000645   3.1392E+06 -2.6559E+05 -3.6076E+04
0000646   2.9899E+06  3.7693E+05  4.7209E+05
0000647   3.1723E+06  6.7024E+05 -3.0532E+05
0000648   3.0562E+06 -8.6056E+05  1.6683E+05
0000649   3.8495E+06  8.4869E+05  7.5477E+05
0000650   3.3754E+06 -1.2415E+06  1.6015E+06
0000651   4.0906E+06  4.4080E+05  6.7856E+05
0000652   4.0555E+06  2.5362E+05  4.2048E+05
0000653   4.0618E+06  3.4626E+05  2.5686E+05
0000654   4.1157E+06  3.2463E+05 -8.5685E+05
0000655   4.4882E+06  8.9613E+05 -9.1383E+05
0000656   3.7255E+06  4.7132E+05  6.2119E+05
0000657   4.7470E+06 -3.2355E+03 -4.8145E+05
0000658   4.0107E+06  6.4489E+05  3.4580E+05
0000659   2.7244E+06 -3.1999E+05 -2.0520E+06
0000660   3.7477E+06  9.9300E+05 -1.5241E+05
0000661   4.1256E+06  5.7209E+05  1.5128E+05
0000662   2.9600E+06  8.1141E+05  1.1810E+06
0000663   2.2589E+06 -7.4152E+05 -2.6320E+05
0000664   3.8681E+06  3.8906E+05 -3.7681E+05
0000665   2.3396E+06  3.1549E+04 -2.4751E+05
0000666   3.8717E+06 -2.3581E+05 -2.0510E+05
0000667   4.6681E+06 -1.0957E+06 -9.3807E+05
0000668   3.8683E+06  7.0093E+04 -8.1495E+05
0000669   4.6772E+06  6.4054E+05 -4.2178E+05
0000670   3.7465E+06 -8.7071E+05 -4.2479E+05
0000671   4.2547E+06 -1.0583E+05 -1.0204E+06
0000672   2.7399E+06 -2.3646E+06 -4.8412E+05
0000673   3.7291E+06 -4.4201E+05  2.4143E+05
0000674   2.9828E+06 -1.1639E+06 -8.1081E+05
0000675   4.5275E+06  1.0078E+06 -2.9267E+04
0000676   4.9561E+06  1.3707E+06 -4.2267E+05
0000677   2.2618E+06  4.1706E+04  2.5722E+05
0000678   3.1819E+06  1.1599E+06  1.8370E+06
0000679   3.4116E+06 -4.5882E+05  2.0610E+05
0000680   2.9272E+06  6.8037E+05  7.2924E+05
0000681   4.1684E+06  8.5379E+05 -4.4112E+04
0000682   2.3534E+06 -1.4827E+05  1.2314E+05
0000683   4.0666E+06 -9.5086E+04 -1.1938E+06
0000684   3.8804E+06 -7.3559E+04  1.0437E+06
0000685   4.5534E+06  1.0428E+06  1.5607E+05
0000686   2.7533E+06  9.5648E+05 -8.1616E+05
0000687   3.7153E+06  5.8135E+04 -1.5720E+06
0000688   4.6584E+06 -2.2879E+06  2.7263E+05
0000689   4.2911E+06 -8.1834E+05  1.7144E+05
0000690   3.1586E+06 -5.3113E+05 -8.9372E+05
0000691   2.9435E+06 -4.1322E+04 -2.2999E+05
0000692   4.7235E+06  1.1506E+06 -5.2308E+05
0000693   3.9408E+06  1.1165E+06 -7.7381E+05
0000694   4.5414E+06 -5.5608E+04 -9.3290E+05
0000695   3.5981E+06 -3.8419E+05 -6.6300E+05
0000696   2.5231E+06  3.9237E+05 -2.9830E+05
0000697   4.1806E+06  1.9775E+06 -9.8313E+05
0000698   3.9386E+06  1.8290E+05  3.4492E+05
0000699   3.6269E+06 -3.9306E+05  9.1193E+05
0000700   3.4553E+06  4.5097E+05  1.3633E+06
0000701   3.5294E+06 -1.5280E+06  6.3129E+05
0000702   4.2594E+06 -7.7915E+05 -1.2535E+05
0000703   3.7636E+06  1.8108E+05  1.0197E+06
0000704   3.5478E+06 -1.2015E+06 -2.6664E+05
0000705   3.8546E+06 -7.1980E+05 -1.4183E+06
0000706   3.1979E+06  7.7085E+05 -9.5742E+05
0000707   4.2129E+06  1.7204E+05 -1.1998E+05
0000708   4.0449E+06  1.1401E+06  8.1445E+05
0000709   4.4711E+06  5.5877E+05  4.4930E+05
0000710   4.1699E+06  1.2158E+06 -3.1488E+05
0000711   4.4493E+06  1.0896E+06  3.6011E+05
0000712   2.5955E+06  8.1731E+05  3.7185E+05
0000713   4.5389E+06 -2.4703E+05 -4.1001E+05
0000714   3.6575E+06 -1.2590E+06  9.1361E+05
0000715   4.3749E+06 -8.0351E+05 -1.2414E+06
0000716   3.6451E+06 -1.0796E+06 -4.1724E+04
0000717   2.1683E+06 -2.2597E+06  5.9501E+05
0000718   3.1226E+06 -1.2783E+06 -2.6758E+05
0000719   2.9892E+06 -4.1532E+05  3.8485E+05
0000720   3.4167E+06 -3.5825E+05 -2.1601E+06
0000721   4.0554E+06  2.1872E+05  9.6147E+05
0000722   4.5310E+06  9.9985E+05  3.5774E+05
0000723   4.1169E+06  7.5880E+05 -7.4033E+04
0000724   4.0477E+06 -1.1377E+06 -2.3647E+05
0000725   3.9738E+06 -7.2211E+03  2.9389E+05
0000726   2.7042E+06 -4.0584E+05 -1.9124E+05
0000727   3.9798E+06 -4.7505E+05  7.9036E+05
0000728   2.5977E+06  3.8011E+05 -5.3626E+05
0000729   3.4996E+06 -3.4195E+05 -1.9137E+05
0000730   3.9114E+06  5.9149E+05  1.3335E+06
0000731   3.2888E+06  2.6203E+05  2.6767E+04
0000732   3.5268E+06 -1.3599E+06 -5.1110E+05
0000733   2.9494E+06  5.3346E+05  2.9079E+05
0000734   1.7718E+06  5.8914E+05  2.4345E+05
0000735   3.6001E+06 -3.5035E+05 -1.0018E+04
0000736   3.0007E+06 -2.8105E+05 -6.5605E+05
0000737   3.5098E+06 -2.6054E+05  1.0472E+06
0000738   3.6657E+06 -6.1021E+05 -1.3500E+05
0000739   3.9758E+06 -3.7486E+05 -8.6326E+05
0000740   3.7681E+06  5.7069E+05 -1.2954E+06
0000741   2.4886E+06  8.8035E+05 -2.1477E+05
0000742   3.8041E+06 -4.5386E+05  7.0462E+05
0000743   3.9098E+06  6.8820E+05 -4.0354E+05
0000744   2.5250E+06  1.7678E+06  2.1426E+05
0000745   4.9223E+06 -9.0206E+05  6.2145E+05
0000746   2.8717E+06  3.2570E+05  1.5773E+06
0000747   3.8502E+06 -1.2854E+06  6.1111E+05
0000748   3.6813E+06 -1.5604E+05 -4.3073E+05
0000749   4.3511E+06  6.9364E+05 -3.1926E+05
0000750   4.2710E+06  1.0542E+06  3.2129E+05
0000751   3.1603E+06  5.2887E+05 -2.7247E+05
0000752   3.6366E+06 -5.1126E+05 -7.9303E+05
0000753   3.1189E+06  1.1182E+06  1.4805E+06
0000754   3.9316E+06  3.2158E+05  1.0768E+06
0000755   2.7695E+06 -3.1780E+05  1.3138E+06
0000756   2.9281E+06 -5.0379E+05 -1.7187E+06
0000757   4.4670E+06 -2.3357E+05 -1.5043E+06
0000758   4.2719E+06 -5.4062E+04 -1.2401E+06
0000759   3.8368E+06 -1.7038E+06  1.0097E+05
0000760   4.0724E+06  9.2346E+05  3.7052E+04
0000761   4.0839E+06  7.2667E+05 -1.1952E+05
0000762   3.3925E+06 -7.2438E+05  1.5727E+06
0000763   3.6950E+06 -1.0257E+06 -1.5025E+05
0000764   4.3368E+06  5.9790E+05  2.2655E+05
0000765   3.6485E+06  7.1794E+05 -2.4630E+05
0000766   2.6671E+06  1.8556E+06 -2.3054E+05
0000767   3.7640E+06  1.1264E+06 -2.6877E+05
0000768   3.1090E+06 -9.1089E+05  1.2878E+06
0000769   3.8026E+06  5.0864E+04 -1.9865E+05
0000770   4.1473E+06  2.2059E+05 -1.3688E+06
0000771   4.3012E+06 -1.4073E+06  1.0395E+05
0000772   3.1642E+06 -7.6895E+05 -7.4608E+04
0000773   4.1386E+06 -1.5882E+05 -1.2422E+06
0000774   2.7538E+06 -5.2928E+05 -4.7437E+05
0000775   3.7400E+06  1.6719E+06  3.7216E+05
0000776   3.2616E+06 -2.9963E+05  5.9733E+05
0000777   4.1889E+06  1.1741E+06  4.6424E+05
0000778   4.0033E+06 -8.0631E+04  8.1367E+05
0000779   4.2331E+06 -1.0663E+06  2.2159E+05
0000780   3.8880E+06 -2.0771E+06 -2.0278E+05
0000781   3.8218E+06  5.1763E+05  9.7287E+05
0000782   3.2545E+05  1.5265E+06  7.0952E+05
0000783   2.4117E+06  4.2370E+05  4.9220E+05
0000784   2.6416E+06  3.5362E+04 -4.2455E+05
0000785   3.2070E+06 -8.8451E+04 -1.5856E+05
0000786   3.3466E+06  7.0035E+04  1.4618E+06
0000787   4.4974E+06 -1.6418E+05 -2.4130E+05
0000788   3.7932E+06  2.2034E+05  1.5206E+06
0000789   4.4662E+06  3.8103E+05  7.5271E+05
0000790   2.9455E+06 -4.5191E+04 -2.1521E+06
0000791   4.4549E+06 -1.1270E+06  3.5624E+05
0000792   1.3644E+06  8.1856E+04 -2.6321E+05
0000793   3.6488E+06  1.1728E+06 -9.8393E+05
0000794   2.3028E+06 -7.5669E+05  1.1101E+06
0000795   3.5886E+06  3.3113E+05 -2.7622E+04
0000796   3.9346E+06 -1.1019E+06  4.7887E+05
0000797   4.0210E+06  4.7377E+05 -8.4939E+05
0000798   4.4640E+06 -6.4523E+05  7.2390E+04
0000799   3.8674E+06 -1.9475E+05 -4.8342E+05
0000800   3.9474E+06 -7.7469E+05 -7.5993E+05
0000801   2.7889E+05  5.1283E+04 -2.0099E+05
0000802   3.9360E+06  8.9575E+05 -1.5517E+06
0000803   3.4437E+06 -2.9840E+05 -1.2372E+06
0000804   3.7382E+06  1.2078E+05 -8.9299E+04
0000805   3.2571E+06 -1.8206E+05 -2.9218E+05
0000806   3.3245E+06 -7.8152E+05 -1.2918E+05
0000807   4.3250E+06  4.7731E+05  4.9066E+05
0000808   2.7263E+06 -2.8170E+05  7.2199E+05
0000809   5.3322E+06  5.7342E+05 -7.9044E+04
0000810   3.5970E+06  8.2567E+05 -2.4153E+06
0000811   4.4890E+06  1.8666E+06 -1.2360E+06
0000812   3.3680E+06 -1.0482E+06  4.6167E+05
0000813   3.1156E+06  7.2463E+05  1.3868E+05
0000814   3.6356E+06  1.1728E+06 -5.0704E+04
0000815   3.7251E+06 -1.2494E+06  4.1176E+05
0000816   4.0719E+06  5.8802E+05 -1.3574E+05
0000817   3.3130E+06  5.0202E+05  2.2031E+05
0000818   3.8945E+06 -4.6677E+05  5.1071E+05
0000819   4.7240E+06  9.2511E+02 -7.6970E+05
0000820   4.2548E+06  2.4182E+04 -3.7742E+05
0000821   4.9572E+06 -1.6139E+05  3.3610E+05
0000822   1.9044E+06  4.6259E+05  5.9930E+03
0000823   3.0275E+06  9.5328E+05 -8.1269E+05
0000824   4.3771E+06 -1.7242E+05 -7.9868E+05
0000825   3.3140E+06  1.4859E+05  1.1699E+06
0000826   2.5228E+06 -1.8959E+06 -6.1729E+05
0000827   3.8713E+06  1.0310E+06 -3.2096E+04
0000828   3.9316E+06  5.5407E+05  4.6948E+05
0000829   4.0257E+06  1.9387E+06 -5.1020E+05
0000830   3.5788E+06 -6.6205E+05 -1.5903E+06
0000831   2.6242E+06 -5.3675E+05 -1.6903E+06
0000832   3.4975E+06  1.2582E+06 -2.7759E+05
0000833   3.5461E+06  7.9230E+05 -1.8362E+05
0000834   4.1131E+06 -2.6137E+05 -7.9846E+05
0000835   3.3476E+06 -8.8789E+05  2.0998E+06
0000836   3.5171E+06  3.2373E+05  9.2802E+05
0000837   2.2127E+06 -1.1043E+06  8.3293E+05
0000838   3.5890E+06 -1.0060E+06 -5.0935E+05
0000839   4.4884E+06  9.5878E+05  8.3226E+05
0000840   3.2129E+06 -3.1174E+05 -1.0813E+05
0000841   3.8651E+06  2.7999E+03  1.0545E+05
0000842   2.5499E+06 -1.2636E+06  9.8430E+05
0000843   2.8586E+06 -1.9271E+06  1.4501E+05
0000844   3.1095E+06 -7.0476E+05 -8.8172E+05
0000845   4.2292E+06  7.4511E+05 -9.0678E+05
0000846   4.1398E+06 -1.1800E+06 -1.7647E+05
0000847   2.9807E+06 -4.5960E+05  3.6758E+05
0000848   4.2488E+06 -4.6948E+05 -1.2781E+06
0000849   3.2005E+06 -1.0775E+04  7.0058E+05
0000850   1.6446E+06 -1.5875E+05  2.5626E+05
0000851   1.9847E+06 -1.2447E+05  4.3499E+05
0000852   3.7888E+06  3.5000E+03 -2.1678E+05
0000853   2.5961E+06  2.3617E+06  2.2991E+06
0000854   3.1345E+06  1.8947E+06  2.3162E+05
0000855   3.0766E+06  7.9793E+05 -7.2350E+05
0000856   3.1358E+06 -1.5306E+05  1.4099E+06
0000857   2.1428E+06  3.1498E+04 -4.0302E+05
0000858   3.9037E+06 -1.9102E+05 -4.7534E+05
0000859   3.5522E+06  6.1173E+05 -2.0115E+06
0000860   1.9582E+06  4.8926E+04  1.2181E+05
0000861   4.3529E+06 -6.6143E+05  1.3555E+05
0000862   2.4523E+06  1.0222E+06 -4.0826E+04
0000863   3.7896E+06 -4.8996E+05 -9.0140E+05
0000864   3.7882E+06  7.9229E+05  5.2490E+05
0000865   4.0275E+06 -1.1170E+06 -1.5278E+06
0000866   3.8040E+06 -2.0131E+05 -1.2312E+06
0000867   4.6028E+06  1.0398E+04  4.7921E+04
0000868   3.4868E+06 -5.8068E+05 -1.2969E+06
0000869   3.4783E+06  1.5680E+06 -1.8527E+05
0000870   2.9054E+06 -1.1200E+06 -6.1779E+05
0000871   3.7948E+06 -5.2504E+05  1.2510E+06
0000872   4.5005E+06  5.3657E+05 -2.5213E+05
0000873   3.4987E+06 -6.0787E+05  2.1239E+05
0000874   4.5189E+06 -8.6251E+05 -4.3768E+05
0000875   3.0578E+06 -1.1117E+06 -2.5751E+05
0000876   3.3226E+06  2.9944E+05 -1.6990E+06
0000877   3.4755E+06 -4.2649E+05  3.6280E+05
0000878   2.9783E+06 -6.1349E+05 -2.8680E+05
0000879   5.2802E+06  3.0815E+05  4.2281E+04
0000880   2.6853E+06 -3.8280E+03  4.9632E+05
0000881   4.0040E+06 -4.5432E+05  7.2021E+05
0000882   4.0887E+06  6.7800E+05 -6.2602E+05
0000883   4.2917E+06 -4.4698E+05  3.5657E+05
0000884   7.7138E+05 -1.6440E+05  6.5064E+05
0000885   3.3086E+06 -1.0791E+05  1.5839E+06
0000886   3.0169E+06 -1.1869E+06 -1.5327E+06
0000887   3.2394E+06  3.2230E+05  3.8663E+05
0000888   2.8601E+06 -5.0542E+05  4.2225E+05
0000889   2.7014E+06 -6.1076E+04  2.5216E+04
0000890   3.7402E+06  9.2665E+05  4.3820E+05
0000891   3.7018E+06  3.1847E+05 -1.1194E+06
0000892   3.6389E+06  6.2666E+05 -1.6404E+06
0000893   4.6211E+06 -1.0777E+06  5.1275E+04
0000894   2.7889E+06  9.9441E+05  1.0629E+06
0000895   4.0422E+06  2.8520E+04 -1.1464E+06
0000896   3.1765E+06  6.1082E+05  6.4794E+05
0000897   2.4802E+06  2.2405E+05 -3.3005E+05
0000898   3.3797E+06 -1.7803E+06 -6.4716E+05
0000899   3.3404E+06 -5.9022E+05 -1.1235E+06
0000900   1.5040E+06  3.6650E+05 -1.9011E+05
0000901   2.3001E+06  1.6962E+06  1.2716E+05
0000902   4.2355E+06 -6.6964E+05  2.8711E+05
0000903   4.2634E+06  4.8005E+05 -1.8286E+06
0000904   4.4654E+06 -8.0470E+05 -7.2512E+05
0000905   2.0156E+06  1.8865E+06  5.4900E+05
0000906   3.2724E+06 -2.5449E+05 -3.5588E+04
0000907   3.4151E+06  6.8961E+05 -1.1944E+06
0000908   4.7813E+06 -2.8908E+05 -1.0342E+05
0000909   3.7836E+06  6.8093E+05  5.8692E+04
0000910   3.6409E+06 -9.2761E+05  2.0092E+05
0000911   5.2368E+06 -7.1839E+04 -7.4961E+05
0000912   2.9691E+06 -8.6148E+05 -4.2423E+05
0000913   3.7148E+06  1.0685E+06  6.2199E+05
0000914   3.6345E+06 -1.2741E+06 -6.8483E+04
0000915   2.6097E+06  1.3398E+06  1.0008E+06
0000916   2.9465E+06  8.4624E+05 -1.6622E+05
0000917   4.1144E+06  1.1324E+05  8.5447E+05
0000918   3.2561E+06 -9.4778E+05  4.0578E+05
0000919   2.9249E+06 -8.5563E+05 -3.2342E+05
0000920   4.2857E+06  6.7013E+05 -3.5059E+05
0000921   3.9167E+06 -4.2269E+05  4.9363E+04
0000922   4.5430E+06  3.6908E+04  3.8178E+05
0000923   2.9608E+06  1.1092E+06  3.5923E+05
0000924   2.9898E+06 -2.9294E+04  1.3726E+06
0000925   1.9533E+06  7.4886E+05  5.4284E+05
0000926   3.5469E+06 -6.7347E+05  6.5654E+05
0000927   2.0625E+06  1.0528E+06  5.8534E+05
0000928   4.5363E+06  1.3445E+06 -5.8319E+05
0000929   3.4384E+06  6.7188E+05  8.9531E+04
0000930   3.0650E+06  2.0063E+06  8.5586E+05
0000931   3.0425E+06 -8.8696E+05 -2.1538E+06
0000932   2.2720E+06 -7.1098E+05 -2.9194E+05
0000933   3.0434E+06 -1.7169E+06  1.3138E+06
0000934   2.5403E+06 -8.4049E+05 -1.1001E+06
0000935   1.9183E+06  1.1327E+06 -1.1627E+05
0000936   3.6617E+06  5.8809E+05  8.4552E+05
0000937   3.4337E+06  1.8365E+05 -1.6871E+05
0000938   2.8850E+06  1.3220E+06 -2.0707E+06
0000939   3.9507E+06 -7.0242E+05 -5.6821E+05
0000940   3.3150E+06  5.1696E+05  5.2371E+05
0000941   3.6536E+06 -1.0383E+06 -2.4810E+04
0000942   3.3633E+06  1.0330E+06 -2.3396E+05
0000943   3.9577E+06 -5.2664E+05 -8.7951E+05
0000944   3.5377E+06 -3.4280E+05 -4.7669E+05
0000945   4.1417E+06  1.9171E+05 -6.3133E+05
0000946   2.8445E+06 -1.1189E+06  2.5507E+05
0000947   4.1643E+06  2.1349E+05 -8.0931E+05
0000948   2.5714E+06 -5.7388E+05  3.3354E+05
0000949   4.2151E+06 -5.3722E+05  9.4897E+05
0000950   3.7072E+06 -8.4051E+05 -1.1626E+06
0000951   4.6900E+06 -4.2578E+04 -5.4371E+05
0000952   2.7164E+06  4.8594E+05  3.8344E+05
0000953   3.0264E+06 -8.5079E+04  2.8795E+05
0000954   4.3739E+06  4.3243E+05  4.7616E+05
0000955   4.7461E+06 -5.4309E+04  1.0883E+06
0000956   1.5617E+06  3.4982E+05  3.8433E+04
0000957   3.4988E+06 -3.0058E+05  1.1432E+06
0000958   3.4383E+06 -8.2006E+05 -1.2523E+05
0000959   4.5514E+06 -3.1241E+05  1.2870E+05
0000960   3.2735E+06 -5.0107E+05 -1.1533E+06
0000961   3.8100E+06 -4.0960E+05  5.6346E+05
0000962   3.1351E+06  2.0004E+06 -4.3391E+05
0000963   3.4026E+06  2.5339E+04  8.9663E+05
0000964   4.0910E+06 -4.3074E+05  5.3409E+05
0000965   4.3928E+06  1.3692E+05  9.1766E+05
0000966   2.2346E+06 -7.4121E+05 -7.3838E+05
0000967   3.9626E+06 -1.3697E+05 -3.6677E+05
0000968   2.3546E+06 -1.2432E+06 -1.7758E+05
0000969   4.2072E+06  6.7040E+05 -1.6581E+06
0000970   4.4225E+06  1.7721E+05 -5.0220E+05
0000971   2.6026E+06  1.8368E+05  9.5065E+05
0000972   3.3780E+06  2.0527E+04  1.0115E+06
0000973   2.5981E+06  5.1395E+04  9.0845E+05
0000974   1.7861E+06  4.7132E+05  9.6175E+05
0000975   3.9023E+06  6.4118E+04  3.5403E+04
0000976   4.6698E+06  9.7013E+04 -1.2318E+05
0000977   3.2323E+06  2.6193E+05 -2.4446E+05
0000978   1.7863E+06 -1.0317E+06 -2.4258E+05
0000979   2.9139E+06  6.1089E+05 -3.7483E+05
0000980   3.2377E+06 -9.5131E+05  4.7369E+05
0000981   4.2809E+06  2.4907E+05  6.1510E+04
0000982   3.3246E+06  1.4361E+06  3.1414E+05
0000983   4.2383E+06 -4.5185E+05  2.2582E+05
0000984   3.4185E+06 -1.1721E+06 -5.3567E+05
0000985   3.1207E+06 -1.3432E+06  8.9834E+05
0000986   2.4539E+06  2.6651E+05 -6.9940E+05
0000987   3.1825E+06  1.1341E+06  7.5641E+05
0000988   2.7898E+06 -3.4242E+05  2.6477E+05
0000989   4.1157E+06  9.8302E+04 -1.9135E+05
0000990   3.7488E+06  5.1314E+05  4.9582E+05
0000991   3.1597E+06 -3.6633E+05  9.2789E+05
0000992   2.4821E+06 -1.4366E+06 -2.1406E+05
0000993   3.4694E+06  1.0676E+06 -5.0842E+04
0000994   3.6714E+06 -1.0793E+06  1.7179E+06
0000995   5.9002E+05  9.5526E+05  2.6584E+05
0000996   2.4220E+06  2.0820E+06 -7.5047E+05
0000997   4.6901E+06 -1.6784E+05  3.8001E+05
0000998   3.6758E+06 -3.4776E+05 -8.1582E+05
0000999   2.6018E+06  3.1002E+05  7.8190E+05
0001000   3.6929E+06 -9.9720E+05  2.6928E+03
