============================== SRIM-2013.00 ==============================
==============================================================================
====== SRIM Outputs\RANGE_3D.txt : File of Final Ion Positions =====

Ion = Ar (18)   Ion Mass= 039.9620
Energy  = 2329951.E-05 keV
Ion Angle to Surface = 00.0 degrees
==================== TARGET =======================
  Layer # 1 - Layer 1
  Layer # 1 - Bottom Depth=500000.E+02 A
  Layer # 1 - Density =0000.0018 g/cm3
  Layer # 1 -  100 % of Ar
様様様様様様様様様様様様様様様様様様様様様様様様様様
                                            
Ion       Depth  X   Lateral Y   Lateral Z  
Number    (Angstrom) (Angstrom)  (Angstrom) 
-------  ----------- ----------- -----------
0000001   4.3240E+05 -5.8574E+05 -5.2349E+04
0000002   6.9322E+05 -2.6347E+05 -1.1628E+04
0000003   5.4005E+05  2.2715E+05 -1.8021E+05
0000004   3.6362E+05 -1.1915E+05  2.0886E+05
0000005   5.0922E+05 -1.1523E+05  3.3705E+05
0000006   6.0849E+05  8.7521E+04 -5.1998E+04
0000007   6.9856E+05 -1.0253E+05 -4.4621E+04
0000008   1.4650E+05 -9.2642E+03  3.8398E+04
0000009   5.6796E+05  1.8177E+05  3.3974E+05
0000010   3.3040E+05  1.7969E+05 -4.0228E+04
0000011   8.8159E+05 -3.3142E+05 -2.7267E+05
0000012   7.7119E+05  1.8375E+05  1.5288E+05
0000013   2.0764E+05  1.8242E+05  8.9591E+04
0000014   5.0265E+05 -3.0157E+05  1.9055E+05
0000015   6.0908E+05  1.1172E+05  2.5419E+05
0000016   3.4430E+05  2.2467E+05  3.5165E+04
0000017   5.1037E+05  4.6812E+05  2.7573E+04
0000018   5.2871E+05  2.3778E+05  3.9767E+05
0000019   6.9294E+05  2.4680E+05 -5.0713E+04
0000020   3.0292E+05  3.6699E+04 -3.5993E+04
0000021   5.7872E+05 -7.9905E+04 -8.1634E+04
0000022   3.9466E+05  1.5938E+04 -1.0634E+05
0000023   8.7204E+05 -3.3527E+05  2.0112E+05
0000024   2.6897E+05 -2.3702E+05  3.8709E+04
0000025   6.4370E+05  1.5809E+05 -8.8690E+04
0000026   4.2170E+05  7.2262E+04  1.6574E+05
0000027   9.8314E+05  7.3022E+04  2.3564E+05
0000028   4.9960E+05  2.2439E+05 -8.5952E+04
0000029   4.4501E+05  1.4521E+04  2.1279E+05
0000030   2.2902E+05 -1.5961E+05  2.2280E+05
0000031   9.8544E+05  4.6594E+05 -3.2997E+05
0000032   9.2461E+05  1.6398E+03  9.8868E+04
0000033   1.4315E+05 -1.9921E+05 -2.2889E+05
0000034   4.4401E+04 -2.0961E+04 -1.0602E+05
0000035   4.7589E+05  8.6030E+04  2.9452E+04
0000036   2.2128E+05 -8.4832E+03 -1.2306E+05
0000037   4.6355E+05 -2.3639E+05 -8.8910E+04
0000038   4.0227E+05 -1.2661E+05  5.4429E+04
0000039   2.7461E+05  1.3687E+05  9.4036E+04
0000040   3.9254E+05 -1.3845E+05  8.0320E+04
0000041   5.0593E+05  1.3866E+05 -2.2123E+05
0000042   1.7236E+05 -6.9921E+04 -2.2233E+04
0000043   3.3935E+05  8.9312E+04 -4.9664E+04
0000044   4.7213E+05  2.8807E+05  1.1289E+04
0000045   1.3265E+05  1.6110E+05  1.4085E+05
0000046   6.7509E+05  1.5387E+05 -9.8932E+04
0000047   6.8966E+05 -2.2281E+05 -3.2451E+05
0000048   4.9614E+05 -8.9218E+04  2.8993E+05
0000049   9.9723E+05  3.0970E+05  4.6925E+04
0000050   8.5821E+05 -1.6997E+05 -1.0138E+05
0000051   5.9054E+05  1.4514E+05 -1.3852E+05
0000052   4.3268E+05 -9.3161E+04 -1.4147E+05
0000053   4.0431E+05 -5.2421E+05 -5.3422E+04
0000054   4.3627E+05 -4.1866E+05  1.3446E+05
0000055   5.9133E+05 -1.2205E+05 -6.4536E+04
0000056   4.3874E+05 -2.0289E+04  1.6660E+04
0000057   2.9462E+05 -1.5983E+04 -2.6231E+04
0000058   4.9174E+05  2.9777E+02 -2.5756E+05
0000059   1.8291E+05 -5.9627E+05 -1.1328E+05
0000060   1.7419E+05 -1.1976E+05  3.2817E+04
0000061   1.0059E+06 -1.1499E+05  5.6676E+04
0000062   6.1083E+05  3.8311E+04 -2.9313E+05
0000063   5.6128E+05  3.8646E+05  1.3789E+05
0000064   2.8225E+05 -2.2745E+05  3.2047E+04
0000065   4.3882E+05 -5.4875E+05 -1.5614E+05
0000066   4.5386E+05 -8.7585E+04 -1.0384E+05
0000067   5.2841E+05 -4.0285E+04 -6.9180E+05
0000068   1.5520E+05 -1.5392E+05 -5.8254E+04
0000069   5.9163E+05 -1.2351E+05 -2.3159E+05
0000070   1.5466E+05  2.6991E+03  1.7607E+05
0000071   2.9830E+05 -2.1992E+05  6.3087E+04
0000072   3.7768E+05 -2.8078E+05  1.5008E+05
0000073   5.0050E+05 -2.5182E+05 -3.4549E+05
0000074   9.8302E+04  6.1699E+04  1.3438E+05
0000075   5.8101E+05  2.4915E+05 -4.3281E+05
0000076   7.8144E+05 -9.3367E+04 -2.2550E+04
0000077   5.7793E+05  2.4250E+05  3.7625E+05
0000078   6.5313E+05  4.5803E+04 -1.1626E+05
0000079   5.4549E+05  4.3582E+05 -2.5233E+05
0000080   4.0345E+05  2.0512E+05 -2.6408E+05
0000081   8.5152E+05  3.6440E+04 -2.2806E+05
0000082   5.3847E+05  2.2445E+05 -1.2327E+05
0000083   3.6292E+05 -4.1587E+04 -1.0186E+05
0000084   2.2297E+05 -1.0150E+05  2.8666E+04
0000085   7.5957E+05 -1.1252E+05 -4.7836E+05
0000086   8.2627E+04 -3.4377E+04 -1.1252E+05
0000087   6.2963E+05  2.5146E+05  2.3201E+05
0000088   7.9469E+05  4.0741E+04  1.5372E+05
0000089   6.9373E+05 -1.3159E+05 -3.7644E+04
0000090   3.0180E+05 -9.2558E+04 -3.2229E+04
0000091   2.9839E+05  1.2230E+05  1.9712E+05
0000092   4.8625E+05 -4.4903E+05 -4.8544E+05
0000093   4.3848E+05 -1.1394E+05 -9.1910E+04
0000094   3.9429E+05  8.2417E+04  8.9418E+03
0000095   2.9352E+05 -1.0559E+05 -1.5922E+04
0000096   7.0702E+05  3.7353E+05 -8.5571E+04
0000097   8.1633E+05 -9.7686E+04  3.1962E+04
0000098   6.3874E+05 -2.2755E+05 -2.8671E+05
0000099   4.6474E+05 -1.5313E+05  2.0078E+05
0000100   5.1981E+05 -1.8241E+05 -7.8235E+04
0000101   3.5362E+05 -5.8565E+04  6.4605E+04
0000102   5.3427E+05  8.7916E+04 -5.6588E+04
0000103   2.6454E+04  2.5053E+05 -3.0954E+05
0000104   6.0614E+05  1.2727E+05 -4.4061E+05
0000105   2.6390E+05 -2.2508E+05 -4.8327E+04
0000106   6.8142E+05 -2.7906E+04 -9.0424E+04
0000107   1.0619E+06 -1.6238E+05 -1.0150E+05
0000108   8.4338E+05  5.2106E+05 -4.1371E+05
0000109   3.7974E+05  1.4579E+05 -1.8711E+05
0000110   1.4669E+05 -4.2095E+04  1.9613E+04
0000111   5.4124E+05  3.7872E+04  2.6431E+04
0000112   3.3780E+05 -3.0101E+05 -6.1997E+04
0000113   5.8950E+05 -3.5966E+05  5.2251E+05
0000114   4.9863E+05 -2.7473E+04 -3.2613E+05
0000115   1.3397E+05  4.3208E+04  2.1670E+04
0000116   5.3597E+05 -5.6228E+04  6.4081E+03
0000117   1.4518E+05 -1.2735E+05  1.5078E+04
0000118   4.6644E+05 -2.0503E+05  3.8803E+04
0000119   6.7741E+05 -4.0680E+04  1.1148E+05
0000120   3.3728E+05 -5.3482E+04 -2.4274E+05
0000121   4.8390E+05 -1.9044E+05  2.8708E+05
0000122   5.3063E+05  3.2718E+05 -5.2362E+03
0000123   5.5787E+05 -1.5757E+05 -1.4492E+03
0000124   2.8613E+05  1.6929E+05  7.5592E+04
0000125   8.7113E+05  1.9047E+05 -1.8905E+04
0000126   9.3725E+05  3.2126E+05  2.1473E+05
0000127   3.5796E+05  2.2669E+05 -2.7277E+03
0000128   3.8098E+05 -3.2067E+05  2.4821E+05
0000129   5.6282E+05 -3.5449E+05  2.0375E+05
0000130   3.8476E+05  6.9134E+04  2.9594E+05
0000131   1.0419E+06  4.2310E+04  4.6763E+05
0000132   7.6076E+05  1.3575E+05 -1.1220E+05
0000133   1.1247E+05  6.2903E+04  2.3030E+05
0000134   5.1526E+05  5.8580E+04  2.9555E+04
0000135   4.1480E+05  1.4133E+05  2.5620E+05
0000136   4.9490E+05 -2.7826E+05  6.3075E+04
0000137   6.5878E+05 -5.9541E+04 -5.6615E+04
0000139   4.7394E+05 -8.0782E+04  1.9931E+05
0000140   7.2929E+05 -9.5288E+04  2.0570E+05
0000141   8.8341E+04 -9.6969E+04  4.0328E+04
0000142   1.8351E+05 -3.8414E+05 -1.3633E+05
0000143   3.8006E+05  9.7873E+04  9.5780E+04
0000144   5.7951E+05  1.5281E+04  3.8935E+05
0000145   4.5928E+05  2.2940E+05  4.0817E+05
0000146   6.4908E+05  8.2774E+04  1.2774E+05
0000147   1.9326E+05 -4.2951E+02  7.8217E+04
0000148   1.1168E+05  1.1238E+04  5.6662E+04
0000149   3.2801E+05  1.1651E+04  6.9624E+05
0000150   7.0328E+05 -5.3553E+04 -1.9004E+05
0000151   1.1828E+05 -4.4953E+04 -5.6471E+04
0000152   2.6357E+05  5.5572E+04 -2.9941E+05
0000153   2.4379E+05 -1.7925E+05 -7.3121E+04
0000154   7.9237E+05  8.9496E+04  1.9943E+04
0000155   9.2599E+05 -4.9088E+04  7.5298E+04
0000156   6.6848E+04  5.1226E+03 -2.7457E+04
0000157   4.8484E+05  4.4725E+05 -1.4807E+05
0000158   2.1780E+05 -5.5857E+04 -2.3441E+05
0000159   1.3977E+05 -4.5102E+05 -6.8349E+04
0000160   9.1430E+05  3.2924E+05  1.8996E+05
0000161   1.1378E+05  6.1986E+04  3.6371E+02
0000163   1.8698E+05 -1.1831E+05 -1.2438E+05
0000164   6.6775E+05  4.1039E+05  3.1607E+05
0000165   2.9393E+05 -7.4878E+04 -1.2141E+05
0000166   4.4638E+05  1.2266E+05  2.5715E+05
0000167   4.0668E+05  1.5087E+05 -2.6675E+03
0000168   7.4799E+05 -2.9491E+05  2.2984E+05
0000169   3.2040E+05  3.3290E+05  1.3174E+05
0000170   2.3391E+05 -6.4452E+04 -3.2187E+05
0000171   1.1452E+06  2.2429E+04 -3.8330E+05
0000172   1.4065E+05 -4.4114E+04  4.7894E+04
0000173   6.6901E+05 -2.4364E+05 -1.0221E+04
0000174   8.5437E+05 -1.0575E+05  2.0637E+05
0000175   6.4032E+05 -1.3690E+05 -1.6411E+05
0000176   5.3932E+05 -2.8812E+05 -2.8464E+05
0000177   5.1688E+05 -2.0837E+04  2.0845E+05
0000178   1.7879E+05  1.0564E+05  2.3803E+05
0000179   7.7995E+05  1.0032E+05 -1.9748E+05
0000180   6.1530E+05 -1.6437E+05 -5.4718E+05
0000181   1.3785E+05 -1.0337E+04 -1.0690E+04
0000182   1.1209E+06  5.0158E+04  2.6139E+05
0000183   1.3916E+05 -9.5961E+04  7.7604E+04
0000184   4.6692E+05  2.7441E+05 -2.6154E+04
0000185   4.0334E+05 -2.4288E+05  1.6342E+05
0000186   6.6967E+05  4.3080E+04 -2.8257E+05
0000187   1.8970E+05  1.7220E+04  1.6755E+05
0000188   7.5671E+05  3.3421E+05  8.8600E+04
0000189   4.0988E+05 -6.0079E+05 -2.3036E+05
0000190   1.2199E+05 -6.7901E+04  1.8057E+05
0000191   3.6726E+05  3.7810E+05 -3.2790E+05
0000192   3.2397E+05  2.8599E+05 -1.3570E+05
0000193   3.5492E+05  7.1746E+03 -1.4178E+05
0000194   6.9605E+05  1.6365E+04  6.2118E+04
0000195   6.3103E+05  5.6636E+04  3.5280E+04
0000196   3.7554E+05  1.5049E+05  1.6019E+05
0000197   2.8793E+04  2.8588E+05 -3.4347E+05
0000198   6.1013E+05 -2.5394E+05  9.7555E+03
0000199   3.9489E+05 -8.4539E+04  1.1067E+05
0000200   5.8901E+05 -1.4377E+05  2.9571E+05
0000201   5.4520E+05 -1.1865E+05  4.1715E+05
0000202   2.9367E+05 -1.6794E+05  1.2938E+05
0000203   2.9511E+05 -1.2511E+05  9.6682E+03
0000204   4.9188E+05  1.3632E+05  3.0235E+05
0000205   7.3046E+05  2.8377E+05  1.1520E+05
0000206   6.8389E+05  5.7155E+05  1.6153E+05
0000207   2.6258E+05 -9.4145E+04 -6.3853E+03
0000208   6.1277E+05  7.0901E+04 -3.3106E+05
0000209   3.9754E+05 -9.7044E+04 -6.2707E+04
0000210   3.8230E+05  2.3335E+05 -1.2863E+05
0000211   3.2861E+05 -2.1928E+05 -3.0947E+04
0000212   7.7942E+05 -6.7859E+04  3.8574E+04
0000213   2.0618E+05 -2.3974E+04 -2.7615E+05
0000214   3.1380E+05  8.5493E+04 -1.2153E+05
0000215   7.3353E+05  9.2513E+04  4.6933E+05
0000216   7.6868E+05 -9.3225E+04  2.3855E+05
0000217   8.5015E+05 -2.5874E+05  4.5409E+05
0000218   6.7097E+05 -1.8196E+05 -3.1667E+04
0000219   6.0575E+05  2.0617E+05  4.5980E+05
0000220   2.3918E+05 -7.6111E+04 -1.1697E+04
0000221   3.5550E+05  2.6156E+05 -1.7400E+04
0000222   9.3542E+04  2.0963E+05  1.9612E+05
0000223   1.6090E+05  3.6287E+05 -2.5163E+05
0000224   5.0115E+05  2.9281E+04  2.7775E+04
0000225   5.7296E+05 -2.9211E+05 -4.8651E+05
0000226   6.8879E+05 -2.4595E+05 -8.2644E+04
0000227   5.9670E+05  3.6857E+05  8.6258E+04
0000228   2.1249E+05  3.4011E+05 -4.7334E+04
0000229   3.7716E+05  2.5297E+05  6.0226E+04
0000230   6.3727E+05 -1.8566E+05 -8.5526E+04
0000231   2.9631E+05  5.0616E+04 -2.3179E+05
0000233   3.4283E+05  3.5862E+05  2.0915E+05
0000234   6.1726E+05  5.1022E+04  2.6493E+05
0000235   5.4942E+05 -9.1878E+04  2.6167E+05
0000236   8.3862E+05 -7.1640E+04 -3.3971E+05
0000237   6.5605E+05  1.7019E+05  3.5939E+05
0000238   4.9195E+05 -6.9678E+04 -3.6588E+04
0000239   7.9126E+05 -1.0663E+05  2.7524E+05
0000240   7.3212E+04 -6.6541E+04  1.8032E+05
0000241   4.9425E+05 -5.5496E+04 -5.7204E+03
0000242   5.6296E+05 -2.3101E+05  1.8691E+05
0000243   8.3666E+05  1.1529E+04  5.6284E+05
0000244   6.5415E+05  2.9999E+05 -4.2535E+04
0000245   8.6342E+05  2.5332E+05 -1.5429E+05
0000246   7.2484E+05 -5.2397E+04 -9.4446E+04
0000247   1.0439E+06 -2.9189E+05 -1.0246E+05
0000248   3.5079E+05  2.5902E+05 -6.8885E+04
0000249   6.1411E+05 -1.0612E+05 -1.6181E+05
0000250   6.7618E+05  2.6228E+05 -5.1872E+05
0000251   9.2451E+05  1.2868E+05 -2.0861E+05
0000252   3.5233E+05  2.6170E+05 -4.9349E+04
0000253   1.8999E+05  1.8328E+05 -1.3846E+05
0000254   6.6742E+05 -2.3813E+05  2.7397E+04
0000255   5.1590E+05  3.4195E+05 -1.8139E+05
0000256   4.0050E+05  9.3400E+04  1.3123E+05
0000257   8.9690E+05  3.2710E+05  2.1190E+05
0000258   5.4364E+05  3.3733E+05  1.1886E+05
0000259   8.2872E+05  4.3778E+05 -1.8517E+05
0000260   6.2018E+05 -4.2455E+03 -1.9369E+05
0000261   5.5184E+05  5.6516E+05 -2.5411E+05
0000262   5.6174E+05 -1.2576E+05 -4.9540E+05
0000263   1.1971E+06  2.0279E+04  1.6297E+05
0000264   7.4769E+05 -1.7866E+05 -2.8477E+04
0000265   2.2206E+05 -7.0347E+04 -4.4058E+04
0000266   1.4677E+05 -1.3589E+04 -1.9393E+05
0000267   4.9532E+05 -3.5071E+05  1.5882E+05
0000268   4.1130E+05  4.6944E+04  5.1588E+04
0000269   4.5631E+05 -1.3831E+05 -1.5292E+05
0000270   4.4778E+04 -2.1920E+05 -2.5145E+05
0000271   4.2975E+05 -1.4406E+05  7.6130E+04
0000272   6.1764E+05  5.7000E+04  3.8832E+05
0000273   1.7683E+05  1.0276E+05 -7.7544E+04
0000274   5.9938E+05  1.5218E+05  4.8127E+03
0000275   3.1664E+05  2.1563E+05 -6.0278E+05
0000276   2.4887E+05 -1.7437E+05  1.3667E+05
0000277   4.6395E+05  2.0447E+05 -3.6310E+04
0000278   3.8288E+05 -7.9402E+04 -4.4308E+05
0000279   7.8120E+05 -2.0126E+05 -1.0617E+05
0000280   5.0710E+05 -5.1320E+04 -1.9250E+05
0000281   3.9934E+04 -3.5982E+04 -2.4207E+03
0000282   1.0763E+06 -1.3479E+05 -9.7808E+04
0000283   5.5976E+05  1.7706E+05  2.3499E+05
0000284   1.6032E+05 -1.3419E+05  6.6152E+04
0000285   1.8613E+05  4.5551E+05 -2.5788E+05
0000286   8.5391E+02  5.8773E+04  2.9288E+04
0000287   1.0725E+05 -5.7806E+04 -1.0936E+05
0000288   6.1738E+05  2.3620E+05  1.6787E+05
0000289   4.7068E+05 -3.6237E+05  1.7112E+05
0000290   7.5568E+05  1.8636E+05 -4.3055E+05
0000291   9.1509E+05 -1.0895E+04  1.8576E+05
0000292   2.4720E+05 -6.9613E+04 -4.9307E+04
0000293   7.4472E+05 -4.7422E+04  4.0220E+05
0000294   6.0886E+05  7.2138E+04 -7.6606E+03
0000295   9.9321E+05  9.4596E+04  1.1882E+05
0000296   1.0756E+06 -3.0172E+05  1.5210E+05
0000297   5.8228E+05  5.2857E+04  2.9604E+03
0000298   7.1736E+05  1.9369E+04 -3.7823E+05
0000299   2.1050E+05 -9.5501E+04 -6.4247E+04
0000300   2.9810E+05  9.0411E+04 -5.6638E+04
0000301   2.4954E+05  1.3888E+05  4.3604E+04
0000302   1.9650E+05  9.7986E+04 -4.4935E+03
0000303   6.1949E+05  3.2759E+05 -2.2339E+05
0000304   2.4798E+05 -1.5942E+05  4.8015E+04
0000305   2.9838E+05  3.6084E+05  3.1606E+05
0000306   2.5560E+05  4.5184E+05  5.6576E+03
0000307   6.8110E+05 -1.3223E+05  3.7310E+04
0000308   2.1442E+05 -4.9383E+01 -6.6508E+04
0000309   5.5188E+05  1.4121E+05 -1.6402E+05
0000310   7.3619E+05 -1.9179E+04 -3.4484E+05
0000311   3.7803E+05 -7.6076E+05 -5.3358E+05
0000312   5.0529E+05  2.1813E+05 -4.7308E+04
0000313   7.8662E+05 -2.6149E+04  9.8208E+04
0000314   2.6498E+05  4.4683E+05 -2.8601E+05
0000315   3.8706E+05  3.5439E+05 -2.6238E+05
0000316   7.0581E+05  4.8569E+04  8.0514E+04
0000317   7.5807E+05 -1.7968E+04  3.8855E+05
0000318   5.3846E+05  2.3523E+05  9.9169E+04
0000319   6.6970E+05 -2.6071E+05  1.6061E+05
0000320   4.7650E+05 -5.9787E+04 -3.4288E+04
0000321   1.3730E+05  1.9730E+05 -5.7449E+04
0000322   6.2409E+05 -9.9653E+04 -8.5058E+04
0000323   2.3868E+05 -2.0716E+04 -1.0437E+05
0000324   7.4302E+05 -2.8174E+05  4.3627E+05
0000325   5.0763E+05  4.4704E+04 -9.8928E+04
0000326   4.3276E+05  4.0965E+04  1.3684E+05
0000327   3.0962E+05  3.4025E+04  3.5890E+05
0000328   6.2860E+05 -8.1617E+04 -2.1984E+04
0000329   3.9987E+05 -2.2402E+05  9.3128E+03
0000330   5.2216E+05  4.2971E+04  8.4269E+04
0000331   5.2570E+05 -1.8413E+04 -9.4502E+04
0000332   9.9766E+04  3.5038E+05 -5.2239E+04
0000333   7.2657E+05  1.8784E+05 -2.9753E+05
0000334   4.6619E+05 -2.3670E+05 -1.8777E+05
0000335   4.7556E+05  1.4786E+05  1.0301E+05
0000336   8.1992E+05  5.0468E+05 -3.3704E+05
0000337   4.0043E+05  3.4991E+05 -3.2122E+04
0000338   3.4386E+05  2.4112E+04  1.5196E+05
0000339   5.0364E+05  3.8360E+04 -8.1754E+04
0000340   4.4616E+05 -7.8222E+04 -1.4477E+03
0000341   6.8513E+05  1.1649E+04 -2.3930E+05
0000342   6.0864E+05 -1.5888E+05  5.3815E+04
0000343   3.5939E+05  1.5876E+05  2.9866E+05
0000344   5.6470E+05 -4.0786E+04 -2.2386E+05
0000345   5.2541E+05 -1.8225E+05  2.1707E+05
0000346   3.5760E+05  1.2719E+04 -1.6216E+05
0000347   8.8689E+05 -3.4428E+05 -3.3053E+05
0000348   4.6539E+05 -1.2828E+05 -1.5286E+05
0000349   4.6573E+04 -1.9322E+04 -1.6269E+05
0000350   2.8899E+05 -2.2416E+04 -1.7097E+04
0000351   2.3657E+05  8.2800E+03 -4.8171E+05
0000352   6.1125E+05 -1.8829E+05  3.2693E+05
0000353   1.6988E+05 -8.6602E+03  6.7028E+04
0000354   5.2482E+05  9.0569E+04 -4.5219E+04
0000355   3.1673E+05 -5.7379E+04 -6.1745E+03
0000356   5.1150E+05 -4.1097E+04  2.2305E+03
0000357   1.4971E+05 -5.6448E+04 -1.0803E+05
0000358   1.9437E+05 -2.4935E+04  1.1421E+05
0000359   2.4793E+05 -1.9371E+05  1.2683E+05
0000360   4.1295E+05 -1.8316E+05 -7.6290E+04
0000361   2.5019E+05  7.7725E+04 -9.2657E+04
0000362   3.9886E+05 -1.9887E+05 -5.2552E+05
0000363   3.7995E+05  7.7431E+04 -1.6409E+05
0000364   4.6494E+05  8.0026E+03 -4.7683E+04
0000365   6.9362E+05  9.1551E+04  1.6905E+04
0000366   2.3115E+05  4.7098E+04 -3.7714E+04
0000367   7.8454E+05 -4.4938E+05  4.5559E+05
0000368   1.1474E+06 -8.9497E+04  1.1182E+05
0000369   3.4688E+05 -1.0570E+05 -1.5672E+05
0000370   1.5377E+05 -1.3878E+05  4.2815E+04
0000371   1.4264E+06 -1.6154E+05  2.2476E+05
0000372   3.7926E+05  4.1601E+05  1.2288E+05
0000373   3.0102E+05  1.3357E+04 -1.3218E+04
0000374   7.9908E+05 -5.9264E+04 -3.1892E+05
0000375   1.1535E+06 -4.0239E+04 -2.5063E+04
0000376   2.8920E+05 -4.2690E+04  2.6348E+04
0000377   1.1170E+05 -1.4918E+05 -2.8975E+04
0000378   4.1909E+05 -3.9923E+04 -1.0182E+05
0000379   4.7756E+05  1.3035E+05  1.6621E+05
0000380   1.2758E+05 -1.4691E+05  4.5614E+04
0000381   8.3157E+05  4.5586E+05 -3.7555E+05
0000382   2.9286E+05  2.4418E+05 -1.8311E+05
0000383   9.3693E+05  1.7071E+05 -9.0662E+04
0000384   8.0038E+05 -1.8707E+05 -2.1106E+05
0000385   8.2609E+05  1.7451E+04  2.5844E+05
0000386   2.7574E+05  8.6607E+04 -1.9052E+05
0000387   2.0207E+05 -3.9758E+04  1.0015E+05
0000388   4.2630E+05  1.5033E+05  2.2186E+05
0000389   2.9173E+05 -1.9467E+05 -9.8450E+04
0000390   4.4463E+05  3.2744E+04  1.9681E+05
0000391   5.7384E+05  3.4721E+04 -1.8359E+05
0000392   5.9125E+05 -5.1260E+04  1.0130E+05
0000393   4.4540E+05 -1.3018E+05 -1.1183E+05
0000394   3.7017E+05  2.7322E+05 -7.2435E+04
0000395   7.1837E+05 -2.4200E+04  1.2484E+05
0000396   5.8018E+05  9.9048E+04  5.3866E+04
0000397   8.1447E+05 -8.3815E+04 -1.0353E+04
0000398   3.2621E+05  1.3445E+05 -1.8815E+05
0000399   8.4003E+05  3.3821E+05 -1.6486E+05
0000400   2.9318E+05  1.8974E+04 -2.3980E+04
0000401   7.0162E+05  3.4199E+04  2.8199E+04
0000402   4.4445E+05 -8.6631E+04 -4.7329E+04
0000403   3.0921E+05  3.0024E+03 -1.4836E+05
0000404   6.7849E+05  1.8057E+05  1.8405E+05
0000405   7.5254E+05 -1.5388E+04  4.4684E+05
0000406   5.4556E+05 -1.7590E+05 -8.0953E+04
0000407   1.0843E+06  1.0233E+05  1.0204E+05
0000408   3.9894E+05  1.5440E+05 -1.1324E+05
0000409   1.3538E+06 -3.5619E+05  1.1536E+05
0000410   4.0924E+05 -4.3884E+05  1.4934E+04
0000411   1.0113E+06  2.1498E+05 -9.1286E+04
0000412   5.5142E+05  8.1311E+04 -8.6126E+04
0000413   4.4017E+05  2.6001E+04  3.6008E+04
0000414   6.7003E+05 -2.3289E+05  2.9153E+05
0000415   6.7040E+05  5.0291E+04 -4.8462E+04
0000416   9.2141E+05  2.5269E+05 -2.1595E+05
0000417   4.6523E+05  1.6886E+05 -1.7032E+05
0000418   9.4983E+04 -1.3328E+05 -4.5693E+04
0000419   1.8231E+05 -9.1597E+04 -1.6411E+04
0000420   5.4840E+05  1.2870E+05 -6.1641E+03
0000421   1.0241E+06 -2.4677E+05 -1.0371E+05
0000422   6.2667E+05 -4.0375E+04 -1.7496E+05
0000423   6.0322E+05 -1.6706E+05  4.2974E+05
0000424   2.7212E+05 -1.4144E+05  4.9768E+05
0000425   5.0640E+05  2.1528E+05  4.3152E+05
0000426   1.1520E+05  7.7652E+04  9.4194E+04
0000427   1.1967E+05 -3.4901E+04 -9.3750E+04
0000428   4.9973E+05  3.2883E+05 -3.6484E+05
0000429   2.4570E+05 -1.3477E+05  9.6117E+04
0000430   5.1304E+05  7.8610E+04 -2.5832E+05
0000431   7.6844E+05 -7.2294E+04  1.5842E+05
0000432   2.4026E+05 -2.7398E+05  1.4725E+05
0000433   5.7907E+05  2.5256E+05  5.7630E+04
0000434   6.0773E+05  1.0690E+05 -1.3921E+05
0000435   6.1472E+05  5.3277E+05 -1.0096E+05
0000436   6.0291E+05  4.3687E+03 -9.2303E+04
0000437   4.5458E+05 -1.8913E+05  1.6904E+05
0000438   8.9575E+05  2.7130E+04  3.9924E+04
0000439   4.7874E+05 -1.3154E+05 -2.6360E+05
0000440   6.4752E+05  1.3721E+04 -5.4981E+04
0000441   5.0276E+05 -2.7803E+05  3.4504E+05
0000442   2.5341E+05  1.4247E+05 -1.7107E+05
0000443   5.3167E+05  1.6641E+05  1.1816E+05
0000444   1.8436E+05 -1.8046E+05 -3.0518E+04
0000445   6.1196E+05 -4.5475E+05 -5.0370E+04
0000446   4.0261E+05  7.7724E+04 -3.2318E+05
0000447   4.8578E+05  1.3246E+05  2.6775E+05
0000448   7.0410E+05  1.4051E+05 -3.6568E+05
0000449   6.6503E+05 -2.4367E+05 -1.0020E+05
0000450   3.2416E+05 -1.9045E+05  1.6482E+05
0000451   2.2274E+05  2.3627E+05  5.2068E+03
0000452   6.9495E+05 -2.0041E+04 -4.4522E+04
0000453   3.6007E+05 -1.3486E+05  3.4391E+05
0000454   9.4265E+05 -5.8500E+04 -8.2501E+04
0000455   4.9167E+05 -2.2688E+05  2.5733E+05
0000456   7.3543E+05  3.4211E+05  8.7590E+03
0000457   3.0117E+05  1.3089E+05  1.4488E+05
0000458   2.5801E+05  2.3408E+05  1.1879E+05
0000459   8.7846E+05  2.3935E+05  3.7105E+03
0000460   6.3363E+05 -2.5735E+03  1.4816E+05
0000462   2.5311E+05 -7.1098E+03  7.7338E+04
0000463   3.8847E+05 -2.2943E+05 -3.3131E+04
0000464   3.8596E+05 -2.6967E+05  3.1488E+05
0000465   3.2360E+05  1.5457E+05 -7.0331E+04
0000467   5.3320E+05  6.5338E+04  2.6269E+05
0000468   5.6279E+05 -2.6683E+05  6.5787E+04
0000469   4.0177E+05 -1.2862E+05 -1.4140E+05
0000470   4.8282E+05 -8.6031E+04 -2.3985E+05
0000471   2.6794E+05 -3.4138E+05 -2.3654E+05
0000472   2.0636E+05  2.2040E+05 -1.0109E+05
0000473   3.9654E+05  2.1016E+05  3.7023E+05
0000474   6.9524E+05 -9.3050E+04  1.7628E+05
0000475   6.7475E+05 -9.1073E+04  4.8237E+04
0000476   2.4421E+05 -5.7684E+03  3.4140E+05
0000477   1.0699E+06  3.6458E+05 -1.3342E+05
0000478   4.9621E+05  1.6442E+05 -3.1723E+05
0000479   3.4350E+05  3.0094E+05  4.0357E+05
0000480   1.2377E+06 -1.1673E+05 -3.9411E+05
0000481   5.0133E+05 -6.1504E+04  1.1879E+05
0000482   8.2446E+05  1.7726E+05 -3.7258E+04
0000483   6.3371E+05  1.3065E+05 -8.1076E+04
0000484   7.3725E+05  4.9772E+04  2.4260E+05
0000485   8.6345E+05  4.5151E+04 -8.3390E+04
0000486   4.7983E+05  3.3628E+04  2.7380E+05
0000487   6.5945E+05 -2.7086E+05 -2.2154E+05
0000488   4.4888E+05  1.3027E+05 -5.2197E+03
0000489   7.1805E+04  2.7297E+04 -2.2726E+05
0000490   2.3904E+05  1.2416E+05 -2.1558E+05
0000491   2.2993E+05 -1.8714E+05  1.0578E+05
0000492   6.4865E+05 -1.2669E+05 -6.8952E+04
0000493   1.0662E+06 -1.0026E+05 -2.5178E+05
0000494   2.0968E+05  1.2311E+05 -3.0809E+04
0000495   1.7562E+05  2.1088E+04 -1.3766E+04
0000496   2.1825E+05  4.3033E+04  6.0333E+05
0000497   6.5503E+05 -2.3921E+05 -2.3788E+05
0000498   1.4017E+06 -1.3853E+05  1.5264E+04
0000499   6.8586E+05 -1.2640E+05  1.1266E+05
0000500   9.8843E+05 -8.3477E+04 -6.8237E+03
0000501   4.5843E+05  1.6312E+05  1.0344E+05
0000502   8.5924E+05  5.2538E+05  2.3940E+04
0000503   1.9213E+05 -5.2129E+04  1.6479E+04
0000504   5.4855E+05 -1.8134E+05 -1.5548E+05
0000505   3.4428E+05  2.3958E+04 -1.3589E+05
0000506   3.8334E+05  5.0459E+04  2.0065E+05
0000507   2.2204E+05 -2.4799E+05  2.9545E+04
0000508   1.0442E+06  1.2824E+05  1.9223E+05
0000509   6.1389E+05 -4.5484E+05 -1.4976E+04
0000510   7.9183E+05  9.5335E+03  2.5706E+05
0000511   1.5109E+05  2.0476E+04  6.0644E+04
0000513   2.9221E+05 -1.2144E+05 -1.3264E+05
0000514   2.6854E+05  3.2638E+05  2.6016E+05
0000515   4.9928E+05  4.5690E+04 -7.9157E+04
0000516   8.5553E+05  2.6490E+05 -2.0227E+05
0000517   5.4973E+05 -4.0299E+05 -2.6965E+04
0000518   8.9355E+04 -1.9359E+05 -8.8207E+04
0000519   9.6420E+05 -2.1635E+05  1.6466E+05
0000520   6.0916E+05 -3.5458E+04 -7.9855E+04
0000521   4.4844E+05  2.9141E+05  6.3764E+04
0000522   2.0208E+05  3.0941E+05 -5.4351E+04
0000523   4.0837E+04 -3.1082E+05 -3.3624E+02
0000524   5.8799E+05 -3.0109E+04  5.3152E+04
0000525   3.4012E+05  6.5733E+04 -2.1485E+04
0000526   4.0557E+05  2.2332E+05 -5.0277E+05
0000527   2.0355E+05 -2.1103E+05  1.4536E+05
0000528   8.0721E+05  3.9274E+05 -2.6045E+05
0000529   8.6309E+05  8.7820E+04  2.1954E+05
0000530   5.8707E+05 -2.7666E+05  7.3603E+04
0000531   3.0225E+05  1.9948E+05  6.0766E+04
0000532   7.9676E+05 -4.2244E+05  4.2816E+04
0000533   3.3838E+05 -1.9377E+04 -4.7011E+05
0000534   6.6848E+05 -1.6874E+05 -1.5071E+05
0000535   4.7907E+05 -2.9025E+05 -1.5934E+05
0000536   6.2148E+05  6.8618E+03 -2.0629E+05
0000537   9.3203E+05  4.0393E+05  2.7439E+04
0000538   3.0786E+05  1.8081E+05 -1.3225E+05
0000539   5.2196E+05  3.4810E+05  3.7080E+05
0000540   3.9601E+05 -1.5319E+05 -2.0174E+05
0000541   5.2941E+05 -5.5665E+05 -1.6202E+05
0000542   3.3142E+05  2.3129E+05 -1.2275E+05
0000543   6.2266E+05 -1.9829E+05  7.8610E+04
0000544   4.4983E+05 -8.8579E+04 -1.2159E+05
0000545   5.8859E+05 -1.8927E+05  1.4008E+05
0000546   4.9821E+05 -3.6197E+05 -2.4541E+05
0000547   1.1701E+06  1.6517E+05  2.3315E+05
0000548   4.7431E+05 -1.6176E+05  1.7682E+05
0000549   5.7792E+05 -4.2586E+05  1.4291E+05
0000550   7.0154E+05 -3.0697E+05 -6.8821E+04
0000551   8.5434E+05  4.1805E+05  5.6258E+04
0000552   4.8222E+05  4.0759E+05  7.7076E+04
0000553   9.1053E+05  2.8947E+05 -9.6421E+04
0000554   1.1133E+05 -2.7864E+05 -6.4761E+04
0000555   4.3414E+05  1.3231E+05  1.8755E+05
0000556   4.1735E+05  5.3262E+04 -4.3416E+04
0000557   6.5826E+05 -1.5211E+05 -1.3537E+05
0000558   4.7576E+05  2.1756E+05  1.0174E+05
0000559   5.8971E+05 -3.0442E+05 -7.5906E+04
0000560   1.0564E+05  1.3946E+05  6.6224E+04
0000561   8.3162E+05  7.0343E+05  1.3486E+05
0000562   6.0801E+05 -1.4074E+05 -4.4942E+05
0000563   2.6556E+05  3.0665E+05 -1.6977E+05
0000564   1.0914E+06  1.8566E+05 -6.3891E+03
0000565   4.1754E+05 -1.8472E+05  1.8952E+05
0000566   8.4540E+05  1.5290E+05  7.7098E+03
0000567   7.5899E+05  1.9672E+05  5.8325E+04
0000568   2.7220E+05  4.2754E+04 -2.8661E+05
0000569   7.7969E+05 -2.1731E+05 -1.8205E+05
0000570   7.4720E+05  1.0694E+05  1.3589E+05
0000571   6.7542E+05 -1.3122E+05  6.9520E+04
0000572   1.5927E+05  1.0642E+05  1.0930E+05
0000573   6.1238E+05  1.9776E+05  2.1451E+05
0000574   7.2797E+05 -3.3223E+04  1.1198E+05
0000575   1.4000E+05  1.9694E+04  1.1532E+05
0000576   4.3200E+05 -6.4424E+04  5.4079E+04
0000577   1.6709E+05  4.6018E+05 -1.5496E+05
0000578   4.7264E+05  1.8794E+05  5.0257E+04
0000579   1.3363E+05 -2.1542E+03 -8.0611E+04
0000581   4.3034E+05  2.2917E+05  1.5173E+04
0000582   4.8917E+05  1.4242E+05 -1.6186E+05
0000583   3.5411E+05  2.6782E+04  1.0184E+05
0000584   4.2848E+05  1.2902E+05 -7.0812E+04
0000585   4.2537E+05  2.8471E+04  1.4339E+04
0000586   9.8780E+05  1.1818E+05  9.4679E+04
0000587   5.4303E+05 -6.3418E+04 -3.9041E+05
0000588   8.4947E+05  3.3722E+04 -2.9061E+05
0000589   2.7743E+05  2.0323E+05  1.4631E+05
0000590   6.2926E+05  4.9749E+05  7.6787E+03
0000591   1.1889E+06  2.3276E+05  2.8835E+05
0000592   4.8442E+05 -1.7371E+04  2.4049E+05
0000593   5.7282E+05 -1.2087E+05 -8.7882E+04
0000594   8.4998E+05  4.6504E+05  3.4160E+05
0000595   3.0674E+05 -1.3733E+05  1.6894E+05
0000596   3.1364E+05  7.7220E+04 -1.5170E+04
0000597   8.3229E+05 -4.5303E+05 -2.4809E+05
0000598   4.3123E+05  1.9246E+05  4.7565E+05
0000599   8.2305E+05 -8.3621E+04  5.1742E+03
0000600   7.7391E+05  2.4781E+05  2.8527E+05
0000601   8.1297E+05 -5.2385E+04 -3.3769E+05
0000602   4.8366E+05  2.9198E+05  2.9542E+05
0000603   2.0630E+05 -1.6361E+05  1.5296E+05
0000604   4.5977E+05 -4.7406E+05 -2.4639E+05
0000605   2.2537E+05  3.9471E+04  4.7671E+05
0000606   3.5827E+05 -6.4908E+04  4.7560E+05
0000607   3.2750E+05  8.2812E+04 -2.4155E+04
0000608   5.0732E+05 -1.6915E+05 -1.1472E+05
0000609   6.9081E+05  5.2326E+04  2.7128E+05
0000610   3.8332E+05  2.2570E+04 -3.2741E+04
0000611   3.7284E+05  1.4465E+05 -1.8773E+04
0000612   7.3177E+05 -1.9446E+05 -2.3105E+05
0000613   2.0748E+05  7.5007E+04 -1.1154E+05
0000614   1.2012E+06  3.6538E+05 -2.8099E+05
0000615   5.5395E+05 -1.7559E+05 -2.7667E+05
0000616   4.8122E+05 -1.5730E+05  1.6026E+05
0000617   1.0477E+06  1.0169E+05  2.2022E+05
0000618   8.3436E+05 -5.8660E+05 -1.6199E+05
0000619   7.9778E+05  2.8977E+05  1.0199E+05
0000620   4.7951E+05 -4.0804E+05 -1.7272E+05
0000621   4.2240E+05 -1.9965E+05 -7.5417E+04
0000622   1.2623E+05  1.8201E+03 -8.3463E+04
0000623   2.8769E+05 -3.3903E+05 -5.8059E+04
0000624   1.2867E+05  3.9848E+05  2.0313E+05
0000625   7.7418E+04 -7.5436E+03  6.9486E+04
0000626   4.4360E+05  1.9803E+05  3.0829E+05
0000627   5.6094E+05  8.5764E+04  2.5581E+05
0000628   4.6630E+05  4.6463E+05 -9.8232E+03
0000629   1.0078E+06 -8.3391E+04  2.1446E+05
0000630   4.2012E+05 -2.8940E+05 -4.8154E+04
0000631   7.7134E+05  7.5134E+04 -2.4326E+05
0000632   3.4417E+05  1.0606E+05 -1.0130E+04
0000633   8.2715E+05  1.0065E+05 -2.1821E+05
0000634   2.3664E+05  1.1766E+05 -1.7854E+05
0000635   4.4445E+05  2.1587E+05  1.7500E+05
0000636   8.1627E+05 -1.0753E+05  8.4674E+04
0000637   9.1318E+05  2.5226E+05 -2.2365E+04
0000638   3.8347E+05 -1.7440E+05  3.8313E+04
0000639   7.2307E+05 -2.7974E+05 -3.5217E+05
0000640   4.8081E+05  1.4282E+04  2.6524E+04
0000641   5.0277E+05 -2.0207E+04  3.5956E+05
0000642   5.8094E+05  3.1584E+05 -1.1976E+05
0000643   6.4723E+05  3.2062E+05  5.8373E+04
0000644   4.8502E+05  2.8018E+05 -8.4284E+04
0000645   8.2699E+05 -3.3142E+05 -3.1208E+05
0000646   7.0410E+05 -1.7208E+05 -3.7235E+05
0000647   4.2439E+05 -6.4090E+04  4.4795E+05
0000648   3.3219E+05 -1.1718E+05  2.4060E+05
0000649   9.4928E+05 -2.3764E+05 -1.9735E+05
0000650   1.1861E+06 -2.3391E+05  3.7301E+05
0000651   1.8175E+05 -4.4060E+04  5.7500E+04
0000652   2.0510E+05 -4.2545E+04  1.1140E+04
0000653   1.0172E+06 -2.8668E+05  1.2550E+05
0000654   4.5727E+05  1.6176E+05 -1.3329E+05
0000655   4.7795E+05  3.4607E+05 -1.3295E+05
0000656   7.4860E+05 -2.9948E+05  2.0417E+05
0000657   1.7747E+05  1.9167E+05 -9.2607E+04
0000658   6.2096E+05 -1.3718E+05 -3.1841E+05
0000659   2.2735E+05  1.5130E+05  4.8073E+05
0000660   1.7660E+05 -1.3557E+05  2.5429E+05
0000661   5.8401E+05  1.4951E+04 -1.4478E+05
0000662   3.0244E+05 -5.0194E+05  1.6273E+05
0000663   3.8112E+05  1.5404E+05  2.4545E+05
0000664   4.9408E+05  2.1371E+05 -8.4314E+04
0000665   6.7291E+05 -3.2470E+05 -2.5220E+05
0000666   6.2001E+05 -2.3553E+05 -2.4373E+05
0000667   3.5719E+05  5.3588E+04  3.0717E+05
0000668   3.7343E+05 -5.7656E+04 -2.2278E+05
0000669   3.4291E+05 -5.4412E+04 -4.7544E+05
0000670   3.7807E+05  1.5886E+05  1.6456E+05
0000671   4.5232E+05  2.1324E+04  5.0209E+04
0000672   3.2268E+05  8.9712E+04 -3.5219E+05
0000673   2.1076E+05 -2.0061E+05 -7.5607E+04
0000674   6.3042E+05  1.9771E+05  3.8170E+05
0000675   2.5595E+05  5.2900E+04  6.5227E+05
0000676   5.8031E+05 -1.3778E+05  1.9503E+04
0000677   7.5138E+05  1.1705E+05  9.0903E+04
0000678   5.9832E+05  2.1441E+05  2.3669E+05
0000679   5.1437E+05  3.1361E+05  1.6512E+05
0000680   9.7686E+04 -1.2024E+05  1.3675E+05
0000681   7.0174E+05  8.4622E+04 -1.1435E+05
0000682   4.7839E+05 -1.8119E+05  2.4619E+04
0000683   9.0115E+05  2.7787E+05  1.0285E+05
0000684   6.6497E+05 -1.1075E+05 -3.5336E+05
0000685   3.2045E+05  1.1756E+05  6.1668E+04
0000686   1.3187E+05  7.7159E+04 -7.0924E+04
0000687   3.5327E+05 -9.3256E+04  9.9619E+04
0000688   4.4229E+05 -1.6424E+05 -1.1555E+05
0000689   1.8444E+04 -1.4359E+05  3.6386E+03
0000690   1.0357E+06 -1.7583E+05 -2.9932E+05
0000691   8.5036E+05 -5.9266E+04 -1.7348E+05
0000692   6.7620E+05 -3.4882E+05 -3.0468E+05
0000693   5.8773E+05 -6.7205E+04 -5.0538E+04
0000694   4.2849E+05 -1.3108E+05  1.4233E+05
0000695   5.8511E+05 -1.8769E+05 -1.7921E+05
0000696   7.7209E+05  5.1478E+05 -5.3173E+04
0000697   3.1477E+05  2.2809E+05  1.7873E+05
0000698   2.9170E+05  2.1299E+04  1.4312E+05
0000699   4.0963E+05 -1.1631E+05  2.9687E+04
0000700   9.4153E+05 -1.2865E+05 -1.4221E+05
0000701   5.2080E+05  3.6161E+04  2.6082E+05
0000702   5.2257E+05 -2.0025E+05  1.3070E+05
0000703   4.1890E+05 -4.9643E+04  8.0025E+03
0000704   2.0303E+05 -1.1812E+04  1.0030E+05
0000705   2.9148E+05  8.5002E+04 -1.4954E+05
0000706   9.6166E+05  1.3109E+05  1.5119E+05
0000707   5.1224E+05  1.6652E+04  2.9837E+05
0000708   8.1691E+04  7.6527E+03 -8.4268E+03
0000709   5.9675E+05  1.6490E+05  5.0723E+05
0000710   5.0834E+05 -3.6133E+04 -2.1515E+05
0000711   9.6128E+05  1.4908E+05 -3.1959E+05
0000712   2.8114E+05 -6.2136E+05 -3.9230E+04
0000713   1.0568E+06  1.8379E+05  5.1162E+05
0000714   3.7889E+05 -1.0179E+05 -1.1054E+04
0000715   1.2662E+06  8.3503E+04 -1.1068E+05
0000716   5.3325E+05 -2.2591E+04  1.8721E+05
0000717   1.7477E+05 -1.3338E+05  1.7362E+05
0000718   6.0595E+05 -9.3508E+04  7.9504E+04
0000719   9.5384E+05  6.2055E+05 -1.7276E+05
0000720   6.6304E+05 -2.8825E+04 -5.6163E+04
0000721   2.2167E+05  1.8164E+05 -1.2471E+05
0000722   5.8478E+05  2.3021E+05  2.2441E+05
0000723   8.5671E+05 -1.0135E+05 -2.1470E+05
0000724   6.9813E+05  4.8012E+05  2.1976E+05
0000725   2.1846E+05 -1.0459E+05 -1.6134E+05
0000726   4.0768E+05 -1.2874E+04  2.6553E+04
0000727   4.2308E+05 -1.5455E+05  3.4943E+05
0000728   6.4333E+05  3.9766E+05 -6.1993E+05
0000729   1.3232E+05 -3.5707E+04 -6.4682E+04
0000730   4.3862E+05 -2.0970E+05  4.1193E+04
0000731   3.9721E+05 -9.7721E+03 -9.2263E+04
0000732   1.0118E+06  1.9953E+05  3.1425E+05
0000733   2.9851E+05  2.7829E+05  4.4566E+02
0000734   2.2929E+05  4.4027E+04 -5.0584E+04
0000735   5.2793E+05  2.1161E+05  2.7234E+05
0000736   4.9255E+05  3.0240E+04 -2.1295E+05
0000737   3.3939E+05  2.0706E+05 -1.6976E+05
0000738   5.5117E+05  6.3313E+05  9.1943E+04
0000739   2.0752E+05  8.9845E+04 -1.5017E+05
0000740   2.3097E+05 -6.3696E+04 -2.2047E+04
0000741   3.1827E+05  2.5022E+05  2.6638E+05
0000742   4.2049E+05  5.4836E+05 -8.0463E+04
0000743   2.9977E+05  9.4074E+04 -6.7060E+04
0000744   4.9009E+05  1.5617E+05 -6.2279E+05
0000745   2.9666E+05  1.5917E+05 -8.0867E+04
0000746   4.0342E+05  1.3423E+05  5.1508E+04
0000747   4.5496E+05 -2.8358E+05  1.9469E+05
0000748   4.6964E+05 -3.6808E+04  1.7073E+05
0000749   4.3991E+05  3.3786E+05 -8.7039E+04
0000750   6.4800E+05 -2.4311E+05  2.2827E+05
0000751   1.0090E+06  1.8955E+04 -7.3316E+04
0000752   7.6501E+04  6.5873E+03 -7.2686E+03
0000753   6.6152E+05 -6.6180E+04 -2.6168E+05
0000754   3.5620E+05  4.6774E+04  5.0207E+05
0000755   8.4880E+04  1.4204E+05 -2.3273E+05
0000756   5.3645E+05  5.4232E+04 -1.2973E+05
0000757   1.0152E+05  7.5685E+05  1.4911E+04
0000758   4.3249E+05  2.0008E+05 -1.3135E+05
0000759   7.4248E+05  4.5869E+04 -5.9213E+04
0000760   3.2438E+05  1.5882E+05  1.2615E+04
0000761   4.2740E+05  2.5283E+05  5.9449E+04
0000762   8.4360E+05 -1.7210E+05  1.1752E+05
0000763   1.7636E+05 -1.0198E+05 -1.0886E+05
0000764   1.9834E+05  5.6666E+03 -1.3521E+04
0000765   6.6613E+05 -3.9146E+05 -6.1977E+04
0000766   1.6260E+05  3.0282E+04  9.4836E+04
0000767   6.0888E+05 -4.2582E+05 -5.6760E+04
0000768   3.3341E+05  1.8924E+05  2.4746E+05
0000769   6.7530E+05  8.4025E+04 -3.4030E+05
0000770   3.3808E+05  1.4837E+05 -2.4145E+04
0000771   9.8074E+05 -2.9753E+05 -1.6953E+05
0000772   8.0691E+05 -1.1315E+05 -1.1299E+05
0000773   5.3163E+05 -4.6944E+05  2.6216E+05
0000774   6.8834E+05 -1.2588E+05  1.9304E+05
0000775   8.9438E+05  5.4417E+05 -2.8824E+04
0000776   4.9467E+05  2.7741E+05  3.2363E+04
0000777   7.7143E+05 -2.7105E+05 -3.6225E+05
0000778   7.8809E+05  9.3019E+04  2.3328E+05
0000779   1.7372E+05 -8.4306E+04 -2.0441E+05
0000780   7.0348E+05  1.6119E+05 -1.6503E+05
0000781   1.2582E+05 -6.3420E+04 -1.7029E+04
0000782   5.1804E+05 -2.6314E+05 -7.8754E+04
0000783   8.0558E+04 -8.6998E+04 -1.0982E+05
0000784   4.3528E+05  2.2681E+05  1.9380E+05
0000785   1.8634E+05  1.8548E+04 -5.3733E+04
0000786   4.9715E+05 -1.6845E+05  4.0905E+05
0000787   8.5543E+05  4.6776E+05  1.5468E+05
0000788   8.9851E+05  2.3244E+05 -1.7984E+05
0000789   1.8571E+05  9.7483E+03  4.8193E+04
0000790   9.8686E+05 -2.6465E+05  2.5302E+05
0000791   8.0257E+05 -5.4511E+05  1.7903E+05
0000792   2.9528E+05  4.4177E+03 -1.1511E+04
0000793   7.7252E+05  1.4784E+05 -1.2652E+05
0000794   5.5137E+05 -2.9772E+05 -1.8503E+05
0000795   6.2897E+05 -1.9063E+05  1.1229E+05
0000796   3.0490E+05 -5.0583E+04 -4.1501E+05
0000797   3.2875E+05  3.5018E+05  1.7371E+05
0000798   1.6032E+05  1.5772E+05  2.4722E+05
0000799   3.8302E+05 -1.6238E+05  1.2726E+05
0000800   4.9355E+05 -2.7431E+05 -3.9479E+04
0000801   3.5126E+05 -1.4940E+04  1.3032E+05
0000802   2.8166E+05  5.6629E+04 -4.9293E+04
0000803   4.7288E+05  3.9556E+04  1.6475E+05
0000804   6.6572E+05  3.9016E+04 -1.4362E+05
0000805   4.4024E+05 -6.3427E+04  1.7391E+05
0000806   4.2413E+05 -2.6957E+05  2.4422E+05
0000807   4.5651E+05 -1.0595E+05  4.2623E+04
0000808   4.9606E+05 -2.0033E+05  1.0477E+04
0000809   3.8853E+05 -3.2860E+04 -1.0109E+05
0000810   3.7040E+05 -1.3014E+05  7.2403E+03
0000811   5.4249E+05 -3.3383E+04 -4.9619E+05
0000812   1.1020E+06 -1.1883E+05 -1.1733E+05
0000813   2.6445E+05  5.2812E+04 -1.2037E+04
0000814   7.0191E+05 -1.1739E+05 -2.5736E+05
0000815   3.4623E+05  8.7723E+03  1.3700E+04
0000816   6.2323E+05 -2.8556E+05 -4.5661E+05
0000817   2.9728E+05  3.0953E+05  6.0818E+04
0000818   3.3196E+05  1.0875E+05 -3.3905E+05
0000819   9.6489E+05  5.4494E+04  2.2312E+05
0000820   6.9972E+05 -2.5239E+05  3.6994E+02
0000821   4.8306E+05  1.3809E+05  1.5573E+05
0000822   5.4498E+05  1.2263E+05 -4.5962E+03
0000823   5.9350E+05  1.7775E+05  3.0444E+05
0000824   3.2236E+05 -2.9239E+05 -1.0472E+05
0000825   3.1221E+05  1.7504E+05  1.2904E+05
0000826   6.0461E+05  2.8700E+05  9.5488E+04
0000827   3.9848E+05 -1.5783E+05  3.0784E+03
0000828   6.2839E+05  2.4658E+05  1.7225E+05
0000829   7.0506E+05  8.1772E+04 -2.3386E+04
0000830   7.0556E+05 -5.6185E+03 -7.0402E+04
0000831   4.3706E+05 -1.9671E+05 -9.7586E+04
0000832   3.2627E+05 -2.2166E+04 -3.7834E+04
0000833   7.4750E+05  3.7762E+05 -2.8662E+05
0000834   8.8399E+05  4.0210E+04 -6.6058E+04
0000835   9.8571E+05 -3.8908E+04 -1.2458E+05
0000836   7.4304E+05 -4.8741E+04  7.5119E+04
0000837   4.1259E+05 -1.7595E+05 -1.2098E+05
0000838   6.0368E+05  8.6322E+03 -5.7586E+04
0000839   6.5419E+05 -1.3983E+05  2.3854E+05
0000840   4.9205E+05 -2.9090E+04 -1.1687E+05
0000841   2.6286E+05  2.2029E+05  2.4305E+05
0000842   4.5948E+05 -2.6678E+05 -2.1308E+05
0000843   5.5864E+05  4.9137E+05  1.6567E+05
0000844   7.3390E+05 -5.5970E+04  2.1837E+05
0000845   6.9376E+05 -1.1854E+05 -3.4262E+05
0000846   4.7068E+05 -6.9690E+04  2.5575E+05
0000847   1.2011E+05 -4.6210E+05  1.2286E+05
0000848   1.5818E+05  1.5375E+05 -2.3545E+04
0000849   4.2961E+05  3.4300E+05 -1.7477E+05
0000850   4.4413E+05 -8.0007E+04  1.0554E+05
0000851   8.5114E+05  2.8595E+05  3.2042E+05
0000852   2.4857E+05 -5.8087E+04  1.3631E+05
0000853   2.4116E+05 -1.1935E+05 -1.6636E+05
0000854   2.9452E+05  4.0307E+05 -1.6657E+05
0000855   6.5689E+05  3.0226E+05  5.9038E+04
0000856   9.1248E+05 -1.4216E+04 -2.6696E+03
0000857   2.9803E+05 -2.8581E+05  6.3316E+05
0000858   6.3084E+05  3.4088E+04  5.2139E+05
0000859   5.2232E+05 -1.5038E+05  2.5653E+05
0000860   2.7483E+05  2.5297E+05 -1.2632E+05
0000861   4.4023E+05 -6.3272E+05 -7.8336E+04
0000862   5.1445E+05 -6.0662E+04  2.3968E+05
0000863   6.3454E+05  3.8806E+05 -8.6796E+04
0000864   3.2778E+05  1.3943E+05 -5.0319E+04
0000865   2.9958E+04 -3.5400E+05  1.7447E+05
0000866   6.3712E+05  7.5142E+04  1.2646E+05
0000867   3.6382E+05  1.0581E+05 -8.6334E+04
0000868   1.9823E+05 -1.3173E+04  3.3295E+04
0000869   8.0327E+05  9.6235E+04 -3.8311E+05
0000870   6.2267E+05 -3.8994E+05  2.2256E+05
0000871   4.6406E+05 -3.7701E+05 -1.3261E+05
0000872   5.3484E+05 -2.1402E+05 -5.5199E+04
0000873   6.6458E+05  1.1147E+05 -9.4263E+04
0000874   3.0187E+05 -1.9940E+04  3.3466E+05
0000875   5.8815E+05  2.6303E+05 -1.3161E+05
0000876   6.2888E+05 -1.6250E+05  1.2412E+04
0000877   2.9109E+05 -2.2991E+05 -3.2085E+05
0000878   6.1992E+05  3.8072E+05 -6.2529E+04
0000879   1.6443E+04  5.8773E+04 -1.3782E+04
0000880   3.7444E+05  3.0807E+05 -2.3791E+05
0000881   3.2427E+04  7.4884E+04  3.4033E+04
0000882   3.9763E+05 -4.0076E+05  1.3145E+05
0000883   7.2774E+05 -2.3184E+05 -3.4890E+05
0000884   2.9537E+05  4.2977E+04 -2.8686E+05
0000885   6.3263E+05  2.8183E+04 -1.9509E+04
0000886   3.5996E+05 -1.4983E+05 -5.8789E+04
0000887   2.6757E+05  9.7077E+04  6.5795E+04
0000888   6.6610E+05 -1.7779E+05 -1.8650E+05
0000889   1.4785E+05 -2.0530E+05  1.4932E+05
0000890   4.4258E+05 -6.4971E+04 -1.4560E+05
0000891   5.1962E+05 -2.1224E+05 -7.2555E+04
0000892   2.6530E+05 -5.0203E+04 -8.8027E+04
0000893   4.7236E+05  2.2142E+05  3.4014E+04
0000894   7.9462E+05  9.8150E+04 -9.5927E+04
0000895   3.7455E+05  2.5612E+05  1.7590E+05
0000896   5.7260E+05  1.2568E+05  3.1567E+04
0000897   2.8416E+05  9.1749E+04  1.6790E+05
0000898   5.9169E+05  1.7817E+05 -7.4525E+04
0000899   3.5390E+05 -1.9206E+05 -8.2824E+04
0000900   7.4692E+05 -1.9844E+05  1.2117E+05
0000901   7.5708E+05 -1.3595E+05  2.9065E+05
0000902   6.8180E+05  3.4404E+04  1.3825E+03
0000903   6.5686E+05  7.9169E+04  8.5544E+04
0000904   7.6247E+05  1.2193E+05  2.3561E+03
0000905   2.2101E+05 -4.4473E+04 -1.9891E+05
0000906   1.4971E+05 -8.2886E+04  6.0070E+04
0000907   8.9959E+05  6.6199E+04 -1.1220E+05
0000908   5.5343E+05 -1.2459E+05 -3.4088E+05
0000909   4.5780E+05 -1.3816E+05 -2.4362E+05
0000910   4.6887E+05 -3.1170E+04 -1.3850E+05
0000911   5.7217E+05  2.3791E+04 -5.0253E+04
0000912   9.7004E+05  3.5983E+05  1.2661E+05
0000913   5.4541E+05  1.6846E+05  3.1747E+04
0000914   5.0033E+05  6.6672E+04  1.1982E+05
0000915   6.7966E+05 -5.2535E+03 -4.7291E+04
0000916   4.3523E+05  1.3165E+05 -1.4974E+05
0000917   1.8409E+05 -1.4028E+05 -1.6543E+05
0000918   4.4053E+05 -8.5567E+04  1.1500E+05
0000919   9.5746E+05 -1.2078E+05 -8.4418E+04
0000920   8.5196E+05 -1.4803E+05  8.1890E+03
0000921   5.9703E+05  1.2811E+05 -6.0026E+04
0000922   4.9724E+05 -3.1928E+04  1.8768E+05
0000923   6.6736E+05  5.8213E+04  3.0935E+05
0000924   5.9094E+05  4.2744E+04  1.3361E+05
0000925   6.1179E+05 -8.6043E+04 -7.6770E+04
0000926   4.1145E+05 -2.6455E+05 -9.1776E+04
0000927   3.2792E+05 -4.7397E+03  1.9950E+05
0000928   2.7441E+05 -7.8633E+04 -9.1819E+04
0000929   4.6569E+05 -4.9289E+04  4.4266E+04
0000930   6.6835E+05 -9.0296E+04 -1.7093E+05
0000931   2.8974E+05 -2.0244E+05 -1.3921E+05
0000932   7.9163E+05 -4.5285E+05 -4.1306E+05
0000933   5.7517E+05 -2.1595E+05 -4.9535E+05
0000934   4.6720E+04 -1.0943E+03 -3.7082E+04
0000935   6.5224E+05 -3.2196E+05  2.7558E+05
0000936   4.5747E+05  2.3537E+05 -1.4948E+05
0000937   6.7800E+05 -5.7098E+04  3.4608E+05
0000938   4.5918E+05 -3.6551E+05 -3.4653E+05
0000939   1.0796E+06 -8.2805E+04  7.3575E+04
0000940   2.2090E+05  3.8657E+04 -9.8866E+04
0000941   8.5103E+05 -1.5383E+05 -1.8998E+05
0000942   1.7103E+05  6.0200E+04  6.0197E+04
0000943   5.1813E+05 -1.2473E+05 -5.4462E+05
0000944   5.9225E+05  4.2671E+04  1.9342E+04
0000945   9.2227E+05  4.2953E+04  2.6560E+05
0000946   4.6767E+05 -1.8704E+05 -5.6147E+04
0000947   5.6660E+05 -4.7835E+04 -1.7641E+05
0000948   8.6179E+05 -3.2722E+05  1.0883E+05
0000949   9.2567E+05 -1.1964E+05 -6.1245E+05
0000950   5.1898E+05 -1.4586E+04 -2.5100E+05
0000951   4.3592E+05  8.0829E+04 -4.0611E+05
0000952   3.8124E+05 -1.0437E+03  1.0991E+05
0000953   3.2944E+04  4.7565E+05 -5.4868E+04
0000954   5.1708E+05 -1.3030E+04  2.3978E+04
0000955   6.4908E+05 -2.3780E+03 -1.8369E+04
0000956   8.8254E+05 -3.3051E+05  2.7636E+05
0000957   7.2567E+05 -2.8862E+05 -2.4039E+05
0000958   8.6558E+04 -7.2931E+04 -7.6996E+04
0000959   6.9645E+05 -5.1652E+05 -3.0479E+05
0000960   3.7913E+05  1.6128E+05  2.0839E+05
0000961   7.6130E+05 -1.0922E+05  1.3201E+05
0000962   3.4028E+05 -2.0391E+05 -1.3352E+05
0000963   3.0962E+05  7.5478E+04  2.6358E+04
0000964   3.9120E+05  1.9247E+05 -3.2714E+05
0000965   6.8635E+05  1.8929E+05 -8.3024E+04
0000966   8.0774E+05 -4.6420E+05 -2.5686E+05
0000967   6.3144E+05 -2.0037E+05 -1.1923E+04
0000968   5.9568E+05 -4.6795E+04 -2.6261E+05
0000969   4.8917E+05 -1.1505E+05 -1.6323E+05
0000970   1.5556E+05  2.5834E+04  1.8006E+05
0000971   4.2864E+05  3.2060E+05 -1.8493E+05
0000972   4.8706E+05 -6.8816E+04  3.3851E+04
0000973   4.8161E+05 -2.5860E+05 -8.7282E+04
0000974   6.2580E+05 -2.6278E+05  2.9361E+05
0000975   4.9018E+05  5.1063E+04 -4.0887E+04
0000976   3.0002E+05 -7.4854E+04  1.3656E+05
0000977   5.7064E+05  2.3565E+05 -3.9545E+03
0000978   7.3919E+05  2.9393E+05 -2.3457E+05
0000979   4.2016E+05 -5.2457E+04  2.9492E+05
0000980   1.1619E+06 -3.2965E+04  2.6182E+05
0000981   6.2842E+05 -2.0604E+05  2.7163E+05
0000982   1.4536E+05  3.7803E+05  2.8347E+05
0000983   8.6161E+05 -7.3500E+04  7.0730E+04
0000984   4.7204E+05  2.2307E+05  4.8396E+05
0000985   4.6016E+05  3.7693E+04 -6.9650E+05
0000986   7.7020E+05  3.6543E+05  1.8250E+05
0000987   5.6139E+05 -2.8344E+05 -5.1205E+05
0000988   1.8631E+05  1.5730E+05 -3.9817E+04
0000989   1.3205E+05 -1.3543E+05  2.5097E+04
0000990   5.5065E+05  4.0227E+05  2.7630E+05
0000991   4.3218E+05 -5.7124E+04  1.1888E+05
0000992   4.6038E+05 -8.9399E+04 -2.3003E+04
0000993   4.3720E+05  3.5848E+04  3.7350E+05
0000994   5.1190E+05  2.6168E+05 -3.0344E+04
0000995   8.5327E+05 -1.2324E+05  5.4896E+03
0000996   4.6649E+05  6.5055E+05 -1.7988E+05
0000997   7.5155E+05  2.6884E+04  2.1477E+05
0000998   4.8682E+05 -1.1680E+05 -1.2999E+05
0000999   6.2738E+05  3.6659E+05 -1.5445E+05
0001000   5.1259E+05 -5.3182E+04 -4.9626E+05
