============================== SRIM-2013.00 ==============================
==============================================================================
====== SRIM Outputs\RANGE_3D.txt : File of Final Ion Positions =====

Ion = Ar (18)   Ion Mass= 039.9620
Energy  = 7906043.E-05 keV
Ion Angle to Surface = 00.0 degrees
==================== TARGET =======================
  Layer # 1 - Layer 1
  Layer # 1 - Bottom Depth=500000.E+02 A
  Layer # 1 - Density =0000.0018 g/cm3
  Layer # 1 -  100 % of Ar
様様様様様様様様様様様様様様様様様様様様様様様様様様
                                            
Ion       Depth  X   Lateral Y   Lateral Z  
Number    (Angstrom) (Angstrom)  (Angstrom) 
-------  ----------- ----------- -----------
0000001   2.0196E+06  7.0646E+05  5.4861E+04
0000002   7.5052E+05 -5.7637E+04  6.5139E+05
0000003   1.4630E+06 -5.2339E+05  3.2751E+05
0000004   1.6305E+06  8.4537E+05  1.4510E+05
0000005   8.0113E+05  1.1698E+05  1.7135E+05
0000006   2.3633E+06  1.0862E+06 -4.3031E+05
0000007   2.0393E+06 -6.7586E+05  3.5999E+05
0000008   1.9687E+06  3.2434E+05 -7.6169E+05
0000009   2.6559E+06 -7.4493E+05 -2.2436E+05
0000010   7.5009E+05 -3.0677E+05  5.8524E+05
0000011   1.9795E+06  3.1499E+05 -3.3238E+05
0000012   2.6993E+06  7.3441E+04  1.0291E+06
0000013   1.1841E+06  9.0638E+03 -5.6482E+05
0000014   1.2531E+06 -3.8531E+05  2.2835E+05
0000015   1.6883E+06  3.7681E+05  6.0082E+05
0000016   2.8120E+05 -3.2278E+04 -8.4091E+05
0000017   2.0352E+06  8.4097E+05  1.6692E+04
0000018   1.4983E+06  3.0429E+05 -6.9599E+05
0000019   3.9898E+05 -2.0057E+05  2.1903E+05
0000020   1.1989E+06 -1.4520E+05  2.5674E+05
0000021   1.8308E+06 -2.0099E+04  7.6978E+04
0000022   8.9552E+05  2.6016E+05  4.2521E+03
0000023   1.3680E+06 -8.9800E+05 -9.3911E+05
0000024   7.5040E+05 -2.7676E+05 -3.5489E+04
0000025   1.5529E+06  1.3061E+05  3.2210E+04
0000026   2.5950E+06  5.3302E+05 -4.8444E+05
0000027   3.3241E+06 -8.6272E+05 -3.8882E+05
0000028   3.8412E+05  7.6836E+05 -2.3294E+05
0000029   2.3641E+06  8.7994E+05  6.0626E+05
0000030   1.4124E+06 -1.1107E+06  5.9486E+05
0000031   1.7047E+06 -2.1190E+05 -6.1811E+05
0000032   1.6241E+06 -5.9827E+05 -2.6906E+05
0000033   5.5225E+05  3.3442E+05 -2.8170E+05
0000034   2.2365E+06  1.1571E+06  8.4711E+04
0000035   2.8013E+06  5.3815E+05 -4.6602E+05
0000036   2.3071E+06  2.8653E+05  1.0577E+06
0000037   2.5308E+05 -1.0662E+06 -4.8849E+05
0000038   1.6203E+06  4.6847E+05  9.9677E+05
0000039   1.3090E+06 -1.4244E+05  4.0936E+05
0000040   1.9407E+06  1.0874E+06  2.5417E+05
0000041   2.1078E+06 -4.4730E+05  6.2052E+05
0000042   1.3809E+06 -2.6418E+05 -1.3196E+05
0000043   5.2909E+05 -2.4457E+05 -1.3718E+06
0000044   1.3751E+06 -2.8921E+05 -2.5752E+05
0000045   2.0581E+06 -4.0982E+05 -1.6755E+06
0000046   2.6214E+06 -9.3211E+05  7.6342E+05
0000047   7.9549E+05  8.4159E+04 -1.7097E+05
0000048   2.5291E+06 -3.3569E+04 -7.1191E+05
0000049   2.1744E+06 -7.6343E+05  3.3087E+05
0000050   1.2387E+06 -2.3562E+05 -6.7780E+05
0000051   1.7820E+06 -4.7443E+05  3.0008E+05
0000052   1.4441E+06 -1.5592E+05 -6.2430E+05
0000053   1.5006E+06  1.0681E+06 -3.0518E+05
0000054   2.3393E+06 -5.5477E+05 -1.0813E+06
0000055   6.3102E+05  9.9236E+04 -9.8246E+04
0000056   6.9340E+05  1.5273E+04  6.3758E+05
0000057   1.3338E+06 -5.2460E+05 -3.9127E+05
0000058   1.8639E+06 -1.0953E+06 -4.1363E+04
0000059   2.8059E+06  2.6263E+04 -1.8132E+05
0000060   1.1239E+06  4.0947E+05  1.2554E+05
0000061   1.1708E+06 -1.0325E+06  1.4872E+05
0000062   2.2639E+06 -3.9212E+05 -2.6159E+05
0000063   3.9135E+06 -6.1056E+05  1.6739E+05
0000064   9.6905E+05  5.6934E+05 -3.1755E+04
0000065   8.0935E+05  9.9985E+05  8.6217E+04
0000066   1.1369E+06 -4.0255E+05  1.6105E+05
0000067   7.0971E+05 -1.5456E+06 -5.3841E+05
0000068   2.6920E+06 -1.2834E+06 -5.5567E+05
0000069   1.5680E+06  5.6714E+05 -7.6712E+05
0000070   1.0224E+06 -1.0733E+05  2.4883E+05
0000071   3.1871E+06 -8.4097E+05 -7.3230E+05
0000072   2.1085E+06  3.8240E+05 -6.5366E+05
0000073   1.7993E+06  6.5092E+05 -7.2897E+05
0000074   1.3096E+06  1.1020E+05  6.1135E+05
0000075   7.6641E+05  1.0704E+04 -9.1863E+04
0000076   1.3223E+06 -4.8942E+05  1.8506E+05
0000077   2.4664E+06  1.0242E+06 -1.2300E+06
0000078   2.1566E+06 -5.0131E+05 -6.8546E+05
0000079   2.2376E+06  2.4531E+04  1.1319E+06
0000080   1.7521E+06 -7.5708E+05 -8.8273E+04
0000081   2.4585E+06  1.1211E+05  1.9503E+05
0000082   1.7013E+06 -5.8575E+04 -5.9480E+05
0000083   3.0414E+06 -2.2317E+05  7.3262E+05
0000084   1.4315E+06 -3.7903E+05  1.0263E+06
0000085   1.3789E+06  4.5700E+04  1.0918E+05
0000086   2.0966E+06 -5.1315E+05 -2.5931E+05
0000087   1.1622E+06  1.4547E+06  3.9677E+05
0000088   2.0208E+06 -2.8394E+05 -5.4340E+05
0000089   6.0930E+05  1.4909E+05 -1.0476E+06
0000090   2.0590E+06  6.1244E+04 -7.6443E+05
0000091   1.3982E+06 -3.3712E+05 -2.6649E+05
0000092   1.9841E+06 -5.6396E+05 -1.1212E+05
0000093   2.4698E+06 -1.9329E+05  6.1573E+05
0000094   2.2984E+06  1.8439E+05 -4.0493E+04
0000095   7.4908E+05 -3.2373E+05 -2.8832E+05
0000096   1.2134E+06  6.3667E+05 -2.4803E+05
0000097   1.6746E+05 -1.9828E+05  1.1590E+06
0000098   2.2102E+06 -4.4012E+05  1.1027E+06
0000099   7.8999E+05  6.6518E+05 -5.6223E+04
0000100   1.3165E+06 -5.6998E+05 -6.8564E+05
0000101   2.4437E+06 -1.0947E+06  7.1348E+05
0000102   1.6441E+06 -4.6065E+05 -6.0373E+05
0000103   1.7191E+06 -8.7638E+05 -8.7856E+05
0000104   2.1410E+06 -3.5319E+05  2.2297E+05
0000105   2.1960E+06 -2.0468E+05 -2.7078E+05
0000106   1.5365E+06 -9.7872E+04 -1.3912E+05
0000107   1.6286E+05  4.8435E+04 -5.2789E+05
0000108   1.4756E+06  1.3423E+04  2.3604E+04
0000109   2.8736E+06 -2.5886E+05  5.5924E+05
0000110   1.3148E+06 -7.7874E+05  3.7298E+05
0000111   1.5915E+06 -5.4175E+04  1.0327E+06
0000112   2.3614E+06 -9.8354E+04 -6.5091E+05
0000113   1.5183E+06  5.6999E+04 -1.6055E+05
0000114   1.1135E+06 -8.5588E+05  5.1436E+04
0000115   2.5692E+06 -1.6909E+04  8.5867E+05
0000116   1.2570E+06  1.1629E+05 -2.9276E+05
0000117   5.7092E+05 -6.1231E+05  3.7547E+05
0000118   1.1096E+06  1.9499E+05  2.5064E+03
0000119   2.3295E+06 -2.3631E+05  6.9813E+04
0000120   1.2211E+06 -4.6405E+05 -2.7953E+05
0000121   1.8902E+06 -8.0347E+04 -1.1582E+06
0000122   1.8960E+06 -2.0320E+05 -5.8662E+05
0000123   1.9789E+06  9.6839E+05 -1.8457E+05
0000124   1.4463E+06 -1.0535E+05  1.6384E+05
0000125   2.7330E+06  3.7896E+05  5.7094E+05
0000126   2.0816E+05 -3.7715E+05 -3.1194E+05
0000127   1.3425E+06  4.3998E+05 -1.5927E+05
0000128   2.7382E+06  1.3454E+05 -1.2317E+06
0000129   2.0299E+06 -1.1377E+06 -3.0435E+05
0000130   1.1966E+06  1.9028E+05  4.4471E+05
0000131   4.3424E+05  3.0705E+05  3.5729E+04
0000132   1.3733E+06 -5.6830E+05  2.9506E+05
0000133   2.4720E+06  4.7330E+05  4.5677E+05
0000134   2.4402E+06 -1.9230E+05  3.8013E+05
0000135   8.7574E+05 -7.4211E+05 -2.4547E+04
0000136   4.7638E+05 -1.1623E+06  1.2780E+06
0000137   1.1400E+06 -1.1206E+05 -4.2048E+04
0000138   2.5729E+06 -5.0203E+05  1.8913E+05
0000139   2.2800E+06  4.5740E+05  8.8473E+04
0000140   2.7910E+06  6.3191E+05  3.9149E+05
0000141   1.2061E+06 -5.1680E+04 -1.4192E+05
0000142   9.6413E+05 -1.1839E+06  4.6023E+05
0000143   1.2359E+06 -8.7101E+04 -2.6342E+05
0000144   1.6361E+06 -3.3497E+05 -1.0298E+06
0000145   2.1432E+06 -4.0428E+05 -5.4210E+04
0000146   1.9338E+06 -4.0583E+05 -2.6560E+05
0000147   3.2838E+05 -1.2090E+06  8.2544E+04
0000148   1.0054E+06 -1.2631E+05 -4.6333E+05
0000149   8.7850E+05  6.7936E+04 -6.3834E+05
0000150   7.1535E+05  4.5328E+05  4.5256E+04
0000151   1.5499E+06  6.6630E+04 -7.9296E+05
0000152   1.8910E+06  5.4039E+05 -9.6995E+05
0000153   2.2793E+06  2.5589E+05 -2.1548E+04
0000154   1.4625E+06  3.1422E+05 -1.3771E+06
0000155   2.2146E+06 -1.8243E+05  2.6270E+05
0000156   1.9464E+06  2.2723E+05 -1.7124E+05
0000157   1.0492E+06 -7.3760E+02 -1.6729E+05
0000158   2.5667E+06 -1.8534E+05  1.2072E+06
0000159   5.8706E+05  1.4972E+05 -6.5668E+04
0000160   1.2064E+06  1.2721E+06  8.3812E+05
0000161   1.2826E+06 -3.9667E+05 -6.8599E+05
0000162   1.7541E+06 -7.9953E+05  7.7335E+05
0000163   1.7783E+06 -2.1303E+05  6.0865E+05
0000164   4.0382E+05  2.2928E+05  7.0806E+05
0000165   2.3968E+06 -8.2304E+05  2.8641E+05
0000166   1.6096E+06  4.5091E+05 -2.2821E+05
0000167   1.0286E+06  7.5804E+05  1.3394E+05
0000168   9.4240E+05  2.0800E+05 -2.3696E+05
0000169   7.2880E+05 -2.3739E+04 -2.9918E+05
0000170   1.4500E+06 -1.2814E+05 -4.1159E+05
0000171   1.8852E+06  1.6017E+06 -4.5518E+05
0000172   1.6809E+06  8.5104E+05 -6.2374E+05
0000173   1.8871E+06 -6.4148E+04 -1.0033E+05
0000174   2.0546E+06 -8.3763E+05  1.2681E+05
0000175   1.0449E+06  9.9920E+04 -7.4750E+04
0000176   7.5923E+05  2.4577E+05  3.5416E+05
0000177   2.0259E+06 -5.1418E+05 -7.2056E+05
0000178   1.6922E+06 -1.6545E+05  5.2160E+04
0000179   1.3738E+06  5.7027E+05 -1.8516E+05
0000180   7.1990E+05 -2.7806E+05  2.1113E+05
0000181   5.0707E+05  2.4171E+05  6.8380E+04
0000182   1.6712E+06 -1.1124E+05 -5.4129E+04
0000183   1.3354E+06  1.2509E+06 -2.5826E+05
0000184   2.1612E+06  4.2314E+05 -5.4517E+05
0000185   1.9502E+06  1.1022E+06  6.2305E+05
0000186   8.1890E+05  1.4577E+05  4.5243E+05
0000187   8.4791E+05 -8.6912E+04  4.4540E+05
0000188   2.2406E+06  9.4794E+05 -3.2502E+05
0000189   5.9555E+05 -1.0635E+05  1.6621E+05
0000190   1.3722E+06  1.6858E+05  5.7807E+03
0000191   1.8915E+06 -3.2302E+05  1.7312E+04
0000192   2.6163E+06  3.3311E+05  3.0113E+05
0000193   1.2259E+06 -6.0197E+05  1.4633E+05
0000194   2.7620E+05 -3.0904E+05 -5.7744E+04
0000195   1.4826E+06  4.0156E+05  1.7200E+05
0000196   1.5081E+06  4.7207E+05  3.5306E+05
0000197   2.4549E+06  7.0691E+05 -3.6700E+05
0000198   2.1967E+06 -5.3663E+05 -5.8329E+05
0000199   1.6048E+06  2.4174E+05  4.4841E+05
0000200   2.8378E+06  7.2435E+05 -1.3166E+04
0000201   2.0831E+05 -7.1859E+04 -1.4435E+05
0000202   1.3210E+06  9.8450E+05  3.0956E+05
0000203   1.1192E+06  3.3656E+05  1.1836E+05
0000204   2.8500E+06 -6.5701E+05 -1.3511E+05
0000205   1.4680E+06 -1.0821E+06  1.4048E+05
0000206   2.5071E+05  3.0980E+03 -1.0540E+06
0000207   1.5179E+06 -3.8174E+05 -2.1345E+05
0000208   3.1468E+05  1.1044E+05  7.6128E+05
0000209   1.0752E+06  1.5731E+06 -8.7867E+05
0000210   2.2402E+06  4.4241E+05  2.6842E+05
0000211   1.4700E+06  5.9986E+05  1.5862E+05
0000212   1.8667E+06 -7.0160E+04 -4.2610E+05
0000213   1.5188E+06 -2.3563E+05  9.1723E+03
0000214   6.4295E+05  3.2782E+04 -3.0084E+05
0000215   3.1858E+05 -6.4305E+04  1.8083E+05
0000216   1.4544E+06 -4.9446E+05  9.2185E+05
0000217   8.1481E+05 -2.3495E+05 -2.9653E+05
0000218   1.6066E+06  1.2096E+06  7.9209E+05
0000219   1.3447E+06  1.0715E+06  1.1613E+06
0000220   8.4240E+05 -6.9683E+04  2.5598E+05
0000221   1.6378E+06  1.2253E+06  5.0280E+04
0000222   2.9642E+06 -5.5692E+05  5.8169E+05
0000223   1.0669E+06  2.9506E+05 -1.0685E+05
0000224   2.0062E+06 -1.3519E+06 -7.4374E+04
0000225   1.0177E+06 -6.0526E+05 -2.4338E+03
0000226   1.4273E+06  8.8551E+05 -9.5308E+05
0000227   1.2263E+06  1.1247E+05 -5.7085E+05
0000228   4.4802E+05  2.2534E+05 -1.6780E+05
0000229   2.4898E+06 -8.6522E+05  8.6419E+04
0000230   1.4422E+06 -1.1834E+06  1.0203E+05
0000231   6.6684E+05 -2.5245E+05 -5.0783E+05
0000232   1.1609E+05 -1.2619E+04  2.1621E+04
0000233   1.1125E+06 -1.3925E+05  8.1835E+04
0000234   1.8840E+06 -4.9183E+05 -4.5511E+05
0000235   1.3750E+06  2.1422E+05 -1.9300E+05
0000236   2.7274E+05  3.2933E+05 -2.3754E+05
0000237   6.4961E+05 -4.1832E+05  4.2009E+05
0000238   1.5270E+06 -3.6685E+05  7.6457E+05
0000239   1.4404E+06  6.5079E+05  5.7403E+05
0000240   2.8548E+06  8.8504E+05  3.7256E+05
0000241   1.3934E+06 -4.7921E+05  3.0556E+05
0000242   1.0052E+06 -8.2442E+05  4.3514E+05
0000243   1.2644E+06  7.2944E+04  2.3833E+05
0000244   2.1064E+06  1.0351E+06  2.2312E+05
0000245   1.3836E+06  1.6229E+04  9.2690E+05
0000246   6.1482E+05  4.2532E+05  7.3925E+04
0000247   1.4202E+06  2.8819E+05  1.3352E+05
0000248   1.7580E+06  1.4786E+06 -1.7016E+05
0000249   1.4192E+06  2.5850E+05  6.9011E+05
0000250   1.4723E+06 -4.1366E+05  1.9472E+05
0000251   1.2626E+06 -1.4823E+05  5.8154E+05
0000252   1.0221E+06 -4.5233E+05  6.2605E+05
0000253   3.0167E+05  2.7282E+05  8.4227E+05
0000254   1.4543E+06  1.0253E+04 -5.5728E+05
0000255   1.1979E+06  1.1934E+05 -3.0665E+05
0000256   2.4545E+06  9.7880E+05  1.0446E+06
0000257   1.2937E+06  1.9659E+04  8.3906E+05
0000258   3.1210E+06 -5.5487E+05 -9.5482E+05
0000259   1.2631E+06  1.1567E+06 -3.3432E+05
0000260   1.5410E+06  5.3670E+05 -5.0933E+04
0000261   1.7216E+06 -5.3661E+05 -3.7507E+05
0000262   1.9327E+06  3.4742E+05 -5.7820E+05
0000263   1.8875E+06 -5.3680E+05  1.3999E+06
0000264   2.5684E+06 -7.3991E+03  1.4368E+06
0000265   2.1177E+06  3.6344E+04 -5.2988E+05
0000266   1.5626E+06 -2.9643E+04 -1.0268E+06
0000267   2.3165E+05 -2.0948E+05 -2.3391E+05
0000268   1.6580E+06  4.9479E+05  1.2410E+05
0000269   1.7702E+06 -9.7969E+05  3.3042E+05
0000270   2.8609E+06  4.9961E+05  6.6443E+05
0000271   8.2978E+05  3.3475E+05  7.0684E+05
0000272   2.5139E+06  3.7216E+05 -8.0363E+05
0000273   2.4490E+06  8.1299E+04 -8.5753E+05
0000274   2.2257E+06 -5.1276E+05  1.9921E+05
0000275   2.5641E+06 -1.4563E+05 -2.2311E+05
0000276   1.7169E+06  1.2398E+06  3.9419E+05
0000277   1.6905E+06 -6.4123E+05 -9.3364E+05
0000278   1.5455E+06  1.7208E+04  4.9403E+05
0000279   1.0517E+06  4.7767E+05 -2.0814E+05
0000280   2.1305E+06  4.8370E+05  8.3558E+05
0000281   9.9079E+05  5.3780E+05 -4.4511E+05
0000282   5.1139E+05  9.0552E+05  3.2482E+05
0000283   1.3679E+06  8.9198E+05  1.8920E+05
0000284   2.2017E+06  7.5020E+05  7.5939E+05
0000285   2.2605E+06  3.9524E+05  4.3324E+05
0000286   2.3368E+06 -7.2124E+04  1.0795E+06
0000287   9.3744E+05 -1.2670E+06 -5.9911E+05
0000288   7.8291E+05  5.6745E+05  4.2897E+05
0000289   1.4017E+06  5.5871E+05 -1.6969E+05
0000290   2.4713E+06 -7.9020E+05  7.4116E+05
0000291   6.1018E+05 -6.5818E+05  5.5090E+05
0000292   2.1354E+06  2.8891E+05  1.2853E+06
0000293   1.8732E+06 -2.6095E+05 -3.8141E+05
0000294   1.5439E+06  9.7515E+04  2.9884E+05
0000295   1.5597E+06 -2.8667E+05  3.0474E+05
0000296   1.6952E+06  9.0829E+04 -1.6683E+04
0000297   1.4241E+06  4.4764E+05 -3.0630E+05
0000298   1.8195E+06  5.1975E+05  4.4814E+05
0000299   2.3482E+06 -4.3896E+05 -2.7256E+05
0000300   2.0596E+06  3.1509E+05  7.3866E+05
0000301   4.7286E+05  9.6997E+04  5.6108E+05
0000302   2.7156E+06  4.7235E+04 -6.3485E+05
0000303   4.2939E+05  1.5336E+05 -9.7964E+04
0000304   1.7809E+06 -3.9571E+05  2.7346E+05
0000305   1.5052E+06  8.5281E+05  3.1204E+05
0000306   1.5945E+06 -4.4296E+04 -1.9976E+05
0000307   1.6691E+06 -1.6099E+06  2.2377E+05
0000308   9.7748E+05 -4.1224E+04 -6.5373E+05
0000309   1.0331E+06  2.5986E+05 -2.8369E+05
0000310   1.3269E+06  2.7769E+05 -7.4296E+05
0000311   2.4207E+06  3.8598E+05  9.9948E+04
0000312   8.9823E+05 -4.1015E+05  7.4756E+04
0000313   4.8436E+05  1.7052E+05 -1.1449E+05
0000314   1.8577E+06 -4.2102E+05  4.1460E+05
0000315   1.6079E+06  7.0152E+05  8.2755E+05
0000316   2.9902E+06 -5.0666E+05 -4.9773E+05
0000317   1.6258E+06 -2.2403E+05  1.2325E+06
0000318   1.0616E+06  1.6002E+06  2.7033E+05
0000319   1.6639E+06  1.6803E+05  5.5733E+05
0000320   9.4152E+05 -1.4983E+05 -8.5771E+03
0000321   1.6293E+06 -1.3747E+05  1.1658E+05
0000322   1.5511E+06  1.2879E+06  9.2698E+05
0000323   1.1017E+06  3.9795E+05  4.8529E+05
0000324   1.7873E+06  8.3874E+04  4.6267E+05
0000325   1.7819E+06  2.8385E+05 -1.0453E+05
0000326   1.9258E+06 -3.9913E+04 -6.3583E+05
0000327   1.6867E+06 -2.1148E+05  1.5910E+04
0000328   1.9383E+06  1.5141E+06  7.3058E+05
0000329   1.6455E+06  8.3850E+04 -9.1416E+05
0000330   1.9109E+06  1.3937E+06 -7.9502E+05
0000331   7.5272E+05 -5.5144E+04  1.9333E+04
0000332   8.9232E+05  6.6402E+05 -1.0856E+06
0000333   1.2941E+06 -7.3389E+04 -1.1555E+06
0000334   9.4246E+05 -2.5082E+05 -1.3211E+04
0000335   2.8799E+06  5.4446E+04  2.2965E+05
0000336   1.6948E+06 -1.2148E+06  4.0403E+05
0000337   1.9335E+06 -4.9591E+05  1.1774E+06
0000338   2.3007E+06 -1.2992E+05 -4.2478E+05
0000339   1.5441E+06 -3.1688E+05  1.1655E+05
0000340   1.4405E+06 -1.2703E+05  1.5007E+06
0000341   2.6668E+06  6.3738E+05 -5.0685E+05
0000342   2.3196E+06 -2.3275E+05  5.5465E+05
0000343   1.3870E+06  7.0059E+04  3.8779E+05
0000344   1.2463E+06 -1.1266E+06 -4.9096E+05
0000345   2.2128E+06  9.3904E+05 -1.0378E+06
0000346   7.0909E+05  7.2916E+04 -1.0825E+03
0000347   4.8161E+05  1.3501E+04 -1.4898E+05
0000348   1.5904E+06 -3.3035E+05  6.5247E+05
0000349   2.3797E+06  4.1842E+05  2.5099E+05
0000350   1.0433E+06 -3.4668E+05  6.5584E+05
0000351   2.1343E+06 -6.0069E+05 -1.9190E+05
0000352   2.0924E+06 -7.9305E+03  5.9449E+05
0000353   2.2087E+06  4.9032E+05  5.1140E+05
0000354   1.9903E+05  7.2289E+04  4.4396E+05
0000355   1.6927E+06  6.3367E+05 -8.2822E+05
0000356   1.7508E+06 -3.3672E+05 -2.3356E+04
0000357   1.6166E+06  5.7708E+05 -7.3059E+05
0000358   2.7280E+06 -2.1399E+05 -3.3601E+05
0000359   8.5159E+05 -2.0269E+05 -5.0696E+05
0000360   2.1047E+06 -3.4601E+05 -8.8390E+05
0000361   8.6032E+05 -6.2494E+05  2.5893E+05
0000362   1.5290E+06  3.7924E+05  7.6384E+05
0000363   9.4103E+05  4.7834E+05 -5.1531E+04
0000364   1.1044E+06  1.7184E+05  3.4559E+05
0000365   1.3375E+06 -1.3049E+06  1.7128E+05
0000366   2.3306E+06  2.5739E+05  1.6437E+06
0000367   2.1854E+06 -4.7638E+05 -1.0142E+06
0000368   1.8831E+06  5.4514E+05 -1.5954E+05
0000369   2.9625E+06 -3.2264E+05 -1.6640E+05
0000370   3.1488E+06  4.7290E+05  4.0042E+05
0000371   1.2327E+06  3.5872E+05  5.7100E+05
0000372   1.7326E+06 -3.6548E+04 -5.8720E+05
0000373   1.2503E+06 -1.3701E+05  1.3638E+05
0000374   3.4634E+05  5.0151E+04  2.3713E+05
0000375   2.8930E+04  1.2662E+05 -3.5500E+03
0000376   1.0506E+06 -2.1194E+04  3.2229E+05
0000377   1.1796E+06  5.0042E+05  6.4334E+05
0000378   1.2905E+06  2.8137E+05  1.7489E+05
0000379   8.2628E+05  7.5989E+05  2.4450E+05
0000380   1.6365E+06 -1.9485E+05 -6.2670E+05
0000381   2.6385E+06 -2.4865E+05 -2.0100E+05
0000382   5.2603E+05 -5.3205E+05  9.2938E+05
0000383   2.9848E+06  8.4264E+05  2.8301E+04
0000384   2.1740E+06  7.5927E+05 -2.2365E+05
0000385   9.8601E+05 -5.2033E+05 -7.2242E+05
0000386   2.9049E+06 -4.9168E+05  6.8481E+04
0000387   3.9059E+05  3.0246E+05  2.8682E+05
0000388   1.0295E+06  5.5349E+05  3.5837E+05
0000389   1.5348E+06  1.5376E+06  3.6637E+05
0000390   2.9668E+06  2.0891E+05 -3.6854E+04
0000391   2.1819E+06  4.8096E+05  5.5458E+05
0000392   1.7606E+06 -7.0720E+05  1.7726E+05
0000393   2.0467E+05 -1.9680E+05  3.4142E+05
0000394   1.6462E+06 -8.0890E+05 -6.2095E+05
0000395   2.9682E+06 -1.3488E+06  5.6080E+04
0000396   1.4861E+06  8.1635E+05 -4.1792E+05
0000397   1.7081E+06 -5.7697E+05  1.7091E+05
0000398   1.7594E+06  2.5655E+04  1.0905E+06
0000399   9.9454E+05 -1.0621E+06 -3.6642E+05
0000400   9.9005E+05 -1.7375E+05 -6.0986E+04
0000401   1.7195E+06  1.0331E+06 -8.9210E+04
0000402   6.8401E+05 -3.8997E+04  3.1577E+05
0000403   1.1692E+06 -1.9842E+04 -6.4527E+05
0000404   2.0947E+06  2.8744E+04 -1.2591E+06
0000405   2.9327E+06  1.1551E+05 -1.7823E+05
0000406   1.7662E+06 -2.7909E+05 -1.2665E+03
0000407   2.4008E+06  1.0677E+05  1.3079E+05
0000408   1.3472E+06 -1.1167E+06  4.2445E+05
0000409   1.3862E+06  3.5472E+05 -1.0132E+06
0000410   9.1954E+05  2.2700E+05 -1.5958E+04
0000411   1.9598E+06  4.2155E+05  2.1158E+05
0000412   2.1251E+06  2.6255E+05  9.9509E+05
0000413   8.9642E+05  5.6580E+05 -2.3793E+05
0000414   1.9701E+06 -2.9627E+05 -1.5265E+05
0000415   1.3670E+06  3.5654E+05  6.5662E+05
0000416   2.2315E+06  4.1187E+05  3.9767E+05
0000417   2.2065E+06  5.3722E+05  3.7765E+05
0000418   2.4373E+06  1.7891E+05 -7.8780E+05
0000419   4.4253E+05  4.1011E+05  2.2698E+05
0000420   1.6330E+06  2.3532E+05  2.8656E+05
0000421   1.5634E+06 -7.5460E+05 -1.4377E+05
0000422   8.0262E+05  2.4414E+05 -2.8302E+05
0000423   2.4926E+06 -1.9715E+05 -3.2421E+05
0000424   3.1021E+06  3.6893E+05  9.2819E+04
0000425   1.0486E+06  4.7881E+05  3.8338E+05
0000426   2.1212E+06  3.7276E+04  6.2289E+05
0000427   2.8502E+06 -5.7905E+05  1.4495E+05
0000428   2.1972E+06  6.1524E+04  8.7421E+05
0000429   2.6840E+06  4.2873E+05  6.2881E+05
0000430   2.3460E+06  1.9797E+05 -3.5398E+05
0000431   1.7719E+06  1.8898E+06 -7.4767E+05
0000432   9.0693E+05 -8.5375E+05 -1.1506E+06
0000433   1.2441E+06 -5.5591E+05  4.2137E+05
0000434   6.5723E+05  4.6359E+05  6.0474E+05
0000435   1.7672E+06 -3.4258E+05 -1.8647E+05
0000436   1.6760E+06 -5.4118E+05 -1.2521E+06
0000437   1.1277E+06  3.1364E+05 -2.5121E+05
0000438   2.3356E+06 -8.0733E+05  4.1526E+05
0000439   2.6094E+06 -1.7923E+05  3.8771E+05
0000440   2.3863E+06 -6.4109E+05  1.4966E+06
0000441   1.7413E+06  2.3173E+05 -1.5105E+05
0000442   2.1194E+06  1.0753E+05 -7.9629E+05
0000443   2.0022E+06  2.6043E+05  1.6663E+05
0000444   9.1746E+05 -6.3091E+05  2.6041E+05
0000445   9.6181E+05  8.1678E+05  1.0206E+06
0000446   1.7451E+06 -3.7542E+04  4.4857E+05
0000447   1.0062E+06 -1.9419E+05 -4.6701E+05
0000448   1.5218E+06  5.6248E+05  8.9052E+05
0000449   1.4991E+06  8.3820E+05  4.5742E+05
0000450   2.0022E+06  1.3948E+05 -4.0837E+05
0000451   1.0854E+06  7.9780E+05 -9.6284E+05
0000452   1.3615E+06 -2.4780E+05 -1.5092E+05
0000453   5.2086E+05 -3.7167E+05  2.8199E+05
0000454   1.4906E+06 -6.0448E+05 -3.9922E+05
0000455   1.0729E+06 -3.2918E+04  5.6616E+05
0000456   8.7435E+05  1.8534E+05  8.6874E+05
0000457   2.2697E+06  2.2269E+05 -8.0025E+04
0000458   1.7994E+06  3.0291E+05  3.5553E+05
0000459   1.8973E+06 -1.1535E+06 -2.6506E+05
0000460   1.4505E+06  2.1314E+05  1.9104E+04
0000461   1.6418E+06  5.6883E+05 -5.5208E+05
0000462   1.3653E+06  2.4895E+05  3.4208E+05
0000463   3.0694E+06  9.8922E+05  4.8093E+05
0000464   1.7458E+06 -1.1705E+04 -1.1250E+05
0000465   1.2789E+06  3.8120E+05 -5.3188E+05
0000466   1.2552E+06 -3.5653E+05 -4.8888E+05
0000467   1.6360E+06 -5.2114E+05 -1.1557E+06
0000468   1.7268E+06  1.2007E+06 -9.9582E+05
0000469   7.5031E+05 -5.3963E+04 -8.4587E+05
0000470   1.9595E+06  6.9274E+05  5.4674E+05
0000471   8.4464E+05  3.0404E+05  4.8275E+05
0000472   2.2467E+06 -5.9437E+04  3.0206E+05
0000473   2.2973E+06  4.8914E+05 -1.0741E+06
0000474   1.0043E+06 -5.0056E+05 -2.4344E+05
0000475   6.7606E+05 -3.1079E+05  2.5064E+05
0000476   8.0500E+05 -8.2325E+04  3.7973E+05
0000477   2.6761E+06  1.1576E+06 -5.9940E+05
0000478   1.6575E+06  2.6028E+05  5.6609E+05
0000479   1.2700E+06 -4.7207E+05 -6.0061E+05
0000480   1.7601E+06  4.0515E+05  6.3895E+05
0000481   8.5052E+05  2.7345E+05  7.3848E+04
0000482   1.5796E+06 -3.3162E+05  1.0279E+06
0000483   2.0980E+06 -9.8104E+05 -9.3115E+05
0000484   1.2450E+06  2.5336E+05  1.2832E+06
0000485   1.8754E+06  5.0225E+05 -8.3073E+05
0000486   3.0614E+06 -1.7792E+05  2.8722E+05
0000487   2.2357E+05  7.8176E+04 -1.9030E+05
0000488   1.9412E+06 -3.1319E+05 -7.6041E+05
0000489   6.5097E+05 -3.1499E+05 -6.3784E+04
0000490   2.1293E+06 -1.6342E+04  2.4361E+05
0000491   1.4089E+06 -1.9209E+05 -9.6763E+05
0000492   1.5160E+06  1.5178E+05  2.0477E+05
0000493   5.8267E+05  8.9020E+04 -7.4670E+05
0000494   1.6446E+06  9.0224E+04 -8.4326E+05
0000495   2.9251E+05  1.4943E+05 -3.6850E+04
0000496   1.5189E+06  1.4495E+05 -5.2951E+05
0000497   1.9172E+06  6.2373E+04  5.5527E+05
0000498   1.4506E+06  6.2357E+05 -4.9367E+05
0000499   1.3231E+06 -2.7752E+05 -7.0120E+05
0000500   1.0605E+06 -2.9617E+05 -1.9077E+05
0000501   1.1072E+06 -1.7594E+05  1.2505E+06
0000502   1.2250E+06 -3.1000E+05  3.5937E+04
0000503   1.4532E+06  1.1275E+05 -4.4794E+05
0000504   2.2239E+06 -1.5376E+06  1.2160E+06
0000505   1.3711E+06  2.8163E+05 -1.1318E+06
0000506   1.3000E+06  4.4958E+05  1.0387E+06
0000507   9.6623E+05 -2.6708E+05 -1.3280E+06
0000508   2.4920E+06  2.4840E+05  9.7425E+05
0000509   2.2080E+06  4.8739E+05 -3.4918E+05
0000510   1.0448E+06  1.1567E+06 -5.9673E+05
0000511   1.0036E+06 -2.1257E+05 -3.1447E+05
0000512   1.3876E+06 -4.7889E+05  4.8091E+05
0000513   2.4829E+06 -1.9846E+05 -3.3225E+05
0000514   2.8712E+06  5.3260E+05 -9.8693E+05
0000515   2.7130E+06  1.2734E+06 -9.5318E+04
0000516   1.6618E+06 -3.6959E+05  2.0834E+05
0000517   2.3343E+06  1.2087E+06  8.7039E+05
0000518   1.6885E+06 -8.4931E+05  1.0848E+05
0000519   1.9428E+06  6.7830E+05 -7.6054E+05
0000520   1.8980E+06 -1.4610E+05  5.6719E+05
0000521   1.0267E+06 -1.6868E+05 -4.3653E+04
0000522   1.3208E+06 -5.2919E+04 -4.3562E+04
0000523   1.0162E+06 -3.3672E+05  2.1334E+05
0000524   2.1164E+06  1.8084E+05 -3.5726E+05
0000525   9.0988E+05  7.4511E+05  9.6212E+04
0000526   1.2979E+06 -1.5412E+06 -6.1393E+05
0000527   2.2745E+06 -2.2945E+05 -5.2179E+05
0000528   1.3544E+06 -1.2778E+05  3.8445E+05
0000529   1.0524E+06  1.3337E+05 -4.2872E+05
0000530   2.2798E+06 -5.0790E+05  8.0887E+04
0000531   1.7561E+06  4.2475E+05 -1.1293E+06
0000532   1.7690E+06 -3.4379E+05  4.8292E+05
0000533   2.4364E+06 -3.0369E+04  3.2919E+05
0000534   2.0472E+06  1.3697E+05  4.3965E+05
0000535   1.4617E+06 -1.7440E+05 -1.0968E+06
0000536   1.0552E+06  1.2803E+05 -5.1242E+05
0000537   2.3451E+06 -7.1596E+04  3.7072E+05
0000538   2.9555E+06 -3.3748E+05  1.0943E+05
0000539   8.5614E+05  4.9421E+05  7.7705E+05
0000540   1.0429E+06  2.8682E+05 -3.5247E+05
0000541   1.6901E+06 -5.2379E+05 -5.1175E+05
0000542   1.6269E+06  2.3196E+05  2.9801E+05
0000543   1.8245E+06 -1.0237E+06 -4.9525E+05
0000544   2.0444E+06 -8.8430E+05  2.6139E+05
0000545   3.0161E+06  7.1170E+05  3.5158E+05
0000546   1.1353E+06  1.0054E+06  1.1636E+05
0000547   1.6853E+06 -4.9350E+05  6.5454E+04
0000548   1.3071E+06 -5.2710E+05 -2.3186E+05
0000549   1.2392E+06  5.7522E+05  1.1938E+06
0000550   6.8465E+05  2.0050E+05  1.1778E+06
0000551   1.5745E+06  2.3395E+05  4.8681E+04
0000552   2.8585E+06 -1.6046E+04  9.7726E+04
0000553   2.6496E+06 -2.6834E+05 -5.2782E+05
0000554   9.9195E+05 -4.0165E+05 -3.8011E+05
0000555   5.3991E+05  2.0942E+05 -4.6380E+04
0000556   7.9432E+05 -6.1525E+05  4.4884E+05
0000557   1.7859E+06 -1.1217E+06  1.1576E+06
0000558   1.1532E+06  2.9410E+05 -7.7816E+05
0000559   1.8634E+06 -1.8670E+05 -1.5183E+05
0000560   1.4384E+06  5.5251E+05 -1.3813E+05
0000561   1.6809E+06 -1.0542E+06  5.3241E+05
0000562   1.1338E+06 -4.0455E+05  3.4096E+05
0000563   1.7681E+06  6.5576E+05 -9.4562E+04
0000564   1.7145E+06 -4.6737E+05 -3.6814E+05
0000565   1.9173E+06  1.1162E+06 -2.9444E+05
0000566   5.0432E+05  9.4306E+04 -8.8982E+04
0000567   3.6076E+06  3.8734E+05  6.1255E+05
0000568   1.6401E+06  1.1584E+05  3.9221E+05
0000569   1.8144E+06  1.8944E+05 -5.4501E+05
0000570   1.1171E+06 -3.4485E+05  3.4523E+05
0000571   2.3412E+06  4.8594E+04  9.1767E+05
0000572   1.2816E+06 -3.4195E+05 -1.6037E+04
0000573   7.2624E+05  6.4581E+04  3.2663E+05
0000574   9.6624E+05  4.8965E+05  3.5993E+05
0000575   2.3137E+06 -1.8956E+06 -1.3450E+06
0000576   1.2032E+06 -2.9314E+05 -2.3808E+05
0000577   1.5816E+06 -3.4801E+05  1.9775E+05
0000578   2.5580E+06  1.5015E+05  2.1101E+05
0000579   1.8338E+06 -1.7153E+05 -5.1220E+05
0000580   1.6431E+06 -2.9574E+05  2.4778E+05
0000581   3.0666E+05 -1.1678E+05 -7.9290E+04
0000582   2.6360E+06 -5.4819E+05  6.8097E+05
0000583   1.8868E+06 -6.6950E+05  5.5018E+05
0000584   1.2069E+06 -1.0857E+05  1.6923E+05
0000585   2.3753E+06 -3.9048E+05  7.3589E+04
0000586   1.6584E+06  1.0663E+06  8.3676E+05
0000587   2.0879E+06  9.7929E+05 -2.4313E+05
0000588   2.8714E+06 -1.9134E+05 -1.2910E+06
0000589   1.5323E+06  6.1621E+04  2.2817E+05
0000590   2.2452E+06  6.4101E+05 -3.6951E+04
0000591   6.1135E+05  5.5892E+05 -7.8538E+05
0000592   1.3803E+06 -6.2217E+04  3.0857E+04
0000593   1.9381E+06  5.9270E+05  1.3243E+05
0000594   1.2726E+06  3.9287E+05  1.3831E+06
0000595   1.5575E+06 -6.7839E+04  2.5249E+05
0000596   1.8819E+06 -6.7110E+04  7.5932E+05
0000597   2.3569E+06  3.6383E+05 -2.1880E+05
0000598   2.6689E+06  5.2660E+05  9.6896E+04
0000599   7.3576E+05  4.1679E+05  2.7988E+05
0000600   1.5890E+06  4.7404E+05 -1.1759E+06
0000601   1.9869E+06 -3.5058E+05 -6.2194E+05
0000602   1.6793E+06  3.9082E+05 -1.4776E+05
0000603   1.6502E+06 -7.0266E+05 -6.0353E+05
0000604   2.0121E+06  1.0782E+05  4.2116E+05
0000605   1.1845E+06  7.0271E+05 -1.0541E+06
0000606   1.1567E+06  1.3480E+05 -8.4719E+05
0000607   1.4219E+06  6.7159E+05 -8.7543E+05
0000608   6.9499E+05  5.8914E+05  6.0208E+04
0000609   1.7292E+06 -3.1817E+05  1.0642E+05
0000610   2.9426E+06 -1.2605E+06  7.6957E+05
0000611   2.4483E+06  2.5499E+05 -1.0050E+06
0000612   1.4245E+06  1.5134E+05 -1.6427E+05
0000613   1.8308E+06 -2.2174E+05 -4.6537E+05
0000614   2.1055E+06 -5.7726E+05  2.4575E+05
0000615   7.3312E+05 -5.0762E+04 -7.4756E+04
0000616   2.2902E+05 -2.0820E+05  2.1777E+05
0000617   1.5561E+06  3.8415E+05  1.8597E+04
0000618   1.3315E+06  3.7983E+05  3.5008E+04
0000619   1.7152E+06 -1.9422E+06 -1.5390E+05
0000620   1.5253E+06 -2.3752E+05 -3.0826E+05
0000621   1.7970E+06 -5.0526E+04 -2.9922E+05
0000622   1.3050E+06  1.6381E+05 -1.7229E+05
0000623   2.3156E+04  3.2982E+05 -8.6907E+04
0000624   1.3573E+06  5.1975E+05 -2.7113E+05
0000625   6.2987E+05  1.0015E+06  9.0275E+04
0000626   2.0879E+06  4.5353E+05  7.9008E+05
0000627   1.1249E+06 -1.3309E+05  3.0466E+05
0000628   6.3480E+05  4.5358E+05 -4.6341E+05
0000629   1.3069E+06  5.0363E+04  4.1510E+04
0000630   2.1018E+06  4.0327E+05 -3.9566E+05
0000631   8.4316E+05 -1.0856E+06  5.4207E+05
0000632   5.9763E+05  4.9923E+04 -2.3847E+05
0000633   1.7759E+06 -5.4068E+04 -4.1978E+05
0000634   2.8888E+06 -2.1852E+05 -3.1734E+05
0000635   7.6171E+05 -1.1887E+06  8.1886E+05
0000636   3.7188E+05  2.5167E+05  1.7854E+05
0000637   1.3959E+06 -2.5776E+05  3.3294E+05
0000638   2.9405E+06 -2.9546E+05 -8.6784E+05
0000639   1.9252E+06  3.4077E+05 -5.3550E+05
0000640   2.1225E+06  8.5444E+04 -5.0022E+05
0000641   1.3624E+06  9.8122E+05  2.7687E+05
0000642   1.6644E+06 -3.2350E+05 -1.4577E+06
0000643   7.3790E+05 -2.1513E+05  3.6764E+04
0000644   1.1854E+06 -1.9000E+05 -8.3670E+05
0000645   1.9842E+06  1.4080E+06 -2.7438E+05
0000646   2.3824E+06 -2.0624E+05 -3.2008E+05
0000647   9.9149E+05 -5.4612E+05  2.4080E+05
0000648   8.4059E+05 -3.5060E+05 -1.3801E+06
0000649   4.5068E+05  2.8696E+05  5.2450E+05
0000650   1.0269E+06  8.6389E+04  1.9102E+05
0000651   1.0854E+06 -1.8190E+05 -2.8039E+05
0000652   1.0462E+06 -1.4625E+05  9.9442E+05
0000653   7.1980E+05  4.5009E+05 -2.8116E+05
0000654   2.5195E+06 -1.0205E+05  8.5630E+05
0000655   8.8233E+05 -7.2068E+05 -1.4448E+06
0000656   2.0788E+06  3.0028E+05  3.3697E+04
0000657   1.4152E+06 -1.9887E+05  3.6415E+05
0000658   1.1081E+06 -7.5461E+05 -9.4295E+04
0000659   8.3302E+05  3.8862E+05 -3.6122E+05
0000660   1.2576E+06  2.5232E+04  1.2815E+05
0000661   1.6462E+05  3.5871E+05  2.1975E+05
0000662   9.6991E+05 -6.7315E+04 -1.5870E+05
0000663   2.0743E+06 -1.8853E+05  2.9036E+05
0000664   1.6699E+06  6.5235E+04  1.6813E+05
0000665   9.5321E+05  1.6726E+05  1.0092E+05
0000666   1.6565E+06  1.1348E+06 -2.1502E+05
0000667   1.0125E+06  5.1323E+05 -5.4239E+05
0000668   1.5860E+06 -7.1593E+05  7.0764E+05
0000669   1.4953E+06 -7.0198E+05  4.7240E+05
0000670   8.6245E+05  9.8698E+05 -5.2630E+05
0000671   2.5233E+06  1.3832E+06 -8.6468E+05
0000672   5.0868E+05  4.1749E+05 -4.8167E+05
0000673   1.6743E+06  8.2739E+04 -1.3425E+05
0000674   2.4748E+06  2.0591E+05  5.6133E+05
0000675   1.8266E+06 -2.3955E+05 -8.9208E+04
0000676   1.5709E+06 -3.9452E+05  3.0422E+05
0000677   2.5994E+06 -9.9344E+05  1.8016E+05
0000678   5.0042E+05  2.3199E+05  5.0180E+05
0000679   2.1146E+06 -3.8505E+05  3.2167E+05
0000680   8.0460E+05 -5.6822E+05 -1.1425E+06
0000681   1.8880E+06 -4.0296E+05  2.5243E+05
0000682   1.7977E+06 -5.1147E+05  5.6087E+05
0000683   1.3722E+06  1.7245E+05 -9.5407E+05
0000684   1.3805E+06 -6.4201E+05  9.5582E+05
0000685   2.8674E+06 -1.9234E+06  7.8794E+05
0000686   3.3886E+05 -4.0299E+04 -2.0744E+05
0000687   1.3303E+06 -3.0923E+04  6.4833E+05
0000688   1.3381E+06 -4.1490E+05  6.7126E+05
0000689   1.7155E+06 -1.2730E+05 -5.9917E+05
0000690   1.7448E+06  3.8981E+05 -3.7908E+05
0000691   2.0686E+06 -1.0695E+05  7.3356E+05
0000692   1.3144E+06 -7.3927E+05  2.7019E+05
0000693   1.5283E+06 -2.4277E+05  1.9370E+05
0000694   9.6859E+05 -1.3975E+05 -7.6502E+05
0000695   1.4968E+06  3.1455E+05  1.0625E+06
0000696   1.7646E+06 -5.3692E+05 -1.0161E+05
0000697   4.2842E+05  1.7295E+05 -2.2558E+05
0000698   2.5641E+06  8.1900E+05 -5.6531E+03
0000699   3.0740E+06  2.6012E+04 -7.5104E+05
0000700   1.8588E+06  4.4154E+05 -2.7531E+05
0000701   1.5545E+06 -1.3842E+05 -1.0576E+06
0000702   1.0502E+06  8.1914E+05 -1.6775E+05
0000703   1.5398E+06 -4.5763E+04 -2.9673E+05
0000704   2.8202E+06  3.7217E+05 -6.2643E+05
0000705   5.0753E+05  7.0260E+05  1.0435E+06
0000706   1.4906E+06  1.2978E+06  3.6747E+05
0000707   1.4987E+06 -5.4330E+05 -2.2109E+05
0000708   1.2690E+06  8.9898E+05 -3.5360E+05
0000709   5.7745E+05 -1.1982E+06  7.3773E+05
0000710   5.3575E+05  1.2435E+06 -5.2590E+05
0000711   1.6737E+06  1.0823E+05 -5.7988E+05
0000712   2.7416E+06 -1.1265E+05  2.3825E+05
0000713   1.4320E+06 -3.4483E+05  3.1822E+05
0000714   1.0746E+06  5.5435E+05 -2.1027E+05
0000715   1.5397E+06  1.0760E+06 -3.5383E+05
0000716   8.9336E+05 -8.9223E+04 -6.5621E+05
0000717   2.2296E+06  8.4827E+05 -9.6061E+05
0000718   1.9446E+06 -3.2157E+05 -1.1069E+06
0000719   1.6670E+06  4.1506E+05 -1.5019E+05
0000720   1.7641E+06  4.7634E+05 -4.4890E+05
0000721   1.3063E+06 -3.7791E+05 -1.1174E+06
0000722   7.8583E+05 -8.5331E+05 -3.6947E+05
0000723   1.6143E+06  2.1276E+05 -9.9708E+05
0000724   3.3756E+06 -1.1138E+06  5.4371E+05
0000725   8.3178E+05  9.7045E+05  7.2249E+05
0000726   1.8678E+06  4.4994E+05 -7.1466E+05
0000727   1.2934E+06 -1.4944E+05  4.1979E+04
0000728   1.1003E+06  4.8033E+04  2.3622E+05
0000729   7.6979E+05 -7.4090E+05  8.4778E+05
0000730   1.5177E+06  7.7507E+05 -4.8977E+05
0000731   9.0988E+05 -5.6058E+05  2.1301E+05
0000732   1.0646E+06  5.5983E+05  4.3372E+05
0000733   8.2831E+05  1.1217E+06  5.5075E+05
0000734   4.8273E+05 -7.7498E+05 -3.0814E+05
0000735   6.7384E+05  2.9080E+05 -1.6658E+04
0000736   2.2535E+06 -7.5769E+05  4.2965E+05
0000737   9.3423E+05 -4.1798E+05 -1.1713E+05
0000738   8.2826E+05 -8.6764E+04 -9.1694E+05
0000739   2.6487E+06  6.4078E+05  1.2768E+06
0000740   1.7464E+06  7.3356E+04  3.1340E+05
0000741   1.9619E+06 -8.4625E+05  2.5169E+05
0000742   2.6995E+06 -2.9134E+05  4.5019E+05
0000743   2.0326E+06  7.1211E+05  8.4695E+05
0000744   1.8192E+06  6.1165E+05  7.6429E+05
0000745   3.0596E+06  8.0113E+05  3.0730E+05
0000746   2.2261E+06 -1.2218E+06 -3.0753E+05
0000747   1.7516E+06 -5.6789E+05 -5.5355E+05
0000748   3.2184E+06  1.4878E+06 -1.1559E+06
0000749   5.7725E+05 -6.9087E+04 -4.0283E+05
0000750   1.5720E+06 -1.2726E+06  9.8161E+05
0000751   2.1879E+06  1.5113E+06 -1.0071E+06
0000752   1.2208E+06  5.3042E+05  4.8112E+05
0000753   2.3586E+06 -5.8053E+05 -1.5337E+05
0000754   1.7626E+06 -2.3175E+05  5.5063E+05
0000755   1.9923E+06  1.0190E+06 -2.4291E+05
0000756   1.5292E+06  2.0716E+05  7.1132E+05
0000757   1.0666E+06  1.1754E+06  7.0420E+05
0000758   1.4327E+06  5.8189E+05 -9.2200E+04
0000759   9.2862E+05 -1.3790E+05 -5.3433E+05
0000760   1.6182E+06 -4.4450E+04  7.8455E+05
0000761   9.5533E+05  4.6645E+05 -7.8005E+05
0000762   1.9560E+06 -7.3827E+05  1.6450E+06
0000763   2.1761E+05  1.3947E+05  3.9335E+04
0000764   2.2825E+06  1.0963E+06  5.7234E+05
0000765   6.8130E+05  1.1160E+06 -2.2664E+05
0000766   1.1533E+06 -1.5993E+05  4.4247E+04
0000767   2.3306E+06 -1.0511E+06  4.6517E+05
0000768   7.2096E+05 -3.6180E+03  2.2551E+05
0000769   1.0026E+06  2.7313E+05 -1.7495E+05
0000770   1.0886E+06  7.8326E+05 -5.1109E+05
0000771   9.5080E+05 -3.5238E+05 -2.7276E+05
0000772   1.1399E+06  2.9585E+05 -2.0904E+05
0000773   9.3855E+05 -3.2318E+05 -1.2821E+06
0000774   2.1564E+06  8.4773E+05 -4.9305E+05
0000775   1.4308E+06 -3.4001E+05 -8.7973E+04
0000776   1.3590E+06 -3.8237E+05  2.8250E+05
0000777   1.4762E+06  2.0221E+04 -4.5338E+04
0000778   7.7186E+05 -4.4204E+05 -4.9155E+05
0000779   1.4394E+06 -1.6413E+04  1.0405E+06
0000780   1.2302E+06  3.7023E+05  2.9482E+05
0000781   1.6144E+06  3.7255E+05  5.0127E+05
0000782   1.4786E+06 -5.5140E+05  1.4938E+05
0000783   2.3317E+06 -4.6125E+05 -1.0537E+05
0000784   2.3753E+06 -2.4143E+05 -3.2539E+05
0000785   2.9007E+06 -1.3113E+05 -6.0541E+05
0000786   1.3758E+06  3.9725E+05 -1.5695E+05
0000787   1.2221E+06 -2.5020E+05  1.0930E+06
0000788   9.0546E+05 -9.0558E+04 -3.4261E+05
0000789   1.2650E+06  3.4304E+05  3.6012E+05
0000790   1.8618E+06 -3.2514E+05 -3.5882E+05
0000791   9.0566E+05 -4.7093E+04  3.4571E+04
0000792   1.2156E+06  7.4900E+05  1.7642E+05
0000793   7.1562E+05  1.3638E+05  2.8751E+05
0000794   1.7815E+05 -2.8135E+05 -5.0963E+04
0000795   1.9223E+06  1.3677E+06  5.8294E+05
0000796   1.9473E+06  6.1698E+05 -4.5257E+05
0000797   2.6648E+06 -1.9163E+06 -4.7614E+05
0000798   2.9923E+06  3.8392E+05  8.7971E+05
0000799   1.6568E+06  1.8516E+05  6.0668E+05
0000800   1.1285E+06 -2.8839E+05 -5.7487E+05
0000801   7.1377E+05 -9.5804E+04  3.8244E+05
0000802   1.9879E+06 -3.4667E+05  2.9841E+05
0000803   9.0364E+05  2.1293E+05  2.3031E+05
0000804   2.1964E+06 -8.4257E+05 -3.8768E+05
0000805   2.3929E+06  4.1880E+05 -2.0275E+05
0000806   2.2795E+05 -3.1722E+05 -1.0986E+06
0000807   1.5537E+06 -3.7979E+05 -5.0630E+05
0000808   6.0410E+05  8.3253E+05 -3.7438E+05
0000809   2.5090E+06 -2.2631E+05  3.4015E+05
0000810   2.8550E+06  2.7457E+05 -9.6938E+05
0000811   1.4571E+06 -8.1936E+04  3.1852E+05
0000812   1.2693E+06 -4.8159E+05  1.1731E+05
0000813   6.0375E+05 -3.0499E+05  3.7238E+05
0000814   2.7017E+06 -3.7190E+05  4.9623E+04
0000815   3.0219E+06 -5.5011E+05 -1.6674E+05
0000816   2.1188E+06  8.5402E+04  2.5736E+05
0000817   2.2418E+06  3.5324E+04  7.3294E+04
0000818   1.9845E+06 -6.1100E+05  2.4926E+05
0000819   1.9404E+06 -9.2506E+04  9.6235E+05
0000820   2.0905E+06 -1.4961E+06 -6.4996E+05
0000821   1.2627E+06  9.2272E+05 -1.1234E+06
0000822   1.1662E+06  6.8183E+05 -6.0102E+04
0000823   3.2424E+06 -3.3693E+05  9.1802E+05
0000824   1.1281E+06  6.5597E+03 -9.5406E+04
0000825   8.6217E+05  1.3396E+06  2.9528E+05
0000826   9.6628E+05  1.9340E+05  6.5840E+05
0000827   1.7992E+06  7.5070E+05 -4.7389E+05
0000828   3.9008E+05  3.6252E+04 -3.1300E+05
0000829   1.4386E+06  5.0714E+05 -3.6179E+05
0000830   1.5652E+06  2.7146E+05  1.3572E+05
0000831   5.3327E+05 -7.1341E+05  1.2548E+05
0000832   2.1099E+06 -3.0849E+05 -2.9727E+05
0000833   1.1249E+06  1.1319E+04  6.8648E+03
0000834   1.1726E+06  5.0174E+05 -2.9951E+05
0000835   1.7841E+06 -1.2645E+05  1.2566E+04
0000836   1.1326E+06 -4.4678E+04  2.8499E+05
0000837   9.6769E+05 -1.0433E+06 -1.3107E+06
0000838   1.9645E+06 -1.0712E+06  4.4049E+05
0000839   1.7654E+06 -2.2514E+04 -5.3556E+03
0000840   9.7492E+05 -9.3208E+03  1.3146E+06
0000841   2.0492E+06  3.6191E+04 -4.0289E+05
0000842   9.6865E+05 -4.9548E+05  2.8150E+05
0000843   9.7090E+05  3.1677E+05  6.4921E+05
0000844   1.5010E+06  7.1939E+04  6.4092E+05
0000845   9.4450E+05  3.2905E+05 -7.7210E+05
0000846   1.4155E+06  6.0976E+05  7.5581E+05
0000847   1.3215E+06 -3.6911E+05 -1.0686E+05
0000848   2.4977E+06  1.0421E+05  2.9046E+05
0000849   1.1798E+06 -6.2491E+05  4.4838E+05
0000850   1.7328E+06 -9.0147E+05 -8.8548E+05
0000851   3.5464E+06  2.0341E+05 -1.0738E+06
0000852   1.5103E+06 -8.2380E+05  5.0958E+05
0000853   1.2346E+06 -3.3270E+04  3.8561E+05
0000854   1.4586E+06 -1.2428E+06 -1.4568E+05
0000855   9.6716E+05  6.1565E+05 -6.6803E+05
0000856   1.7001E+06  3.7782E+05 -9.2861E+05
0000857   2.1894E+06  7.7080E+03  2.0639E+05
0000858   7.8141E+05 -9.7971E+04 -4.3579E+03
0000859   2.1325E+06  8.9326E+04  3.8590E+04
0000860   1.0988E+06  1.8148E+06 -6.4123E+05
0000861   1.7544E+06  3.3056E+05  3.8248E+05
0000862   2.4478E+06 -6.3028E+05 -2.4015E+05
0000863   1.1718E+05  1.9470E+05  1.7869E+05
0000864   2.7115E+06 -8.2866E+05 -3.2354E+05
0000865   1.1957E+06 -6.7168E+05  3.1076E+05
0000866   1.5370E+06 -6.3960E+05  5.1380E+05
0000867   1.6936E+06  1.4655E+05 -7.4626E+05
0000868   1.2860E+06  5.5551E+05  2.7782E+05
0000869   2.0891E+06 -1.0877E+06 -7.6875E+04
0000870   1.2503E+06  3.0079E+03 -2.2594E+05
0000871   2.4340E+06 -2.3910E+05  1.3997E+05
0000872   1.0010E+06 -7.2022E+05  8.9217E+04
0000873   8.3222E+05 -1.1591E+06 -4.1110E+03
0000874   1.8832E+06 -6.9653E+05  4.3201E+05
0000875   6.3387E+05 -2.3475E+05  3.5551E+05
0000876   1.2972E+06  1.5107E+05  4.8806E+05
0000877   2.7794E+06  6.4758E+05 -7.3673E+05
0000878   9.4917E+05  1.0702E+04  8.1851E+05
0000879   2.1568E+06 -2.1920E+04 -3.0012E+05
0000880   1.2912E+06 -1.6366E+05  8.4082E+05
0000881   1.7877E+06 -7.5681E+05 -8.9961E+05
0000882   1.2206E+06 -1.0662E+06 -2.8828E+05
0000883   1.9742E+06  9.8965E+05 -6.7730E+05
0000884   1.9100E+06  6.9025E+05  9.1448E+04
0000885   2.1732E+06  7.7586E+04  4.2997E+05
0000886   1.8093E+06 -6.5729E+04 -9.2993E+05
0000887   1.0198E+06  2.6566E+05  2.9634E+05
0000888   9.2589E+05  6.1961E+05 -1.4409E+05
0000889   6.3547E+05  1.1708E+06 -2.3011E+05
0000890   1.9281E+06 -1.0455E+06 -9.1250E+05
0000891   2.4434E+06  2.6276E+05 -2.5462E+05
0000892   1.2699E+06  8.1768E+05  1.9952E+05
0000893   1.3964E+06 -1.1099E+06  4.7278E+05
0000894   1.3705E+06  5.6487E+05  7.9262E+03
0000895   2.3389E+06 -3.8875E+04 -5.0767E+05
0000896   1.9795E+06 -8.9414E+05  1.6655E+05
0000897   1.9018E+06 -3.3664E+05  2.7494E+05
0000898   2.3106E+06 -4.0049E+04 -5.4127E+05
0000899   1.9120E+06 -1.1035E+06 -1.2208E+06
0000900   2.8460E+06 -1.6938E+05 -2.8528E+04
0000901   8.8111E+05 -5.3533E+05  6.5741E+05
0000902   2.0792E+06 -8.7849E+05  6.0231E+05
0000903   1.4224E+06 -5.6515E+04 -1.7439E+05
0000904   8.6322E+05 -7.5839E+04  1.5311E+05
0000905   2.7576E+06 -2.9624E+05 -3.2849E+05
0000906   4.9267E+05 -1.4930E+06  1.0885E+05
0000907   1.3625E+06 -4.4498E+05 -9.3449E+04
0000908   7.5237E+05  2.0411E+05  1.3196E+05
0000909   1.1533E+06 -4.6104E+05  1.4186E+05
0000910   1.5689E+06 -5.8577E+05  1.1075E+06
0000911   1.3995E+06 -5.9306E+05 -4.3663E+04
0000912   2.6123E+06  4.3308E+05  1.2413E+06
0000913   1.2816E+06 -5.2343E+05  1.4100E+05
0000914   3.3720E+06 -9.0851E+05 -1.0636E+06
0000915   1.4875E+06 -3.4623E+05  8.0442E+05
0000916   1.1128E+06 -7.7500E+05 -1.0038E+06
0000917   1.8921E+06  6.8460E+05 -2.5329E+05
0000918   1.9251E+06 -2.6013E+05 -1.5921E+05
0000919   2.4481E+06  7.6926E+05 -6.8857E+05
0000920   2.4728E+06  2.6814E+05 -2.3040E+05
0000921   2.4233E+06  1.2596E+06  1.8322E+05
0000922   8.4004E+05 -8.9521E+04 -2.1875E+04
0000923   1.2341E+06  9.4342E+05 -5.0216E+05
0000924   3.4846E+05 -2.1262E+05 -2.8251E+05
0000925   2.4026E+06 -8.2700E+05 -7.2419E+05
0000926   2.0316E+06 -8.0187E+05  1.6349E+05
0000927   1.8354E+06 -1.0046E+06  4.6826E+04
0000928   2.0209E+06  3.9587E+04  8.3496E+04
0000929   2.2883E+06  6.7714E+05  8.4798E+04
0000930   2.3383E+06  1.2226E+06 -2.8159E+05
0000931   2.6300E+06 -7.9486E+05  2.2235E+05
0000932   6.0937E+05  9.4667E+04  8.9404E+05
0000933   6.0531E+05 -1.4725E+05 -5.3566E+04
0000934   1.2117E+06  7.4702E+05 -2.1505E+05
0000935   1.7715E+06 -2.9683E+05  1.2043E+06
0000936   1.5473E+06 -2.7372E+05  2.9616E+05
0000937   7.4482E+05 -3.7043E+05 -4.7532E+05
0000938   5.1615E+05  2.6433E+05  6.2243E+05
0000939   1.8244E+06  2.0312E+04 -7.1964E+05
0000940   1.1294E+06  7.4319E+05  9.7291E+04
0000941   2.0913E+06 -6.8410E+05 -2.2120E+05
0000942   7.0650E+05 -9.3741E+05  2.6811E+05
0000943   1.4391E+06  4.6406E+05 -6.4688E+04
0000944   1.3503E+06 -4.6070E+05 -3.4196E+05
0000945   2.6062E+06  1.1774E+06  1.1692E+06
0000946   1.9703E+06 -2.3261E+05  1.6670E+04
0000947   3.7328E+05  3.0389E+05  7.4838E+05
0000948   1.9074E+06 -3.6666E+05  2.4474E+05
0000949   1.8156E+06  4.0854E+05  4.7516E+04
0000950   2.3904E+06  9.9041E+05  2.1741E+04
0000951   3.0774E+06 -3.7529E+05  4.6533E+05
0000952   1.3336E+06  2.7547E+05  8.8799E+05
0000953   1.5829E+06 -3.0321E+05  7.2720E+05
0000954   1.2563E+06 -7.9218E+05  9.4872E+05
0000955   1.3619E+06  7.7925E+05 -1.1603E+06
0000956   1.4056E+06  4.1619E+05 -3.9620E+03
0000957   2.4185E+06  3.8951E+05 -1.0463E+05
0000958   2.5157E+06 -9.3038E+05  3.5027E+05
0000959   1.1662E+06 -2.3036E+05  4.8549E+05
0000960   2.1735E+06  3.3097E+05  3.1513E+05
0000961   1.4258E+06 -1.4668E+05 -1.0165E+06
0000962   1.9953E+06  1.9189E+05 -4.0026E+05
0000963   9.8287E+05 -6.9117E+05 -7.0174E+05
0000964   1.9198E+06 -4.6892E+04 -7.7716E+05
0000965   1.7771E+06 -6.2161E+05  1.1430E+06
0000966   4.6878E+05 -1.0585E+05 -7.4967E+05
0000967   1.7628E+06 -8.8920E+05  1.9629E+05
0000968   1.2020E+06  3.9136E+04  7.4463E+05
0000969   1.7099E+06  2.2773E+05  3.5811E+05
0000970   1.6870E+06  4.7414E+05  5.3815E+04
0000971   2.5421E+06 -1.9711E+05  4.3113E+05
0000972   2.0372E+06 -9.5245E+05  3.0041E+05
0000973   1.9719E+06 -1.1588E+06  3.2957E+05
0000974   1.8354E+06 -4.1647E+05  1.7411E+04
0000975   2.9047E+06  2.0472E+06  3.7444E+05
0000976   2.9072E+06  1.2100E+05 -3.9482E+05
0000977   1.2352E+06  9.0631E+05 -5.9995E+05
0000978   1.8209E+06 -9.7009E+05  2.0794E+05
0000979   2.1734E+05 -4.8980E+04  1.9706E+05
0000980   8.6328E+05  9.9517E+05 -2.6392E+04
0000981   1.1956E+06  5.3895E+05 -1.1873E+06
0000982   1.8373E+06  5.3645E+05  3.9071E+05
0000983   1.3793E+06 -1.1317E+06  4.5541E+05
0000984   1.7227E+06 -5.2127E+05  2.0131E+05
0000985   4.2211E+04  5.3966E+05 -1.1862E+05
0000986   2.9114E+06  1.6323E+05 -3.1344E+05
0000987   1.4276E+06 -4.9159E+05 -1.2543E+06
0000988   2.3825E+06 -4.6039E+05 -2.0801E+05
0000989   1.6196E+06 -1.7521E+05  7.8466E+05
0000990   1.4592E+06 -5.5821E+04 -6.1496E+05
0000991   1.4814E+06 -5.5778E+05 -3.9988E+05
0000992   1.9290E+06  6.6192E+05 -1.8787E+05
0000993   1.9565E+06  4.2970E+05 -9.6474E+04
0000994   1.3640E+06 -7.7320E+05  1.1329E+04
0000995   1.3309E+06 -6.4119E+05  4.5654E+05
0000996   1.2089E+06  1.0175E+06  8.4415E+05
0000997   2.4956E+06 -5.8591E+05 -2.2634E+05
0000998   1.3587E+06 -6.4617E+05  7.8462E+05
0000999   2.1389E+06  1.8167E+05  1.4050E+06
0001000   1.1496E+06  4.9349E+04  2.9384E+05
