============================== SRIM-2013.00 ==============================
==============================================================================
====== SRIM Outputs\RANGE_3D.txt : File of Final Ion Positions =====

Ion = Ar (18)   Ion Mass= 039.9620
Energy  = 1151395.E-04 keV
Ion Angle to Surface = 00.0 degrees
==================== TARGET =======================
  Layer # 1 - Layer 1
  Layer # 1 - Bottom Depth=500000.E+02 A
  Layer # 1 - Density =0000.0018 g/cm3
  Layer # 1 -  100 % of Ar
様様様様様様様様様様様様様様様様様様様様様様様様様様
                                            
Ion       Depth  X   Lateral Y   Lateral Z  
Number    (Angstrom) (Angstrom)  (Angstrom) 
-------  ----------- ----------- -----------
0000001   2.4139E+06 -7.8447E+05  2.9426E+05
0000002   2.1077E+06 -4.8974E+05  9.4883E+05
0000003   1.4149E+06  1.0664E+06 -8.6265E+05
0000004   2.7314E+06 -8.3717E+05 -2.1493E+06
0000005   2.0649E+06 -7.4417E+05  8.5343E+05
0000006   3.5562E+06 -2.4411E+05  6.5036E+05
0000007   2.2350E+06 -2.5585E+04 -3.4293E+05
0000008   2.5561E+05  2.6135E+05  5.9047E+05
0000009   1.5678E+06 -6.3275E+05  2.4761E+05
0000010   7.8878E+04  4.2603E+05 -9.3639E+04
0000011   2.7554E+06 -1.1917E+06 -3.9058E+05
0000012   1.2827E+06  8.2471E+05  1.2192E+06
0000013   2.6997E+06 -7.1269E+05 -3.1167E+05
0000014   2.2786E+06 -5.9215E+05 -5.0270E+05
0000015   1.9623E+06 -2.3202E+05  1.6413E+05
0000016   2.7240E+06 -5.9527E+05  2.9919E+05
0000017   2.2223E+06  3.8661E+05  6.0073E+05
0000018   2.6407E+06 -7.0061E+05 -1.5480E+05
0000019   6.7880E+05 -6.4224E+05 -5.9325E+05
0000020   2.9020E+06 -2.1889E+06 -9.8502E+05
0000021   2.5005E+06  6.0911E+05 -9.9296E+05
0000022   3.2225E+06  3.4368E+03  1.9205E+06
0000023   1.0560E+06 -2.4924E+05 -5.9751E+05
0000024   2.0669E+06 -5.8086E+05  1.4352E+06
0000025   2.7480E+06  1.0464E+06  1.0571E+05
0000026   1.9750E+06  6.0000E+04  1.3646E+06
0000027   3.1262E+06  1.1477E+06  2.0153E+06
0000028   2.0797E+06  2.2448E+06 -6.5308E+05
0000029   2.1277E+06  6.3780E+05 -4.5078E+05
0000030   1.2723E+06 -3.7861E+05  4.8545E+05
0000031   3.6259E+06  8.7540E+04 -1.8541E+06
0000032   1.2893E+06 -9.1586E+05  9.0089E+05
0000033   1.5780E+06 -4.1342E+05 -3.3572E+05
0000034   3.1335E+06  4.8931E+05 -8.7693E+04
0000035   4.4352E+05 -2.0229E+05 -3.6306E+05
0000036   3.4469E+06 -3.0573E+05 -4.9782E+05
0000037   2.9128E+06 -9.8262E+05  1.3609E+06
0000038   2.6287E+06 -3.1607E+05 -9.3448E+04
0000039   1.3453E+06  7.9786E+04  3.7750E+05
0000040   2.3442E+06 -6.0438E+05  4.0641E+05
0000041   3.8683E+06  3.7402E+04  1.7270E+06
0000042   2.5983E+06 -1.0153E+06  6.6500E+05
0000043   3.5535E+06 -6.7061E+05  1.5785E+06
0000044   1.2886E+06 -7.0026E+04  3.3762E+05
0000045   3.5363E+06 -7.0843E+05  9.3529E+05
0000046   1.3749E+06  3.6413E+05  2.5182E+05
0000047   1.7491E+06  2.9954E+05  3.4280E+05
0000048   9.8616E+05  7.9231E+05 -4.1538E+05
0000049   2.1264E+06 -1.3074E+06  5.4779E+05
0000050   2.4198E+06  2.5656E+05  2.0651E+06
0000051   3.0447E+06 -1.2249E+06  3.6065E+05
0000052   2.3105E+06 -6.6474E+05  1.1031E+06
0000053   1.2442E+06  7.7214E+05  1.8140E+06
0000054   2.4169E+06  1.7315E+06  4.8279E+05
0000055   2.8013E+06 -9.1514E+04 -2.6258E+05
0000056   3.7889E+06 -2.5618E+06 -5.5092E+05
0000057   1.8286E+06 -3.5340E+05 -8.7560E+05
0000058   2.9784E+06 -1.1548E+06 -7.6328E+05
0000059   3.0824E+06  1.5006E+06  2.3536E+05
0000060   3.2571E+06 -3.6129E+05 -1.4815E+06
0000061   2.1862E+06  8.6929E+05 -8.1889E+04
0000062   1.8551E+06 -3.1316E+05 -1.7940E+05
0000063   2.0535E+06  4.1488E+05 -4.6308E+05
0000064   2.9397E+06  4.7694E+03  3.1086E+05
0000065   1.6628E+06 -1.9727E+06  5.5310E+05
0000066   3.4028E+06  1.4283E+06 -5.6494E+05
0000067   3.2877E+06  1.2216E+06  8.3523E+04
0000068   2.0801E+06 -6.3481E+05  1.0597E+05
0000069   3.5772E+06  1.8813E+04  3.7027E+05
0000070   2.3990E+06 -3.4303E+05  1.3182E+06
0000071   2.7796E+05  2.5187E+05  2.8659E+04
0000072   2.2842E+06 -5.6858E+05  4.0117E+05
0000073   6.3775E+05  4.6793E+04  3.2126E+05
0000074   3.1408E+06 -1.1837E+06 -7.6410E+05
0000075   3.0933E+06  3.0197E+05  1.3859E+05
0000076   2.3638E+06 -1.1443E+06  1.9945E+05
0000077   3.7106E+06 -6.1167E+05 -1.7429E+05
0000078   3.7022E+06 -1.0144E+06  2.5288E+04
0000079   1.6283E+06 -4.4310E+05  1.5443E+04
0000080   1.7729E+06 -1.7956E+06 -1.8238E+05
0000081   3.2480E+06  2.6475E+05 -1.1069E+05
0000082   3.0209E+06  9.0247E+05 -4.8028E+05
0000083   2.1582E+06 -7.8662E+05 -3.8595E+05
0000084   1.8931E+06  5.3543E+05 -2.5270E+05
0000085   2.2877E+06  5.8279E+05 -5.8863E+05
0000086   2.2104E+06 -6.9459E+05  1.1348E+06
0000087   2.4412E+06 -2.2170E+05  5.4222E+05
0000088   2.0523E+06  4.7410E+05  1.6197E+06
0000089   8.6928E+05  1.7084E+06  2.1242E+05
0000090   2.6046E+06  1.4531E+05  1.0711E+06
0000091   1.1138E+06 -3.5838E+05 -3.0493E+05
0000092   2.0289E+06 -4.3535E+05  9.8792E+04
0000093   1.8606E+06 -3.6586E+05 -5.4883E+05
0000094   3.4463E+06 -1.1599E+06 -1.0612E+06
0000095   1.2898E+06 -5.1128E+05  1.0038E+05
0000096   2.4672E+06  6.4156E+05 -1.4679E+06
0000097   2.7401E+06  9.6517E+05 -1.0319E+06
0000098   1.7588E+06  6.0022E+05  3.9162E+05
0000099   1.9233E+06 -4.4112E+05  8.1597E+05
0000100   3.9093E+06 -1.7982E+05 -5.8678E+05
0000101   2.0312E+06 -2.3753E+05 -6.2750E+05
0000102   1.0874E+06 -1.7085E+05 -2.0122E+05
0000103   3.0509E+06  1.4278E+06 -3.8342E+05
0000104   1.8768E+06 -1.2277E+06 -1.9872E+05
0000105   1.5104E+06  5.1649E+05 -9.5540E+04
0000106   4.1584E+06 -5.9654E+05 -1.2303E+06
0000107   2.0356E+06 -1.3049E+06 -2.3652E+05
0000108   2.0986E+06  8.5352E+05 -2.3190E+04
0000109   2.3591E+06 -1.0246E+06  8.3002E+05
0000110   1.5053E+06  4.8220E+05 -3.8112E+05
0000111   1.8890E+06 -2.2657E+05 -5.6171E+05
0000112   2.5634E+06  8.4563E+05  6.0297E+05
0000113   9.0984E+05  1.6890E+05  3.8214E+05
0000114   1.9199E+06  6.8785E+05 -4.0853E+05
0000115   2.1545E+06 -4.1115E+05 -3.7317E+05
0000116   1.8171E+06 -1.6940E+06 -8.0787E+05
0000117   2.8158E+06  1.4189E+05 -2.9418E+05
0000118   3.3599E+06  2.3460E+05 -1.0419E+06
0000119   2.4168E+06  4.5919E+05 -1.7615E+05
0000120   2.2699E+06 -3.0015E+05 -7.5064E+04
0000121   2.3964E+06 -1.0565E+06 -3.5016E+05
0000122   1.6990E+06  3.0676E+05 -4.0395E+05
0000123   3.0496E+06  6.1818E+05  1.7822E+04
0000124   4.0897E+06 -8.4313E+05  1.2542E+06
0000125   2.6112E+06  2.6506E+05 -9.0517E+05
0000126   2.1933E+06  1.8753E+05 -1.8869E+06
0000127   2.8162E+06  3.2125E+05  7.7466E+05
0000128   3.6392E+06 -8.0693E+05  3.2613E+05
0000129   1.7171E+06 -5.4557E+05  1.2377E+05
0000130   7.1760E+05 -2.5950E+05  9.5684E+04
0000131   1.9237E+06  4.0544E+05 -1.2855E+06
0000132   4.3718E+06  1.1687E+05  1.9332E+04
0000133   3.0324E+06 -7.9507E+05 -4.1452E+05
0000134   2.4317E+06  7.7714E+05 -5.3167E+04
0000135   1.7429E+06 -5.9641E+04 -5.7146E+05
0000136   3.0713E+06  3.7776E+05 -1.3132E+05
0000137   2.6283E+06  1.2058E+06  1.1870E+06
0000138   3.1803E+06  1.6533E+06  5.9198E+05
0000139   2.9778E+06  1.1215E+06 -4.3838E+05
0000140   1.6331E+06  3.8112E+05  4.2561E+05
0000141   1.2221E+06  1.0421E+05  2.1902E+05
0000142   2.4186E+06 -5.6839E+05  1.0188E+05
0000143   3.2462E+06  1.0248E+05  7.3428E+04
0000144   2.2246E+06 -3.3416E+05 -3.1171E+05
0000145   2.2785E+06  2.9785E+05 -6.0114E+05
0000146   2.8436E+06  6.2427E+05  6.7585E+05
0000147   3.8781E+06  8.2174E+05  9.1787E+05
0000148   3.6023E+06 -1.1245E+06  1.1127E+05
0000149   1.9818E+06  7.6559E+05  5.5047E+05
0000150   1.6480E+06 -3.5652E+05 -3.0742E+05
0000151   2.3114E+06  8.1211E+05  1.4540E+05
0000152   3.8820E+06  3.1596E+05  3.5234E+05
0000153   1.3733E+06 -1.0403E+05 -1.3328E+05
0000154   2.5420E+06  8.1288E+05 -1.4674E+05
0000155   3.4102E+06 -1.8296E+05  2.8514E+05
0000156   3.2896E+06 -5.4869E+04 -1.1685E+06
0000157   2.8221E+06 -5.8772E+05  4.3750E+05
0000158   2.2343E+06  4.3258E+04  2.1303E+05
0000159   1.5782E+06  2.4155E+05  8.6315E+05
0000160   1.8896E+06 -3.7826E+05 -1.4677E+06
0000161   1.5170E+06  8.7141E+05  3.8525E+05
0000162   2.5521E+06  3.9317E+05  3.6192E+05
0000163   1.5859E+06  7.3234E+05  2.4147E+06
0000164   1.9633E+06 -6.3150E+04  1.1795E+05
0000165   1.7658E+06 -5.6659E+05  1.2896E+06
0000166   3.9601E+06 -3.2838E+05 -9.3358E+05
0000167   2.2208E+06 -9.2479E+05 -7.6118E+05
0000168   1.5010E+06  9.6966E+05 -6.1351E+05
0000169   1.0709E+06  2.1249E+06 -5.9048E+05
0000170   2.3933E+06  1.7425E+05 -8.2846E+05
0000171   2.8129E+06 -1.2219E+05  1.4484E+05
0000172   1.9514E+06 -7.9185E+05 -6.4972E+05
0000173   2.7638E+06  1.0249E+05 -2.2283E+05
0000174   1.3785E+06  1.4172E+05 -8.0746E+05
0000175   7.6377E+05 -5.3373E+04 -6.3275E+05
0000176   4.2250E+06 -1.3357E+05 -2.3688E+05
0000177   3.5453E+06 -8.7060E+05  3.3631E+05
0000178   2.5182E+06  1.9563E+06 -2.3651E+05
0000179   1.8360E+06 -3.3183E+05  5.5465E+05
0000180   3.7249E+05 -1.7079E+05  1.2887E+06
0000181   8.7258E+05 -3.9658E+05  2.9053E+05
0000182   2.6777E+06 -4.0970E+05 -9.2123E+05
0000183   2.3480E+06  2.6420E+05 -5.7414E+05
0000184   1.6899E+06 -6.8496E+05 -1.5397E+05
0000185   2.1342E+06 -2.7772E+05 -1.1474E+05
0000186   2.0921E+06  1.8031E+06  4.0533E+05
0000187   1.8193E+06  1.6239E+05  1.8154E+06
0000188   4.3743E+06 -2.7197E+05  1.1220E+05
0000189   1.0280E+06  6.6159E+04 -1.1951E+05
0000190   2.3604E+06 -1.2212E+06 -3.6998E+05
0000191   2.0064E+06  5.3005E+04  1.1258E+06
0000192   1.7654E+06  1.4753E+05  6.5818E+05
0000193   2.9864E+06  1.1502E+05  2.5537E+05
0000194   2.5963E+06 -5.6408E+05 -6.9435E+05
0000195   3.0432E+06  1.1793E+06 -1.1872E+06
0000196   1.6215E+06 -3.7217E+05  6.5030E+05
0000197   6.9302E+05 -3.1140E+05 -2.0207E+05
0000198   1.3609E+06 -5.2261E+05 -6.0205E+05
0000199   1.6128E+06  3.6789E+05  8.8988E+05
0000200   3.3132E+06 -4.5151E+05  7.8091E+05
0000201   3.3916E+06  8.2390E+05  1.5880E+06
0000202   1.1510E+06 -5.5377E+04 -1.0066E+06
0000203   2.7117E+06  7.1604E+05  3.9160E+05
0000204   2.8412E+06 -6.5396E+05  7.7869E+05
0000205   1.8825E+06  5.6146E+05 -1.0409E+04
0000206   1.5867E+06  5.0792E+05 -7.9855E+05
0000207   3.4753E+06  4.7276E+05  8.9264E+05
0000208   1.8472E+06  4.2756E+05  1.1768E+06
0000209   3.7429E+06  5.7503E+05 -5.9893E+05
0000210   8.6715E+05 -3.2542E+05  1.0768E+05
0000211   2.4654E+06 -7.2770E+05 -5.4410E+05
0000212   2.3921E+06 -1.3485E+06 -4.0473E+05
0000213   1.2206E+06 -6.5393E+05  5.4517E+04
0000214   3.0926E+06  1.0026E+06 -2.9527E+05
0000215   1.4424E+06 -9.0209E+05 -2.9101E+05
0000216   3.3801E+06  6.4253E+05 -4.9256E+05
0000217   3.4443E+06 -2.4182E+04  1.7152E+06
0000218   7.3792E+05  1.2896E+05  1.8456E+05
0000219   1.9235E+06  1.2904E+05 -8.1090E+05
0000220   2.9697E+06 -7.0206E+05  8.7607E+05
0000221   1.7027E+06 -1.0406E+06  2.2546E+06
0000222   3.1976E+06 -1.9278E+05 -9.3814E+05
0000223   1.8691E+06 -3.9014E+05  4.2273E+05
0000224   2.2986E+06  1.0505E+06 -1.0301E+05
0000225   2.7203E+06  3.2311E+05 -1.8978E+05
0000226   2.7541E+06 -7.1775E+05  1.2656E+06
0000227   4.4242E+06  8.5716E+05 -2.2023E+06
0000228   2.0791E+06 -9.3916E+05  8.6061E+05
0000229   1.6993E+06  1.2725E+06 -7.4042E+03
0000230   1.9308E+06 -4.2030E+05  1.5786E+06
0000231   4.0679E+06  5.1655E+05 -1.0214E+06
0000232   2.5028E+06  6.7749E+04  1.0618E+05
0000233   1.0307E+06  3.6112E+05  3.0937E+05
0000234   1.6450E+06  2.7429E+05 -8.9154E+03
0000235   2.0355E+06  7.1637E+05 -2.9515E+04
0000236   1.4473E+06  5.3380E+05  1.8056E+05
0000237   3.7640E+06 -3.2416E+05  9.9801E+04
0000238   2.7066E+06 -2.2171E+05  1.6573E+05
0000239   1.5078E+06  5.6000E+05  2.3343E+05
0000240   1.4897E+06 -5.2175E+05 -5.2660E+05
0000241   3.1328E+06  1.0532E+06 -5.6409E+05
0000242   1.9863E+06 -2.7995E+05 -6.5167E+05
0000243   2.1319E+06  2.1507E+05 -1.7927E+06
0000244   3.5403E+06  2.8869E+05  6.8584E+05
0000245   2.5086E+06  3.1002E+05 -6.3135E+05
0000246   2.2571E+06 -2.0042E+06  1.9727E+06
0000247   1.5679E+06 -2.2062E+05  5.4735E+04
0000248   2.0440E+06  2.4853E+06  1.3609E+04
0000249   3.1937E+06 -1.4598E+06 -3.8509E+04
0000250   3.1348E+06 -9.1706E+05 -3.2085E+05
0000251   2.7757E+06  1.9152E+06  6.3731E+05
0000252   3.0607E+06  1.2593E+06 -7.5567E+04
0000253   1.9408E+06  9.5048E+05  3.5264E+05
0000254   3.4902E+06 -2.6195E+05  1.0126E+06
0000255   1.5213E+06 -5.1323E+05 -7.4277E+05
0000256   2.4725E+06  4.7319E+03  5.9208E+05
0000257   1.5858E+06 -1.0991E+06  4.1237E+05
0000258   3.2431E+06  6.4564E+04 -1.1840E+04
0000259   1.1555E+06 -8.5182E+05  7.0223E+04
0000260   2.0099E+06 -1.9224E+04  7.0784E+05
0000261   2.2061E+05 -2.9018E+05  7.3659E+04
0000262   3.1538E+06  6.0953E+05 -1.1983E+06
0000263   3.3655E+06  8.6306E+05 -2.6166E+05
0000264   6.8181E+05  2.7432E+06 -1.9164E+06
0000265   1.6063E+06  4.4632E+05  3.7491E+04
0000266   2.4435E+06  1.1225E+06 -1.0960E+06
0000267   5.9920E+06 -4.6740E+05  1.2972E+05
0000268   1.9542E+06  5.0047E+05  4.7669E+04
0000269   2.4955E+06 -3.9202E+05 -6.1192E+05
0000270   2.9806E+06  1.0681E+06  3.3301E+05
0000271   2.0770E+06 -1.0575E+06  2.6982E+05
0000272   4.5966E+06 -7.6895E+05  6.0142E+05
0000273   2.3600E+06  1.3261E+06  6.4548E+05
0000274   1.5060E+06  3.4627E+05 -8.1656E+05
0000275   2.6478E+06 -9.2650E+05 -3.0301E+05
0000276   1.3131E+06  7.6260E+05  2.7967E+05
0000277   1.8791E+06  1.7706E+05 -1.1379E+05
0000278   1.7368E+06  4.7754E+05  2.1410E+05
0000279   3.4842E+06 -9.1276E+05 -8.4509E+05
0000280   2.2033E+06  1.0632E+06  7.1714E+05
0000281   1.6111E+06 -9.0299E+05  8.8863E+05
0000282   2.4169E+06  4.0005E+05  2.5706E+05
0000283   2.7944E+06  1.1386E+05 -5.6548E+05
0000284   1.5271E+06 -3.7839E+05  1.0389E+06
0000285   3.1763E+06 -1.2849E+06 -5.3948E+04
0000286   1.2558E+06  5.3626E+03 -5.9832E+05
0000287   2.6985E+06 -5.5870E+05  2.7578E+06
0000288   2.1511E+06 -4.0091E+05 -8.0215E+05
0000289   3.1699E+06 -5.2082E+05  3.7662E+05
0000290   1.5784E+06 -4.5021E+05  5.3919E+04
0000291   3.9454E+06 -1.1886E+06 -3.5555E+05
0000292   4.0315E+06 -5.9554E+05 -1.9724E+05
0000293   1.4114E+06  1.2956E+06 -5.9815E+05
0000294   3.1432E+06 -1.1236E+06  4.5309E+05
0000295   2.1487E+06 -6.7402E+05 -2.2892E+05
0000296   1.8884E+06 -6.4226E+05  4.0598E+05
0000297   7.0571E+05  7.4004E+03 -4.8865E+05
0000298   3.3246E+06  1.0304E+05  5.7393E+05
0000299   3.3461E+06 -5.2969E+05  2.9840E+05
0000300   1.7865E+06  8.2828E+04 -9.1914E+05
0000301   3.2795E+06 -4.4064E+05  2.4258E+05
0000302   5.8019E+05 -2.0047E+05 -3.6733E+05
0000303   2.5818E+06 -3.9440E+05  7.8425E+03
0000304   2.6227E+06 -6.7242E+05  1.0819E+06
0000305   8.8803E+05 -1.0749E+06 -4.6205E+05
0000306   2.9737E+06  1.7385E+06  7.7615E+05
0000307   1.0208E+06  6.0159E+05  7.1821E+04
0000308   2.7538E+06  5.5847E+05 -2.0955E+05
0000309   3.7201E+06  3.0483E+04 -6.2716E+05
0000310   3.3900E+06  5.9232E+05 -4.6445E+05
0000311   2.2777E+06  8.7189E+05 -7.9898E+05
0000312   2.8096E+06  1.8030E+05 -1.5022E+06
0000313   2.6889E+06 -4.2134E+05  6.2371E+05
0000314   1.9148E+06  1.6064E+04 -2.6332E+05
0000315   1.6682E+06  1.1961E+06 -6.4051E+05
0000316   2.3956E+06 -1.2320E+06 -5.5861E+05
0000317   2.2681E+06  4.5032E+05 -4.5902E+05
0000318   1.0733E+06  3.9987E+05  2.5875E+05
0000319   1.6279E+06 -5.5626E+03  4.4657E+05
0000320   1.8408E+05 -2.5421E+05 -1.0269E+06
0000321   3.2247E+06  9.2153E+05  6.9722E+05
0000322   3.4606E+06 -1.0079E+06  6.0399E+05
0000323   2.6292E+06 -2.2985E+05  1.7309E+05
0000324   2.5471E+06  8.2059E+05  1.0643E+05
0000325   1.7229E+06  5.2031E+05 -1.2353E+03
0000326   2.9029E+06  2.0285E+06 -2.4994E+05
0000327   1.7357E+06  3.9670E+05 -2.3498E+05
0000328   1.3719E+06  6.6202E+05 -7.6044E+05
0000329   2.7048E+06  4.7411E+05 -1.7947E+05
0000330   2.3206E+06 -1.7946E+05  6.6408E+05
0000331   2.0668E+06  3.9526E+05 -7.7847E+05
0000332   2.2043E+06  2.2078E+05 -1.9184E+05
0000333   6.4356E+05  1.7124E+05 -1.7533E+05
0000334   1.4883E+06  1.3905E+06  6.5180E+05
0000335   1.1230E+06 -2.8121E+05 -1.3135E+06
0000336   1.8519E+06 -7.5995E+04 -4.2564E+05
0000337   1.4852E+06 -1.7390E+05  4.7385E+05
0000338   1.8528E+06 -7.8664E+05 -1.0813E+06
0000339   2.7080E+06  8.7784E+05 -9.5138E+04
0000340   2.3023E+06  1.6321E+05  1.3136E+05
0000341   3.2590E+06 -6.4852E+05 -4.6373E+05
0000342   1.6129E+06 -7.8891E+02 -2.1880E+05
0000343   2.8290E+06 -8.1304E+05 -9.2222E+05
0000344   3.2646E+06 -3.5934E+05 -9.2593E+05
0000345   2.2866E+06  1.5314E+05 -5.3448E+05
0000346   2.8658E+06  1.7793E+06  1.2682E+04
0000347   2.3436E+06  8.0973E+05 -3.9889E+05
0000348   2.7737E+06 -1.7137E+06 -9.6795E+04
0000349   3.1659E+06  8.4968E+04 -4.8886E+05
0000350   1.1064E+06 -1.0744E+06 -7.7558E+05
0000351   2.9203E+06  4.6524E+05 -1.0994E+06
0000352   3.2171E+06 -6.3678E+04  8.6965E+05
0000353   7.2334E+05 -4.0185E+03  3.2885E+04
0000354   1.9701E+06 -3.6020E+05 -1.7582E+05
0000355   2.7303E+06  7.3448E+05 -1.3666E+06
0000356   1.7831E+06  4.7580E+05  1.1432E+06
0000357   2.2533E+06 -4.2367E+05  4.7093E+05
0000358   1.9936E+06 -7.4035E+03  3.9219E+05
0000359   1.2263E+06  9.0103E+04 -1.2793E+05
0000360   2.2460E+06 -9.3766E+05  1.8105E+06
0000361   4.0635E+06 -5.7818E+05  6.0218E+05
0000362   8.1107E+05 -3.8159E+05 -5.1272E+05
0000363   2.0115E+06 -4.4155E+05 -1.1291E+06
0000364   1.3617E+06 -4.3311E+04 -6.9560E+05
0000365   2.8682E+05  7.4832E+04  3.0473E+05
0000366   1.3648E+06 -7.7801E+05  6.4712E+05
0000367   9.6904E+05  7.1698E+05  6.6481E+05
0000368   2.9062E+06  1.6774E+05 -4.2172E+05
0000369   2.0363E+06  2.7564E+05 -2.7105E+05
0000370   9.8199E+05 -5.7446E+05  9.7875E+04
0000371   2.6198E+06 -3.5240E+05 -8.1305E+05
0000372   3.1514E+06 -9.3611E+05  1.0116E+06
0000373   2.5644E+06  1.3014E+06 -6.2357E+05
0000374   7.1569E+05 -5.5427E+04 -2.2458E+05
0000375   1.6188E+06 -1.5447E+05  4.6054E+05
0000376   2.1521E+06 -1.0035E+06 -5.4140E+05
0000377   1.6712E+06 -1.4878E+06 -1.7305E+06
0000378   3.1410E+06 -3.0121E+05  7.7907E+05
0000379   2.1997E+06  8.1669E+05  1.2504E+05
0000380   1.3344E+06  6.6144E+05  5.6968E+05
0000381   3.8427E+06 -7.2082E+05 -5.9209E+05
0000382   2.2366E+06  8.4437E+04  5.2075E+05
0000383   1.6324E+06 -3.8549E+05 -3.2238E+05
0000384   8.2085E+05 -2.9575E+04  1.0053E+06
0000385   2.0536E+06 -1.1924E+06 -7.8729E+05
0000386   2.7066E+06 -1.0774E+06  1.9653E+05
0000387   1.4106E+06  9.2599E+05  1.7116E+06
0000388   1.8330E+06 -7.4689E+05  1.3253E+06
0000389   2.6358E+06 -2.6012E+06  5.1004E+05
0000390   3.5172E+06  8.6728E+05  1.0807E+06
0000391   7.8272E+05  1.0781E+06  2.7286E+04
0000392   1.3024E+06  3.9214E+05  3.4797E+05
0000393   2.2628E+06 -1.0426E+06 -5.6379E+04
0000394   3.1352E+06  9.3491E+05 -3.9358E+05
0000395   9.5425E+05  3.3916E+05 -5.9347E+05
0000396   1.8733E+06 -4.9976E+05 -1.3460E+03
0000397   1.1431E+06 -7.5205E+05 -1.3695E+06
0000398   2.0965E+06  3.7993E+05  1.1666E+06
0000399   2.1132E+06  1.7524E+05  6.3431E+05
0000400   2.7726E+06 -2.7740E+05 -1.0213E+06
0000401   2.3487E+06 -1.7321E+05  1.4034E+06
0000402   1.5231E+06  2.1415E+05 -9.8647E+04
0000403   3.4260E+05 -9.5005E+03  1.7538E+05
0000404   2.0558E+06 -6.1212E+05 -8.5008E+05
0000405   1.0065E+06  1.7273E+04 -1.9028E+05
0000406   2.6090E+06 -2.6924E+05 -1.1384E+06
0000407   1.0263E+06  3.3824E+05  5.6646E+04
0000408   1.5962E+06  1.7044E+05  3.7210E+05
0000409   7.4734E+05  5.9603E+05 -1.2066E+06
0000410   1.4901E+06  1.1843E+06 -9.4619E+05
0000411   1.7800E+06  1.6320E+06  2.3658E+04
0000412   2.8252E+06  1.2613E+05  5.2864E+05
0000413   1.4825E+06  2.6531E+05  4.0609E+05
0000414   1.2759E+06 -3.3941E+05  5.3342E+05
0000415   3.0248E+06  7.2664E+05  2.5729E+06
0000416   4.9309E+06  4.9670E+05  4.3325E+05
0000417   2.5365E+06 -7.9703E+05 -9.0672E+04
0000418   2.0689E+06 -9.9179E+05 -8.9104E+05
0000419   2.0453E+06 -6.7532E+05 -1.5483E+05
0000420   1.1698E+06 -3.6798E+05  4.7732E+04
0000421   3.2041E+06  1.3183E+06  2.5864E+05
0000422   2.6178E+06 -8.0715E+05 -9.6996E+04
0000423   1.9100E+06  3.3697E+05 -1.1520E+05
0000424   1.4969E+06 -3.8741E+05 -4.8229E+05
0000425   2.4572E+06 -1.8963E+05 -3.6878E+05
0000426   2.4717E+06 -2.0696E+06 -6.3015E+03
0000427   1.3678E+06 -2.4239E+05  2.1603E+05
0000428   1.9161E+06  3.7393E+05 -7.6064E+05
0000429   1.2636E+06  2.7996E+05 -5.6306E+05
0000430   9.0470E+05 -2.4998E+05 -1.0572E+05
0000431   2.4361E+06  4.5105E+05 -1.2306E+05
0000432   2.6572E+06  6.5685E+05  6.7398E+05
0000433   3.6409E+06  1.6067E+06 -9.5788E+05
0000434   4.0358E+06  2.5943E+05  2.4097E+05
0000435   1.4879E+06 -5.9719E+05 -9.3766E+05
0000436   2.2443E+06  6.1606E+05  2.7574E+05
0000437   3.3165E+06 -2.7781E+04  1.1180E+06
0000438   2.5016E+06 -8.2722E+05 -1.2470E+06
0000439   2.5413E+06  3.5233E+05  4.4592E+05
0000440   2.8180E+06  3.6246E+05 -2.6803E+06
0000441   3.0527E+06  8.7975E+05 -7.4338E+05
0000442   1.4011E+06 -4.3878E+05 -1.0974E+06
0000443   3.6264E+06 -5.8583E+05 -2.7097E+05
0000444   2.1693E+06 -1.2592E+06  1.8395E+06
0000445   1.0538E+06  1.5747E+06  2.0683E+05
0000446   1.1545E+06 -2.2852E+05 -3.4816E+05
0000447   1.4767E+06 -7.6785E+04 -3.4745E+05
0000448   4.2982E+06 -1.0210E+06  9.9708E+05
0000449   4.2435E+06  1.0304E+06  4.6810E+04
0000450   2.5518E+06 -1.9968E+05 -2.2227E+05
0000451   3.3512E+06 -2.2353E+06 -2.9467E+05
0000452   3.3282E+06 -4.0916E+04  1.1654E+06
0000453   1.9340E+06 -7.7849E+05 -9.9439E+05
0000454   2.2184E+06 -5.5550E+05  4.0343E+05
0000455   8.3660E+05  3.3698E+05 -2.5690E+05
0000456   2.2436E+06  8.4754E+05 -1.7988E+06
0000457   1.8769E+06  5.6202E+05  8.2671E+05
0000458   2.9335E+06 -2.1318E+06 -7.9169E+05
0000459   2.5488E+06  2.2803E+06  8.1425E+05
0000460   2.1431E+06 -7.2968E+05  2.0173E+05
0000461   1.8181E+06 -8.1502E+05 -1.3973E+06
0000462   3.7294E+06  5.5461E+05  3.5523E+05
0000463   1.6082E+06 -7.5708E+05 -5.9950E+05
0000464   3.0917E+05 -1.5502E+05  3.1170E+05
0000465   1.5176E+06 -4.6105E+05  1.8613E+06
0000466   3.0804E+06 -1.6213E+06  1.4809E+05
0000467   2.2161E+06 -7.9427E+05  1.2470E+06
0000468   2.3219E+06  2.1654E+05  4.8480E+05
0000469   2.3298E+06 -1.0206E+06  3.6508E+05
0000470   1.7978E+05  2.7759E+04 -4.1165E+05
0000471   2.9528E+06 -9.1015E+05 -1.1974E+06
0000472   2.1867E+06 -7.3467E+04 -4.5666E+05
0000473   3.7241E+06  8.0851E+05 -1.0474E+04
0000474   1.7116E+06 -8.1004E+05 -1.4794E+05
0000475   3.2775E+06 -5.0341E+05  6.8134E+05
0000476   8.4062E+05 -6.1743E+05  5.2981E+05
0000477   1.6561E+06 -6.4994E+05 -1.1014E+05
0000478   1.6722E+06  9.3341E+05 -1.0813E+06
0000479   3.3584E+06 -8.5601E+05  3.7980E+05
0000480   1.1044E+06 -4.5241E+05  3.0201E+05
0000481   2.6272E+06  5.5059E+05 -4.0172E+05
0000482   2.8159E+06  1.0390E+06 -8.8755E+05
0000483   1.7388E+06 -1.8781E+05 -6.4270E+05
0000484   2.7297E+06  1.1570E+06  1.5778E+04
0000485   3.7517E+06  6.3157E+05  1.2234E+05
0000486   2.4754E+06  5.3483E+05  1.4920E+05
0000487   3.2878E+06 -7.2148E+05  1.0134E+06
0000488   2.5654E+06  2.5404E+04  3.7928E+05
0000489   2.2809E+06  1.9549E+06  7.6337E+05
0000490   2.6441E+06  2.0166E+06 -6.8665E+05
0000491   3.6609E+06 -1.9982E+05 -6.5484E+05
0000492   8.4352E+05 -5.4461E+05 -1.4529E+06
0000493   1.5464E+06  3.5227E+05 -7.3507E+05
0000494   2.5331E+06  2.3257E+06 -3.1719E+04
0000495   1.7424E+06 -2.2473E+05  1.4365E+06
0000496   1.6605E+06  1.3097E+05  6.7126E+05
0000497   3.1963E+06  1.4612E+05 -3.6545E+05
0000498   1.7271E+06 -3.3372E+04  4.8539E+04
0000499   3.4445E+06  3.4917E+05  3.4773E+05
0000500   2.7074E+06 -1.2040E+06  7.5372E+05
0000501   4.2381E+06  5.8181E+05 -2.0717E+05
0000502   2.8289E+06 -1.4910E+05  2.9344E+05
0000503   2.5844E+06  1.4354E+06  1.6727E+05
0000504   2.3361E+06  2.5158E+05 -9.6766E+05
0000505   1.9782E+06 -7.8720E+05  9.8880E+05
0000506   5.5679E+05  4.9621E+02 -4.2677E+04
0000507   2.0247E+06 -1.3006E+06 -3.7271E+05
0000508   4.3621E+06  1.1896E+06 -3.2325E+05
0000509   1.5119E+06 -2.0590E+05 -7.9758E+05
0000510   1.9929E+06  1.3846E+06 -3.3074E+05
0000511   2.8137E+06  2.9722E+05  1.0275E+06
0000512   2.7010E+06  3.8505E+04 -8.9101E+05
0000513   1.0946E+06  1.7673E+05 -3.5793E+05
0000514   4.2972E+06  8.1244E+04  4.7909E+05
0000515   6.5952E+05  1.2210E+06  5.9161E+05
0000516   2.8513E+06 -6.4681E+04  1.3707E+05
0000517   4.6311E+05  4.3106E+05  2.8376E+04
0000518   7.8916E+05 -6.0619E+05  2.2721E+05
0000519   2.2505E+06 -9.9002E+04 -4.3745E+05
0000520   8.7677E+05 -2.8669E+05 -1.8969E+05
0000521   1.6957E+06 -5.8052E+05  1.7446E+06
0000522   2.7022E+06 -9.9871E+05  5.4113E+05
0000523   1.4343E+06 -3.6790E+05 -7.5311E+05
0000524   3.3380E+06  5.2624E+05 -5.3532E+04
0000525   3.5891E+06  1.5712E+06 -3.0996E+05
0000526   1.3930E+06  1.1441E+06 -6.0857E+04
0000527   3.9536E+06  1.0835E+06 -1.5465E+06
0000528   2.9700E+06 -1.0620E+06  5.2928E+05
0000529   2.4268E+06 -5.6571E+05  1.1711E+06
0000530   9.0294E+05  5.6446E+05 -4.6070E+05
0000531   1.0729E+06 -1.2096E+06 -1.9643E+05
0000532   4.4684E+05 -1.1649E+05 -6.8132E+05
0000533   3.1342E+05 -7.5463E+05  6.1054E+05
0000534   2.6703E+06  2.0175E+05  7.2114E+05
0000535   2.9010E+06  7.7904E+05 -3.7265E+05
0000536   2.1898E+06  1.7017E+04  2.1446E+05
0000537   2.2362E+06 -8.4423E+04  1.8061E+06
0000538   1.0280E+06  9.1913E+05 -2.0870E+06
0000539   1.4642E+06  6.3200E+05 -1.8571E+05
0000540   2.7140E+06 -2.1412E+05  5.0499E+05
0000541   3.7012E+06  6.9692E+04  3.0422E+04
0000542   1.2948E+06  6.9440E+05 -8.2463E+03
0000543   1.7544E+06 -5.7317E+05  1.1914E+06
0000544   2.2306E+06 -6.6791E+05  2.4378E+05
0000545   2.9765E+05 -2.9563E+05  2.5570E+05
0000546   3.7372E+06 -1.6749E+06  8.5535E+05
0000547   2.3119E+06 -7.9060E+05 -8.3306E+05
0000548   4.4629E+06  1.2848E+03  3.8505E+05
0000549   5.0669E+05 -2.1971E+06 -7.3341E+05
0000550   1.2140E+06 -5.1895E+05 -4.1757E+04
0000551   2.3906E+06  1.7711E+06  3.2305E+05
0000552   1.4581E+06  5.3356E+05 -1.8533E+06
0000553   2.1107E+06 -2.4628E+05  3.5288E+05
0000554   1.9279E+06 -4.3354E+05 -1.0885E+06
0000555   2.6944E+06 -6.3392E+05  2.5404E+05
0000556   2.0328E+06  1.9120E+05  3.4435E+05
0000557   1.4313E+06 -1.0818E+06  4.6152E+05
0000558   2.2926E+06 -1.3790E+06 -8.7773E+05
0000559   1.6815E+06 -1.7121E+04 -5.5336E+05
0000560   1.2678E+06 -1.0346E+06  5.3571E+05
0000561   1.5502E+06  8.3810E+05  1.3881E+06
0000562   1.6685E+06  1.3835E+05  8.1180E+05
0000563   2.8754E+06  1.1224E+05  3.6359E+05
0000564   1.9494E+06  7.5701E+05 -2.0566E+05
0000565   2.5858E+06 -1.3780E+06  3.4365E+05
0000566   1.2936E+06 -5.9742E+05  8.2814E+05
0000567   3.1273E+06 -6.2117E+05  4.7185E+05
0000568   3.2655E+06 -6.4314E+05 -1.1869E+06
0000569   1.9574E+06 -9.2742E+05 -3.5094E+05
0000570   2.4594E+06  1.8125E+06  2.3601E+05
0000571   3.0322E+06  1.2706E+05  4.2192E+05
0000572   1.8998E+06  6.2495E+05  4.5520E+04
0000573   2.8781E+06 -2.0906E+06 -4.9387E+04
0000574   2.0942E+06  6.8745E+05  1.2971E+05
0000575   3.0562E+06 -5.0690E+04 -9.3971E+05
0000576   1.6882E+06  2.0069E+05 -1.9348E+06
0000577   1.8170E+06  7.6034E+05 -6.5753E+05
0000578   3.7396E+06 -1.5707E+06  3.1105E+05
0000579   2.5355E+06 -1.4539E+05  1.0168E+06
0000580   3.0715E+06 -2.5304E+05  3.7159E+05
0000581   4.8263E+05 -3.2690E+05 -3.2203E+05
0000582   4.0102E+06 -1.2246E+06 -4.7034E+03
0000583   9.7493E+05 -1.8139E+06  8.6992E+05
0000584   1.3224E+06  2.8990E+05 -6.4539E+05
0000585   2.1734E+06  1.3656E+06  1.3420E+06
0000586   1.7755E+06  6.7801E+05 -1.7675E+06
0000587   8.7164E+05  5.5180E+05 -2.9941E+05
0000588   1.0440E+06 -2.2211E+05  8.1460E+04
0000589   9.2557E+05 -2.3039E+05  2.1675E+05
0000590   2.6328E+06 -4.5323E+05  9.3655E+05
0000591   2.1623E+06 -1.0230E+06 -1.2928E+06
0000592   1.8228E+06 -1.7630E+05 -1.2824E+06
0000593   8.2165E+05 -1.0438E+05  3.5264E+05
0000594   3.5627E+06  5.1362E+05 -8.4599E+05
0000595   2.5822E+06  7.3576E+05  1.1702E+06
0000596   1.6759E+06 -3.4419E+05 -1.4060E+06
0000597   1.9107E+06  7.5145E+05 -1.7689E+05
0000598   1.5680E+06  4.5003E+05 -1.1897E+06
0000599   3.1436E+06  1.3848E+05  1.9984E+05
0000600   4.2463E+06 -8.6663E+05  1.0127E+06
0000601   1.4316E+06  9.4157E+05 -1.4014E+06
0000602   1.9475E+06  6.4947E+04  8.5349E+05
0000603   3.4442E+06 -1.4504E+06  6.3590E+05
0000604   2.4506E+06 -1.1851E+05  7.7748E+03
0000605   6.4417E+05 -6.4126E+05 -1.7451E+05
0000606   2.3456E+06  7.3148E+04 -1.7771E+06
0000607   2.3566E+06 -1.4864E+06  1.0847E+06
0000608   3.5406E+06  8.2501E+05 -1.9058E+05
0000609   1.2894E+06  3.5303E+05 -8.2356E+05
0000610   3.3558E+06 -5.6564E+04 -2.8575E+05
0000611   3.2004E+06 -2.2921E+06  1.6455E+06
0000612   2.3025E+06 -1.2814E+06  1.3379E+06
0000613   2.1852E+06 -5.9314E+05  8.6984E+05
0000614   1.8520E+06  4.0912E+05  3.5072E+05
0000615   2.2599E+06  5.1196E+05  1.1157E+05
0000616   2.7428E+06 -1.6266E+05  1.0945E+06
0000617   3.6474E+06 -6.6803E+05  1.7079E+05
0000618   1.6716E+06  5.2509E+05  1.3354E+06
0000619   1.5175E+06 -9.9018E+04 -4.9324E+04
0000620   1.3920E+06 -1.3938E+06 -7.8608E+05
0000621   1.5307E+06  2.0420E+05 -9.6743E+05
0000622   2.2260E+06  2.0761E+05 -1.3626E+05
0000623   1.1374E+06  2.0375E+05  4.6663E+04
0000624   1.8274E+06 -1.1584E+06 -6.1332E+05
0000625   1.4744E+06  9.5033E+05 -2.4696E+04
0000626   1.8828E+06 -3.4362E+04  1.4928E+05
0000627   2.4380E+06 -1.1890E+06 -1.5317E+05
0000628   1.4426E+06 -5.7474E+05  7.5781E+05
0000629   1.4976E+06 -9.6505E+04 -1.0433E+06
0000630   1.7460E+06  8.8991E+04 -6.5338E+05
0000631   3.9784E+06 -2.9488E+05 -1.9061E+05
0000632   2.1391E+06  1.0956E+06  2.1170E+05
0000633   3.5314E+06 -1.0092E+05  5.0599E+05
0000634   2.0775E+06 -5.7738E+05 -5.4841E+05
0000635   3.7564E+06  1.4134E+04  5.1957E+05
0000636   1.9691E+06  9.3079E+05 -1.8525E+06
0000637   3.2221E+06  8.5863E+05  6.9059E+05
0000638   3.6600E+06  1.1269E+06 -9.4550E+05
0000639   3.3441E+06  2.6866E+05  9.2378E+05
0000640   3.0419E+06  5.9678E+05  3.6491E+05
0000641   3.0516E+06  8.3002E+05 -2.7277E+05
0000642   3.7098E+06 -4.2858E+05 -1.4623E+06
0000643   3.1693E+06 -9.0079E+04 -2.0509E+05
0000644   2.6015E+06  9.5113E+05 -1.7812E+05
0000645   8.3450E+05 -9.4559E+05 -1.0524E+06
0000646   2.9758E+06  5.6550E+03 -4.5129E+05
0000647   1.5312E+06 -1.0378E+06 -3.6332E+05
0000648   1.9012E+06  8.9517E+05 -8.2965E+04
0000649   3.3410E+06  7.8640E+04 -1.1652E+06
0000650   2.5123E+06  1.5594E+05 -1.2608E+06
0000651   2.7527E+06 -6.3983E+05  7.9193E+05
0000652   1.6129E+06  5.6594E+03 -5.5678E+04
0000653   4.5709E+06 -5.2390E+05  8.5001E+05
0000654   2.7993E+06  1.0612E+05 -1.0856E+05
0000655   3.1256E+06 -2.0758E+05  7.1156E+05
0000656   2.0596E+06 -2.9966E+05  6.5710E+05
0000657   1.2462E+06 -3.1031E+05 -7.4090E+05
0000658   2.7988E+06  2.2858E+06  7.4442E+05
0000659   2.8830E+06  5.6847E+05 -5.5003E+05
0000660   9.2447E+05 -1.0816E+06  1.3076E+06
0000661   2.1189E+06  1.1910E+05  8.5107E+05
0000662   3.5692E+06 -1.8377E+06 -1.0469E+06
0000663   3.3558E+06 -2.3016E+05 -6.5564E+05
0000664   2.3285E+06  2.1448E+06 -2.0181E+05
0000665   9.7092E+05 -1.1522E+06  3.0611E+04
0000666   2.7222E+06 -2.3278E+05  9.9640E+05
0000667   3.0978E+06 -1.2456E+06 -1.0678E+06
0000668   1.9346E+05  2.4094E+04  6.6881E+04
0000669   4.5424E+06  1.0624E+06  2.8359E+05
0000670   8.5266E+05  4.7111E+05 -2.7590E+05
0000671   2.6048E+06  4.0127E+05 -1.0571E+06
0000672   1.6937E+06  8.3817E+05  9.6363E+05
0000673   3.7344E+06 -3.6518E+05 -3.7285E+05
0000674   2.0170E+06 -6.0212E+05 -1.1048E+05
0000675   1.3654E+06  1.1253E+06  1.7028E+05
0000676   2.0980E+06 -2.1294E+05 -3.2381E+05
0000677   3.2407E+06  2.6961E+05 -6.9956E+05
0000678   2.7299E+06  1.4114E+06 -7.8355E+05
0000679   2.3254E+06  7.0476E+05  7.3179E+05
0000680   1.9999E+06  2.3339E+05  1.4609E+05
0000681   3.4441E+06 -1.0355E+05 -4.8338E+05
0000682   3.1676E+06 -1.1331E+06  6.8204E+05
0000683   3.0886E+06 -7.8629E+05  1.5720E+06
0000684   3.7301E+06  8.9559E+05 -1.0164E+06
0000685   1.9799E+06  1.7468E+05 -5.6938E+05
0000686   1.7101E+06  6.2165E+05  1.5980E+05
0000687   7.7017E+05 -9.1248E+05  2.4285E+05
0000688   1.7583E+06  2.1373E+06  2.4533E+05
0000689   3.1726E+06 -3.3721E+04 -5.2503E+05
0000690   1.8227E+05  2.6875E+05  2.0038E+05
0000691   2.3119E+06 -1.3477E+06  2.8400E+04
0000692   1.4815E+06 -5.9005E+05  8.0557E+05
0000693   3.9180E+06 -5.5519E+05 -2.2563E+05
0000694   1.6464E+06  7.9908E+05 -7.3791E+05
0000695   2.3547E+06  1.4619E+05  3.1730E+05
0000696   1.7324E+06 -2.2181E+05 -6.8434E+05
0000697   3.3575E+06 -2.0805E+05  3.3373E+05
0000698   8.1278E+05  1.5812E+06 -3.2768E+05
0000699   3.9010E+06 -7.9689E+05  1.1010E+06
0000700   1.8173E+06  4.1764E+05 -2.0414E+05
0000701   2.4325E+06 -1.0022E+06  7.0187E+05
0000702   1.7155E+06  7.3431E+05  1.2827E+05
0000703   3.6194E+06  4.6151E+05  1.0411E+06
0000704   1.7722E+06 -3.5220E+05 -2.8088E+06
0000705   3.0185E+06 -1.6674E+06  1.1987E+06
0000706   1.3566E+06  2.3651E+05 -8.6532E+05
0000707   1.3783E+06  5.7621E+05  2.2671E+05
0000708   3.9023E+06 -9.3005E+05 -1.2029E+06
0000709   2.5962E+06 -6.5455E+05 -8.8543E+05
0000710   2.2666E+06 -7.3268E+03  2.9199E+05
0000711   9.2484E+05 -5.0283E+05 -1.4128E+06
0000712   2.7443E+06 -1.9140E+06  4.1170E+05
0000713   1.6960E+06 -9.8305E+05  1.8970E+05
0000714   1.8948E+06 -1.0583E+06 -4.0185E+05
0000715   2.0149E+06 -8.9950E+05  8.9686E+05
0000716   2.0631E+06 -7.6590E+05 -2.3546E+04
0000717   1.5561E+06 -1.0792E+06 -8.4852E+05
0000718   3.7039E+06 -2.4236E+05 -1.3423E+05
0000719   3.5237E+06 -1.7556E+06 -6.5384E+05
0000720   2.1025E+06  2.5406E+03  2.1351E+05
0000721   3.2554E+06 -8.0321E+05 -2.3927E+05
0000722   5.1668E+05  1.4340E+06 -9.1712E+05
0000723   2.3485E+06  8.2959E+05 -5.1481E+05
0000724   1.4879E+06 -9.2445E+05 -1.2979E+06
0000725   2.4932E+06  2.1688E+05  8.3208E+05
0000726   2.2973E+06 -4.7570E+04  2.4598E+04
0000727   5.9213E+05  3.1464E+05  2.8867E+05
0000728   2.7741E+06 -3.4855E+05 -9.8951E+05
0000729   2.4045E+06  9.7980E+05  3.8780E+05
0000730   2.0290E+06 -1.2134E+06 -1.2108E+06
0000731   1.3306E+06 -9.4663E+05  4.6014E+05
0000732   1.0360E+06  2.1810E+04 -3.1938E+05
0000733   1.5116E+06 -3.4867E+05 -4.8300E+05
0000734   2.1657E+06 -1.2798E+05  2.5150E+05
0000735   2.9066E+06 -5.4346E+04  1.7991E+05
0000736   2.2372E+06  4.6783E+05 -4.6003E+05
0000737   2.2037E+06  4.6347E+05 -5.7721E+05
0000738   1.7014E+06 -2.1110E+05 -4.9441E+05
0000739   3.4079E+06 -5.9464E+05  7.2769E+04
0000740   2.1750E+06 -1.1772E+06 -1.6394E+05
0000741   1.0532E+06 -6.8293E+05  1.0618E+06
0000742   3.2214E+06  5.8006E+05 -7.7055E+05
0000743   1.2142E+06  2.8195E+05  1.5618E+05
0000744   2.1249E+06 -9.4255E+05  1.1961E+05
0000745   3.2128E+06 -1.3511E+06  2.2407E+04
0000746   1.6444E+06  7.3924E+05  1.7511E+05
0000747   1.8772E+06  4.1078E+05 -1.2289E+05
0000748   2.4384E+06  8.2021E+05  2.7176E+05
0000749   2.1450E+06 -3.8756E+05 -2.2116E+05
0000750   2.3303E+06 -3.9177E+05  9.8231E+05
0000751   1.2743E+06  1.0407E+06 -2.4266E+06
0000752   2.2685E+06 -5.8401E+04  1.6805E+06
0000753   2.4636E+06 -3.5890E+05  8.0582E+05
0000754   3.0985E+06  5.6757E+05 -6.9428E+05
0000755   1.3453E+06 -1.9649E+06  1.0963E+06
0000756   1.8814E+06  8.4754E+05  1.0369E+06
0000757   1.5727E+06  2.6060E+05  4.0366E+05
0000758   4.0873E+06  1.2169E+06 -1.1889E+06
0000759   1.7047E+06  7.5445E+05  1.2246E+05
0000760   2.2398E+06 -6.3102E+05  6.8936E+05
0000761   9.7111E+05  1.8840E+06  1.2861E+06
0000762   2.9255E+06 -1.1276E+06 -8.9831E+05
0000763   1.2474E+06 -1.5210E+06 -1.5887E+04
0000764   1.9361E+06 -3.0803E+05 -1.1931E+06
0000765   1.9116E+06  3.2835E+05  5.9970E+05
0000766   1.2137E+06 -7.3383E+05 -6.8042E+05
0000767   3.0090E+06 -4.8898E+05  2.4086E+05
0000768   1.7012E+06  8.5115E+04 -3.6876E+05
0000769   2.5436E+06  8.1304E+04  2.5067E+05
0000770   2.3632E+06  2.2077E+06  2.5060E+05
0000771   1.0486E+06 -2.9244E+05 -3.5865E+05
0000772   2.4772E+06  1.1020E+06  9.8441E+05
0000773   2.9203E+06  1.5356E+06 -1.6428E+05
0000774   3.2690E+06  2.8146E+05  7.3410E+05
0000775   4.0098E+06 -6.7654E+03 -4.2350E+05
0000776   3.4924E+06  4.5560E+05  7.9612E+05
0000777   3.1398E+06 -3.7598E+05 -2.2604E+05
0000778   3.0922E+06 -3.1488E+05  1.1636E+06
0000779   2.5808E+06  3.9562E+03 -1.1736E+04
0000780   4.7981E+06  7.6356E+05 -1.4453E+06
0000781   1.0573E+06 -7.5355E+05 -4.2426E+05
0000782   2.3214E+06  5.0163E+05 -4.6875E+05
0000783   3.3169E+06 -1.4605E+06 -7.9719E+05
0000784   1.7125E+06  1.8220E+05  1.0636E+06
0000785   8.1730E+05  7.5643E+05 -2.1964E+05
0000786   4.3682E+06  1.1895E+05  7.1111E+05
0000787   1.4221E+05 -4.0389E+05  9.1554E+05
0000788   1.1328E+06 -4.4669E+05  1.4567E+06
0000789   2.9079E+06 -7.2746E+05 -1.6086E+05
0000790   3.6815E+06 -1.5964E+05  1.3575E+06
0000791   3.9397E+05  6.4599E+05 -4.7181E+05
0000792   1.7583E+06  1.3947E+06 -4.2780E+05
0000793   2.1726E+06 -1.0654E+06  1.6954E+06
0000794   3.4715E+06  6.7133E+05 -6.6722E+05
0000795   2.5826E+06  7.8844E+05 -1.2685E+06
0000796   3.0296E+06  5.6238E+05 -1.6374E+06
0000797   8.9889E+05 -6.1265E+05  9.9194E+04
0000798   1.8706E+06 -1.3189E+06 -6.0358E+05
0000799   1.9222E+06 -1.4645E+06 -6.1697E+05
0000800   2.5576E+06 -1.1207E+06 -3.2969E+04
0000801   2.9345E+06 -1.4743E+06 -4.7522E+04
0000802   1.4877E+06  1.3816E+06 -1.8502E+06
0000803   2.3676E+06 -8.3488E+05  5.4103E+05
0000804   3.2664E+06 -8.2329E+04  1.2309E+06
0000805   6.8749E+05  6.8161E+04  8.2229E+03
0000806   2.2156E+06  4.5828E+04  8.5308E+04
0000807   1.4787E+06  8.2183E+05 -1.6304E+06
0000808   2.5875E+06  6.5511E+04 -3.3773E+05
0000809   9.1704E+05  5.4471E+05 -9.7575E+05
0000810   1.0174E+06  1.3088E+06 -6.1176E+05
0000811   4.8486E+05 -1.8236E+06 -5.1847E+05
0000812   1.9105E+06 -1.3579E+06 -9.6030E+05
0000813   3.2768E+06 -4.5935E+05  3.3009E+05
0000814   2.2162E+06 -4.2512E+04 -4.3766E+05
0000815   2.0152E+06 -5.3905E+05 -2.3846E+05
0000816   2.3401E+06  1.2127E+06  1.3413E+06
0000817   3.0836E+06  2.7817E+05  5.1171E+05
0000818   1.8431E+06  1.4272E+06  1.2396E+06
0000819   3.0648E+06 -1.1290E+06  9.3319E+05
0000820   3.2923E+06  3.8924E+05 -6.7599E+05
0000821   1.8145E+06 -1.0396E+06  1.4232E+05
0000822   2.8274E+06  4.3329E+05 -1.0555E+06
0000823   1.4612E+06 -9.7569E+04  2.0442E+05
0000824   3.0883E+06 -6.9420E+05 -7.0601E+05
0000825   3.3978E+06  6.7140E+05  7.9482E+05
0000826   4.2643E+06  9.1551E+05 -5.7199E+05
0000827   1.3754E+06  9.5174E+05 -7.1578E+05
0000828   3.2549E+06  9.0186E+04  8.5474E+05
0000829   1.8265E+06 -1.5532E+05 -1.4949E+05
0000830   1.4369E+06  7.5869E+05  6.5534E+05
0000831   1.3377E+06 -6.7401E+05  1.8242E+06
0000832   3.0089E+06  3.3888E+05  3.6240E+05
0000833   2.3387E+06  4.1509E+05  1.5117E+05
0000834   3.7842E+06 -1.5200E+06 -1.3064E+06
0000835   4.1249E+06 -1.4643E+05 -2.8303E+05
0000836   3.1625E+06 -7.3791E+05  1.2609E+06
0000837   3.8323E+06 -6.8766E+04 -1.2228E+06
0000838   3.4286E+06  9.1311E+05  5.2067E+05
0000839   8.8851E+05 -1.4075E+05 -6.7399E+05
0000840   1.2753E+06  2.5810E+05  4.5559E+05
0000841   1.4572E+06  2.1757E+05  5.7929E+05
0000842   1.7442E+06 -2.6990E+05  1.9323E+06
0000843   1.1214E+06  6.9723E+05  7.0335E+05
0000844   1.8313E+06 -8.1290E+05  7.1197E+05
0000845   3.5353E+06  1.1665E+06  2.0150E+06
0000846   1.2915E+06  4.6040E+05  6.0963E+05
0000847   3.6933E+06 -4.9739E+05 -5.1482E+05
0000848   2.3277E+06  6.6122E+04 -4.1162E+05
0000849   3.6532E+06  1.6421E+05 -1.0129E+06
0000850   3.1385E+06  7.1568E+05  7.1082E+05
0000851   2.2464E+06  5.9340E+03  3.3496E+05
0000852   2.4931E+06 -6.6370E+05 -1.0480E+06
0000853   2.8565E+06 -4.4653E+05 -7.3387E+05
0000854   2.9895E+06 -4.6445E+05 -1.1446E+06
0000855   5.5045E+05  7.1879E+05 -1.1490E+06
0000856   3.3539E+06  1.4960E+06 -2.9180E+05
0000857   7.0672E+05 -1.7703E+05 -3.9279E+05
0000858   5.0715E+06 -2.7349E+05 -1.4452E+06
0000859   1.3818E+06 -1.6929E+04 -5.1525E+05
0000860   3.3222E+06  1.1895E+06  5.7992E+05
0000861   1.4602E+06  1.8988E+05 -7.8101E+04
0000862   2.4799E+06 -1.5666E+05 -2.9953E+05
0000863   1.8445E+06 -6.0038E+05  4.3026E+05
0000864   2.5481E+06 -1.2820E+05 -1.5318E+06
0000865   4.5128E+06  1.1450E+06 -1.3590E+06
0000866   2.6388E+06 -1.1564E+06 -8.4720E+04
0000867   3.1391E+06 -7.3403E+05 -3.3947E+05
0000868   2.8810E+06 -1.0923E+05  2.1985E+06
0000869   3.5988E+06 -1.3675E+06 -9.0085E+05
0000870   8.3787E+05 -1.4826E+05 -3.5352E+05
0000871   2.7754E+06 -2.4906E+05 -4.2069E+04
0000872   1.3450E+06 -7.0358E+05 -8.2633E+05
0000873   3.7026E+06 -1.4507E+06  1.3338E+06
0000874   8.1918E+05  9.8369E+05  2.0930E+06
0000875   3.8025E+06 -4.3010E+05 -7.2919E+05
0000876   2.4353E+06  1.0959E+06  9.6768E+05
0000877   3.0119E+06 -6.2945E+04  7.1493E+05
0000878   3.2872E+06  4.3380E+05  5.3958E+05
0000879   1.9440E+06 -4.7004E+05 -1.8395E+05
0000880   1.6940E+06  7.9571E+05  1.9507E+05
0000881   2.5939E+06 -2.3157E+05  1.7633E+04
0000882   1.7551E+06  1.0549E+06 -1.2051E+06
0000883   2.9362E+06  5.0562E+05 -6.8090E+05
0000884   8.8753E+05 -4.1424E+04 -1.3337E+05
0000885   2.0744E+06 -5.9555E+05  7.9976E+05
0000886   2.8514E+06  1.0081E+06 -4.9315E+05
0000887   3.4752E+06 -3.4264E+05 -3.0882E+04
0000888   2.1526E+06  5.0575E+05  5.1738E+05
0000889   4.0793E+06 -3.8504E+05 -1.1657E+06
0000890   2.4500E+06 -1.7920E+05 -1.2324E+06
0000891   2.4746E+06  1.3981E+05  1.1971E+05
0000892   6.3111E+05  7.2406E+05  4.1287E+04
0000893   1.7191E+06  5.2488E+05 -3.8779E+05
0000894   1.5870E+06 -2.8294E+05 -1.1468E+06
0000895   2.2960E+06 -1.6767E+06  8.7931E+05
0000896   6.4593E+05 -3.4025E+05 -7.6923E+05
0000897   1.9984E+06 -4.3059E+05 -1.6050E+05
0000898   2.3237E+06 -6.8594E+05  1.4854E+06
0000899   2.2500E+03  1.0793E+06 -2.0253E+06
0000900   2.2407E+06 -1.8106E+05  1.0735E+06
0000901   2.0419E+06  1.3446E+05  1.5002E+06
0000902   1.8019E+06  1.1452E+06 -2.7890E+05
0000903   2.3763E+06  4.9041E+04 -3.8237E+05
0000904   2.4408E+06 -1.6748E+05  1.0303E+06
0000905   2.2254E+06 -1.5607E+05  1.1024E+06
0000906   2.4903E+06  1.6812E+06  3.0160E+05
0000907   2.4566E+06  1.3638E+06  4.3243E+05
0000908   2.3114E+06 -9.7149E+05  1.6432E+06
0000909   2.8341E+06  8.7630E+05  2.5219E+06
0000910   2.4136E+06  1.9022E+05 -4.2710E+05
0000911   3.1500E+06 -4.1437E+05 -1.2997E+06
0000912   4.7668E+06 -1.5314E+05  1.3397E+06
0000913   3.0814E+06  1.9635E+06 -6.9171E+05
0000914   1.3538E+06  4.5860E+05  3.3285E+05
0000915   2.3655E+06 -2.9344E+05 -7.3383E+05
0000916   2.8639E+06  6.1552E+05 -1.2542E+06
0000917   1.5377E+06 -9.2013E+05  7.1581E+05
0000918   2.6566E+06 -1.4383E+06  9.4740E+05
0000919   1.8368E+06 -1.0466E+06  6.5173E+05
0000920   9.9357E+05 -1.1215E+06  1.8503E+05
0000921   3.7815E+06  3.2688E+05  1.1598E+06
0000922   3.0854E+06  4.4305E+05  1.0937E+06
0000923   1.1105E+06  4.5830E+05  2.4168E+05
0000924   3.0025E+06 -9.9452E+04 -5.5235E+05
0000925   2.8574E+06 -8.5338E+05  7.0473E+05
0000926   1.5924E+06  5.5509E+05  2.7812E+05
0000927   1.3302E+06 -1.7305E+06  3.4283E+05
0000928   3.1269E+06 -1.6927E+06  9.3329E+05
0000929   2.2137E+06  3.8156E+05  1.2136E+06
0000930   2.5320E+06  3.0882E+05  2.6475E+05
0000931   1.3212E+06 -3.2616E+05 -5.8839E+04
0000932   1.8570E+06  3.1268E+05 -5.9534E+05
0000933   1.8294E+06 -2.2137E+05 -5.2978E+05
0000934   3.8753E+06  2.5585E+05  5.8410E+05
0000935   1.2924E+06 -4.4516E+05 -7.6762E+05
0000936   9.8735E+05 -2.2480E+05  1.8383E+05
0000937   3.1479E+06  1.9922E+05 -7.6113E+05
0000938   2.2078E+06  5.5669E+05 -9.8006E+04
0000939   1.3571E+06 -5.5582E+05 -3.0243E+05
0000940   3.7101E+05 -6.4949E+05  2.9326E+05
0000941   2.7072E+06  7.3499E+05  1.5868E+06
0000942   2.2821E+06  5.9765E+05 -3.8588E+05
0000943   1.0944E+06  1.1707E+06 -7.3072E+05
0000944   2.5521E+06 -9.4196E+04 -1.2635E+05
0000945   2.5265E+06 -1.1318E+06  6.3982E+05
0000946   2.8863E+06 -4.6476E+05  4.4176E+05
0000947   1.7723E+06  6.1693E+05  2.0049E+06
0000948   2.2554E+06 -1.5123E+06 -4.2628E+05
0000949   1.2374E+06 -3.8822E+05  9.4233E+05
0000950   1.5613E+06  1.1287E+06  4.5190E+05
0000951   3.2992E+06 -8.5999E+05 -6.8171E+05
0000952   2.8857E+06 -1.6664E+06  7.2150E+05
0000953   1.2161E+06  1.2296E+05  7.1287E+05
0000954   3.9587E+05  7.6871E+04  2.7378E+05
0000955   2.2814E+06 -4.1588E+05  1.1902E+06
0000956   1.8792E+06  2.3601E+05  5.2336E+05
0000957   1.8307E+06 -9.1297E+05  3.8952E+05
0000958   1.5073E+06  1.0316E+06 -1.0222E+06
0000959   1.4880E+06  2.0732E+04  8.7043E+05
0000960   2.7139E+06  1.1039E+06 -9.7371E+04
0000961   1.3647E+06  1.1443E+06 -2.9187E+05
0000962   2.3656E+06 -3.8528E+05  1.0645E+06
0000963   1.8630E+06  1.4981E+06  5.8512E+04
0000964   1.9892E+06  9.7839E+04 -5.1130E+05
0000965   3.7087E+06  1.1338E+06 -1.3193E+06
0000966   3.3943E+06  1.0203E+06  1.0593E+06
0000967   3.2008E+06 -5.8817E+05  7.0559E+05
0000968   1.3768E+06  5.3019E+05  4.2123E+05
0000969   2.1061E+05 -1.1226E+06 -1.1730E+06
0000970   3.2868E+06 -4.9133E+05  5.6791E+05
0000971   2.3930E+06  2.1234E+05  2.1789E+05
0000972   2.8446E+06 -7.7577E+04 -6.9430E+05
0000973   2.4368E+06  7.1031E+05 -3.7021E+05
0000974   2.7975E+06 -7.8214E+05  1.5055E+05
0000975   1.9858E+06 -4.1998E+05 -2.0148E+05
0000976   1.6743E+06  1.3274E+06  4.8841E+05
0000977   2.0995E+06  1.1307E+06  1.2394E+06
0000978   3.1005E+06 -3.4243E+04  1.6760E+06
0000979   2.5983E+06 -3.3953E+05 -3.8399E+05
0000980   2.6875E+06  4.4059E+05  2.3870E+05
0000981   2.4589E+06 -1.2483E+04 -5.7883E+05
0000982   3.1344E+06 -6.3114E+05 -3.9069E+05
0000983   2.8735E+06  7.1330E+04 -5.7366E+05
0000984   2.4078E+06 -1.0330E+05 -1.4130E+06
0000985   4.2070E+05 -9.5670E+05 -1.7187E+06
0000986   2.2788E+06 -6.9024E+05  7.8307E+05
0000987   2.4231E+06  3.9949E+05  1.3659E+06
0000988   2.3834E+06 -8.9013E+05  4.9721E+05
0000989   4.4432E+06  2.0874E+05  1.1095E+06
0000990   2.8398E+06 -5.4849E+05 -3.5889E+05
0000991   1.2188E+06 -5.0055E+04  4.0292E+05
0000992   2.6540E+06  1.2206E+06  6.6226E+05
0000993   2.0453E+06 -5.9044E+05  7.5642E+05
0000994   2.7629E+06  5.0416E+05 -1.3680E+06
0000995   2.9292E+06  1.7644E+06  2.9072E+04
0000996   3.0546E+06  9.5887E+05  1.8288E+06
0000997   1.9434E+06 -2.3754E+04 -3.0099E+05
0000998   3.0313E+06  4.1662E+05 -6.2074E+05
0000999   1.8026E+06 -1.2207E+06 -5.6366E+04
0001000   2.9051E+06 -1.9647E+05  5.0288E+05
