============================== SRIM-2013.00 ==============================
==============================================================================
====== SRIM Outputs\RANGE_3D.txt : File of Final Ion Positions =====

Ion = Ar (18)   Ion Mass= 039.9620
Energy  = 1264855.E-04 keV
Ion Angle to Surface = 00.0 degrees
==================== TARGET =======================
  Layer # 1 - Layer 1
  Layer # 1 - Bottom Depth=500000.E+02 A
  Layer # 1 - Density =0000.0018 g/cm3
  Layer # 1 -  100 % of Ar
様様様様様様様様様様様様様様様様様様様様様様様様様様
                                            
Ion       Depth  X   Lateral Y   Lateral Z  
Number    (Angstrom) (Angstrom)  (Angstrom) 
-------  ----------- ----------- -----------
0000001   3.1607E+06  1.2087E+06 -1.0758E+06
0000002   2.0546E+06  7.9862E+05  7.1039E+04
0000003   1.1389E+06  1.4182E+06 -1.0558E+06
0000004   4.8526E+06 -6.5747E+05  7.1203E+05
0000005   2.2430E+06 -6.7745E+04 -2.2439E+06
0000006   2.6137E+06 -2.5178E+05  2.4090E+06
0000007   1.2093E+06  5.8775E+05 -5.1313E+05
0000008   1.6468E+06 -8.6180E+05  1.5305E+05
0000009   2.4623E+06 -2.5264E+04 -5.9436E+05
0000010   1.4879E+06 -4.8863E+05  1.0908E+06
0000011   1.8354E+06 -2.1883E+05  1.3153E+06
0000012   3.1915E+06  6.8353E+05 -7.6814E+05
0000013   3.2246E+06 -1.5358E+05 -1.0124E+06
0000014   7.0585E+05  3.5349E+04 -2.7169E+05
0000015   1.8780E+06  7.0093E+04 -2.7012E+05
0000016   1.6209E+06 -3.7848E+05 -4.9694E+05
0000017   2.8830E+06 -1.4474E+06 -7.2688E+05
0000018   4.5224E+06  9.7799E+05 -1.5824E+06
0000019   1.7399E+06  7.2727E+04 -6.2189E+04
0000020   3.1947E+06  1.2024E+06 -3.3081E+05
0000021   4.5607E+06  1.3574E+06  2.3553E+05
0000022   3.1252E+06  6.3015E+05  1.1924E+05
0000023   2.6814E+05 -3.0608E+05 -1.4654E+05
0000024   4.3086E+06 -1.2196E+05  3.6370E+05
0000025   3.4163E+06  6.2850E+05  2.3591E+05
0000026   1.0514E+06 -1.1080E+06  8.4553E+05
0000027   3.3812E+06 -1.3780E+06 -1.3268E+06
0000028   3.1376E+06  1.6736E+06  7.2414E+05
0000029   3.1290E+06 -5.8370E+05  8.7685E+05
0000030   2.5830E+06 -2.5855E+06  8.2081E+05
0000031   4.0769E+06 -1.2923E+06 -9.2696E+05
0000032   1.6019E+06  2.7170E+05  1.3575E+05
0000033   3.1489E+06 -1.2216E+05  1.0073E+06
0000034   4.2112E+06 -1.1353E+06  3.9819E+05
0000035   2.1604E+06  5.0591E+05  7.4850E+05
0000036   3.5738E+06 -7.4844E+05  4.6464E+05
0000037   2.1028E+06  4.8515E+05  6.0626E+04
0000038   2.7203E+06  8.2264E+05 -9.4082E+05
0000039   2.4524E+06  4.6305E+04 -5.3091E+05
0000040   1.3904E+06 -9.1875E+05 -2.9138E+05
0000041   2.0456E+06  3.5387E+05 -6.4202E+05
0000042   2.7091E+06 -1.4660E+06  3.7118E+05
0000043   3.3815E+06 -2.8100E+05  3.6923E+05
0000044   2.5834E+06  1.8062E+06  1.3570E+05
0000045   3.1892E+06  7.2352E+05 -1.3293E+06
0000046   1.3913E+06 -4.1944E+05 -1.6535E+05
0000047   2.9738E+06  7.1259E+05 -4.1340E+05
0000048   2.4007E+06 -9.3853E+05 -9.3511E+05
0000049   3.0593E+06  9.6004E+05 -4.8116E+05
0000050   3.2592E+06 -1.3267E+06  2.0948E+06
0000051   4.0784E+06  5.0671E+05 -7.0008E+05
0000052   3.3403E+06  1.3867E+06  5.9816E+05
0000053   1.6230E+06 -1.7451E+03 -7.7084E+05
0000054   3.3640E+06 -8.8590E+05  1.2101E+05
0000055   2.1733E+06 -5.2844E+05  2.3513E+05
0000056   1.8296E+06 -3.5650E+05 -1.4450E+05
0000057   1.4682E+06  5.4509E+05 -1.8981E+05
0000058   3.2007E+06  1.4301E+06 -2.5567E+04
0000059   3.2531E+06 -9.8681E+05  8.7469E+05
0000060   1.8385E+06  6.2993E+05 -2.0396E+05
0000061   1.9424E+06 -3.4965E+04 -6.2509E+05
0000062   3.5478E+06 -7.6418E+05 -4.7113E+05
0000063   3.7095E+06  1.8690E+06 -6.9263E+05
0000064   3.6515E+06 -9.9606E+05  3.9328E+04
0000065   2.8052E+06  1.1497E+06 -5.2896E+05
0000066   1.7289E+06  9.0314E+05  9.1133E+05
0000067   1.1647E+06 -2.0025E+05 -3.3303E+05
0000068   1.3529E+06  1.4085E+06 -1.7459E+06
0000069   8.5525E+05  3.3296E+05  2.3128E+05
0000070   2.8367E+06 -5.7226E+05  2.4819E+05
0000071   1.6851E+06  1.1805E+05 -4.7662E+05
0000072   3.3901E+06 -9.4194E+05  4.2208E+04
0000073   2.6717E+06 -1.1971E+06 -5.6986E+04
0000074   1.7247E+06  4.1094E+05  7.9384E+05
0000075   3.3075E+06 -2.7330E+04 -5.3141E+05
0000076   2.1173E+06 -3.5417E+04  2.1562E+06
0000077   1.2923E+06 -1.9777E+06  2.3267E+05
0000078   4.1795E+06  2.5708E+05 -8.0384E+05
0000079   3.4722E+06  4.9003E+05  6.3558E+05
0000080   2.7655E+06 -4.2744E+05 -8.3229E+05
0000081   1.8557E+06  6.2076E+05  1.3136E+05
0000082   3.6164E+06 -1.0860E+06 -2.0490E+05
0000083   1.1492E+06 -1.0486E+06 -9.9626E+04
0000084   3.1694E+06  5.5365E+05  6.4900E+05
0000085   2.2551E+06 -1.2461E+06 -1.0345E+06
0000086   3.8950E+06  1.1178E+05  4.2293E+05
0000087   1.6221E+06 -1.0853E+06 -8.2468E+04
0000088   1.0009E+06  4.2960E+05 -2.5765E+05
0000089   1.7770E+06 -4.4018E+05 -1.2905E+06
0000090   2.5925E+06 -1.7658E+05 -3.9854E+05
0000091   4.1770E+06 -6.7068E+05 -8.7825E+05
0000092   1.4970E+06  1.0108E+06  1.1289E+06
0000093   2.7532E+06  1.1946E+06  1.0012E+06
0000094   2.4501E+06 -8.1100E+05 -1.2581E+05
0000095   9.7267E+05  7.7039E+04  7.6453E+04
0000096   3.4004E+06  6.0997E+05 -7.0817E+05
0000097   1.6891E+06 -8.9995E+05 -1.0649E+06
0000098   1.6091E+06  6.2458E+05 -6.0543E+04
0000099   2.7431E+06  1.8939E+06 -7.0405E+05
0000100   2.9976E+06 -3.7945E+05 -8.2519E+05
0000101   2.1927E+06  1.8476E+05  1.1046E+06
0000102   1.1842E+06  1.6899E+05  2.9460E+05
0000103   3.2183E+06 -1.7291E+05  1.3045E+06
0000104   2.4323E+06  3.8459E+05  3.3655E+05
0000105   2.4358E+06  8.5468E+05 -1.0378E+06
0000106   1.1744E+05  1.8996E+04 -8.8942E+03
0000107   3.2993E+06  1.0117E+06  3.3387E+05
0000108   1.7004E+06  4.9999E+05 -2.1650E+06
0000109   1.2017E+06 -1.5353E+05  4.4746E+05
0000110   2.2376E+06 -3.8704E+05  1.0149E+06
0000111   2.9560E+06 -5.7312E+05 -7.3165E+05
0000112   1.9509E+06  4.5896E+05  1.4201E+06
0000113   2.8439E+06 -2.9507E+04  5.0695E+05
0000114   1.3800E+06  1.7962E+06 -4.2285E+05
0000115   2.8664E+06  7.0378E+05 -1.2522E+06
0000116   2.6260E+06 -2.1792E+05  2.2877E+05
0000117   3.0159E+06  2.4974E+05 -9.5965E+05
0000118   3.4155E+06  1.5276E+05 -2.5558E+05
0000119   2.7030E+06  7.2829E+05 -1.0043E+06
0000120   3.5484E+06 -3.4121E+05 -9.4152E+05
0000121   4.1234E+06 -6.6722E+05 -6.1837E+04
0000122   3.2396E+06  1.8359E+06  2.3176E+06
0000123   3.9473E+06  1.1277E+06 -3.9824E+05
0000124   2.0864E+06 -1.6057E+05 -1.9072E+05
0000125   2.5972E+06  8.6744E+04  1.1230E+05
0000126   3.7136E+06  6.8262E+05 -1.4320E+05
0000127   3.3000E+06 -1.3498E+05  6.8944E+05
0000128   1.8978E+06 -7.7353E+05  3.4743E+04
0000129   4.2948E+06 -5.8855E+05  3.5663E+05
0000130   2.2378E+06  9.8889E+04  2.1226E+06
0000131   1.7888E+06  1.3617E+06  1.8528E+05
0000132   1.4993E+06 -4.9844E+05 -5.9838E+04
0000133   2.6920E+06 -6.7980E+05  1.0448E+06
0000134   1.8866E+06 -9.0856E+05 -1.3149E+05
0000135   1.5747E+06  2.4408E+05 -2.2538E+05
0000136   2.5402E+06 -5.1749E+05 -4.8733E+05
0000137   2.1940E+06 -9.4769E+05  5.4970E+05
0000138   1.3091E+06  1.7834E+05 -5.2091E+05
0000139   2.4098E+06  6.6829E+05  6.7413E+05
0000140   3.0872E+06  5.8872E+05  7.5335E+04
0000141   2.6857E+06 -1.6805E+06  1.0776E+06
0000142   2.7237E+06  5.9566E+05 -6.0088E+05
0000143   2.1916E+06  6.6739E+05 -5.3055E+05
0000144   2.2606E+06 -2.0152E+05  9.0524E+05
0000145   1.0679E+06  3.3661E+05 -1.9314E+05
0000146   2.5978E+06 -3.3961E+05 -7.2778E+05
0000147   2.9765E+06 -2.0552E+05 -1.5902E+06
0000148   9.0446E+05  2.1476E+05  9.8154E+04
0000149   1.7248E+06 -1.5589E+05 -2.3595E+04
0000150   2.8460E+06 -2.1496E+05 -1.1394E+05
0000151   3.4444E+06  1.2522E+06  4.4040E+05
0000152   1.8045E+06 -5.9933E+05 -5.2389E+05
0000153   3.1276E+06 -1.0825E+06 -3.5288E+05
0000154   7.5896E+05  2.8926E+05  5.5126E+05
0000155   3.6919E+06 -8.6164E+05 -1.1789E+06
0000156   2.8250E+06 -3.6051E+05 -4.5788E+05
0000157   2.6636E+06  1.6547E+06 -8.7443E+05
0000158   5.0732E+05 -4.6595E+05  7.2579E+05
0000159   1.6584E+06 -6.5005E+05 -1.9416E+05
0000160   3.3267E+06 -1.2633E+06  1.2820E+06
0000161   4.1062E+06  1.4472E+06  1.7691E+06
0000162   4.1362E+06 -1.2050E+06  7.6419E+05
0000163   1.8163E+06  1.9137E+05 -2.1014E+05
0000164   1.8377E+06  2.5009E+05 -1.9323E+05
0000165   3.4587E+06  3.0355E+04  3.6743E+05
0000166   1.9903E+06  1.7189E+06 -9.8782E+05
0000167   2.7691E+06  3.6957E+05  2.8405E+05
0000168   2.9734E+06 -3.4647E+05  1.7014E+05
0000169   4.4296E+06 -1.2524E+06  3.0966E+04
0000170   2.9073E+06  8.8049E+05  1.9100E+06
0000171   2.5457E+06  8.5902E+05  1.4364E+06
0000172   2.5908E+06 -4.9998E+04  8.7549E+05
0000173   1.8136E+06  2.0855E+06 -8.1398E+05
0000174   1.4289E+06  1.9638E+05 -8.9849E+05
0000175   6.4815E+04 -1.4091E+04  1.4984E+05
0000176   1.3186E+06 -9.0206E+05 -2.2051E+05
0000177   1.3313E+06  7.0170E+05  3.9457E+05
0000178   2.4616E+06 -7.8905E+05  6.8244E+04
0000179   2.8304E+06 -4.9650E+05 -5.0712E+05
0000180   3.1418E+06 -1.7337E+05  6.4128E+05
0000181   2.9203E+06  5.6459E+05 -1.7431E+06
0000182   3.5468E+06  1.6776E+05  1.6780E+06
0000183   1.7528E+06  2.7219E+04  2.8748E+05
0000184   2.0234E+06 -6.6056E+05  7.1301E+05
0000185   3.0295E+06  5.3981E+04  6.0982E+04
0000186   2.7362E+06  1.2043E+06 -8.3148E+05
0000187   3.8319E+06  9.5564E+05 -4.1764E+05
0000188   9.6802E+05 -1.3025E+05 -3.2462E+05
0000189   2.7621E+06 -3.2574E+04  1.1286E+05
0000190   4.4586E+06 -1.8098E+06 -4.5844E+05
0000191   2.8030E+06  1.9649E+06  1.8386E+06
0000192   2.6156E+05  9.2576E+05 -1.8560E+05
0000193   3.9772E+06 -1.0238E+06  5.4410E+05
0000194   1.1685E+06 -1.6846E+06 -6.6839E+04
0000195   2.2504E+06  1.5497E+04  4.7636E+05
0000196   4.5557E+06 -5.5961E+05  1.0784E+06
0000197   2.5303E+06 -1.9403E+06  1.1276E+06
0000198   4.4170E+06 -1.0008E+06 -6.2235E+05
0000199   5.4967E+05 -2.4227E+04 -4.5626E+05
0000200   2.0102E+06 -5.2604E+05 -3.1304E+05
0000201   2.3330E+06  9.9870E+05 -1.0096E+06
0000202   1.9880E+06 -3.1364E+05  1.2748E+06
0000203   3.7933E+06  1.9880E+05 -7.2769E+05
0000204   2.3803E+06 -1.0258E+06  8.2324E+05
0000205   5.0485E+06 -2.2551E+03 -2.6101E+05
0000206   3.6224E+06  2.5237E+06  3.9823E+04
0000207   3.4368E+06  2.1385E+05  1.2393E+06
0000208   1.2139E+06 -7.3928E+05  6.5810E+05
0000209   4.2637E+06  3.4555E+05 -5.7364E+05
0000210   2.7774E+06 -3.3664E+05  6.5727E+05
0000211   9.8709E+05 -1.1994E+06  9.0543E+05
0000212   3.0681E+06  1.2138E+06 -2.2844E+05
0000213   3.5196E+06 -1.4795E+06 -4.8189E+05
0000214   2.6841E+06 -8.0208E+05 -4.3348E+05
0000215   3.9381E+06  1.2073E+05  3.6050E+05
0000216   2.8515E+06  3.8241E+05 -1.0793E+06
0000217   2.0410E+06 -1.2444E+06  1.6942E+05
0000218   2.3839E+06  1.6185E+06 -1.4833E+06
0000219   2.4186E+06  3.8835E+05 -2.3388E+06
0000220   3.0006E+06  1.8844E+05  3.8743E+05
0000221   3.0386E+06  1.1839E+06 -6.9760E+05
0000222   1.9282E+06 -3.5453E+05  7.8319E+05
0000223   2.6914E+06  1.9190E+05  6.6431E+05
0000224   3.3253E+06  3.6734E+05 -6.8909E+05
0000225   1.6516E+06 -2.2183E+06 -1.1553E+06
0000226   2.1987E+06 -1.3955E+05  6.6634E+05
0000227   3.1433E+06  1.4907E+06  4.6034E+05
0000228   1.9994E+06 -6.4080E+05 -1.9107E+05
0000229   3.3903E+06  2.1557E+06 -1.2037E+06
0000230   3.5280E+06 -9.8219E+05  9.4397E+05
0000231   3.8385E+06 -6.2440E+05  6.1643E+05
0000232   2.6672E+06 -1.3478E+06 -1.1177E+06
0000233   2.3687E+06 -7.4658E+04  3.4181E+05
0000234   1.9529E+06 -3.4490E+04  7.4254E+04
0000235   2.9991E+06  4.8656E+05  8.3044E+05
0000236   1.3035E+06 -2.1189E+05  1.3006E+05
0000237   3.5985E+05 -4.5855E+05  1.5436E+05
0000238   3.5305E+06  7.5421E+05 -1.1290E+06
0000239   3.2780E+06 -8.1946E+05  6.4515E+04
0000240   8.0961E+05  3.9472E+05  3.7952E+05
0000241   1.4701E+06 -1.0459E+06 -6.9787E+05
0000242   2.5706E+06 -2.7874E+05 -4.6551E+04
0000243   1.8550E+06  8.4758E+05 -1.3542E+04
0000244   2.9538E+06  5.2440E+05  3.9747E+05
0000245   2.7173E+06 -2.8750E+05  6.0943E+05
0000246   2.6412E+06  1.0717E+06  5.1726E+04
0000247   2.5832E+06 -6.3926E+05 -9.7010E+05
0000248   2.3134E+06 -1.6948E+06 -1.1125E+06
0000249   1.1705E+06  2.3087E+05 -1.1670E+05
0000250   3.0374E+06  8.8076E+04 -1.9499E+05
0000251   3.6597E+06 -9.0526E+05 -2.2482E+05
0000252   2.1596E+06  2.6358E+05 -3.8293E+05
0000253   1.9884E+06  1.5295E+06  1.0085E+06
0000254   8.4157E+05  1.6832E+05  3.5862E+05
0000255   3.2243E+06 -6.6574E+05 -8.6225E+05
0000256   2.9441E+06  1.1470E+06  6.2618E+05
0000257   3.0611E+06 -1.3243E+05  3.8578E+05
0000258   1.6704E+06 -5.7785E+05 -1.8078E+06
0000259   2.2403E+06 -1.0911E+06  1.0946E+06
0000260   2.0575E+06 -4.4397E+05  6.8140E+05
0000261   1.5098E+06 -1.3041E+06  4.3917E+05
0000262   2.6485E+06 -3.7447E+05 -2.4598E+05
0000263   2.9233E+06 -5.4096E+05 -2.5277E+05
0000264   2.4278E+06 -6.2287E+05 -5.2137E+05
0000265   3.5591E+06 -9.0892E+05  1.2108E+06
0000266   3.5841E+06 -4.4906E+05  4.9495E+05
0000267   3.2265E+06 -7.3039E+05 -3.6599E+04
0000268   1.8334E+06  2.0095E+05  7.6806E+05
0000269   7.9096E+05  1.9227E+05 -3.8400E+05
0000270   2.6601E+06  3.4353E+05  1.1205E+06
0000271   3.4856E+06  7.2571E+05  1.9722E+05
0000272   2.1844E+06  9.3668E+05 -9.3855E+04
0000273   2.8000E+06  5.6686E+05 -1.9492E+06
0000274   2.6585E+06 -6.1328E+05  6.7827E+05
0000275   2.4194E+06  1.2883E+06  2.1689E+05
0000276   1.3831E+06 -1.0938E+06 -2.1586E+05
0000277   3.5562E+06  4.2769E+05 -3.0285E+04
0000278   3.5943E+06  4.1629E+05  1.2532E+06
0000279   2.0503E+06 -2.0216E+06  1.0593E+06
0000280   2.4750E+06  7.6455E+05  3.8512E+05
0000281   2.1806E+06 -1.8375E+05 -1.6307E+05
0000282   6.9784E+05 -2.1737E+05  4.1146E+05
0000283   6.7127E+05 -4.9482E+05  2.7448E+05
0000284   4.2757E+06  1.1719E+05 -1.6443E+05
0000285   3.3709E+06  1.2146E+06  1.3688E+05
0000286   2.2507E+06 -1.6090E+04 -8.4882E+05
0000287   2.3416E+06  6.0913E+05  6.9674E+05
0000288   3.4149E+06  5.5010E+05 -8.3878E+05
0000289   2.2054E+06  2.1456E+06 -7.1271E+05
0000290   1.9987E+06  8.8045E+05 -1.5640E+06
0000291   1.1897E+06  4.7944E+05 -3.6769E+05
0000292   1.5475E+06  9.4096E+04 -6.8926E+04
0000293   4.0115E+06 -2.4668E+05  2.0013E+06
0000294   3.2620E+06 -6.7471E+05  1.0845E+06
0000295   1.1228E+06 -9.2129E+04 -1.7841E+04
0000296   2.1438E+06  4.8043E+05  6.2530E+04
0000297   9.8357E+05 -2.6853E+05  1.6920E+06
0000298   2.4226E+06  3.5706E+05 -2.3687E+06
0000299   2.7145E+06 -6.7079E+05  9.1193E+05
0000300   2.1571E+06 -1.4387E+06 -1.6373E+06
0000301   9.8411E+04  5.2428E+05  1.7595E+06
0000302   7.8118E+05  8.9585E+05 -1.4574E+06
0000303   3.4288E+05  1.7839E+05  6.7739E+04
0000304   9.5997E+05  5.9215E+05  3.6733E+05
0000305   2.9222E+06  7.0786E+05 -6.0135E+05
0000306   8.6351E+05  2.7520E+05 -4.0610E+05
0000307   3.6222E+06 -5.0320E+05  1.5894E+06
0000308   4.2823E+06  3.0552E+05  4.2089E+05
0000309   4.6220E+06 -4.6668E+05  1.6686E+05
0000310   1.8079E+06  4.9796E+05  1.2964E+06
0000311   1.4353E+06  6.1605E+05  6.5168E+05
0000312   2.8529E+06  5.1826E+05  7.0569E+05
0000313   3.3698E+06 -1.1840E+04  9.8966E+05
0000314   1.0343E+06 -9.5161E+05  1.7661E+05
0000315   3.0019E+06  8.8667E+05  1.3086E+06
0000316   2.4646E+06 -1.7272E+05  1.3370E+05
0000317   2.0225E+06  6.5916E+05 -4.2312E+05
0000318   2.2192E+06  2.1071E+05 -1.3765E+06
0000319   6.6339E+05  4.3381E+05 -3.3167E+05
0000320   2.2467E+06 -7.1731E+04 -7.6270E+05
0000321   2.2357E+06 -1.0555E+06  2.5741E+05
0000322   2.8925E+06  9.3652E+05 -1.8438E+06
0000323   1.0454E+06  4.3812E+05  2.0972E+05
0000324   2.2617E+06  2.1240E+06 -1.5026E+06
0000325   9.4018E+05 -2.5201E+05  5.0443E+05
0000326   1.9859E+06 -1.6110E+06  1.8818E+06
0000327   3.8644E+06 -2.3299E+05 -9.0080E+05
0000328   2.0409E+06  4.5220E+05 -4.9865E+05
0000329   1.9450E+06  1.2037E+06 -2.1416E+06
0000330   2.3463E+06 -1.8612E+06 -6.8384E+05
0000331   1.7167E+06  2.0371E+06  2.0008E+06
0000332   9.3915E+05  7.2376E+05 -4.5630E+05
0000333   3.1853E+05 -8.3772E+05  5.2615E+05
0000334   3.4861E+06 -1.2357E+06  1.3080E+06
0000335   3.6159E+06 -1.0401E+05 -2.9358E+05
0000336   1.2469E+06  3.1774E+05 -5.3158E+05
0000337   3.1733E+06  1.6516E+06 -3.0377E+05
0000338   2.5379E+06 -1.9790E+06 -1.7875E+06
0000339   5.2043E+05  5.0717E+05  8.3472E+04
0000340   1.2542E+06  1.0627E+06 -3.0583E+05
0000341   1.4577E+06  1.8340E+05  3.2538E+05
0000342   2.6784E+06  2.3117E+04 -1.0082E+06
0000343   3.2516E+06  4.5695E+05 -9.1567E+05
0000344   2.5701E+06 -1.0002E+06 -3.4788E+05
0000345   1.3630E+06 -2.1825E+04  2.7587E+05
0000346   2.8283E+06 -6.1532E+05 -1.0988E+06
0000347   2.6564E+06  7.9684E+05  1.4496E+06
0000348   3.8687E+05 -1.3614E+06 -1.0294E+06
0000349   1.5200E+06 -7.8348E+05 -4.1847E+05
0000350   3.3572E+06  5.8670E+04  8.7545E+05
0000351   2.6085E+06  1.2774E+06 -2.6811E+05
0000352   4.3377E+06  4.6566E+05  1.9801E+06
0000353   2.8294E+06  2.6309E+05 -3.9770E+05
0000354   4.0208E+06 -4.2843E+05  1.1424E+06
0000355   1.3942E+06  1.0300E+05  3.2426E+05
0000356   2.3647E+06  1.3985E+06  1.0119E+06
0000357   3.7147E+06 -2.8948E+05 -1.1813E+05
0000358   1.7876E+06 -1.2365E+06 -5.0817E+04
0000359   2.5963E+06  1.1814E+06  5.1417E+05
0000360   1.8596E+06 -2.5916E+05  1.9658E+06
0000361   1.1464E+06  5.9260E+05 -1.8600E+05
0000362   2.9305E+06 -3.5148E+05  5.4187E+05
0000363   8.5380E+05 -1.0865E+05  3.7752E+05
0000364   3.2363E+06 -2.8342E+06  1.2884E+03
0000365   2.6353E+06  2.2305E+05  4.0643E+05
0000366   3.2627E+06  1.1044E+06 -1.0052E+06
0000367   3.8320E+06 -4.4848E+05 -1.4640E+06
0000368   2.5479E+06  1.0076E+06 -1.3635E+06
0000369   2.5196E+06  9.7871E+04  8.2504E+04
0000370   3.1112E+06  9.6728E+05  1.1666E+06
0000371   1.8772E+06 -8.6331E+05 -8.3703E+05
0000372   3.3080E+06  5.4084E+05  8.1717E+05
0000373   2.6535E+06 -1.3020E+05 -4.6802E+05
0000374   1.7309E+06 -1.2252E+05 -3.4786E+05
0000375   1.9183E+06 -3.1319E+04  3.3314E+05
0000376   1.4553E+06 -2.6362E+06  1.1600E+06
0000377   1.1663E+06 -6.0535E+05 -2.7795E+05
0000378   3.6610E+06 -5.1865E+05 -6.0203E+04
0000379   3.9680E+06  1.0631E+06 -8.6562E+05
0000380   1.4390E+06  1.0907E+05 -8.3717E+05
0000381   2.0807E+06  1.2608E+05  8.7203E+05
0000382   1.4799E+06  2.1015E+05 -1.6734E+06
0000383   1.2133E+06 -2.3444E+06 -2.7155E+04
0000384   5.3183E+05  1.7974E+05 -3.9534E+05
0000385   2.2837E+06  2.3612E+05 -1.2124E+04
0000386   1.1304E+06  3.2903E+05 -4.2343E+05
0000387   2.1360E+06  1.1143E+06  1.1137E+06
0000388   1.2766E+06 -9.9843E+05 -6.0557E+05
0000389   5.7298E+05  4.2561E+05  8.1013E+05
0000390   1.8196E+06  4.5513E+05 -6.0770E+05
0000391   1.9418E+06 -1.1741E+06  8.9011E+05
0000392   7.7218E+04  7.4525E+05 -5.6230E+05
0000393   2.9276E+06  7.0420E+05  9.9111E+05
0000394   4.5404E+06  1.7324E+06  2.1789E+05
0000395   1.0750E+06 -5.7283E+04 -7.7244E+04
0000396   3.1511E+06 -5.7722E+05 -4.6667E+05
0000397   9.0201E+05  1.5856E+06 -2.6715E+05
0000398   2.6762E+06  7.6046E+05  9.7647E+05
0000399   2.5818E+06 -1.8347E+06  3.6451E+05
0000400   2.6385E+06  1.5604E+05  1.6336E+06
0000401   1.7273E+06  3.1448E+05  5.4460E+05
0000402   3.3625E+06 -8.7902E+05 -9.3037E+04
0000403   4.0319E+06  3.4853E+04  4.9428E+05
0000404   2.7327E+06  2.1310E+05 -8.4509E+05
0000405   1.5419E+06  2.7120E+05  9.9416E+05
0000406   2.8196E+06  1.0540E+05  2.4898E+05
0000407   1.8126E+06  3.3790E+03 -2.9718E+05
0000408   4.6118E+06  5.7847E+05  4.0156E+05
0000409   2.8983E+06 -5.5699E+05 -7.9121E+05
0000410   2.7369E+06  2.7487E+04 -2.0679E+05
0000411   2.7492E+06  2.4559E+05 -5.6156E+05
0000412   2.4468E+06 -6.1602E+04  1.0467E+06
0000413   1.3534E+06  5.4406E+05 -8.9385E+04
0000414   3.1572E+06 -4.5099E+05 -1.9588E+05
0000415   2.6035E+06  1.3604E+06 -1.2409E+05
0000416   2.3389E+06  6.6330E+05 -6.3037E+03
0000417   1.2327E+06  1.3317E+06 -1.1755E+06
0000418   9.2307E+05  5.0796E+05 -1.5826E+06
0000419   3.4991E+06 -1.8464E+06  8.6651E+05
0000420   3.9055E+06  2.1037E+06 -1.1419E+06
0000421   2.2286E+06 -1.2114E+06  1.7054E+06
0000422   2.2953E+06  2.5360E+05  1.5087E+06
0000423   2.4347E+06  1.0462E+06 -8.3529E+05
0000424   4.1394E+06 -2.4466E+06  1.4034E+04
0000425   3.8605E+06  1.0533E+06 -3.2804E+05
0000426   3.3329E+06 -2.6282E+05 -1.5026E+06
0000427   2.9244E+06 -2.4645E+06  3.0159E+04
0000428   1.5311E+06  2.1947E+04  1.0984E+06
0000429   1.3513E+06  1.1993E+05 -5.5710E+05
0000430   1.3946E+06  6.7669E+04  8.8104E+05
0000431   1.8212E+06  9.5135E+05  3.6010E+05
0000432   2.4762E+06 -2.7318E+05  3.5733E+04
0000433   1.6269E+06  6.4896E+05 -3.8336E+04
0000434   1.0912E+06 -1.7262E+06 -5.7974E+05
0000435   3.8737E+06  2.8739E+06 -1.5883E+06
0000436   3.2703E+06 -2.1217E+05 -1.8932E+06
0000437   1.4357E+06 -6.9203E+05 -6.2358E+05
0000438   3.4438E+06 -2.0670E+05  6.3142E+05
0000439   1.3646E+06  7.7626E+05 -3.2213E+03
0000440   1.4278E+06  1.5150E+05 -8.2743E+05
0000441   3.2473E+05  1.0248E+05  3.3446E+05
0000442   2.9415E+06 -4.1540E+05  4.2879E+05
0000443   2.9608E+06 -1.1732E+06  1.0612E+06
0000444   3.7958E+06  7.3944E+05  6.2884E+05
0000445   2.2476E+06  5.3312E+05  6.5377E+05
0000446   7.5411E+05  1.0964E+05  2.2796E+05
0000447   2.7803E+06 -8.0248E+05 -8.7174E+05
0000448   2.6192E+06  1.2726E+06  5.9099E+05
0000449   1.8495E+06  5.2744E+05 -8.7960E+05
0000450   4.0623E+06 -4.7461E+05 -2.7124E+05
0000451   2.2102E+06  9.4828E+05  1.2138E+06
0000452   1.2120E+06 -1.7059E+05  5.1231E+05
0000453   2.8432E+06  6.2427E+04 -1.5946E+06
0000454   1.8118E+06 -1.2175E+06 -1.8911E+06
0000455   8.4668E+05 -2.3459E+05  7.3208E+05
0000456   1.5063E+06  2.4600E+05 -5.5191E+05
0000457   2.8992E+06  1.1246E+06 -4.0433E+05
0000458   4.2170E+06  3.7423E+05 -7.8754E+05
0000459   3.8078E+06  1.0422E+06 -3.3154E+05
0000460   4.2583E+06 -7.0845E+05  1.1499E+06
0000461   7.2480E+05 -4.8879E+04 -6.3762E+05
0000462   2.2703E+06 -2.5155E+05 -2.0179E+05
0000463   4.1382E+06  3.7796E+05  1.2962E+06
0000464   1.9423E+06 -8.8692E+04  6.0103E+05
0000465   3.2693E+06 -1.1204E+06 -1.8701E+04
0000466   1.2077E+06 -6.4520E+05 -4.1821E+05
0000467   3.7631E+06 -7.4064E+04  4.2477E+04
0000468   3.9507E+06 -2.3190E+05 -2.5541E+05
0000469   2.2605E+06 -7.1045E+05  2.5689E+04
0000470   2.5628E+06 -6.2607E+05 -9.9595E+05
0000471   4.2216E+06  1.4532E+06 -9.0438E+05
0000472   1.5238E+06 -3.3970E+05 -8.5494E+04
0000473   2.0423E+06  1.4315E+05 -9.6153E+04
0000474   1.2584E+06  1.1040E+05  5.2292E+05
0000475   3.4018E+06  6.0599E+05  8.0833E+05
0000476   3.9179E+06 -8.5355E+05 -8.4154E+05
0000477   4.3588E+06 -2.8539E+05  1.9057E+05
0000478   6.8873E+05 -1.9338E+06  2.0708E+06
0000479   2.7052E+06  7.4742E+04 -1.0678E+05
0000480   2.2284E+06 -7.0870E+05 -5.9925E+05
0000481   8.1272E+04  2.6707E+05 -3.4948E+05
0000482   5.4903E+05 -3.7104E+04 -5.9787E+04
0000483   2.3089E+06  6.5691E+05  3.1453E+05
0000484   2.5460E+06  9.2739E+05 -2.0882E+05
0000485   1.5920E+06 -1.5292E+06  1.3240E+06
0000486   2.0732E+06  1.5093E+06  2.1219E+06
0000487   7.9292E+05 -1.7150E+05  7.7096E+05
0000488   2.7246E+06 -1.9692E+05  8.5628E+05
0000489   1.5103E+06  9.4243E+04 -6.0310E+05
0000490   1.5804E+06  2.6909E+05  2.7882E+06
0000491   1.8016E+06  1.4642E+06  6.5287E+05
0000492   3.1537E+06 -1.8618E+05  4.8154E+05
0000493   1.9268E+06  3.4509E+05 -1.5379E+06
0000494   1.4743E+06 -2.2281E+05 -2.9615E+05
0000495   1.6864E+06  5.3087E+04  1.2399E+06
0000496   3.0323E+06  5.7230E+05 -7.6795E+04
0000497   3.6581E+06  1.0678E+06  5.7791E+05
0000498   3.0178E+06  7.0957E+05  3.6713E+05
0000499   3.3396E+06  1.2210E+06 -1.0606E+05
0000500   1.2375E+06 -8.1918E+05  1.0196E+05
0000501   2.3032E+06 -6.4852E+04  1.2140E+05
0000502   3.1386E+06 -9.8130E+04 -4.6407E+05
0000503   3.1981E+06 -1.4592E+06 -1.3176E+06
0000504   1.2161E+06  3.3661E+05 -4.8413E+05
0000505   2.8413E+06  3.3795E+05  2.6270E+05
0000506   1.9611E+06 -5.2999E+05  2.1106E+05
0000507   4.2102E+06 -4.9017E+05 -5.0752E+05
0000508   1.0001E+06 -3.9826E+05 -2.2476E+05
0000509   1.2743E+06 -3.5964E+05  1.0164E+06
0000510   2.0588E+06  6.2257E+05  4.9105E+05
0000511   2.6587E+06  1.1219E+06 -7.3814E+05
0000512   3.1015E+06  1.0621E+06  9.6532E+05
0000513   2.2626E+06  1.0496E+06  5.0365E+05
0000514   1.6472E+06  1.1067E+06  2.3459E+05
0000515   3.1083E+06 -5.0183E+04 -1.0173E+06
0000516   2.6462E+06  3.1178E+05 -1.0989E+05
0000517   1.2722E+06 -1.6090E+06  9.9074E+04
0000518   3.3202E+06  9.2172E+05 -2.0484E+05
0000519   3.3457E+06 -3.0411E+05  6.0819E+04
0000520   6.6501E+05  7.8817E+04  1.1360E+06
0000521   2.2603E+06 -1.2449E+05 -1.0147E+06
0000522   3.1845E+06  2.2208E+06 -1.2228E+06
0000523   1.5130E+06  1.8117E+05  1.4796E+06
0000524   1.4500E+06 -6.7693E+05 -1.6862E+06
0000525   5.9474E+05  3.7099E+05 -2.6746E+05
0000526   2.6017E+06 -1.6930E+06 -7.5204E+05
0000527   1.9110E+06  1.3400E+05  4.1730E+05
0000528   3.9578E+06 -2.1462E+05 -1.8665E+06
0000529   1.9348E+06 -2.1767E+04 -2.7543E+05
0000530   2.1998E+06 -3.2574E+05 -3.2265E+05
0000531   1.8880E+06  1.4812E+06 -1.1216E+06
0000532   2.4113E+06 -1.0502E+06  6.0881E+05
0000533   1.6217E+06 -4.2634E+05 -6.5095E+05
0000534   4.0495E+06  1.1527E+06 -5.2375E+05
0000535   3.4192E+06  1.5005E+06  1.0941E+05
0000536   3.6428E+06  1.0296E+06 -9.4393E+04
0000537   1.3135E+06 -9.2754E+05 -5.0783E+05
0000538   3.0090E+06  2.5453E+04 -5.1448E+05
0000539   2.1853E+06 -1.3078E+06 -4.7855E+05
0000540   3.0522E+06 -1.4120E+06  1.2133E+06
0000541   2.6934E+06  1.5378E+05 -3.1761E+04
0000542   1.7905E+06 -2.3774E+06  1.7297E+06
0000543   2.1933E+06  5.2820E+05  8.6112E+05
0000544   2.0525E+06  2.4793E+05 -6.7339E+05
0000545   3.1524E+06 -1.0962E+06 -1.1488E+06
0000546   3.1621E+06 -8.5565E+05  1.4403E+06
0000547   1.3900E+06 -8.3767E+05  6.9390E+05
0000548   3.1055E+06  2.5763E+05 -8.6822E+05
0000549   3.3084E+06  1.7280E+06 -3.9304E+05
0000550   2.2915E+06  1.7350E+06  4.0068E+05
0000551   2.2023E+06 -5.5981E+05 -9.5684E+05
0000552   1.9876E+06 -2.7163E+05 -1.2141E+05
0000553   1.6532E+06  1.7210E+06 -4.2242E+05
0000554   1.4956E+06  1.1643E+06 -1.1735E+06
0000555   3.1932E+06  2.1356E+06 -5.0943E+04
0000556   2.8062E+06 -9.9505E+05  1.2869E+05
0000557   2.0479E+06  1.6588E+06  6.4290E+05
0000558   3.0195E+06  1.7871E+04 -3.0319E+05
0000559   1.7922E+06  9.8008E+05 -9.0710E+05
0000560   2.6585E+06  1.3925E+06 -2.9871E+05
0000561   8.8698E+05 -2.4817E+05 -3.9813E+05
0000562   8.7660E+05 -1.9310E+05 -5.6523E+05
0000563   1.6174E+06  6.3136E+05 -8.5453E+05
0000564   2.7270E+06  9.0103E+05 -6.3626E+05
0000565   2.1722E+06  2.0267E+06 -1.0178E+06
0000566   7.7451E+05  6.8411E+05  1.0870E+06
0000567   3.9801E+06  2.2972E+05 -7.0726E+05
0000568   3.2377E+06 -1.2381E+06  3.3008E+05
0000569   1.4008E+06  9.7218E+05 -1.9271E+06
0000570   3.5496E+06 -7.9453E+05 -1.3662E+06
0000571   1.8215E+06  2.5630E+04  1.8241E+05
0000572   1.6200E+06  8.1900E+04 -3.1594E+05
0000573   3.5578E+06  3.0675E+05  8.6717E+05
0000574   1.9062E+06 -4.4980E+05  6.1419E+05
0000575   1.4971E+06 -2.2203E+05 -1.6361E+05
0000576   1.4878E+06 -5.6163E+05 -2.4302E+06
0000577   1.8367E+06 -6.2875E+05 -1.1684E+06
0000578   2.8144E+06  3.9997E+05 -9.0580E+05
0000579   2.8676E+06  3.6705E+05  1.0342E+06
0000580   3.9103E+06  1.1438E+06 -1.0217E+05
0000581   2.3937E+06 -9.6882E+05 -1.3844E+06
0000582   2.1639E+06 -9.5303E+04  1.6584E+06
0000583   1.9734E+06 -2.5949E+05 -5.4034E+04
0000584   2.6672E+06  2.7765E+05 -2.8718E+05
0000585   2.5890E+06  4.7598E+03  5.9309E+05
0000586   2.9755E+06  1.1440E+06  5.2990E+05
0000587   2.0998E+06 -2.0843E+05 -1.4090E+06
0000588   2.6860E+06 -1.6516E+06  2.2404E+05
0000589   2.1213E+06 -8.4543E+05  1.9085E+05
0000590   1.7414E+06 -3.9081E+05  1.6771E+06
0000591   1.6020E+06 -3.7497E+05  4.3062E+05
0000592   1.5376E+06 -8.9941E+04  3.0840E+05
0000593   1.2792E+06 -1.4306E+05  4.4881E+05
0000594   3.7362E+06 -1.1723E+06 -1.2497E+06
0000595   3.2668E+06  2.6984E+05 -6.4444E+05
0000596   2.7138E+06  1.2765E+06  6.1054E+05
0000597   3.2673E+06 -9.2296E+05 -4.9300E+05
0000598   8.9264E+05 -6.6492E+05  1.0952E+06
0000599   3.6183E+06  1.2027E+05 -2.7034E+05
0000600   2.7297E+06  4.2878E+05  4.3805E+03
0000601   3.4700E+06  3.1095E+05  5.0300E+05
0000602   3.1244E+06 -1.1204E+06 -3.6080E+05
0000603   3.2461E+06  1.1108E+06 -2.7102E+04
0000604   3.0247E+06  3.4883E+05 -9.7154E+05
0000605   2.3281E+06 -1.3934E+05 -2.6677E+05
0000606   4.4236E+06 -4.6284E+05 -1.5737E+05
0000607   2.9402E+06 -1.2049E+06  2.9543E+05
0000608   2.4238E+06 -8.5282E+04 -1.3551E+06
0000609   1.9760E+06  5.3364E+05  5.8582E+05
0000610   2.8032E+06 -1.8894E+06 -1.5064E+06
0000611   1.9697E+06  2.3720E+05 -5.2718E+05
0000612   3.2400E+06  6.7683E+04  8.1011E+05
0000613   1.8580E+06  3.5176E+05  1.0339E+06
0000614   1.9027E+06  4.1048E+05  1.6310E+06
0000615   3.2573E+06 -3.3962E+05  3.3428E+05
0000616   1.5178E+06 -8.7312E+05 -1.0570E+06
0000617   1.3530E+06 -9.9974E+05 -1.0288E+06
0000618   3.1005E+06 -9.8035E+05 -7.5298E+05
0000619   2.5718E+06  5.1629E+04 -1.4757E+06
0000620   2.2964E+06  5.5028E+05  7.4957E+05
0000621   2.2975E+06  1.6799E+05 -3.4277E+05
0000622   4.5850E+06  3.4268E+05  2.7534E+05
0000623   2.6233E+06  5.7354E+05 -1.4863E+06
0000624   3.9495E+06  6.2746E+05  2.9446E+04
0000625   2.6704E+06  2.2132E+05 -7.0208E+05
0000626   3.7633E+06 -7.7688E+05 -2.2134E+05
0000627   3.0648E+06  2.4234E+06 -1.6541E+06
0000628   2.2758E+06  2.2691E+06  6.7499E+05
0000629   3.6440E+06 -1.6684E+05  1.4540E+06
0000630   2.1272E+06  2.6958E+05 -8.5212E+05
0000631   2.4253E+06  1.1588E+06 -1.1569E+05
0000632   2.3642E+06 -3.8577E+04  1.5311E+06
0000633   2.7254E+06  1.6329E+06  2.0479E+05
0000634   2.4208E+06  6.4705E+05 -9.4134E+05
0000635   1.0792E+06 -5.7563E+05  2.0969E+05
0000636   3.7880E+06 -9.9298E+05 -2.8516E+05
0000637   3.4392E+06 -1.0947E+06 -1.0451E+06
0000638   1.5069E+06  1.3318E+06  1.8014E+06
0000639   1.3615E+06 -1.1083E+06 -4.7292E+05
0000640   3.9199E+05 -3.0940E+05  6.9569E+05
0000641   3.7715E+06  3.6091E+05 -6.6879E+05
0000642   1.6312E+06 -4.6667E+05  5.6621E+05
0000643   2.7590E+06  5.2563E+05 -7.7580E+05
0000644   1.8736E+06 -5.3263E+05  1.8193E+06
0000645   3.8241E+06 -7.9303E+05  4.2920E+05
0000646   3.1809E+06  1.1839E+06 -8.2821E+05
0000647   2.3012E+06 -9.0843E+05 -1.5481E+05
0000648   2.9997E+06  1.1396E+06  1.6125E+05
0000649   2.9433E+06  8.1134E+04 -9.5542E+05
0000650   4.8646E+05 -8.3146E+05 -1.2282E+06
0000651   2.4159E+06  1.0974E+06 -4.4797E+05
0000652   2.3334E+06 -1.9968E+06 -2.6802E+05
0000653   3.3855E+06 -6.1816E+05 -3.9420E+05
0000654   1.1690E+06 -5.8178E+05 -9.9985E+05
0000655   1.8954E+06 -1.6585E+05 -1.7697E+06
0000656   3.3859E+06 -1.5522E+05 -3.6332E+05
0000657   2.9516E+06 -4.9401E+05  3.4894E+05
0000658   2.5524E+06 -7.2338E+05  3.7480E+05
0000659   5.6963E+06  8.3226E+05  7.3388E+05
0000660   3.5104E+06 -1.3193E+06  5.7842E+05
0000661   2.0730E+06  4.3064E+05  1.0460E+06
0000662   3.7327E+06  1.2395E+05  6.2331E+05
0000663   9.1930E+05 -7.7356E+04  7.5613E+05
0000664   1.4392E+06 -2.0131E+05  1.5626E+06
0000665   2.6255E+06 -1.3867E+06  6.7943E+05
0000666   1.9946E+06 -1.0036E+06  3.7128E+05
0000667   3.1096E+06 -1.5147E+05  4.4821E+05
0000668   3.3194E+06 -4.4628E+05  1.3271E+06
0000669   2.2939E+06  1.6167E+06  1.4859E+06
0000670   9.3898E+05 -3.6318E+05  9.2255E+05
0000671   2.8010E+05 -1.5213E+06 -5.4177E+05
0000672   2.8864E+06 -1.9055E+06 -1.3281E+06
0000673   3.6611E+06  1.8376E+06 -6.4190E+05
0000674   7.7162E+05 -2.5670E+05 -5.8914E+05
0000675   2.1633E+06 -6.3877E+05  1.0666E+06
0000676   2.4514E+06 -1.1637E+05 -1.0586E+06
0000677   4.7367E+06 -1.2678E+05  7.0077E+05
0000678   1.9660E+06 -1.2527E+05  2.4180E+05
0000679   2.8953E+06 -2.3932E+05 -1.8190E+06
0000680   1.3487E+06 -9.2599E+05 -1.8258E+06
0000681   2.9045E+06  4.0077E+05  7.3837E+05
0000682   3.4935E+06 -3.4029E+05 -6.2050E+05
0000683   3.1778E+06 -1.3831E+06 -1.3202E+06
0000684   3.2404E+06 -4.4291E+05  3.1173E+05
0000685   2.6061E+06 -2.0991E+06  1.4896E+05
0000686   3.6552E+06 -9.6094E+05 -2.4849E+06
0000687   1.4376E+06 -6.6173E+05  6.9731E+05
0000688   4.9067E+06  6.4235E+05  6.8630E+05
0000689   2.6464E+06  2.6417E+05 -9.8115E+05
0000690   1.2754E+06  9.1949E+04  7.2797E+05
0000691   2.3503E+06  3.8146E+05  7.9217E+05
0000692   3.7301E+06  1.8310E+05  1.9943E+05
0000693   2.4918E+06 -1.7750E+06  1.4769E+06
0000694   3.3525E+06  1.0092E+06  8.7037E+05
0000695   5.6736E+05  4.8811E+04 -6.8466E+05
0000696   2.6033E+06 -7.8301E+05  1.2455E+06
0000697   2.5045E+06 -1.4317E+05  3.7805E+04
0000698   3.5292E+06  7.1907E+05  7.2743E+05
0000699   2.4471E+06  4.2393E+05 -2.2663E+06
0000700   4.1312E+06 -4.4610E+05 -5.2562E+04
0000701   3.6800E+06 -2.5922E+04  6.1271E+05
0000702   2.1318E+06  6.6393E+05 -9.5149E+05
0000703   1.5703E+06 -5.3076E+05  8.5010E+03
0000704   4.9868E+05 -2.4107E+05  2.5135E+05
0000705   2.6706E+06 -5.9209E+05 -8.8731E+05
0000706   1.7275E+06  6.8084E+05  1.2057E+06
0000707   2.0650E+06  4.6377E+04  5.8508E+05
0000708   2.8192E+06  7.1585E+05 -1.0337E+06
0000709   2.9094E+06 -2.2750E+05  1.0242E+05
0000710   9.6135E+05  1.9393E+06 -4.8288E+05
0000711   4.2809E+06  1.7120E+06 -5.1224E+05
0000712   6.2071E+05  7.8977E+05  6.9279E+05
0000713   3.8510E+06 -4.8700E+05  8.8728E+05
0000714   1.7002E+06  1.2515E+05 -2.2896E+05
0000715   2.6119E+06  1.3859E+05 -2.0912E+04
0000716   2.7788E+06  4.4344E+05  8.8533E+05
0000717   2.1589E+06 -3.2147E+05 -7.8255E+05
0000718   4.6242E+06  2.0095E+06  2.5524E+05
0000719   3.4674E+06 -8.8681E+04  1.4734E+06
0000720   9.2386E+05 -4.4420E+05  9.5399E+05
0000721   4.1762E+06  1.0559E+06 -5.9894E+05
0000722   2.5617E+06 -4.7388E+05  1.0117E+06
0000723   2.9287E+06 -7.6199E+05 -4.7626E+05
0000724   2.5613E+06  1.5941E+05  3.9568E+05
0000725   2.4841E+06  2.2131E+06 -2.6269E+05
0000726   3.4070E+06 -8.6534E+05  1.4989E+05
0000727   3.2069E+06  2.2785E+04 -1.9639E+05
0000728   2.8744E+06  4.4237E+05 -1.7293E+06
0000729   2.9455E+06  1.5588E+04 -8.8727E+05
0000730   3.9135E+06 -2.1029E+06 -1.2081E+06
0000731   1.8821E+05 -1.3171E+06 -3.3816E+05
0000732   1.3291E+06  6.7823E+05 -6.2488E+05
0000733   2.5286E+06 -9.0856E+05 -5.3998E+05
0000734   3.5407E+06 -1.1457E+06  2.2188E+06
0000735   3.4063E+06  1.2776E+06  3.5805E+05
0000736   2.8652E+06  3.9622E+05  1.9620E+06
0000737   4.9237E+06  2.6361E+06  1.2603E+06
0000738   2.3101E+06  1.1273E+06  1.7704E+05
0000739   9.4322E+05 -7.5425E+04  4.2638E+05
0000740   1.1417E+06  1.7013E+05 -7.7382E+05
0000741   4.7438E+06  2.3764E+06 -3.1014E+05
0000742   1.9973E+06 -1.0424E+06 -4.3573E+05
0000743   3.0095E+06  1.4172E+06 -7.2242E+05
0000744   2.3801E+06 -1.3653E+06 -9.6069E+05
0000745   4.7983E+06  2.4983E+05  7.8706E+05
0000746   2.5961E+06  1.7697E+06  2.9914E+04
0000747   8.7762E+05 -2.8027E+05 -8.8259E+05
0000748   4.2627E+06 -9.6756E+03  4.0221E+05
0000749   2.1575E+06  1.8956E+06  6.6786E+05
0000750   1.8044E+06  5.1780E+05  2.6062E+05
0000751   2.3845E+06  1.5280E+05  1.9220E+06
0000752   3.2578E+06 -4.8964E+05 -9.0100E+05
0000753   3.4868E+06  5.4898E+05 -7.4431E+05
0000754   2.2083E+06  5.3881E+04 -3.9978E+05
0000755   7.7565E+05 -1.5070E+06  3.8734E+05
0000756   1.0034E+06  7.2917E+05  3.1160E+05
0000757   2.6834E+06 -2.2685E+05  1.1578E+06
0000758   1.4100E+06  6.4953E+05  7.6397E+05
0000759   2.4631E+06  1.1933E+06  1.9675E+05
0000760   9.1857E+05 -8.6175E+05 -1.5330E+06
0000761   1.3347E+06 -6.6095E+04 -2.2931E+04
0000762   3.0181E+06  3.9810E+05  1.4495E+06
0000763   2.9570E+06 -1.8789E+06  3.3733E+05
0000764   1.9790E+06  2.1423E+06  2.1493E+06
0000765   1.1206E+06 -4.4787E+05 -4.3368E+05
0000766   2.3110E+05  2.3319E+05  1.3174E+05
0000767   3.8770E+06 -1.2941E+06 -6.1750E+05
0000768   7.3632E+05  1.3902E+05  2.0548E+05
0000769   3.2118E+06  5.0699E+05  1.6591E+05
0000770   2.1213E+06  1.8008E+06 -1.0933E+05
0000771   1.1016E+06 -1.5645E+06 -5.5037E+05
0000772   1.5952E+06 -1.9090E+05  1.3299E+06
0000773   1.7526E+06 -1.9502E+06 -2.0353E+06
0000774   2.3926E+06  1.1267E+06  3.5973E+05
0000775   4.0673E+06 -2.1568E+05 -1.6942E+05
0000776   1.9927E+06 -4.6442E+05  1.1473E+06
0000777   3.5778E+06 -1.6534E+06  1.1600E+06
0000778   3.5834E+06  4.6331E+05  6.7998E+05
0000779   2.5128E+06 -1.0354E+06  9.4590E+05
0000780   3.9927E+06  6.8029E+05 -2.5560E+05
0000781   2.7897E+06  8.8256E+05 -4.5847E+05
0000782   2.9172E+06 -7.0824E+05  9.3870E+05
0000783   3.6215E+06  1.1268E+05 -8.5074E+05
0000784   1.7157E+06  1.6564E+03  2.3916E+05
0000785   1.2401E+06 -6.5274E+05 -2.1743E+05
0000786   2.6638E+06 -1.3205E+06  1.5542E+06
0000787   2.7521E+06  9.2488E+05 -6.0156E+05
0000788   5.2319E+06  1.4486E+06 -1.5366E+06
0000789   2.6992E+06 -1.2124E+05  5.6341E+05
0000790   3.7479E+06 -9.4699E+04  1.4276E+06
0000791   3.2008E+06 -8.0152E+05 -1.7287E+06
0000792   1.8460E+06 -7.3058E+05  2.0251E+06
0000793   2.1441E+06  4.8791E+05 -2.6105E+05
0000794   2.2774E+06  1.2386E+06 -4.4635E+05
0000795   2.4948E+06  4.3952E+05  1.6093E+06
0000796   3.0786E+06  3.6406E+05 -2.4662E+06
0000797   1.8319E+06 -6.3782E+05 -4.8208E+05
0000798   1.2688E+06  3.0576E+05  7.2689E+05
0000799   3.0858E+06 -4.6812E+05  1.4649E+06
0000800   2.8517E+06  3.4155E+05 -1.7290E+06
0000801   2.9579E+06 -6.5323E+05  2.1932E+05
0000802   3.4822E+06  4.7436E+05 -2.0122E+06
0000803   2.2351E+05  3.0632E+05 -1.3487E+06
0000804   2.6384E+06 -7.2709E+04 -2.7166E+05
0000805   4.1561E+06 -1.3786E+06  4.7528E+05
0000806   1.7706E+06  9.4376E+05  1.3878E+06
0000807   3.0017E+06  1.0111E+05 -2.3193E+05
0000808   3.2451E+06 -8.5203E+05 -3.4000E+05
0000809   1.5215E+06  8.9478E+05  1.5544E+06
0000810   3.3259E+06 -1.4751E+06 -1.4493E+06
0000811   4.9852E+05  3.9795E+05 -3.0789E+05
0000812   2.9865E+06  1.7080E+06 -1.3653E+06
0000813   1.1654E+06 -5.2038E+05 -3.4974E+05
0000814   2.0247E+06 -8.8604E+05 -1.7695E+05
0000815   3.2977E+06 -7.3938E+05 -7.8045E+05
0000816   1.2579E+06 -6.7620E+05 -7.6900E+04
0000817   3.0650E+06  5.8603E+05 -7.9498E+05
0000818   1.7523E+06  2.1545E+06 -6.5833E+05
0000819   4.8295E+06 -1.8484E+06  9.8620E+05
0000820   1.9879E+06  7.0877E+05 -1.2702E+06
0000821   2.5604E+06 -4.6714E+04 -6.6780E+05
0000822   2.4625E+06 -2.1600E+05 -1.5223E+06
0000823   3.2412E+06  1.4793E+06 -4.6287E+05
0000824   2.8549E+06 -1.1062E+06 -1.1817E+06
0000825   2.2176E+06  7.4401E+05  1.3456E+04
0000826   2.3884E+06 -4.3403E+05 -1.5314E+06
0000827   3.6478E+06  1.1516E+06 -4.9281E+05
0000828   5.1237E+06  1.6020E+06  8.3991E+05
0000829   3.0176E+06  6.2652E+05 -6.1229E+05
0000830   3.3778E+06  4.1490E+05 -9.1188E+05
0000831   1.3581E+06 -9.4492E+04 -3.2480E+05
0000832   1.3693E+06  1.2103E+06 -5.3742E+04
0000833   1.4239E+06  1.6062E+05  1.9805E+05
0000834   2.1699E+06  6.2849E+05  7.3743E+04
0000835   2.9905E+06 -2.7078E+05  6.1551E+05
0000836   1.1323E+06  4.3829E+04 -2.9358E+05
0000837   2.5335E+06  1.1016E+06 -6.6743E+05
0000838   2.2695E+06  6.4124E+05  7.6275E+05
0000839   3.5385E+06  2.4269E+05  6.0209E+05
0000840   4.2756E+06 -9.0646E+05 -9.0050E+05
0000841   3.7732E+06 -6.3286E+05  1.2643E+04
0000842   6.0683E+05 -1.2135E+06 -1.4477E+06
0000843   1.4849E+06 -4.1850E+05 -4.5918E+05
0000844   1.9717E+06  1.7020E+06  4.0679E+05
0000845   2.5739E+06  1.6497E+06 -1.0088E+06
0000846   2.1130E+06 -8.6771E+05  8.2629E+05
0000847   3.8137E+06  9.8739E+04  1.3795E+06
0000848   2.7465E+06 -5.4499E+04 -9.0423E+04
0000849   2.4318E+06  3.1658E+05 -1.1596E+06
0000850   2.1522E+06  4.7219E+05 -5.1100E+05
0000851   3.0204E+06  9.0857E+05  7.2913E+05
0000852   1.6611E+06 -8.7663E+05 -1.8638E+05
0000853   4.1183E+06  8.1925E+05 -1.3236E+05
0000854   1.3848E+06  4.4182E+05  1.8872E+05
0000855   2.6543E+06 -7.0948E+05  6.7381E+05
0000856   3.8435E+06 -2.0124E+06  9.7177E+05
0000857   3.0552E+06  9.9061E+05  6.3453E+05
0000858   2.1444E+06 -1.1105E+06 -2.0312E+05
0000859   3.0944E+06 -1.5474E+06 -4.0425E+05
0000860   2.7213E+06 -4.2213E+05  1.6125E+06
0000861   2.8626E+06  3.3795E+05  1.2266E+06
0000862   1.3764E+06 -1.6176E+06  2.5968E+06
0000863   2.2845E+06 -3.4358E+05  7.8218E+05
0000864   2.7655E+06  5.5437E+05  1.8131E+06
0000865   2.5941E+06  3.3902E+05  4.3968E+05
0000866   2.0825E+06 -1.2332E+06  2.4813E+05
0000867   3.3780E+06 -8.0348E+05  9.1842E+05
0000868   2.5564E+06 -1.0659E+06  8.2671E+05
0000869   3.9582E+06 -4.4214E+04  2.1407E+05
0000870   1.8325E+06  3.2187E+05 -2.0288E+06
0000871   1.7956E+06 -7.8246E+05 -8.2248E+04
0000872   1.2163E+06 -5.6002E+05 -2.2499E+05
0000873   1.8795E+06 -3.7625E+04  1.4573E+06
0000874   2.5765E+06 -1.4349E+06 -4.4029E+05
0000875   3.8363E+06  1.7091E+06 -2.2190E+06
0000876   1.3370E+06  1.9832E+05  3.1019E+05
0000877   2.9529E+06 -1.7095E+06 -3.7348E+05
0000878   2.5624E+06 -5.7773E+05  1.6216E+05
0000879   2.8485E+06  2.5258E+04 -1.7140E+05
0000880   2.6414E+06 -4.4175E+05 -4.0584E+05
0000881   2.6286E+06  1.4761E+06 -6.8379E+05
0000882   1.9365E+06  1.9182E+05 -1.6738E+06
0000883   2.0667E+06 -7.6910E+05 -7.6124E+05
0000884   2.7479E+06  4.1087E+05 -2.4522E+06
0000885   1.9453E+06  6.8237E+05 -5.7004E+04
0000886   1.9554E+06 -6.2284E+05  4.8126E+04
0000887   3.3157E+06  5.3111E+05  3.3561E+05
0000888   2.6805E+06  1.3302E+06  1.0467E+06
0000889   2.5357E+06 -6.9471E+05 -4.2683E+05
0000890   2.4715E+06  6.4291E+05 -8.9674E+05
0000891   2.7197E+06 -8.0356E+05 -4.2648E+05
0000892   2.9893E+06 -3.6254E+05 -6.5061E+04
0000893   2.5888E+06  8.2494E+05 -1.6926E+05
0000894   2.5967E+06 -1.0343E+06  8.2053E+04
0000895   2.7511E+06  1.5965E+06  1.2194E+05
0000896   2.1758E+06 -1.5245E+06  3.5793E+05
0000897   3.5046E+06  1.6915E+06  8.7855E+04
0000898   1.5513E+06  1.8928E+06  1.8324E+05
0000899   1.2764E+06  1.3297E+06  7.8978E+05
0000900   3.4526E+06 -1.6048E+06  1.2360E+05
0000901   2.9705E+06  1.7128E+06  6.6262E+05
0000902   9.3826E+05 -1.9336E+05 -9.3309E+05
0000903   2.4412E+06  5.2368E+05 -5.8665E+05
0000904   2.6854E+06  4.6527E+05 -1.2396E+06
0000905   1.1262E+06  2.2336E+05  1.1773E+05
0000906   2.4062E+06 -8.9966E+05 -2.4722E+05
0000907   2.5036E+06  2.9693E+04 -6.8775E+05
0000908   3.0641E+06  2.5787E+06  2.3624E+05
0000909   3.2942E+06 -7.7902E+04  2.3848E+06
0000910   2.0142E+06 -1.0759E+05  1.4680E+05
0000911   2.8108E+06  1.5899E+06  6.2007E+05
0000912   3.0522E+06 -4.9777E+05  1.1399E+06
0000913   3.2203E+06 -3.0212E+05 -1.9501E+05
0000914   3.6129E+06 -2.4502E+06  3.0136E+05
0000915   3.5295E+06 -2.4866E+05  3.4957E+05
0000916   2.0375E+06  7.6865E+05 -5.3482E+05
0000917   4.0298E+06 -8.1003E+05 -1.8679E+06
0000918   2.8160E+06  1.6617E+06  2.6014E+05
0000919   2.3510E+06 -1.0914E+06  1.0579E+06
0000920   1.1479E+06 -4.7832E+05 -1.4244E+04
0000921   3.1780E+06 -1.0000E+06 -2.2918E+06
0000922   2.8428E+06 -7.9993E+04 -2.9370E+05
0000923   2.5803E+06  1.1707E+06 -1.4012E+04
0000924   3.5990E+06  6.4709E+05 -8.5796E+04
0000925   1.5210E+06  7.6671E+05  7.9317E+05
0000926   2.6460E+06  2.0940E+06  1.4734E+06
0000927   3.7813E+06  2.6857E+04 -1.8281E+06
0000928   3.3231E+06 -2.5715E+05  2.7104E+05
0000929   1.0695E+06  8.4944E+05  1.0146E+06
0000930   1.8738E+06  1.2897E+06  1.2126E+06
0000931   1.0406E+06 -8.5804E+05  1.9981E+06
0000932   2.6511E+06 -3.5464E+05  3.9499E+05
0000933   3.0437E+06  7.5014E+05 -7.7836E+05
0000934   1.6333E+06 -2.1718E+05  1.8360E+05
0000935   3.2752E+06 -1.8961E+06  1.8726E+06
0000936   2.3303E+06 -1.7515E+06 -3.4906E+04
0000937   1.7761E+06 -1.7423E+06  1.9587E+05
0000938   3.9402E+06 -1.4301E+06  6.0134E+05
0000939   3.4663E+06  5.3632E+05  3.6729E+04
0000940   5.2740E+05  1.5595E+05 -1.1193E+05
0000941   1.4104E+06 -2.5452E+04 -5.6864E+05
0000942   1.7216E+06  1.0896E+06 -3.6041E+04
0000943   3.2393E+06 -1.4056E+06  1.3113E+06
0000944   3.7085E+06  1.2667E+05  7.0474E+05
0000945   2.8290E+06 -6.8462E+04 -1.4696E+06
0000946   4.5017E+06  8.5787E+05 -1.1911E+06
0000947   2.1740E+06 -6.5185E+05 -1.6790E+05
0000948   1.1359E+06 -5.8388E+05  5.8944E+05
0000949   3.2842E+06  1.6563E+06  1.3335E+06
0000950   4.3769E+06 -1.1030E+06  8.7719E+05
0000951   1.2578E+06 -4.8216E+05 -2.1716E+05
0000952   4.3992E+06  1.2749E+06 -1.8445E+05
0000953   1.8940E+06 -4.0864E+05 -3.6595E+05
0000954   2.0336E+06 -1.1709E+06 -1.4932E+06
0000955   2.4464E+06 -1.6452E+05  1.0478E+06
0000956   1.3988E+06 -2.0476E+05  1.5767E+06
0000957   4.1105E+06  4.3093E+05  9.1430E+05
0000958   1.0234E+06  1.5846E+05  1.2679E+05
0000959   1.1606E+06  1.1488E+05  1.2055E+05
0000960   3.6764E+06 -1.0022E+06 -5.4012E+05
0000961   1.5010E+06  1.7410E+05 -7.6345E+05
0000962   1.3313E+06  2.2977E+05 -4.5687E+05
0000963   2.8704E+06  9.6638E+05 -3.8071E+05
0000964   6.7139E+05  3.3247E+05 -7.7747E+04
0000965   2.4072E+06 -4.1143E+04  8.4329E+05
0000966   1.1428E+06  1.2556E+05 -5.7258E+05
0000967   1.8411E+06 -6.9526E+05 -7.8286E+05
0000968   1.3546E+06 -3.9169E+04  3.1591E+05
0000969   2.6229E+06 -3.9621E+05  6.5163E+04
0000970   1.1782E+06 -7.2189E+05  1.1021E+06
0000971   4.1117E+06 -1.3700E+05  4.4198E+05
0000972   2.9504E+06  2.2398E+05  4.9596E+05
0000973   3.0308E+06  1.8323E+06 -3.4045E+05
0000974   1.1163E+06 -1.8691E+05  1.0034E+06
0000975   3.6810E+06  1.5753E+05  8.2757E+05
0000976   3.1777E+06  2.1897E+06 -1.1747E+06
0000977   2.6882E+06 -1.4942E+06  9.4852E+05
0000978   3.4019E+06  4.2531E+05  1.0943E+06
0000979   2.6889E+06  1.7250E+06  5.4273E+05
0000980   1.5672E+06  6.5375E+05  1.6793E+06
0000981   1.1935E+06 -1.6774E+06 -1.5069E+05
0000982   3.7522E+06 -5.4797E+05 -1.0962E+06
0000983   2.3645E+06  4.2927E+05  2.0117E+06
0000984   1.4018E+06 -1.0260E+06  5.4980E+05
0000985   3.3551E+06 -7.7255E+05 -1.2269E+06
0000986   8.7362E+05 -3.9860E+05  1.2612E+06
0000987   2.0499E+06 -5.0965E+05 -6.0550E+05
0000988   4.0641E+06  4.3521E+05  1.2326E+06
0000989   1.8405E+06  1.1466E+05 -7.7190E+05
0000990   2.3990E+06 -3.6746E+05  4.0843E+05
0000991   1.9160E+06  2.0994E+05  1.1900E+06
0000992   2.8048E+06  5.4985E+05 -9.7001E+05
0000993   1.6936E+06 -3.9303E+04 -9.8416E+04
0000994   1.7924E+06  4.6471E+05  8.7134E+05
0000995   4.3714E+06  8.7170E+04  2.5934E+06
0000997   2.1157E+06  2.0188E+04 -2.1552E+04
0000998   3.3353E+06 -2.9563E+04 -1.4830E+05
0000999   7.4810E+05  5.3106E+05  1.9605E+05
0001000   3.2015E+06 -5.0355E+05  1.4738E+05
