============================== SRIM-2013.00 ==============================
==============================================================================
====== SRIM Outputs\RANGE_3D.txt : File of Final Ion Positions =====

Ion = Ar (18)   Ion Mass= 039.9620
Energy  = 3237458.E-04 keV
Ion Angle to Surface = 00.0 degrees
==================== TARGET =======================
  Layer # 1 - Layer 1
  Layer # 1 - Bottom Depth=500000.E+02 A
  Layer # 1 - Density =0000.0018 g/cm3
  Layer # 1 -  100 % of Ar
様様様様様様様様様様様様様様様様様様様様様様様様様様
                                            
Ion       Depth  X   Lateral Y   Lateral Z  
Number    (Angstrom) (Angstrom)  (Angstrom) 
-------  ----------- ----------- -----------
0000001   7.5331E+06  1.6806E+06 -3.4489E+06
0000002   7.4397E+06  1.7263E+06 -1.2563E+06
0000003   8.1779E+06 -2.9157E+06 -2.7116E+06
0000004   4.5840E+06  6.9412E+05 -2.6589E+06
0000005   4.8179E+06  2.4069E+06 -1.6344E+06
0000006   6.7705E+06 -4.5740E+04  1.3413E+06
0000007   6.6743E+06 -2.7982E+06  2.4589E+06
0000008   6.7790E+06 -2.6856E+06  1.6172E+06
0000009   4.1291E+06 -8.5459E+05  3.0369E+05
0000010   7.5951E+06 -1.6646E+06 -4.0654E+05
0000011   3.6839E+06  9.7156E+03 -1.2561E+06
0000012   1.1418E+07 -9.4892E+05  7.2642E+05
0000013   5.1796E+06 -5.8496E+05  3.6223E+06
0000014   6.6531E+06 -2.9428E+06  4.4997E+06
0000015   1.7320E+06 -2.2042E+05 -3.2343E+06
0000016   4.3860E+06 -2.3059E+06  1.8161E+06
0000017   9.3497E+06 -1.1137E+06 -2.0816E+06
0000018   6.2017E+06 -6.5644E+05  2.3030E+06
0000019   7.0447E+06 -1.3045E+06 -1.9719E+06
0000020   4.9246E+06  1.0259E+06  1.1760E+06
0000021   7.9864E+06 -2.5987E+06 -5.3075E+06
0000022   3.1530E+06 -5.5594E+05 -1.0109E+06
0000023   6.3234E+06 -7.4001E+03 -1.1275E+06
0000024   9.6116E+06 -8.1988E+05  1.5724E+06
0000025   8.5829E+06  1.3389E+06  1.1765E+06
0000026   5.2384E+06  1.2730E+06  1.0008E+06
0000027   3.0886E+06 -2.2016E+06  1.8594E+06
0000028   1.0430E+07 -1.3466E+06  2.3635E+06
0000029   5.8946E+06  1.2016E+06  4.3892E+05
0000030   6.9608E+06  1.2460E+06  1.3838E+06
0000031   3.6776E+06  2.3717E+06 -4.0369E+05
0000032   3.2395E+06 -2.6160E+06  1.8650E+05
0000033   5.1614E+06 -1.0217E+06  1.7897E+06
0000034   3.0094E+06  1.3947E+06 -2.4078E+05
0000035   8.8153E+06 -2.5840E+06 -9.1612E+05
0000036   6.8864E+06  4.2142E+05 -1.3017E+06
0000037   8.8413E+06  2.5528E+06 -1.3056E+06
0000038   7.7857E+06 -3.3028E+05  3.5293E+06
0000039   7.0705E+06 -3.8230E+05 -6.5370E+05
0000040   7.0297E+06  2.8738E+05  2.3277E+06
0000041   6.0309E+06  1.0393E+06  3.7752E+06
0000042   8.4946E+06  6.3369E+04  7.2110E+05
0000043   8.1571E+06 -5.2915E+05 -2.1245E+06
0000044   4.8623E+06 -3.6736E+06 -5.4182E+06
0000045   8.3222E+06 -1.3447E+06 -7.1281E+05
0000046   1.0180E+07 -9.5072E+04  1.6288E+06
0000047   8.0186E+06 -2.7418E+06 -2.6962E+06
0000048   7.4664E+06 -4.0080E+06 -1.7862E+05
0000049   8.5812E+06 -1.3755E+06 -7.1179E+05
0000050   5.5693E+06  2.3346E+06 -1.8783E+06
0000051   1.1496E+07  1.8241E+06  1.9330E+05
0000052   7.2011E+06 -1.4182E+06 -2.0904E+06
0000053   2.6573E+06 -6.5818E+05  1.0251E+06
0000054   7.2619E+06  2.1798E+06 -1.4959E+06
0000055   3.7150E+06 -9.5909E+04 -4.8589E+05
0000056   9.4382E+06 -2.0103E+06 -1.1301E+06
0000057   6.8840E+06  1.3903E+06 -5.4090E+06
0000058   6.1108E+06  1.3435E+06  9.0173E+05
0000059   9.7384E+06  8.9281E+05  1.0624E+06
0000060   6.8569E+06  2.0800E+06 -1.6312E+06
0000061   7.5654E+06 -8.7223E+04 -1.3045E+06
0000062   2.2996E+06 -1.8492E+06  2.3793E+06
0000063   3.1295E+06 -8.7622E+05 -6.3519E+05
0000064   8.7484E+06 -2.4307E+06 -2.0436E+05
0000065   4.6067E+06  1.1596E+06  2.7516E+06
0000066   6.1839E+06  1.9512E+06  2.7634E+06
0000067   5.9456E+06  6.7163E+05 -3.3871E+05
0000068   2.4814E+06 -2.1624E+06  1.4190E+06
0000069   5.0758E+06  2.0698E+06 -2.1252E+06
0000070   6.1767E+06  9.2578E+05 -6.9687E+05
0000071   6.6264E+06  8.1430E+05  1.9324E+05
0000072   9.6719E+06  2.5323E+06 -1.9212E+05
0000073   2.0838E+06 -1.4511E+06 -2.0990E+05
0000074   5.6235E+06 -4.3485E+04 -3.1679E+05
0000075   2.0208E+06 -2.3229E+05 -1.5250E+06
0000076   9.9643E+06  3.2974E+06  2.7530E+06
0000077   4.6595E+06 -2.3284E+06  1.7228E+06
0000078   7.8460E+06 -2.9653E+06  1.7143E+06
0000079   3.0764E+06 -1.4276E+06  1.0588E+06
0000080   5.4288E+06 -6.5269E+04  1.4478E+06
0000081   5.9657E+06  1.9512E+06  1.9948E+06
0000082   6.0539E+06  2.0626E+06  7.1943E+05
0000083   4.6665E+06  8.4633E+05  1.1311E+06
0000084   7.7478E+06 -1.3525E+06  1.0287E+06
0000085   8.1135E+06  1.1260E+06 -1.1771E+06
0000086   8.5994E+06 -3.7163E+05 -3.8452E+05
0000087   6.3684E+06  5.7328E+05 -1.5183E+05
0000088   3.9289E+06 -2.7697E+06 -3.2073E+06
0000089   8.8634E+06  2.6343E+06  3.6061E+06
0000090   5.6291E+06 -5.2714E+05 -4.5376E+06
0000091   5.5738E+06  4.0073E+06  2.5783E+06
0000092   6.6614E+06 -2.8408E+06  1.6828E+06
0000093   3.2514E+06  2.2803E+06 -1.0741E+06
0000094   5.0345E+06  3.5302E+06 -3.1162E+06
0000095   6.1630E+06  3.5045E+06  1.2795E+04
0000096   9.2407E+06 -9.3553E+05 -3.4339E+06
0000097   5.6260E+06  4.1699E+05  7.9277E+05
0000098   4.6493E+06 -7.8492E+05 -3.8468E+05
0000099   7.2748E+06  3.8390E+05  1.0227E+06
0000100   5.4238E+06  4.7079E+04  1.8775E+06
0000101   3.3469E+06 -3.8616E+06  2.3164E+05
0000102   4.1229E+06  3.3415E+05 -2.3528E+06
0000103   8.7428E+06 -6.7068E+05  5.7877E+05
0000104   4.1658E+06  2.6235E+06  1.3560E+05
0000105   9.3431E+06  1.6755E+06 -3.0788E+06
0000106   9.0205E+06 -2.2012E+05 -1.1254E+06
0000107   6.0785E+06  5.8644E+05  2.5091E+06
0000108   7.4040E+06  8.4924E+04 -1.2114E+06
0000109   7.0847E+06 -3.3522E+06  5.5846E+05
0000110   5.3185E+06 -1.9144E+06 -1.6762E+06
0000111   7.3997E+06 -2.7411E+06  2.8516E+06
0000112   6.7919E+06  1.9077E+06  4.4876E+05
0000113   4.6450E+06 -1.8531E+06  1.1556E+06
0000114   6.7650E+06 -1.1300E+06 -1.1435E+06
0000115   6.0277E+06  1.5295E+06 -3.3785E+06
0000116   1.0636E+07 -4.3867E+05 -2.3465E+05
0000117   1.0399E+07 -7.4086E+06 -1.5650E+06
0000118   5.8897E+06  9.3689E+05  4.1458E+06
0000119   4.9588E+06  3.5376E+05 -2.3514E+06
0000120   6.4392E+06 -1.5420E+06 -1.2227E+06
0000121   7.6648E+06  1.7943E+06  2.2712E+06
0000122   6.9496E+06  1.6694E+06 -9.9033E+05
0000123   7.0458E+06 -4.6026E+06 -4.1227E+05
0000124   9.3488E+06  5.8440E+05  1.3277E+06
0000125   7.8863E+06 -8.9002E+05 -1.2651E+05
0000126   7.9767E+06  1.8223E+06  2.3198E+06
0000127   4.1935E+06  4.6456E+06  7.0722E+05
0000128   7.0492E+06 -9.9677E+05  3.2679E+06
0000129   8.6607E+06 -1.1631E+05  1.7763E+04
0000130   2.4357E+06 -1.3668E+06  4.8838E+06
0000131   5.0870E+06 -5.2703E+05  1.2259E+06
0000132   6.6159E+06  2.2293E+06  2.8524E+06
0000133   1.1859E+07  1.7082E+06 -1.2301E+06
0000134   1.0225E+07 -1.8828E+06  1.1147E+06
0000135   3.7117E+06 -1.4377E+06  3.4399E+06
0000136   4.8435E+06 -1.0506E+06  1.9732E+06
0000137   8.0289E+06 -7.9573E+05 -4.1443E+06
0000138   8.1375E+06  8.1000E+05 -2.7232E+06
0000139   8.3053E+06  5.1319E+05 -2.1487E+06
0000140   1.2104E+07 -1.6229E+06  2.6593E+06
0000141   7.5248E+06  2.7435E+06  1.0336E+06
0000142   4.0284E+06 -5.1799E+05 -5.1031E+05
0000143   3.6189E+06  4.1784E+06 -1.4796E+06
0000144   8.4959E+06  2.0879E+06 -2.1708E+06
0000145   7.0717E+06  2.0728E+06  1.2875E+06
0000146   7.0688E+06 -7.1059E+05  7.7184E+05
0000147   9.1901E+06  4.9950E+05 -3.0474E+06
0000148   7.5476E+06  2.7428E+06 -4.1225E+05
0000149   6.3563E+06 -2.2970E+06  3.0263E+06
0000150   6.6013E+06  2.6823E+06 -3.2417E+05
0000151   1.9640E+06 -9.6341E+05 -3.3098E+05
0000152   7.0582E+06 -1.6586E+06  1.1991E+05
0000153   6.7349E+06 -3.2043E+05 -2.3122E+06
0000154   6.2502E+06  1.6469E+06  1.9837E+06
0000155   7.7290E+06  1.8085E+06 -1.1035E+06
0000156   8.4608E+06 -5.1810E+05  1.6384E+06
0000157   5.1670E+06  1.6334E+06  2.4917E+06
0000158   6.9123E+06  4.7602E+06  3.0128E+06
0000159   4.5907E+06  3.7323E+06  4.4395E+06
0000160   1.6395E+06  3.7558E+05  1.8305E+06
0000161   1.0093E+07 -1.7535E+06 -1.0404E+06
0000162   5.6244E+06  8.4929E+04 -6.3969E+05
0000163   4.6349E+06 -7.6347E+06  3.3931E+06
0000164   7.3661E+06  5.0959E+06 -7.7510E+05
0000165   4.4737E+06 -3.6490E+06 -1.9663E+06
0000166   5.6703E+06 -3.4348E+06 -2.2922E+06
0000167   7.5544E+06  3.5821E+06 -1.2083E+06
0000168   5.7238E+06 -5.4434E+04  4.7123E+05
0000169   3.7854E+06 -1.7987E+06 -1.5872E+06
0000170   6.8016E+06  2.9585E+06 -7.7998E+05
0000171   6.7520E+06 -3.6286E+06 -9.1294E+04
0000172   4.4565E+06 -3.3414E+06  6.2374E+05
0000173   5.7330E+06  4.6963E+04  1.2860E+06
0000174   2.9889E+06  1.5329E+06 -8.1752E+05
0000175   2.1373E+06  1.1082E+06 -7.4593E+05
0000176   5.5551E+06 -2.4109E+06  2.5807E+06
0000177   9.0058E+06 -3.8513E+06  1.4705E+06
0000178   1.9235E+06  9.6354E+05 -7.5136E+05
0000179   9.5479E+06 -1.6288E+06 -3.4980E+05
0000180   5.0036E+06 -3.4926E+06 -2.5914E+06
0000181   6.2393E+06 -2.2870E+06 -2.3667E+06
0000182   5.0834E+06  1.2482E+05  1.9787E+06
0000183   9.2632E+06  2.8966E+06  2.5844E+06
0000184   8.9711E+06 -2.2714E+06  1.9153E+06
0000185   7.7998E+06 -1.6018E+06  1.5714E+06
0000186   5.4378E+06 -2.6841E+06  2.0825E+06
0000187   6.0174E+06 -2.5920E+06  7.0821E+05
0000188   7.4235E+06  2.7490E+06  4.9842E+06
0000189   7.4186E+06  4.7588E+06  2.9861E+06
0000190   6.1354E+06 -2.8107E+05 -2.0509E+06
0000191   1.1221E+07  3.2129E+06 -7.6955E+05
0000192   4.3434E+06  6.0713E+05  1.8403E+06
0000193   8.4566E+06 -4.6624E+05 -5.3419E+06
0000194   3.8995E+06  2.3726E+06 -1.8846E+06
0000195   6.9694E+06  2.0858E+04  2.4945E+06
0000196   4.0079E+06 -1.1995E+06  5.5023E+05
0000197   2.8639E+06 -1.3337E+06 -5.7212E+06
0000198   8.8456E+06 -2.2659E+06  8.3471E+05
0000199   6.6045E+06 -1.9680E+06 -2.7252E+06
0000200   6.5309E+06 -3.5953E+06 -1.4982E+06
0000201   4.5841E+06 -5.4191E+05  2.1223E+06
0000202   6.5351E+06  2.3741E+06 -8.4403E+05
0000203   1.0685E+06  4.5147E+05  7.5968E+05
0000204   8.3023E+06 -2.9379E+04  3.5342E+06
0000205   9.0488E+06 -1.6813E+06 -2.9198E+06
0000206   3.1982E+06 -5.9528E+05  6.2666E+05
0000207   1.9394E+06  4.9716E+05  5.8758E+05
0000208   2.2286E+06 -1.4610E+05  8.0557E+05
0000209   5.6921E+06 -1.3688E+06 -2.1296E+06
0000210   5.9598E+06  2.6807E+06  1.2837E+06
0000211   2.9646E+06 -3.2545E+06  9.3754E+05
0000212   5.3401E+06 -2.0651E+06  4.4680E+06
0000213   7.5179E+06  1.8905E+06  2.5520E+05
0000214   2.2408E+06  4.3659E+05  3.8481E+05
0000215   1.0263E+07 -1.9978E+06 -5.4108E+05
0000216   5.4126E+06 -2.7538E+06  1.4444E+06
0000217   5.6766E+06 -1.1253E+06  1.6490E+06
0000218   7.8328E+06  4.8516E+05 -2.6853E+05
0000219   7.8889E+06 -1.7322E+06 -1.2032E+05
0000220   7.0314E+06 -2.1369E+06 -1.5623E+06
0000221   5.6059E+06 -5.6806E+05 -8.9606E+05
0000222   8.6609E+06 -3.5469E+06 -1.8437E+06
0000223   9.7370E+06 -2.7220E+06  3.3004E+05
0000224   8.0078E+06 -9.8424E+04 -6.8520E+05
0000225   1.0610E+07  2.0922E+06  1.2913E+05
0000226   5.7428E+06  2.1345E+06  1.4508E+06
0000227   7.8703E+06  2.9178E+05 -9.0785E+05
0000228   6.7476E+06 -1.9797E+06 -2.2235E+06
0000229   5.4699E+06  3.4580E+06  2.2842E+06
0000230   4.7981E+06 -2.2217E+06 -4.1033E+06
0000231   8.9630E+06 -1.0185E+06 -3.2308E+05
0000232   3.4996E+06 -1.2503E+06  1.0517E+06
0000233   8.6590E+06 -4.5470E+06  8.8811E+04
0000234   6.9276E+06 -1.7292E+06 -1.4267E+05
0000235   7.3462E+06 -1.8670E+06  6.1128E+05
0000236   9.8592E+06  1.6922E+06  3.7254E+06
0000237   7.4205E+06  1.7828E+06  1.2253E+06
0000238   6.5630E+06 -4.7534E+05  1.2402E+06
0000239   2.6656E+06 -1.3351E+06 -1.4566E+06
0000240   9.7169E+06 -1.8079E+06 -3.2780E+06
0000241   6.6660E+06 -3.9009E+06 -8.4213E+05
0000242   7.3383E+06  4.0232E+06 -1.9070E+06
0000243   4.5459E+06 -3.1808E+05  1.9384E+06
0000244   8.1088E+06 -1.9377E+06  1.5555E+06
0000245   5.1206E+06  2.7115E+06 -1.7245E+06
0000246   4.2610E+06  1.9745E+06  4.2816E+05
0000247   5.9813E+06 -4.6546E+06 -1.3960E+06
0000248   8.0518E+06  9.7654E+05  1.8799E+05
0000249   8.4964E+06  1.1286E+06 -6.0052E+06
0000250   9.4531E+06  3.2273E+06 -2.4662E+06
0000252   5.7387E+06  1.5119E+05 -4.5615E+06
0000253   7.9039E+06  2.5355E+06  2.3741E+06
0000254   7.3752E+06 -2.4506E+06  8.3171E+05
0000255   1.0037E+07  4.5753E+05  1.0185E+06
0000256   7.0514E+06  1.2601E+06 -5.8886E+05
0000257   4.7896E+06 -3.8089E+05  9.6542E+05
0000258   9.4525E+06 -2.1332E+06 -1.3235E+06
0000259   6.1443E+06  3.3048E+06 -4.3319E+06
0000260   5.4560E+06 -1.0865E+06  4.5362E+04
0000261   5.8987E+06  6.9821E+05 -1.2346E+06
0000262   9.6145E+06  2.1753E+06  4.4649E+05
0000263   7.8547E+06  1.5786E+06  2.6093E+06
0000264   8.4989E+06 -3.3479E+06 -4.5074E+05
0000265   8.3664E+06  4.8641E+05 -2.4602E+04
0000266   5.1635E+06 -4.1759E+05  1.8438E+06
0000267   5.2769E+06 -9.1496E+05  1.0567E+06
0000268   1.8323E+06 -3.0735E+05 -2.2373E+05
0000269   6.2204E+06 -4.1490E+06 -1.5311E+06
0000270   7.8270E+06 -3.7243E+05 -2.4334E+06
0000271   9.8638E+06 -1.3582E+06 -2.6009E+06
0000272   7.6980E+06 -1.2639E+05  1.6499E+06
0000273   8.5192E+06  3.9189E+05 -2.3438E+06
0000274   3.4091E+06 -2.1752E+06  5.2839E+05
0000275   4.0514E+06 -1.2107E+06  7.7204E+05
0000276   5.3589E+06  4.0422E+06 -3.8463E+05
0000277   6.1162E+06 -2.9289E+06  5.9463E+05
0000278   6.6890E+06  3.4581E+06 -2.5368E+06
0000279   1.4848E+06 -4.0068E+06  6.8207E+05
0000280   5.4382E+06 -4.4116E+05 -3.6856E+04
0000281   7.2696E+06  4.6082E+05 -2.2637E+05
0000282   9.7537E+06  2.8677E+06 -1.4113E+06
0000283   3.9001E+06  4.6521E+06  7.3781E+05
0000284   6.9123E+06  2.2194E+05  1.0339E+06
0000285   7.5828E+06  8.1287E+03  3.0161E+06
0000286   4.3139E+06  4.7719E+05  3.5064E+06
0000287   4.3389E+06 -2.0568E+06 -1.0383E+06
0000288   6.8911E+06 -1.0201E+06  1.9558E+06
0000289   3.1730E+06 -7.6505E+05  1.0919E+06
0000290   6.7100E+06  2.6229E+06 -1.7648E+06
0000291   8.2215E+06 -4.2189E+05  1.8424E+06
0000292   3.9739E+06 -3.2780E+06 -2.2314E+05
0000293   9.5616E+06 -4.3024E+06  8.3357E+05
0000294   5.9231E+06  2.6244E+05  6.0636E+06
0000295   7.2521E+06  2.3356E+06 -5.7431E+05
0000296   6.3261E+06  2.4853E+06  5.2980E+05
0000297   4.4156E+06  1.5463E+06 -5.1834E+04
0000298   6.9357E+06 -3.6996E+06 -8.9807E+05
0000299   6.6444E+06  1.9325E+06  2.6032E+06
0000300   6.5272E+06  8.7543E+05  3.0932E+05
0000301   2.7170E+06 -3.9281E+04 -5.4291E+06
0000302   9.6574E+06  1.8314E+06  3.8570E+06
0000303   7.9808E+06 -1.9604E+06 -1.1311E+06
0000304   5.5803E+06 -7.6564E+05  2.4968E+06
0000305   1.9357E+06  1.9201E+06 -2.0473E+06
0000306   7.3566E+06 -2.4269E+06  8.4178E+05
0000307   7.4408E+06  1.5920E+06 -1.3609E+05
0000308   5.2310E+06  4.2649E+06 -3.0572E+06
0000309   7.1933E+06 -2.0435E+04 -4.2082E+06
0000310   7.2964E+06 -1.4863E+06  2.8171E+06
0000311   2.4674E+06  3.6571E+05 -2.5226E+06
0000312   7.4359E+06  8.4414E+05  1.2149E+06
0000313   6.7301E+06  9.8130E+05 -8.1476E+05
0000314   8.9532E+06  7.9321E+05 -1.7399E+05
0000315   8.7582E+06 -5.7548E+05 -1.5740E+06
0000316   6.5273E+06  3.6635E+05  1.6705E+06
0000317   7.1973E+06 -6.6261E+05  9.0449E+04
0000318   1.0937E+07 -2.1432E+06  2.8003E+05
0000319   6.3999E+06  2.1306E+06  2.9799E+06
0000320   6.9441E+06  2.8072E+06 -5.2450E+04
0000321   2.9936E+06  1.0114E+06  3.0895E+05
0000322   5.2223E+06  4.5365E+06  3.9567E+05
0000323   6.1391E+06  1.4154E+06 -1.1740E+06
0000324   6.6740E+06  9.5650E+05 -6.0959E+05
0000325   3.6830E+06  5.5096E+05 -1.4111E+06
0000326   8.1883E+06  2.2146E+06 -1.3378E+05
0000327   5.6856E+06  3.8924E+06  1.1300E+06
0000328   4.8827E+06  8.4911E+05 -1.8290E+06
0000329   1.0041E+07 -4.1641E+05  5.0716E+05
0000330   5.4830E+06  1.0708E+06  2.5932E+05
0000331   6.2351E+06 -6.7013E+05 -7.9540E+05
0000332   8.0115E+06  2.6009E+06 -6.1637E+05
0000333   6.5888E+06  2.5634E+06 -5.9860E+05
0000334   5.1201E+06 -8.1269E+05  3.8984E+06
0000335   7.4173E+06 -1.0667E+06  4.3829E+05
0000336   1.8948E+06 -2.3822E+06 -1.9993E+06
0000337   7.2232E+06  2.2899E+06  2.9741E+05
0000338   7.1242E+06 -4.1962E+05  2.9755E+05
0000339   9.9568E+06  1.6054E+06  1.6266E+06
0000340   9.8613E+06 -1.6725E+06  2.8483E+06
0000341   6.8139E+06  2.3820E+06  4.7420E+06
0000342   9.6117E+06  1.9925E+06 -2.3888E+06
0000343   3.8818E+06 -1.8999E+06  3.5391E+05
0000344   7.7029E+06 -3.3264E+06 -2.6982E+04
0000345   4.8281E+06 -7.9344E+05  8.5486E+04
0000346   4.6468E+06  2.7631E+05  1.6542E+05
0000347   7.5548E+06 -6.5175E+05 -8.1295E+05
0000348   7.1581E+06 -1.4360E+06 -2.1097E+06
0000349   4.1372E+06  1.0294E+06  1.7240E+06
0000350   6.9911E+06  2.8330E+06  3.0190E+06
0000351   1.3429E+06  7.6130E+05 -6.1914E+05
0000352   8.0765E+06  1.6320E+06 -2.3346E+06
0000353   6.7615E+06  1.5778E+06 -1.5527E+06
0000354   9.2538E+06  2.8903E+06 -6.3813E+05
0000355   6.6121E+06  2.9221E+06 -1.5007E+06
0000356   5.7284E+06  1.6242E+05  8.4605E+05
0000357   6.8255E+06  3.5698E+05 -2.9220E+05
0000358   9.1389E+06  2.3216E+06 -2.4961E+06
0000359   4.2261E+06  6.2653E+04  8.9713E+05
0000360   7.4644E+06 -2.1369E+06  3.3295E+06
0000361   3.8838E+06  6.4193E+05 -1.5127E+05
0000362   6.5374E+06 -6.6744E+05 -1.7333E+05
0000363   9.0748E+06  5.5109E+05  2.6488E+06
0000364   1.0057E+07 -4.6701E+05 -4.1692E+06
0000365   9.0346E+06 -1.2110E+06 -2.9459E+05
0000366   7.8710E+06 -1.0269E+06  4.1877E+06
0000367   2.9903E+06 -2.3860E+06  5.1361E+04
0000368   8.8877E+06  2.1887E+06  1.2646E+06
0000369   7.7680E+06  1.7695E+06  7.0921E+05
0000370   3.1679E+06 -2.5843E+06  1.6369E+06
0000371   4.7492E+06 -7.5217E+05  1.8060E+06
0000372   8.8619E+06  4.0302E+06 -1.9342E+06
0000373   1.0259E+07  5.0738E+05  2.1521E+06
0000374   4.9843E+06  2.9692E+06  3.0085E+05
0000375   9.3536E+06  2.6988E+06  5.0677E+06
0000376   1.0560E+07  2.3258E+06 -2.8690E+06
0000377   3.0513E+06 -2.0178E+06 -1.6543E+06
0000378   3.4147E+06 -1.1487E+06 -3.2856E+05
0000379   9.2431E+06  3.4850E+05 -7.4295E+05
0000380   8.1356E+06 -1.7768E+06  2.0989E+06
0000381   7.3879E+06 -3.0262E+06 -4.0294E+05
0000382   7.2044E+06 -1.1200E+06  9.0939E+05
0000383   8.6817E+06  1.2118E+05  1.7056E+06
0000384   8.4969E+06 -1.2481E+06 -6.0323E+05
0000385   6.0545E+06 -7.9281E+05 -1.9421E+06
0000386   8.7155E+06  2.4841E+06 -1.7757E+06
0000387   6.8766E+06  6.4321E+05 -1.5503E+06
0000388   2.4382E+06 -2.3366E+06  1.5495E+04
0000389   8.4234E+06  7.8175E+05 -2.3987E+05
0000390   8.0664E+06  2.2115E+06  5.8136E+04
0000391   5.8679E+06 -3.5658E+06 -1.5004E+06
0000392   8.2582E+06  5.5978E+05 -8.6565E+05
0000393   5.2763E+06 -1.9440E+05  2.2618E+06
0000394   6.3346E+06 -6.2571E+04  5.1772E+05
0000395   8.5252E+06  8.3230E+05 -4.0076E+06
0000396   2.1842E+06  1.7916E+06  5.0162E+05
0000397   5.3922E+06 -1.7235E+05  1.4876E+06
0000398   4.5564E+06 -2.1826E+05 -1.4999E+06
0000399   6.4182E+06 -1.3534E+06 -4.3728E+05
0000400   6.4752E+06  3.9613E+06  1.1998E+06
0000401   9.2956E+06  1.6849E+06 -9.9048E+05
0000402   5.5393E+06 -3.8741E+05 -1.3795E+05
0000403   5.8098E+06  4.9093E+04  1.5201E+06
0000404   8.2254E+06 -8.2936E+05  1.6835E+06
0000405   4.8163E+06 -1.0685E+06  2.3825E+06
0000406   7.2215E+06 -2.1266E+06 -3.3411E+06
0000407   4.2133E+06 -1.2446E+06  1.0419E+06
0000408   1.0066E+07 -3.1345E+06 -1.6247E+06
0000409   8.0554E+06 -9.6189E+04 -5.1612E+05
0000410   2.7777E+06 -2.4832E+06  2.2061E+06
0000411   6.5871E+06 -2.5416E+06 -2.9447E+06
0000412   3.4397E+06 -4.2906E+04  1.2360E+06
0000413   7.7501E+06 -4.3408E+05  1.1336E+05
0000414   4.9348E+06  2.0077E+05  3.0785E+05
0000415   6.4778E+06  2.9911E+06 -2.0851E+06
0000416   6.0609E+06  1.7498E+06 -2.1361E+06
0000417   5.2123E+06 -3.6166E+06  1.8866E+05
0000418   6.7285E+06 -1.0455E+06  1.5836E+06
0000419   5.9919E+06  2.6842E+06 -2.2467E+06
0000420   7.8970E+06 -4.6034E+05 -1.1960E+06
0000421   6.6656E+06  2.6370E+06  2.2829E+06
0000422   5.5336E+06 -5.3179E+05  5.0401E+06
0000423   5.9641E+06  1.6691E+06 -6.7863E+04
0000424   4.5367E+06  6.5177E+04  1.0954E+06
0000425   6.5461E+06  6.5653E+06 -2.5142E+05
0000426   2.5595E+06  3.0709E+06  3.2722E+06
0000427   1.0256E+07 -1.4300E+06  2.1232E+06
0000428   2.8344E+06 -3.8442E+06  2.7536E+06
0000429   7.1294E+06 -4.2895E+06  1.0784E+06
0000430   5.3904E+06 -8.5795E+05 -2.8593E+06
0000431   7.3606E+06 -6.3612E+04  9.5565E+04
0000432   7.7576E+06 -1.1198E+06 -9.2516E+05
0000433   2.9092E+06  5.8861E+05 -1.1158E+06
0000434   5.9447E+06 -2.8167E+06  1.1945E+05
0000435   9.3200E+06 -3.9349E+05 -8.1529E+05
0000436   7.6082E+06 -1.7472E+06 -3.0047E+05
0000437   3.2613E+06 -2.2626E+06 -7.5103E+05
0000438   1.6667E+06 -1.3105E+06  1.1955E+06
0000439   7.4105E+06 -9.3301E+05  2.0111E+06
0000440   9.7081E+05  1.3276E+06 -2.0212E+06
0000441   8.2638E+06 -1.7181E+06  1.3626E+05
0000442   1.0111E+07 -1.9979E+06  8.6311E+05
0000443   7.8069E+06  2.0810E+06 -3.5281E+05
0000444   3.2286E+06  2.0311E+05  3.0148E+06
0000445   2.9063E+06 -1.4067E+06 -2.9303E+06
0000446   6.8114E+06  1.5575E+06 -5.7000E+05
0000447   7.6597E+06  2.3686E+06  1.7440E+06
0000448   5.2950E+06 -1.7862E+06 -4.7917E+06
0000449   7.1701E+06  1.2890E+06  3.3007E+05
0000450   8.1946E+06  3.5629E+06  2.2709E+05
0000451   5.3661E+06 -2.8785E+06  1.9537E+06
0000452   5.6417E+06  2.4810E+06 -1.1210E+06
0000453   8.1169E+06 -1.2404E+06  4.6674E+06
0000454   6.2484E+06  7.7420E+05 -2.9721E+06
0000455   4.9005E+06 -2.1827E+06 -2.1940E+06
0000456   7.9080E+06  4.0012E+06 -8.6320E+04
0000457   6.5073E+06 -1.8125E+06 -2.7513E+06
0000458   1.0583E+07 -5.6483E+05 -7.5635E+05
0000459   8.6351E+06  7.8803E+05  2.4933E+06
0000460   6.5868E+06  1.8588E+06 -2.9440E+06
0000461   3.3354E+06 -4.2129E+05  9.4139E+05
0000462   7.0482E+06 -3.1768E+06 -1.8202E+06
0000463   8.6835E+06  2.4799E+05  2.3208E+05
0000464   1.0010E+07  1.8183E+06  6.1599E+05
0000465   8.8766E+06  1.7769E+06 -6.8459E+05
0000466   5.0998E+06 -1.0282E+06 -1.6297E+06
0000467   5.5116E+06 -7.8124E+04  1.1848E+06
0000468   1.8735E+06  2.6894E+06 -8.7527E+05
0000469   6.2795E+06  1.9728E+06 -1.2636E+05
0000470   9.1831E+06 -1.2179E+06  1.7517E+06
0000471   5.1951E+06 -1.7848E+06  8.6905E+05
0000472   6.7573E+06 -3.4099E+06 -3.5509E+06
0000473   6.9259E+06 -3.0439E+05 -5.6964E+05
0000474   1.7109E+06 -1.1963E+06 -1.1374E+06
0000475   3.8953E+06  2.7003E+06  4.0068E+05
0000476   9.8858E+06  2.4721E+06  1.7702E+06
0000477   9.4819E+06  2.6233E+06  2.9412E+06
0000478   6.1862E+06  2.5670E+06  1.3424E+06
0000479   8.4124E+06  2.2167E+06 -6.3419E+05
0000480   4.0428E+06  4.0362E+05  1.3160E+06
0000481   5.8535E+06  4.3747E+05 -3.7244E+05
0000482   1.0165E+07  1.2840E+06  1.1419E+06
0000483   2.9510E+06  2.4316E+06 -1.0426E+06
0000484   4.6240E+06 -1.9778E+06 -3.5030E+06
0000485   8.4455E+06  1.6921E+05 -4.3103E+05
0000486   3.5364E+06  6.2230E+05 -3.2225E+05
0000487   8.4264E+06  7.6999E+05  1.5456E+06
0000488   3.4800E+06  8.8669E+05  3.5724E+06
0000489   8.7496E+06  1.1781E+06 -2.8375E+06
0000490   6.4246E+06  1.0174E+05  2.6153E+06
0000491   6.7292E+06 -2.3017E+06  2.1702E+06
0000492   8.1136E+06  2.5162E+05 -3.9663E+05
0000493   7.9006E+06 -2.0687E+06  3.7615E+06
0000494   5.6412E+06 -2.8640E+06  1.3170E+06
0000495   4.5088E+06 -1.5013E+06 -1.2163E+05
0000496   2.0651E+06  5.2704E+05  6.0089E+05
0000497   6.8204E+06  1.7728E+06  5.0619E+06
0000498   2.4211E+06  2.3703E+06 -3.9017E+06
0000499   4.0504E+06 -6.2316E+04  1.7763E+06
0000500   6.9690E+06  3.0346E+06 -1.5774E+06
0000501   6.3265E+06 -7.1411E+05  1.5725E+06
0000502   9.8898E+06 -2.4356E+05 -1.1215E+06
0000503   4.9507E+06 -9.7149E+05  2.0796E+06
0000504   1.9036E+06  1.3153E+06 -2.3892E+06
0000505   6.8626E+06 -4.0662E+06  4.9142E+05
0000506   6.5010E+06 -8.0416E+05 -1.8354E+06
0000507   3.7990E+06  2.0744E+06  9.0608E+05
0000508   6.7614E+06  3.4318E+06  2.4160E+06
0000509   9.2750E+06 -6.1679E+06  3.5224E+04
0000510   7.9223E+06 -1.8683E+06 -4.8374E+05
0000511   5.2297E+06  1.3023E+06 -3.5837E+06
0000512   6.2612E+06 -1.0247E+06 -2.0032E+06
0000513   4.2004E+06  3.1432E+06  6.6358E+05
0000514   5.7631E+06  4.0487E+06  4.6088E+06
0000515   6.4043E+06 -2.2561E+06  1.3828E+06
0000516   5.7816E+06  4.2905E+05  9.7932E+05
0000517   9.5690E+06 -1.9552E+05 -4.0201E+05
0000518   6.5708E+06 -2.2623E+06  1.5772E+06
0000519   6.0112E+06 -2.5243E+06 -1.5308E+06
0000520   9.9844E+06 -2.6692E+06 -7.3707E+05
0000521   5.1205E+06 -2.2143E+06 -7.3934E+05
0000522   5.6938E+06 -1.5601E+06  1.8993E+06
0000523   4.4823E+06  9.7406E+05 -1.7778E+06
0000524   4.0575E+06  8.7978E+05  2.4909E+06
0000525   8.1233E+06 -2.8098E+04  1.0339E+06
0000526   5.2297E+06  8.4060E+05  5.4065E+05
0000527   7.0074E+06 -1.2657E+06 -5.2869E+06
0000528   6.2446E+06 -1.9510E+06 -9.4411E+05
0000529   7.8448E+06 -4.8884E+06  4.3931E+06
0000530   4.2044E+06 -1.7100E+06  1.2945E+06
0000531   6.4300E+06  5.5904E+05  4.2505E+06
0000532   6.5112E+06 -3.1132E+06 -5.7374E+05
0000533   3.7086E+06 -1.6348E+06 -1.9121E+06
0000534   6.5963E+06  7.1605E+05 -2.5708E+06
0000535   6.3067E+06  9.3607E+05 -9.3108E+04
0000536   5.6106E+06  4.9926E+05 -1.7430E+06
0000537   3.5541E+06 -1.9745E+05  5.5978E+05
0000538   9.2813E+06 -3.2202E+06 -2.5761E+06
0000539   6.9797E+06 -1.4719E+06 -9.2557E+05
0000540   7.3889E+06  1.5335E+06  4.3525E+06
0000541   4.0613E+06  9.6152E+04  5.7362E+05
0000542   7.0785E+06 -1.1099E+06 -3.7157E+05
0000543   5.5381E+06 -6.8845E+05  1.7357E+06
0000544   8.3960E+06 -3.4913E+06 -3.4678E+06
0000545   5.7450E+06 -3.1953E+06 -1.9599E+06
0000546   3.3199E+06  3.2383E+06 -1.6724E+05
0000547   7.9221E+06 -2.0407E+06  1.9464E+06
0000548   8.6220E+06 -3.1697E+06  4.4073E+06
0000549   8.4185E+06 -2.7416E+06  3.1170E+06
0000550   4.8150E+06  1.8268E+05  7.5021E+05
0000551   3.4642E+06 -2.0462E+06 -5.7623E+05
0000552   5.1117E+06 -8.4286E+05 -3.9456E+06
0000553   7.6726E+06  3.2552E+06 -1.1898E+05
0000554   3.0073E+06  2.9323E+06  5.1532E+05
0000555   6.4631E+06  6.4371E+05  6.3830E+05
0000556   2.4798E+06 -1.0995E+05  2.0037E+06
0000557   8.9652E+06 -8.6097E+05  3.4557E+05
0000558   5.9289E+06  6.6100E+05  2.6968E+06
0000559   6.9346E+06  2.2763E+06  2.4197E+05
0000560   7.5300E+06 -9.0302E+05 -2.5673E+06
0000561   6.7474E+06  2.3526E+06  2.4441E+06
0000562   5.2409E+06  7.9027E+05  3.5366E+06
0000563   4.2224E+06  7.7578E+04  1.1372E+06
0000564   7.2052E+06  7.5883E+04  3.4824E+05
0000565   4.1670E+06  3.0869E+06  5.9561E+05
0000566   3.2780E+06 -1.9167E+06  1.2089E+06
0000567   8.3649E+06 -4.1054E+06 -1.1622E+06
0000568   3.9630E+06 -1.9095E+06 -6.1483E+05
0000569   5.1093E+06  2.4612E+05  7.6649E+04
0000570   5.5413E+06  2.9720E+05  1.9156E+06
0000571   8.2585E+06 -1.3371E+06 -6.4564E+05
0000572   7.8754E+06 -1.3787E+06  6.4421E+05
0000573   5.7760E+06 -4.4768E+06 -2.3698E+06
0000574   3.5475E+06  1.6914E+06 -5.3671E+05
0000575   7.0292E+06 -5.2959E+05 -2.7617E+06
0000576   9.6515E+06 -6.4760E+05  8.9254E+05
0000577   9.4802E+06 -4.5010E+05  1.8293E+05
0000578   4.4351E+06  1.9985E+06 -1.9818E+06
0000579   3.3505E+06 -1.6064E+06  2.2728E+06
0000580   6.1677E+06  2.4233E+06 -1.3871E+06
0000581   4.6142E+06 -1.2708E+06  4.2957E+05
0000582   9.1115E+06  1.2140E+05 -1.6561E+06
0000583   7.5959E+06  3.5569E+04  9.1106E+05
0000584   6.4390E+06  1.6264E+06  9.8402E+05
0000585   7.1411E+06 -2.9176E+05  3.6596E+06
0000586   7.2450E+06 -1.3255E+06  1.8573E+06
0000587   1.6541E+06  3.3047E+05 -3.8737E+05
0000588   7.1738E+06  1.2774E+06  7.3810E+05
0000589   5.4367E+06  7.3877E+05  1.9696E+06
0000590   6.1708E+06 -1.9137E+06  3.7790E+06
0000591   4.1766E+06 -5.9454E+05  9.2899E+05
0000592   1.0452E+06 -1.5124E+06 -8.3736E+05
0000593   7.5297E+06  3.6266E+06 -2.4904E+06
0000594   5.5605E+06  1.3942E+06  3.8568E+06
0000595   7.1489E+06 -9.2325E+05  3.8816E+06
0000596   6.0084E+06 -2.1746E+06 -1.0478E+06
0000597   8.3936E+06  1.5049E+06 -2.6004E+06
0000598   5.2974E+06  5.0294E+06 -1.0810E+05
0000599   2.2663E+06  2.7902E+06  3.3094E+06
0000600   6.7244E+06 -5.3356E+05 -1.5351E+06
0000601   6.7568E+06 -1.8327E+06  3.2007E+06
0000602   7.2030E+06 -2.6288E+06 -7.8638E+04
0000603   7.9165E+06 -1.2103E+06 -1.9513E+06
0000604   7.6402E+06  1.8314E+06 -7.1034E+05
0000605   7.0969E+06 -3.5483E+06  1.2894E+05
0000606   6.8378E+06  3.1918E+06  2.1836E+06
0000607   4.5530E+06  4.5959E+05 -1.4794E+05
0000608   8.2479E+06  9.4879E+05  8.4099E+04
0000609   5.5007E+06 -6.9650E+05 -2.7385E+05
0000610   1.0322E+07  3.0841E+06 -1.6343E+06
0000611   3.6089E+06 -1.9075E+06  2.5086E+06
0000612   5.6019E+06  6.6817E+05  8.4904E+04
0000613   5.6700E+06 -1.5732E+05 -1.3549E+06
0000614   6.1320E+06 -2.0005E+04 -4.5862E+05
0000615   8.0909E+06 -1.0738E+06  2.1678E+06
0000616   7.2362E+06 -2.9973E+04  2.8997E+06
0000617   7.6045E+06  2.7990E+06 -1.0439E+06
0000618   6.6111E+06 -2.3527E+06  2.6405E+05
0000619   5.1049E+06  1.3666E+06 -4.9370E+05
0000620   4.2113E+06  6.7179E+05 -3.6816E+06
0000621   8.4495E+06 -1.2929E+06  1.4785E+06
0000622   5.3472E+06 -3.3186E+06  1.6221E+05
0000623   8.9756E+06 -2.0734E+06  3.2021E+06
0000624   6.7666E+06 -3.8860E+06 -1.2756E+06
0000625   6.6796E+06 -2.7425E+06  3.0247E+05
0000626   1.1606E+07  5.8194E+05  7.0081E+05
0000627   9.7384E+06  5.2659E+05 -6.4137E+05
0000628   9.4707E+06 -6.9529E+05  2.8490E+05
0000629   6.3020E+06  2.8959E+06 -1.0229E+06
0000630   5.4413E+06 -1.3187E+06 -4.4436E+06
0000631   7.5433E+06  2.5485E+06  6.4008E+04
0000632   5.6049E+06  5.8561E+04  1.7118E+06
0000633   7.7235E+06 -2.0337E+05  3.0855E+06
0000634   6.0474E+06  4.0369E+05 -4.4017E+06
0000635   2.7258E+06  4.1535E+06 -2.4785E+06
0000636   2.8420E+06 -1.1190E+06  1.3578E+06
0000637   1.0348E+07 -1.4746E+06  1.1723E+06
0000638   7.6436E+06  9.9931E+05  1.7149E+06
0000639   7.1002E+06 -2.8614E+06  3.5124E+06
0000640   8.3800E+06 -1.6550E+06 -3.7312E+06
0000641   5.7375E+06  1.4583E+06 -1.4613E+06
0000642   7.5839E+06 -5.7256E+05 -1.1483E+06
0000643   9.5187E+06 -3.2664E+06  5.5587E+05
0000644   4.2420E+06  4.2302E+06  8.2339E+05
0000645   2.9010E+06 -2.1333E+06  3.5685E+05
0000646   3.8671E+06  2.3766E+06 -3.2787E+06
0000647   4.2343E+06 -2.4055E+06  2.7680E+05
0000648   2.6010E+06  1.5057E+06 -4.9976E+05
0000649   5.1711E+06 -3.7324E+06 -1.1443E+06
0000650   3.1540E+06 -1.2923E+06  1.6161E+06
0000651   7.3013E+06 -1.2049E+06 -2.9186E+05
0000652   7.9464E+06 -4.2306E+05 -2.3855E+05
0000653   6.7245E+06  1.3338E+06 -2.2468E+06
0000654   8.3047E+06  5.4246E+05  1.7800E+06
0000655   6.1410E+06  5.4913E+06  1.7000E+06
0000656   1.0764E+07 -1.6155E+06 -1.3693E+06
0000657   6.7531E+06 -2.6127E+06 -4.2056E+05
0000658   2.9679E+06 -5.9820E+05  4.0371E+05
0000659   7.1328E+06  2.8368E+06 -7.9481E+05
0000660   7.5668E+06 -1.1101E+06 -5.7268E+04
0000661   6.4282E+06 -1.6658E+06  4.1815E+06
0000662   3.8660E+06  3.8566E+05 -2.2889E+06
0000663   8.5341E+06 -3.2649E+06  2.1870E+06
0000664   9.7686E+06  1.1817E+06  2.4094E+06
0000665   7.7919E+06 -7.9579E+05  9.4545E+05
0000666   5.1239E+06  1.1662E+05  2.7982E+06
0000667   7.0153E+06  8.3179E+05  1.7442E+06
0000668   6.3084E+06  6.9442E+05 -1.3769E+06
0000669   5.9808E+06  6.3602E+06  4.6584E+06
0000670   7.0776E+06  3.5484E+06  1.0163E+06
0000671   8.7845E+06 -1.3487E+05 -1.0549E+05
0000672   1.0109E+07  6.3798E+05 -1.2206E+06
0000673   2.9205E+06 -1.3093E+06 -2.5570E+05
0000674   9.4454E+06  9.4815E+05  1.4055E+06
0000675   5.7884E+06 -1.8998E+06  6.5150E+05
0000676   2.2968E+06 -6.3980E+05  1.3331E+05
0000677   7.2087E+06 -4.2230E+04 -1.2721E+06
0000678   8.3742E+06  2.1715E+06  2.2208E+06
0000679   7.6594E+06 -5.2275E+05 -1.8402E+06
0000680   4.8639E+06 -1.2556E+05 -3.7834E+05
0000681   4.4824E+06  2.0882E+06 -2.3119E+05
0000682   8.3724E+06  1.8092E+06 -2.8456E+06
0000683   5.2848E+06  2.1516E+06 -1.3746E+06
0000684   6.7907E+06 -2.8789E+05 -6.5341E+04
0000685   6.2068E+06 -7.6569E+05  4.1152E+06
0000686   9.2026E+06  3.7859E+06 -3.2257E+06
0000687   9.1243E+06 -2.8004E+06  1.3348E+06
0000688   3.6692E+06  1.3759E+06 -2.2374E+06
0000689   4.7931E+06  1.8597E+06 -2.7364E+06
0000690   6.6471E+06  1.6724E+06  1.6826E+05
0000691   5.7719E+06  1.6620E+06  2.7124E+06
0000692   3.8505E+06  2.2201E+06 -9.8643E+05
0000693   8.8920E+06  2.8980E+05 -1.9441E+05
0000694   4.3921E+06  1.7189E+06  1.8050E+05
0000695   7.3659E+06 -3.0087E+06 -1.6953E+06
0000696   5.5190E+06 -2.9493E+06  1.2976E+05
0000697   5.3448E+06 -9.5713E+05 -2.2184E+06
0000698   7.3311E+06  1.9213E+06 -4.5502E+06
0000699   4.7955E+06  3.2578E+05  4.2365E+05
0000700   8.1386E+06 -1.2867E+06  2.4356E+06
0000701   8.6876E+06  1.5916E+06  4.5927E+05
0000702   4.3305E+06 -1.5431E+06 -8.3299E+05
0000703   3.9365E+06 -2.6518E+06  2.1748E+05
0000704   8.8966E+06 -5.4775E+05 -1.3428E+05
0000705   6.5417E+06 -3.5630E+04 -1.9646E+06
0000706   8.2808E+06 -7.8072E+05 -4.2474E+06
0000707   4.0592E+05  2.1099E+05 -1.6483E+05
0000708   6.5212E+06  8.9882E+05 -6.7559E+05
0000709   3.3001E+06  4.3138E+05 -2.3792E+04
0000710   6.2329E+06 -3.8817E+05 -6.5251E+05
0000711   3.6400E+06  3.2002E+06  8.8546E+05
0000712   6.5711E+06 -2.5156E+06  1.9105E+05
0000713   5.3422E+06 -4.8244E+06  1.0077E+06
0000714   9.3026E+06  4.5212E+06  2.6937E+06
0000715   7.9644E+06  1.7381E+05  4.4114E+06
0000716   4.0639E+06  7.5877E+05 -1.0668E+06
0000717   6.1758E+06  3.2811E+05 -8.7558E+05
0000718   6.5213E+06  2.9468E+05 -2.4313E+06
0000719   4.9813E+06 -4.7692E+06 -4.1164E+05
0000720   8.0266E+06  1.0547E+06  1.0364E+06
0000721   5.3264E+06  1.3561E+06 -1.9649E+06
0000722   6.4821E+06 -1.0388E+06 -1.3649E+06
0000723   5.0376E+06 -1.6170E+06  1.4522E+06
0000724   5.8212E+06  3.6517E+06 -2.8279E+05
0000725   9.7896E+06  8.5862E+05 -7.0051E+05
0000726   8.4374E+06 -3.1683E+04 -1.9914E+06
0000727   7.8537E+06 -2.4621E+04  2.0267E+06
0000728   7.4841E+05 -1.4732E+06 -1.5811E+06
0000729   6.6186E+06 -6.3116E+06 -2.4332E+05
0000730   5.1113E+06  2.1310E+06  3.1005E+05
0000731   6.2243E+06 -4.9382E+05 -1.0813E+06
0000732   7.1647E+06  1.4918E+06  1.9826E+06
0000733   6.7519E+06 -1.7511E+05  1.9900E+05
0000734   5.4948E+06 -1.0713E+06  7.9254E+05
0000735   9.0248E+06 -1.1397E+06 -6.9700E+05
0000736   1.0242E+07 -2.3512E+06  1.6482E+06
0000737   6.6730E+06  2.2720E+06 -2.9968E+06
0000738   5.0743E+06  1.0316E+06 -3.1741E+06
0000739   7.9190E+06 -7.4030E+05  3.1469E+05
0000740   8.7154E+06  1.3917E+06  4.3482E+06
0000741   6.8320E+06 -5.5841E+03  2.9953E+05
0000742   6.7034E+06  2.5322E+06  6.0875E+06
0000743   7.4555E+06 -3.6117E+05 -2.7173E+06
0000744   4.9897E+06  7.8014E+05  8.5206E+05
0000745   3.5225E+06 -4.2937E+06 -2.5727E+06
0000746   6.5511E+06  4.8012E+05  2.3291E+06
0000747   5.0439E+06  1.0846E+06  2.3002E+05
0000748   5.1111E+06 -2.1020E+06 -1.7837E+05
0000749   4.7387E+06 -1.3280E+06  5.0895E+05
0000750   4.2004E+06  4.1125E+05  1.0381E+05
0000751   7.0954E+06  6.7591E+06  1.4987E+06
0000752   8.3506E+06  3.9368E+05 -1.1345E+06
0000753   6.1179E+06  3.2082E+06  1.7965E+06
0000754   7.4050E+06 -1.1906E+06 -1.5138E+05
0000755   7.5750E+06  2.9992E+06 -2.8430E+06
0000756   7.8061E+06 -1.4788E+05 -5.4661E+05
0000757   4.2670E+06 -5.5372E+06  3.9794E+06
0000758   8.0820E+06 -1.4080E+06 -9.7307E+05
0000759   6.0284E+06 -1.9137E+06 -1.2646E+06
0000760   8.6671E+06 -7.2882E+05  5.4129E+06
0000761   6.5654E+06  2.1838E+06  5.4089E+05
0000762   2.7851E+06  1.2291E+06  5.7465E+05
0000763   6.2396E+06  7.1414E+05  6.2964E+06
0000764   7.8032E+06 -2.2972E+06  2.2448E+06
0000765   6.5189E+06  1.9133E+06  1.6322E+05
0000766   5.7246E+06  8.8028E+05 -1.9929E+06
0000767   8.6151E+06  6.2325E+05  4.0397E+06
0000768   8.9127E+06 -2.8495E+04 -7.4739E+05
0000769   5.7031E+06  5.9059E+05 -2.5080E+06
0000770   5.7440E+06  2.7760E+06  4.1751E+06
0000771   1.4848E+06  3.2520E+05 -5.6467E+05
0000772   7.2371E+06  2.6513E+06 -3.1877E+06
0000773   6.7944E+06 -1.3365E+06 -1.9413E+06
0000774   8.6759E+06 -1.3509E+06 -5.0378E+05
0000775   5.7548E+06  3.5935E+06 -4.1271E+06
0000776   4.7703E+06 -2.1773E+06 -6.5190E+05
0000777   8.7933E+06 -3.7057E+05  7.3065E+05
0000778   7.2006E+06  1.8717E+06 -1.2671E+05
0000779   6.5666E+06  2.0036E+06  1.5504E+05
0000780   3.6664E+06  2.7806E+05 -2.3828E+06
0000781   8.2736E+06  2.6976E+06  9.1189E+05
0000782   6.1680E+06  1.4130E+06  9.8210E+04
0000783   8.4100E+06 -2.2915E+06  2.8513E+06
0000784   8.0484E+06 -7.1633E+05  1.1029E+06
0000785   5.3761E+06 -6.0068E+05  2.8297E+06
0000786   2.5111E+06  1.9435E+06 -2.9332E+06
0000787   6.2181E+06 -2.2414E+06  1.5461E+06
0000788   8.2423E+06  2.1047E+06  4.3275E+06
0000789   9.2648E+06  1.8070E+06  1.6772E+06
0000790   5.8711E+06 -6.3898E+06  3.2587E+06
0000791   6.2609E+06  3.3397E+06 -1.3287E+06
0000792   7.9391E+06 -3.9174E+05  2.4817E+06
0000793   7.5263E+06 -4.0629E+05 -3.0706E+05
0000794   5.2517E+06 -1.1240E+06 -1.2968E+06
0000795   7.1411E+06  1.2667E+05 -7.0642E+05
0000796   8.2046E+06 -3.8248E+06 -1.9733E+06
0000797   7.5004E+06  1.1561E+06 -8.9895E+05
0000798   6.4352E+06 -8.6370E+05 -2.3812E+06
0000799   7.9699E+06 -3.3132E+06  8.0130E+05
0000800   5.8855E+06  1.6495E+06 -1.6582E+06
0000801   4.6749E+06 -9.1045E+05  3.6675E+06
0000802   1.0117E+07 -6.0906E+04 -1.1145E+06
0000803   3.6215E+06  2.4185E+05  3.3530E+06
0000804   4.1700E+06  1.7150E+06 -1.5092E+06
0000805   6.0975E+06 -2.9842E+06  1.1350E+06
0000806   6.3691E+06  2.1987E+06 -6.9358E+05
0000807   9.7900E+06 -2.4390E+06  1.6811E+06
0000808   9.6092E+06 -4.7143E+05 -7.5169E+05
0000809   4.2161E+06  4.3125E+06 -2.2719E+05
0000810   6.5835E+06  1.8891E+06  5.2093E+05
0000811   4.5884E+06  2.0291E+06 -2.6740E+05
0000812   7.3850E+06 -1.4262E+06  8.7920E+05
0000813   2.6343E+06 -2.9356E+06 -1.6088E+06
0000814   3.8852E+06 -5.0029E+05 -7.7199E+05
0000815   7.5918E+06 -2.4891E+06  1.5762E+05
0000816   7.8037E+06 -2.1674E+06 -3.0626E+06
0000817   7.4516E+06 -5.0166E+05 -5.2250E+05
0000818   7.3033E+06 -3.5749E+06 -2.1727E+05
0000819   4.7749E+06  1.3169E+06  1.3316E+06
0000820   9.3778E+06 -2.0686E+05 -7.7166E+04
0000821   7.1454E+06 -9.1327E+05 -2.0981E+06
0000822   4.1042E+05  2.1389E+06  4.9619E+05
0000823   8.9255E+06 -2.2085E+06  1.8775E+06
0000824   2.1429E+06  1.2097E+06 -6.0497E+05
0000825   6.5300E+06 -3.0367E+05 -9.4828E+05
0000826   9.4972E+06 -3.8127E+06  7.9864E+05
0000827   1.0251E+07 -1.0691E+06 -1.7089E+06
0000828   4.4260E+06  1.7627E+05 -3.2310E+06
0000829   3.8124E+06  2.0767E+06 -1.7389E+06
0000830   6.5439E+06  5.6920E+05  9.1186E+05
0000831   7.6654E+06  1.1262E+06  5.3845E+05
0000832   6.9663E+06 -5.7779E+06 -6.3438E+05
0000833   5.1556E+06  1.6154E+06  9.9018E+05
0000834   8.7332E+06  1.4171E+05 -2.5384E+06
0000835   6.6226E+06 -1.0247E+06  1.3668E+06
0000836   7.2305E+06  2.6793E+06  7.8151E+05
0000837   8.7803E+06 -2.2962E+06 -6.9670E+05
0000838   4.4916E+06  2.9468E+05 -2.0128E+04
0000839   5.2560E+06  2.8289E+06 -1.1394E+06
0000840   6.0068E+06 -5.5082E+05 -1.0953E+06
0000841   6.3223E+06 -7.9845E+05 -7.8323E+05
0000842   6.8517E+06 -2.0470E+06  1.0216E+06
0000843   6.4795E+06 -1.0108E+06 -3.3929E+06
0000844   1.0575E+07  3.5729E+06  2.0263E+06
0000845   6.2215E+06  1.3714E+06 -6.7203E+05
0000846   7.9717E+06  6.4724E+05 -1.4819E+06
0000847   8.2470E+06  1.2691E+06  3.1260E+06
0000848   2.2491E+06  1.7808E+06 -2.5460E+06
0000849   5.0043E+06  2.6235E+05 -1.7620E+06
0000850   7.4559E+06  1.4452E+06 -6.1828E+05
0000851   8.8416E+06 -1.7385E+05  1.4154E+06
0000852   7.2084E+06 -1.4745E+06  2.9388E+05
0000853   8.2264E+06 -6.5866E+05 -4.4648E+05
0000854   6.2198E+06 -2.6450E+06 -1.6700E+06
0000855   3.0295E+06  3.9054E+06 -1.6822E+06
0000856   9.2737E+06 -1.1642E+06  4.5349E+06
0000857   7.5169E+06 -1.1689E+05  3.6777E+05
0000858   5.9114E+06  1.0682E+06  1.0097E+06
0000859   4.0717E+06 -1.8899E+05  2.4919E+06
0000860   8.1854E+06 -1.4793E+06 -2.1305E+06
0000861   4.5406E+06 -2.2920E+06 -4.8288E+05
0000862   7.8647E+06  5.6144E+05  1.9710E+06
0000863   7.0825E+06  2.5517E+05 -4.3255E+06
0000864   9.8564E+06  6.2468E+05 -1.6682E+06
0000865   8.0995E+06 -4.9636E+05 -2.0347E+06
0000866   8.8956E+06  1.7911E+06  9.3234E+05
0000867   3.3425E+06 -4.2034E+06  1.5579E+06
0000868   2.8000E+06  5.6328E+05 -1.9138E+06
0000869   7.2752E+06  1.5456E+06  4.0407E+05
0000870   6.3887E+06  9.3634E+05 -2.1695E+06
0000871   3.1829E+06  7.9116E+05 -1.2549E+06
0000872   7.6490E+06  9.7737E+05 -3.2068E+06
0000873   7.0085E+06 -1.7987E+06 -1.1940E+06
0000874   6.9442E+06  2.0202E+06  1.6288E+06
0000875   7.5907E+06 -2.8225E+06 -1.4849E+06
0000876   6.5427E+06  3.7960E+04 -2.8713E+06
0000877   8.0996E+06  3.3633E+06  2.5241E+06
0000878   5.8544E+06 -5.7539E+05  3.6214E+06
0000879   7.7033E+06 -5.9347E+05  9.4226E+04
0000880   3.8286E+06  2.8309E+06  2.0861E+06
0000881   1.0662E+07  1.0840E+06  2.3297E+06
0000882   9.7921E+06  5.7208E+05 -3.1672E+06
0000883   6.8236E+06 -5.5826E+05 -2.4668E+06
0000884   5.6867E+06 -1.3526E+06  2.1239E+06
0000885   8.0533E+06  8.6917E+05  2.2673E+06
0000886   6.8281E+06  4.2189E+05  1.4201E+06
0000887   4.6126E+06 -1.4829E+06 -2.4510E+06
0000888   4.2216E+06  2.0429E+05 -1.0145E+06
0000889   4.0429E+06  4.3005E+05 -6.1958E+05
0000890   5.0071E+06 -1.2940E+06 -4.1428E+06
0000892   5.7683E+06  1.9737E+06  1.7920E+06
0000893   5.3767E+06 -1.0168E+06  1.2509E+06
0000894   5.5347E+06 -1.3109E+06 -1.1031E+06
0000895   7.8349E+06 -1.5843E+06  1.6605E+06
0000896   6.0391E+06 -5.1890E+05  2.9403E+06
0000897   7.8520E+06 -1.0257E+06  2.0486E+06
0000898   4.7563E+06 -1.6317E+06 -1.5159E+06
0000899   5.5124E+06 -2.4260E+06 -2.0557E+05
0000900   9.2126E+06 -1.6094E+06 -4.0755E+06
0000901   5.1845E+06 -2.6307E+06 -1.7266E+06
0000902   8.6549E+06  5.2269E+06  2.3048E+06
0000903   8.3410E+06  7.0826E+05 -3.0349E+06
0000904   8.7731E+06  6.2825E+05  6.1253E+05
0000905   3.1119E+06  1.9600E+06  2.4043E+05
0000906   8.0653E+06 -1.1128E+06  5.6857E+05
0000907   5.1502E+06  1.4705E+06 -1.7889E+06
0000908   9.7360E+06  3.6830E+06  1.1358E+06
0000909   4.9748E+06 -7.9845E+05 -1.7125E+06
0000910   7.5721E+06 -1.9601E+06  4.9286E+06
0000911   5.4704E+06  1.5598E+06  9.4512E+05
0000912   6.8873E+06 -4.6356E+05 -7.0022E+04
0000913   8.0200E+06  3.2835E+05 -2.2895E+06
0000914   7.3591E+06 -1.1575E+06  4.2843E+05
0000915   4.2463E+06  1.4147E+05  2.4282E+06
0000916   8.1502E+06 -2.1154E+06  9.7968E+04
0000917   7.4737E+06  5.0994E+05 -7.8315E+05
0000918   2.0943E+06  3.4904E+04 -1.1473E+06
0000919   6.1460E+06 -6.9081E+05  2.0842E+05
0000920   9.0896E+06  6.6516E+05 -3.5473E+05
0000921   5.9507E+06  7.2004E+05 -7.7324E+05
0000922   9.5017E+06 -3.2372E+06  7.3398E+05
0000923   6.5843E+06 -1.5927E+06 -9.6533E+05
0000924   5.8133E+06  2.3974E+06 -1.5132E+06
0000925   8.1545E+06 -1.3543E+06  2.2980E+06
0000926   9.7634E+06  1.2109E+06  6.4040E+05
0000927   5.4014E+06  2.2426E+06 -2.8851E+05
0000928   5.8719E+06 -4.5431E+06 -2.9024E+06
0000929   7.0870E+06  6.7286E+05 -4.1698E+05
0000930   5.7663E+06 -2.5143E+06 -8.6760E+05
0000931   4.1311E+06  1.0589E+05 -5.6912E+05
0000932   8.1478E+06  2.6246E+06  1.2491E+06
0000933   5.4974E+06 -1.9554E+06 -2.0876E+06
0000934   5.7685E+06  1.3893E+06 -4.1990E+05
0000935   9.1016E+06  1.2746E+06 -1.8142E+06
0000936   6.6058E+06  1.4621E+06  2.0759E+06
0000937   2.3587E+06  9.1731E+05 -1.5791E+06
0000938   5.7189E+06  2.3767E+06  3.9579E+06
0000939   8.8952E+06 -3.4048E+06  2.9693E+05
0000940   6.6677E+06 -1.4466E+06  1.1446E+06
0000941   7.8492E+06 -7.8426E+05  1.5930E+06
0000942   5.0409E+06  1.1832E+06 -1.8349E+06
0000943   4.7412E+06 -3.0239E+06  6.6273E+05
0000944   4.2570E+06 -2.0025E+05  1.2976E+06
0000945   5.9345E+06  5.7367E+04  2.1255E+06
0000946   6.8142E+06 -7.5038E+05 -6.1993E+05
0000947   7.1104E+06 -2.7365E+06  2.2072E+06
0000948   9.1991E+06  1.5012E+06  1.6272E+06
0000949   4.8211E+06 -2.6280E+06  1.2406E+06
0000950   6.0736E+06  1.5731E+06  1.3873E+05
0000951   7.8855E+06  4.5214E+06 -1.1792E+06
0000952   9.4925E+06  1.0239E+06  7.9380E+05
0000953   7.5256E+06  8.0883E+05 -6.0948E+06
0000954   8.5783E+06 -4.1939E+05 -4.5850E+05
0000955   3.5889E+06  1.0776E+06 -4.7045E+05
0000956   1.8743E+06 -2.3451E+06 -4.8876E+05
0000957   7.4378E+06 -2.0395E+05 -7.7328E+05
0000958   7.5787E+06  1.5450E+06 -2.6029E+06
0000959   6.8190E+06  1.4264E+06 -3.1940E+06
0000960   5.4627E+06 -7.1736E+05 -2.8031E+06
0000961   8.3006E+06 -3.9494E+06  2.9992E+06
0000962   9.4178E+06 -3.0858E+06  1.1801E+06
0000963   9.5493E+06  1.9225E+06 -1.9973E+06
0000964   8.8368E+06  2.5281E+06  1.7191E+06
0000965   2.8143E+06  4.7866E+05  9.8013E+05
0000966   8.9819E+06 -3.8494E+06  3.7005E+05
0000967   5.5595E+06 -5.8281E+05  1.7093E+06
0000968   3.8093E+06 -9.0966E+05 -1.6040E+06
0000969   5.6348E+06 -1.4917E+06 -3.3093E+06
0000970   9.4463E+06  2.2247E+05 -1.3952E+05
0000971   8.3014E+06  1.6758E+06  6.7678E+05
0000972   8.3377E+06 -2.8716E+06 -2.7136E+06
0000973   7.5566E+06  4.0982E+05  9.4481E+04
0000974   8.0788E+06  2.2133E+05  3.5705E+06
0000975   5.6448E+06 -3.0106E+05  7.5545E+05
0000976   8.7875E+06 -3.6591E+05  2.1967E+06
0000977   8.6761E+06 -6.5146E+05 -8.3624E+05
0000978   9.0984E+06 -1.5884E+06  4.1482E+06
0000979   7.4536E+06 -3.3601E+06  5.7592E+06
0000980   9.1415E+06  1.2338E+06 -3.9372E+05
0000981   6.3466E+06  2.2897E+06  5.9611E+05
0000982   6.0109E+06 -1.7215E+06 -1.8651E+05
0000983   8.4611E+06 -4.1938E+06  1.3549E+06
0000984   6.2517E+06  3.8803E+05 -1.9649E+06
0000985   6.7734E+06  8.8992E+05  2.8347E+05
0000986   9.1008E+06 -2.6341E+06  2.0233E+06
0000987   7.7811E+06 -2.8985E+05 -5.8030E+05
0000988   5.7336E+06 -2.1162E+06  1.5289E+04
0000989   8.3478E+06 -8.7265E+05  2.4034E+06
0000990   3.7159E+06  3.2970E+04  4.0031E+05
0000991   1.6068E+06  4.4235E+05  8.1458E+05
0000992   1.0918E+07 -2.1197E+06 -8.5072E+05
0000993   5.2070E+06 -1.6651E+06  4.5320E+06
0000994   1.0070E+07  1.3530E+06  2.2161E+06
0000995   6.1403E+06  2.8615E+05 -1.7277E+06
0000996   3.9020E+06 -2.5837E+05 -1.5185E+05
0000997   6.4013E+06 -1.5206E+06 -4.2055E+06
0000998   4.8395E+06 -2.7136E+06  7.6351E+05
0000999   9.1164E+06 -2.0022E+06  3.2310E+06
0001000   1.5999E+05 -1.3996E+06 -1.1450E+06
