============================== SRIM-2013.00 ==============================
==============================================================================
====== SRIM Outputs\RANGE_3D.txt : File of Final Ion Positions =====

Ion = Ar (18)   Ion Mass= 039.9620
Energy  = 6866489.E-04 keV
Ion Angle to Surface = 00.0 degrees
==================== TARGET =======================
  Layer # 1 - Layer 1
  Layer # 1 - Bottom Depth=500000.E+02 A
  Layer # 1 - Density =0000.0018 g/cm3
  Layer # 1 -  100 % of Ar
様様様様様様様様様様様様様様様様様様様様様様様様様様
                                            
Ion       Depth  X   Lateral Y   Lateral Z  
Number    (Angstrom) (Angstrom)  (Angstrom) 
-------  ----------- ----------- -----------
0000001   1.4931E+07 -7.9767E+06  1.5840E+06
0000002   1.1536E+07  7.8870E+05 -1.3915E+06
0000003   1.0477E+07 -6.4195E+06  3.0543E+06
0000004   1.0132E+07  3.2331E+06  4.4320E+06
0000005   8.4203E+06 -3.6947E+06  2.6132E+06
0000006   1.3352E+07 -2.7353E+06  3.0793E+06
0000007   9.0738E+06  2.3188E+06  5.7030E+06
0000008   4.1127E+06  1.1044E+06 -3.2771E+06
0000009   1.3742E+07 -6.5557E+06  2.6593E+06
0000010   1.1600E+07 -1.2720E+06 -4.5834E+05
0000011   1.3989E+07 -5.0611E+06 -3.7182E+06
0000012   1.4018E+07  2.9398E+06  1.7769E+06
0000013   1.5722E+07  1.2206E+06  3.4949E+05
0000014   1.4304E+07  2.9960E+06  5.1552E+06
0000015   1.4663E+07 -3.0550E+06  1.8297E+06
0000016   1.0708E+07 -2.6790E+06  2.7150E+06
0000017   1.1397E+07  3.6832E+06 -4.9751E+05
0000018   1.5708E+07 -3.0720E+06  1.2431E+06
0000019   1.3954E+07 -3.7759E+06 -2.4511E+06
0000020   1.5072E+07  5.5679E+06  4.5673E+05
0000021   1.7026E+07  7.5825E+05 -7.6125E+06
0000022   8.0579E+06 -2.5954E+06 -3.8725E+06
0000023   1.2674E+07 -1.4544E+06 -2.4558E+06
0000024   1.0924E+07 -1.7746E+06 -3.2174E+06
0000025   1.7857E+07  6.5141E+05  1.1100E+06
0000026   1.7214E+07 -2.7785E+05  1.3947E+05
0000027   1.1155E+07  1.0999E+06 -1.5893E+05
0000028   1.3276E+07 -7.5698E+05  2.9642E+05
0000029   2.0165E+07 -7.8257E+05 -4.9814E+06
0000030   1.2140E+07  3.2194E+06 -7.4236E+06
0000031   1.6579E+07  1.9453E+06  5.9186E+05
0000032   1.2466E+07 -8.4508E+05  3.4815E+06
0000033   1.6885E+07 -2.2959E+06 -3.5092E+06
0000034   1.3732E+07  4.5548E+06  1.8245E+06
0000035   9.5078E+06  3.7709E+06 -8.3210E+05
0000036   1.1553E+07 -1.5893E+06  1.3668E+06
0000037   1.3670E+06 -4.6948E+05 -4.9423E+05
0000038   1.1840E+07  2.1243E+06 -1.8093E+06
0000039   1.0569E+07  4.4112E+06 -2.9387E+06
0000040   6.3940E+06  2.3887E+06 -4.1060E+06
0000041   1.3917E+07  6.4252E+06 -7.8103E+04
0000042   1.6701E+07 -1.2544E+06 -6.0793E+06
0000043   1.2239E+07 -3.2901E+06  3.9282E+06
0000044   6.3422E+06  1.0221E+06  2.8116E+06
0000045   1.4235E+07 -3.1086E+06 -3.4418E+06
0000046   1.5047E+07  2.4664E+06 -3.9756E+06
0000047   1.2636E+07 -5.1572E+06 -3.6391E+05
0000048   1.2354E+07 -5.4062E+05 -5.9297E+05
0000049   1.2348E+07 -2.2870E+06 -2.7101E+06
0000050   6.6733E+06  9.5173E+05  3.6355E+06
0000051   1.4795E+07 -2.9110E+06  1.0590E+06
0000052   1.7267E+07  7.4224E+06  3.5607E+06
0000053   1.2777E+07 -6.1292E+05  5.4308E+06
0000054   1.3031E+07  1.7005E+06 -2.8515E+06
0000055   7.3357E+06  2.7375E+06 -4.8687E+06
0000056   9.4736E+06  2.5081E+06  8.7508E+05
0000057   1.0683E+07  7.8452E+06 -1.5054E+06
0000058   1.8721E+07  4.1708E+05  2.3605E+06
0000059   1.3446E+07 -2.0290E+06 -1.6267E+06
0000060   1.3755E+07 -4.4372E+06  3.1146E+06
0000061   1.2521E+07 -3.9824E+05  5.8797E+06
0000062   1.2488E+07  8.9400E+06 -2.0569E+06
0000063   1.1573E+07  3.8939E+06 -3.4832E+06
0000064   1.0163E+07 -2.2356E+06 -6.4599E+06
0000065   1.4644E+07 -2.1504E+05 -7.7006E+06
0000066   1.0513E+07 -1.9060E+06  5.4425E+05
0000067   1.2930E+07 -2.3635E+06  4.3077E+06
0000068   1.3761E+07 -1.7050E+06  2.0886E+06
0000069   9.8001E+06  1.9680E+06 -2.1955E+06
0000070   1.6237E+07 -3.6158E+06 -2.8019E+06
0000071   1.4570E+07 -6.0089E+06  2.0068E+06
0000072   9.9249E+06  1.2479E+06 -4.4425E+06
0000073   1.3791E+07 -1.1291E+06 -6.5259E+06
0000074   1.3082E+07  4.1462E+06  5.6861E+06
0000075   1.5493E+07 -9.1496E+05  2.0754E+06
0000076   1.6070E+07  1.4532E+06  3.4712E+06
0000077   1.1936E+07  7.0626E+06 -1.0448E+06
0000078   1.1194E+07  1.1698E+06 -5.9845E+06
0000079   1.2651E+07  3.1823E+06  7.2705E+05
0000080   1.0301E+07 -9.2663E+06 -5.4633E+06
0000081   1.0749E+07 -4.6983E+06 -4.7914E+06
0000082   1.5986E+07  2.3246E+05 -2.1998E+06
0000083   1.5749E+07  2.3113E+06 -2.5483E+06
0000084   1.5078E+07 -5.0450E+06 -2.4956E+06
0000085   1.5462E+07  7.6672E+05 -3.1103E+06
0000086   1.0525E+07  1.4329E+06  2.2877E+06
0000087   7.6914E+06  5.7806E+06  3.1515E+06
0000088   1.4703E+07  6.0096E+06  4.9849E+06
0000089   8.3598E+06  3.1246E+06 -6.0519E+06
0000090   1.0498E+07 -3.8349E+06 -4.6055E+06
0000091   1.6584E+07 -1.2021E+06 -5.1597E+06
0000092   1.7057E+07 -2.6717E+06  1.1365E+06
0000093   9.5441E+06  1.0608E+06 -1.8053E+06
0000094   8.6708E+06  6.8121E+06  1.6149E+06
0000095   1.4342E+07  4.6552E+06  3.7821E+06
0000096   1.7310E+07 -1.5646E+06  2.2036E+06
0000097   1.5515E+07  2.8073E+06  3.5676E+06
0000098   1.3634E+07 -5.0695E+06  8.1382E+05
0000099   1.3524E+07  2.1004E+06 -4.0805E+06
0000100   7.3903E+06  1.3574E+06  2.4866E+06
0000101   1.8097E+07 -2.6124E+06  3.5441E+06
0000102   1.1704E+07  2.5530E+06 -2.3272E+06
0000103   1.0809E+07  3.0038E+06 -2.5382E+06
0000104   1.4993E+07 -1.1774E+05  2.9860E+06
0000105   1.5466E+07  8.2877E+05 -4.5550E+06
0000106   9.3367E+06  3.4996E+06  2.6332E+06
0000107   1.4340E+07  3.9259E+05  4.7475E+06
0000108   1.3547E+07  4.6954E+06 -2.3202E+06
0000109   1.2929E+07  4.9219E+06 -5.5791E+06
0000110   6.6039E+06 -2.8418E+06  2.0997E+06
0000111   1.7984E+07  1.1583E+05  6.2932E+06
0000112   5.8855E+06  3.5891E+06 -6.0901E+06
0000113   1.6171E+07 -2.6329E+06  4.3396E+06
0000114   9.2563E+06 -5.7797E+06  4.7471E+06
0000115   1.6827E+07  2.4535E+06  1.3677E+06
0000116   8.7716E+06 -1.5676E+05 -7.9303E+04
0000117   1.5091E+07 -1.5570E+06 -7.8660E+05
0000118   1.6375E+07  9.9729E+05 -4.9154E+06
0000119   1.0483E+07  1.3061E+06  1.7012E+06
0000120   1.2266E+07 -7.5312E+05  2.2766E+06
0000121   1.2166E+07  8.4741E+06  4.5114E+06
0000122   1.7557E+07 -1.7542E+06 -9.1091E+05
0000123   9.5990E+06  8.6524E+06 -3.5620E+06
0000124   1.3536E+07  6.4128E+06 -1.2941E+06
0000125   1.5876E+07 -1.7325E+04 -4.8751E+06
0000126   2.6879E+06  5.9291E+06  6.5895E+06
0000127   1.4607E+07 -2.9127E+06 -2.3556E+06
0000128   1.7858E+07 -7.3185E+06  1.9091E+06
0000129   1.3991E+07 -1.4667E+06 -2.8406E+06
0000130   1.6516E+07  6.1527E+06 -4.0686E+06
0000131   1.2459E+07 -4.3007E+06  4.5188E+06
0000132   1.2513E+07  2.1898E+06 -1.5418E+06
0000133   1.6603E+07 -3.4415E+06 -1.3597E+06
0000134   1.4300E+07  7.4662E+06  1.4447E+06
0000135   1.2655E+07 -3.2790E+06  6.4633E+06
0000136   1.4940E+07 -8.4352E+06 -2.5644E+06
0000137   1.3422E+07  5.8348E+05 -1.4387E+06
0000138   1.2072E+07  1.7099E+06 -3.0007E+06
0000139   1.6074E+07 -3.1261E+06 -4.9055E+06
0000140   6.5024E+06 -2.2661E+05 -2.7232E+06
0000141   1.5082E+07  1.4437E+06  2.4604E+04
0000142   5.9853E+06  1.2246E+06  5.3371E+06
0000143   1.3471E+07 -2.0087E+06  1.1669E+06
0000144   1.0674E+07  3.2892E+06 -3.3326E+06
0000145   1.6778E+07 -7.8520E+05 -3.8128E+06
0000146   7.9130E+06 -2.2060E+06  1.0213E+06
0000147   1.7461E+07 -8.1704E+05  1.4640E+06
0000148   9.2692E+06 -1.8475E+06 -3.2369E+06
0000149   1.3821E+07 -2.6111E+06 -1.8951E+06
0000150   1.2304E+07  1.5931E+06  9.6886E+05
0000151   1.4693E+07 -3.6136E+06  3.2301E+06
0000152   1.9737E+07 -3.8825E+06  1.6349E+06
0000153   1.6057E+07  6.4246E+05 -2.0200E+06
0000154   1.2569E+07 -3.7510E+06 -1.8219E+05
0000155   1.5225E+07  2.4021E+06 -4.7170E+05
0000156   1.6999E+07  3.2781E+06 -9.8404E+05
0000157   5.9784E+06 -4.3061E+06  3.4580E+06
0000158   1.4674E+07  6.9962E+05  4.0482E+06
0000159   1.6057E+07 -1.3756E+06 -4.2870E+06
0000160   1.7587E+07  9.8143E+05  5.7609E+04
0000161   1.1748E+07 -3.0566E+05  4.4762E+06
0000162   1.3628E+07  5.2759E+06  2.2516E+06
0000163   1.0904E+07 -4.8377E+05  2.2436E+06
0000164   1.3430E+07  3.4718E+05  1.9105E+06
0000165   1.3075E+07 -3.2686E+06 -4.1880E+06
0000166   1.4348E+07  2.5848E+06  4.9817E+05
0000167   1.6661E+07 -4.7527E+06 -6.0846E+05
0000168   1.1721E+07 -4.8625E+06 -2.3046E+06
0000169   1.6308E+07  4.5172E+06 -6.8332E+06
0000170   1.6566E+07  3.5751E+06 -2.8954E+05
0000171   1.4870E+07 -3.7919E+06  1.2046E+06
0000172   1.3844E+07  2.2209E+06  4.3406E+06
0000173   1.2846E+07  1.3634E+06 -2.9414E+06
0000174   1.4026E+07  1.3395E+06  7.3710E+06
0000175   1.4818E+07  1.3794E+06 -1.9450E+06
0000176   7.6624E+06 -8.2008E+06 -1.4023E+05
0000177   1.0999E+07 -1.0756E+06 -1.1311E+06
0000178   8.4806E+06  3.4414E+06  1.9113E+06
0000179   1.5593E+07 -2.0100E+06 -3.5924E+06
0000180   8.5225E+06  1.7377E+06 -2.6439E+06
0000181   5.5958E+06 -9.0089E+04 -1.8983E+05
0000182   1.7002E+07  3.9282E+06 -7.9140E+06
0000183   1.3421E+07  2.6604E+06 -3.1288E+06
0000184   1.6693E+07 -2.7805E+06 -1.2742E+06
0000185   1.1036E+07 -5.1807E+06  4.1412E+06
0000186   7.3209E+06  2.8381E+06  1.0589E+06
0000187   1.0528E+07  3.9412E+06  1.1662E+06
0000188   1.3756E+07 -8.0705E+05  9.1669E+06
0000189   1.1053E+07  2.5529E+06  8.7954E+05
0000190   1.1197E+07  2.3424E+06  3.3943E+06
0000191   1.0108E+07 -4.0979E+06  1.1016E+06
0000192   9.9412E+06  3.1280E+06 -3.0086E+06
0000193   1.3498E+07  4.7766E+06  5.9143E+05
0000194   7.1378E+06 -1.5049E+06  1.9267E+06
0000195   6.9368E+06  2.5809E+06  2.9088E+06
0000196   1.2890E+07  3.8624E+05  2.8389E+06
0000197   9.4144E+06 -7.1192E+06  7.0760E+05
0000198   1.2385E+07  4.6517E+05  3.2820E+06
0000199   1.9261E+07 -1.6333E+06 -1.8941E+06
0000200   1.3097E+07  1.4729E+06  3.4870E+06
0000201   1.1717E+07  7.1631E+06 -6.0469E+06
0000202   4.3051E+06  8.9202E+05  2.8518E+06
0000203   1.5776E+07  6.0417E+06 -5.7171E+05
0000204   8.4235E+06 -1.2714E+05 -2.1534E+06
0000205   1.4988E+07  2.0378E+06  1.0557E+07
0000206   1.2666E+07  1.4645E+06  1.7908E+06
0000207   1.0722E+07  1.7741E+06 -5.2187E+06
0000208   1.0853E+07  9.1311E+06  2.5212E+06
0000209   1.5554E+07 -7.4406E+06 -5.3090E+06
0000210   1.0369E+07  6.7817E+06 -1.5410E+06
0000211   1.0606E+07 -7.3032E+05  6.8831E+06
0000212   1.5306E+07 -4.5577E+06 -1.2187E+06
0000213   1.5744E+07  4.8377E+06 -1.8256E+06
0000214   1.5155E+07  2.0480E+06 -3.0668E+06
0000215   9.2989E+06 -8.4705E+06  1.5690E+06
0000216   7.1226E+06 -1.5162E+06 -4.7071E+06
0000217   6.4690E+06  9.2862E+05  4.9321E+06
0000218   1.4521E+07  3.1781E+06  4.9868E+06
0000219   1.7406E+07  1.2818E+06  1.5330E+06
0000220   1.4094E+07 -4.4939E+06 -3.6814E+06
0000221   1.9749E+07 -3.9521E+06  2.2220E+06
0000222   1.0398E+07 -6.0593E+06  5.8054E+06
0000223   1.4023E+07 -4.4275E+06 -3.7556E+06
0000224   1.4932E+07  4.0668E+05 -1.8816E+06
0000225   1.3162E+07  2.3420E+06  3.3998E+06
0000226   1.2798E+07 -8.0838E+05  3.7922E+06
0000227   9.8982E+06  1.1707E+06  4.1536E+05
0000228   1.5900E+07 -3.5294E+06 -3.1647E+06
0000229   1.6465E+07 -1.1686E+05 -4.4447E+06
0000230   1.7554E+07  2.9081E+05  3.7611E+06
0000231   1.0787E+07  1.2792E+06  7.0868E+06
0000232   9.8651E+06 -2.5019E+06  5.9006E+05
0000233   1.1091E+07  1.8020E+06 -5.2862E+06
0000234   9.7642E+06  3.8692E+06  7.4236E+05
0000235   4.2303E+06  5.1966E+06 -2.7007E+06
0000236   6.5149E+06 -3.3690E+06 -9.2768E+04
0000237   8.1522E+06 -4.5415E+06 -1.7754E+06
0000238   1.3693E+07 -3.8630E+06 -2.0920E+06
0000239   1.2823E+07 -2.8776E+06  1.6089E+06
0000240   1.0982E+07  1.4631E+06 -3.6834E+06
0000241   7.5565E+06  1.7841E+06  1.1704E+06
0000242   9.3833E+06 -3.6908E+06 -8.4215E+06
0000243   2.9262E+06  5.3522E+06  2.5646E+06
0000244   1.1677E+07  3.4875E+05  2.3089E+06
0000245   1.6644E+07  3.0032E+06  3.4551E+05
0000246   1.7706E+07  6.7367E+06  3.5234E+06
0000247   1.3297E+07 -8.5511E+06  1.0283E+05
0000248   8.7820E+06 -3.1944E+06  7.3730E+06
0000249   1.4607E+07 -8.4341E+05 -3.5080E+06
0000250   9.7244E+06 -7.1152E+06  5.3899E+06
0000251   1.7925E+07 -5.8747E+06  9.7437E+04
0000252   1.7465E+07  1.0878E+06  4.1967E+06
0000253   1.1350E+07 -3.9459E+05 -3.9313E+06
0000254   1.6103E+07 -8.0852E+06 -2.2266E+06
0000255   5.4775E+06  3.3334E+06  6.4752E+06
0000256   1.5721E+07  3.4997E+06  2.8012E+05
0000257   1.7517E+07 -6.4421E+05 -3.2123E+05
0000258   1.5154E+07 -3.8700E+05 -4.2247E+06
0000259   1.0333E+07 -2.8873E+06  6.9047E+05
0000260   1.8119E+07  9.4843E+05 -6.6571E+06
0000261   1.7358E+07 -9.3351E+05  2.9735E+05
0000262   1.1978E+07  1.8859E+06  1.3879E+06
0000263   1.5995E+07  7.8005E+06 -2.7758E+06
0000264   1.6216E+07 -4.2424E+05  1.9750E+05
0000265   5.5367E+06  6.0910E+06  5.1874E+06
0000266   1.4884E+07 -2.0258E+06  1.2453E+06
0000267   1.3109E+07 -2.9227E+06  3.7991E+06
0000268   1.2014E+07  2.9090E+04 -9.6190E+05
0000269   1.4099E+07 -3.4180E+06 -8.6667E+05
0000270   1.0261E+07 -2.1995E+06  1.7901E+06
0000271   8.2651E+06  2.5356E+03  1.5514E+05
0000272   1.2763E+07 -2.4418E+06  2.4025E+06
0000273   9.1812E+06  4.0668E+06 -1.5332E+06
0000274   1.6354E+07 -8.4531E+05 -1.5332E+06
0000275   1.4014E+07  2.3243E+06 -1.6792E+05
0000276   1.0286E+07 -1.1752E+05  1.5691E+06
0000277   1.2456E+07 -1.7847E+05  4.2028E+06
0000278   8.5509E+06  3.7699E+06 -4.2892E+06
0000279   9.6880E+06  1.3809E+06  6.1091E+05
0000280   4.3412E+06  4.9344E+06  1.1844E+06
0000281   9.6277E+06  2.3792E+06  6.4392E+06
0000282   1.0720E+07 -8.8383E+06  1.2316E+06
0000283   1.1761E+07  3.9641E+06 -2.4937E+06
0000284   1.3920E+07 -5.9675E+04 -4.9452E+06
0000285   1.1806E+07  5.0437E+06 -3.4093E+06
0000286   1.0386E+07  3.6943E+06 -5.6002E+06
0000287   1.5319E+07  1.0658E+06  2.8223E+06
0000288   1.4407E+07  1.1750E+06 -2.2994E+06
0000289   1.3647E+07  1.1577E+06  4.1597E+06
0000290   8.3599E+06 -4.1529E+06  2.2710E+06
0000291   1.5378E+07  5.3797E+06 -2.6966E+06
0000292   1.4105E+07 -4.6042E+06  3.1519E+06
0000293   1.3101E+07 -1.4628E+05 -2.6514E+06
0000294   1.3220E+07 -2.6083E+06 -3.6471E+06
0000295   1.1478E+07 -2.5257E+05  6.7279E+06
0000296   1.2194E+07  2.7892E+06  3.6301E+06
0000297   1.5854E+06  3.0096E+06 -4.8095E+06
0000298   1.8806E+07  3.4413E+06  1.4105E+06
0000299   1.6381E+07 -9.0072E+05  1.6228E+06
0000300   7.7058E+06 -9.6495E+06  4.9399E+06
0000301   1.3732E+07  1.2904E+06  3.4869E+06
0000302   1.2145E+07 -9.1944E+06 -1.9736E+06
0000303   1.5680E+07 -3.8894E+06 -7.3500E+05
0000304   1.6797E+07  5.1333E+06  7.1192E+06
0000305   1.5549E+07 -3.1825E+06  5.1847E+05
0000306   1.5089E+07  7.3730E+05 -3.8670E+06
0000307   1.3703E+07 -1.6080E+06 -1.3440E+06
0000308   4.3006E+06 -8.6036E+06  1.0217E+06
0000309   1.5291E+07 -1.2181E+06 -4.3360E+05
0000310   1.0612E+07 -1.0970E+06 -1.3134E+05
0000311   1.1106E+07  6.4159E+05 -2.3193E+06
0000312   1.0016E+07 -1.3583E+06 -4.6793E+05
0000313   1.1129E+07  7.4033E+05  2.1628E+05
0000314   1.4193E+07 -4.7394E+06  6.7644E+06
0000315   1.2828E+07  1.2697E+06  9.6675E+06
0000316   1.3617E+07  1.0872E+06  2.9981E+06
0000317   1.5541E+07 -5.5195E+06  3.4713E+06
0000318   1.0588E+07  6.0380E+06  1.3705E+06
0000319   1.2286E+07 -4.7781E+06  2.0876E+06
0000320   1.3335E+07  1.0445E+07  1.2697E+06
0000321   1.4910E+07  5.7464E+06 -3.8171E+05
0000322   1.2225E+07  5.6868E+06  2.1979E+06
0000323   1.2100E+07  1.4813E+06 -8.1625E+05
0000324   9.5293E+06 -1.4075E+06 -2.0754E+06
0000325   1.9561E+07  2.6197E+06  2.7069E+06
0000326   1.5716E+07 -1.9648E+06 -7.4353E+06
0000327   7.9893E+06  3.4266E+06 -1.8488E+04
0000328   1.0937E+07 -1.3688E+06 -6.6634E+06
0000329   1.5985E+07 -1.0298E+05  4.3377E+06
0000330   1.1094E+07 -2.1200E+05 -4.6238E+06
0000331   1.6585E+07 -2.7869E+06  2.7771E+06
0000332   1.9836E+07  1.5394E+06 -2.8583E+06
0000333   1.2367E+07 -4.8420E+06 -2.5577E+05
0000334   9.8331E+06 -2.1957E+06 -2.9744E+06
0000335   1.4175E+07  2.3426E+06 -3.7403E+06
0000336   1.5062E+07  4.7812E+06 -2.9663E+06
0000337   1.3286E+07 -2.5565E+06  2.4135E+06
0000338   1.1206E+07  2.1741E+06 -3.9453E+06
0000339   1.3295E+07  4.7092E+06  3.7565E+06
0000340   6.7242E+06  1.2225E+07 -9.6531E+05
0000341   1.5850E+07 -5.4752E+06 -3.5519E+06
0000342   1.6581E+07  6.0589E+06 -2.2532E+06
0000343   1.4246E+07 -5.2236E+06 -3.1008E+06
0000344   7.2945E+06  1.6596E+06 -4.5100E+06
0000345   1.5224E+07 -3.5777E+06 -3.5203E+06
0000346   9.0417E+06  3.2183E+06  9.2909E+05
0000347   1.1989E+07 -1.7092E+06  1.5590E+06
0000348   1.9943E+07 -7.2696E+06  5.3722E+06
0000349   1.0562E+07  4.1138E+06  5.8871E+06
0000350   8.0153E+06 -9.1529E+05  8.0189E+05
0000351   1.6586E+07 -1.0036E+06  2.7198E+06
0000352   9.9073E+06 -8.0500E+05 -6.2431E+06
0000353   1.1555E+07 -4.1395E+06 -2.6386E+06
0000354   1.8815E+07 -1.4526E+05 -2.1624E+06
0000355   1.0662E+07 -1.9551E+06  3.9915E+06
0000356   8.0243E+06  8.3258E+05  4.9342E+06
0000357   1.5000E+07 -1.4101E+06 -3.1391E+06
0000358   1.1315E+07 -5.5291E+06  4.0158E+06
0000359   1.2606E+07 -5.5680E+06  2.5945E+06
0000360   1.4142E+07 -1.4536E+06 -7.1194E+05
0000361   1.2885E+07  2.2353E+05 -1.8692E+06
0000362   7.8708E+06 -2.2881E+06  1.9486E+06
0000363   1.1974E+07  2.8229E+06 -1.0102E+06
0000364   1.2875E+07  2.4041E+06  6.1038E+06
0000365   1.4458E+07 -4.4105E+06  7.8113E+04
0000366   1.6333E+07  1.1893E+06 -6.3695E+06
0000367   1.0667E+07 -3.1007E+06 -2.0583E+06
0000368   1.3858E+07  9.3587E+05 -3.1960E+06
0000369   1.4314E+07 -1.8908E+06  2.1663E+06
0000370   1.7121E+07 -1.4376E+06 -4.2222E+06
0000371   1.1161E+07 -6.5527E+05  1.4254E+06
0000372   1.1955E+07 -7.7336E+06  3.1555E+06
0000373   1.0976E+07 -4.5276E+06 -1.7142E+06
0000374   1.4966E+07  1.1025E+06 -2.6229E+06
0000375   1.2525E+07 -6.1578E+06  6.8729E+06
0000376   9.0944E+06  3.7648E+06  4.3855E+06
0000377   8.3006E+06  8.4268E+06 -4.3154E+06
0000378   1.6665E+07 -4.0346E+06  5.5288E+06
0000379   1.3348E+07  8.5611E+05 -4.4020E+04
0000380   4.0277E+06  3.7318E+06 -5.0679E+06
0000381   1.5015E+07 -1.2752E+06 -2.7666E+05
0000382   1.7718E+07  3.2542E+05 -1.6541E+06
0000383   1.3058E+07  2.5051E+05  2.8792E+06
0000384   1.5439E+07  4.8560E+05  5.8287E+06
0000385   1.1811E+07  5.0735E+05  2.3337E+06
0000386   9.0780E+06 -8.2598E+04  1.2317E+07
0000387   1.7844E+07 -1.0059E+06  1.7892E+06
0000388   8.7264E+06  3.5067E+06 -3.6879E+05
0000389   1.4125E+07 -1.9686E+06 -2.8263E+06
0000390   1.2980E+07 -2.5945E+06  1.3389E+05
0000391   1.4205E+07  2.3210E+05  8.8224E+06
0000392   1.3888E+07  7.4695E+05 -4.0285E+06
0000393   1.4911E+07 -2.8404E+06  1.7349E+06
0000394   1.5603E+07 -3.3841E+06  2.7714E+06
0000395   1.7383E+07 -4.1468E+05 -3.8217E+06
0000396   6.4319E+06 -2.9415E+06  3.0748E+06
0000397   9.7182E+06  4.0983E+05 -3.4241E+06
0000398   1.3626E+07  6.5184E+06  2.5461E+06
0000399   1.4808E+07  2.4777E+06  1.9722E+06
0000400   1.6925E+07  7.9315E+05 -4.1017E+06
0000401   1.0712E+07 -9.6877E+06 -1.8930E+06
0000402   1.5507E+07  1.3093E+06  2.0938E+06
0000403   1.6612E+07 -2.5707E+06  2.8893E+06
0000404   1.7006E+07 -4.3234E+05  5.6488E+06
0000405   1.3102E+07 -4.6296E+05  1.9832E+06
0000406   1.1255E+07  2.3767E+05  4.0374E+06
0000407   1.5515E+07  1.5734E+06 -3.6845E+06
0000408   1.3746E+07  2.4830E+06 -3.2443E+06
0000409   1.6982E+07  4.3061E+06 -2.0927E+06
0000410   1.2277E+07 -2.8097E+06  2.5159E+06
0000411   1.3434E+07  8.7910E+05  3.2509E+06
0000412   1.5741E+07  3.2791E+06 -2.7918E+06
0000413   1.4929E+07  1.9403E+06 -6.8582E+06
0000414   1.2391E+07 -9.4634E+05 -6.4659E+05
0000415   1.5006E+07 -2.1434E+06  3.5741E+05
0000416   1.5283E+07 -2.1344E+06 -3.7817E+06
0000417   1.5113E+07 -3.8577E+06 -3.2271E+06
0000418   1.0496E+07  5.4346E+06  2.7260E+06
0000419   1.0886E+07 -1.4058E+06  7.5818E+05
0000420   9.2795E+06 -2.0809E+06 -2.7731E+06
0000421   1.3432E+07  2.6178E+06 -4.0776E+06
0000422   1.6399E+07 -8.6142E+05 -4.1391E+06
0000423   1.7355E+07 -1.3260E+06  4.7056E+06
0000424   1.2696E+07  1.3568E+06 -8.7368E+05
0000425   1.0220E+07  6.3237E+06  4.2026E+06
0000426   1.7488E+07  3.6134E+06  1.3331E+06
0000427   1.8217E+07 -7.9001E+05 -6.9615E+05
0000428   1.1332E+07  2.8518E+06  1.8371E+06
0000429   1.0519E+07  6.1474E+06  5.8674E+05
0000430   8.5696E+06  4.4104E+06 -3.3883E+06
0000431   1.2141E+07  2.9767E+06 -4.7649E+06
0000432   1.2628E+07 -1.7198E+06  4.8219E+05
0000433   1.1118E+07  5.4212E+06  3.6141E+06
0000434   1.9197E+07  1.0831E+06 -9.7731E+05
0000435   1.8303E+07 -1.7346E+06 -2.4986E+06
0000436   1.6939E+07  4.0088E+06 -3.7732E+05
0000437   1.4970E+07  1.8210E+06 -2.4914E+06
0000438   1.0938E+07 -8.2624E+05  1.7286E+05
0000439   1.0657E+07 -3.4486E+06 -3.3657E+06
0000440   6.2176E+06 -1.0742E+06  5.4080E+06
0000441   1.7732E+07 -2.6195E+06  1.4565E+05
0000442   9.1921E+06  1.5875E+06 -2.0882E+06
0000443   9.8032E+06  9.9476E+03 -4.0839E+06
0000444   1.2447E+07 -2.0235E+06  1.2662E+06
0000445   5.5044E+06 -2.6867E+06  1.0202E+05
0000446   1.7035E+07  5.3828E+06  3.7414E+05
0000447   1.5887E+07  4.8589E+06 -4.0539E+05
0000448   5.8771E+06  1.3742E+06 -4.6452E+06
0000449   1.3362E+07 -1.4212E+06 -8.2067E+06
0000450   9.1491E+06 -3.3961E+06 -4.9291E+06
0000451   1.5628E+07 -1.3637E+06 -5.1195E+05
0000452   1.5340E+07  2.1843E+05 -3.3777E+06
0000453   1.2309E+07  1.5824E+06 -1.2037E+05
0000454   1.4682E+07 -4.1354E+06  1.7336E+06
0000455   8.9826E+06  4.2705E+06  3.3325E+06
0000456   1.7371E+07 -2.7181E+06  1.4908E+06
0000457   1.2628E+07 -1.0491E+06  4.3819E+06
0000458   1.4570E+07 -2.2976E+06 -1.1699E+06
0000459   1.1574E+07 -6.3557E+06  8.1253E+06
0000460   1.3672E+07  5.3678E+05 -6.4271E+06
0000461   1.7486E+07  4.8878E+06 -8.0369E+05
0000462   1.2715E+07 -1.7161E+06  2.7791E+06
0000463   9.1540E+06 -1.2347E+06  1.2810E+06
0000464   1.4322E+07 -4.7333E+06  4.9123E+06
0000465   1.1927E+07 -3.4858E+06 -3.9875E+05
0000466   1.8812E+07 -3.7133E+05 -3.4568E+06
0000467   9.7904E+06  2.3407E+06  1.4050E+06
0000468   1.7169E+07 -8.8863E+05 -1.3664E+06
0000469   9.8040E+06 -5.5211E+06 -3.7962E+06
0000470   1.5168E+07  6.5604E+06  2.7203E+06
0000471   1.0143E+07  2.2146E+06  6.3219E+05
0000472   1.4359E+07 -6.8727E+05  2.3899E+06
0000473   1.3720E+07  5.4053E+06  5.4455E+06
0000474   1.4294E+07 -2.3907E+06  6.7069E+06
0000475   4.3566E+06  1.7512E+06  2.1702E+06
0000476   1.4087E+07  2.6371E+06 -7.3020E+05
0000477   7.5372E+06 -6.9087E+06  6.2073E+06
0000478   9.4851E+06  2.4353E+06 -5.3475E+05
0000479   1.4057E+07 -1.9204E+06 -5.2305E+06
0000480   1.1356E+07 -3.9852E+06  5.1303E+06
0000481   1.5494E+07 -1.3214E+06 -1.4821E+06
0000482   9.9297E+06 -3.3592E+06 -5.1414E+05
0000483   1.0301E+07 -3.8392E+06 -1.4187E+06
0000484   1.3449E+07  7.1279E+05  1.8863E+06
0000485   1.0391E+07  1.5817E+06  9.7838E+06
0000486   1.7229E+07  1.6720E+06  3.1484E+06
0000487   1.1800E+07 -2.4188E+06 -7.7008E+05
0000488   1.6018E+07  3.8058E+05 -2.7239E+06
0000489   1.5616E+07 -6.4740E+06  1.3533E+06
0000490   9.2332E+06 -4.9159E+06 -7.6279E+06
0000491   1.5247E+07 -8.2471E+03  6.4847E+06
0000492   1.1721E+07  1.0063E+07 -5.0786E+06
0000493   1.7057E+07  2.5674E+06 -1.0359E+06
0000494   4.5457E+06  6.2262E+06 -4.0732E+06
0000495   1.4708E+07 -3.0249E+06  2.2218E+06
0000496   9.7247E+06 -3.1152E+06  7.7957E+05
0000497   9.1302E+06 -3.4147E+05 -7.2497E+05
0000498   1.2208E+07  4.2084E+06  2.5790E+05
0000499   1.5528E+07  6.1142E+06  1.5567E+04
0000500   1.7762E+07 -2.0494E+06 -3.6913E+06
0000501   1.4094E+07  2.2582E+06 -3.1887E+06
0000502   1.5427E+07 -8.4462E+05 -3.1836E+05
0000503   1.4126E+07  5.9454E+06  1.3903E+06
0000504   1.9037E+07 -1.9020E+06  1.2126E+06
0000505   1.2213E+07 -5.2132E+05  6.9611E+06
0000506   1.5265E+07 -2.6233E+06  5.6836E+05
0000507   9.1923E+06 -1.9136E+06 -2.0181E+06
0000508   1.4853E+07 -1.0058E+07 -2.9100E+06
0000509   1.0762E+07  3.6422E+06  3.1737E+06
0000510   1.1313E+07 -3.1078E+06 -9.8654E+06
0000511   4.2846E+06  2.6608E+06  1.8292E+06
0000512   1.4990E+07  4.0349E+06 -1.7813E+06
0000513   1.7148E+07  1.1698E+06 -1.9285E+06
0000514   5.6160E+06  3.6963E+06 -3.7392E+06
0000515   8.0855E+06  3.1979E+06 -4.3599E+05
0000516   1.1273E+07 -8.5959E+06 -1.5882E+06
0000517   1.2983E+07 -4.1790E+06  3.3237E+06
0000518   1.5689E+07  4.8281E+05  1.1071E+06
0000519   1.7354E+07  4.5740E+06 -8.6302E+05
0000520   1.3124E+07 -1.3069E+06  7.0619E+04
0000521   1.5311E+07  7.8669E+05  4.0352E+06
0000522   9.9958E+06  6.9344E+06 -8.7694E+06
0000523   1.5748E+07 -6.5580E+05 -5.1416E+06
0000524   1.5193E+07  5.4557E+06 -8.3760E+05
0000525   1.5942E+07  1.6116E+06 -2.6280E+06
0000526   1.5298E+07  7.7366E+05 -1.0398E+07
0000527   1.6079E+07  4.7491E+06 -3.9246E+05
0000528   8.0380E+06 -3.0916E+06 -4.9079E+05
0000529   1.4688E+07  5.1306E+06  2.3784E+05
0000530   9.8109E+06  2.4561E+06  9.3568E+04
0000531   1.5926E+07  3.3330E+06 -9.7672E+06
0000532   1.2003E+07 -1.1748E+06 -5.7433E+06
0000533   1.6894E+07  1.8205E+06  1.7675E+06
0000534   1.3607E+07  8.0765E+05 -2.9058E+05
0000535   1.5086E+07 -2.1124E+06 -3.4896E+06
0000536   1.1588E+07 -5.3965E+05 -3.7306E+06
0000537   1.4432E+07  3.3391E+05  7.2377E+06
0000538   1.1287E+07  4.3961E+04 -3.4634E+06
0000539   8.1407E+06  4.5623E+05 -1.7888E+06
0000540   1.6475E+07 -5.8505E+06 -1.6838E+06
0000541   1.2573E+07  3.4396E+06  8.7747E+06
0000542   1.7126E+07  4.2170E+06 -5.1268E+06
0000543   1.3427E+07  1.3319E+06 -3.6138E+06
0000544   1.6049E+07 -4.4017E+06  1.7932E+06
0000545   1.6626E+07 -3.7078E+06  3.7328E+06
0000546   1.7295E+07 -2.0325E+05  5.4551E+05
0000547   1.1259E+07  2.0645E+06  3.3245E+05
0000548   7.7034E+06  3.4649E+05  5.0351E+05
0000549   9.4033E+06  3.5892E+06  4.4619E+06
0000550   1.5761E+07 -3.0855E+06 -5.6810E+05
0000551   1.9480E+07 -7.5059E+04  2.5448E+06
0000552   9.5817E+06 -9.1408E+05  6.9421E+06
0000553   1.5711E+07  6.5795E+06  2.8309E+05
0000554   1.3608E+07 -2.1247E+06 -3.0000E+06
0000555   1.1651E+07  1.0628E+06  5.5069E+05
0000556   1.4167E+07 -3.3466E+05  4.9754E+06
0000557   1.0210E+07 -3.2135E+06 -1.0907E+06
0000558   1.4445E+07  4.5860E+05  6.6782E+05
0000559   1.9063E+07  2.4071E+06  2.1053E+06
0000560   7.5960E+06  5.2708E+06 -3.9280E+05
0000561   4.1711E+06 -2.2368E+05 -2.9208E+06
0000562   1.4341E+07  2.1258E+06 -2.1656E+06
0000563   1.3799E+07  4.3169E+06 -4.4863E+06
0000564   1.2351E+07 -4.9718E+06  2.6241E+06
0000565   1.6213E+07  5.0966E+06 -1.3281E+06
0000566   8.4484E+06 -4.6816E+06 -4.2652E+06
0000567   1.7063E+07 -1.7327E+06  1.1921E+06
0000568   1.2989E+07 -2.6829E+06 -1.1170E+06
0000569   1.4168E+07 -6.9428E+04 -3.2179E+06
0000570   1.2155E+07 -6.4415E+05 -3.6952E+06
0000571   1.3974E+07 -3.6734E+06 -3.2540E+06
0000572   1.5802E+07 -9.6813E+05  2.1397E+06
0000573   1.2188E+07  2.1393E+06 -1.8265E+06
0000574   1.1961E+07 -3.9246E+06 -4.7887E+06
0000575   1.0254E+07 -3.3485E+06  2.0136E+06
0000576   1.5410E+07  3.8814E+05 -9.5319E+05
0000577   1.7874E+07  5.3692E+05  6.4158E+06
0000578   1.5645E+07 -1.6107E+06  1.8290E+06
0000579   1.7696E+07  1.4497E+06 -2.1888E+06
0000580   1.8257E+07 -1.6321E+06 -1.9750E+06
0000581   1.0501E+07 -7.6118E+06  6.3644E+06
0000582   1.3941E+07 -7.1925E+05  1.7024E+06
0000583   1.3686E+07 -2.9365E+06  2.1056E+06
0000584   1.1510E+07 -3.7419E+06  6.2731E+06
0000585   1.3266E+07 -7.9961E+06 -4.8394E+06
0000586   1.6651E+07  3.3260E+06 -3.0116E+05
0000587   1.1685E+07  3.4756E+06 -1.3852E+06
0000588   1.7459E+07 -8.5177E+05 -6.4140E+05
0000589   1.0183E+07  7.8428E+05 -3.6243E+06
0000590   1.2775E+07  4.6505E+06  2.6520E+06
0000591   1.4923E+07  5.5579E+05  2.7574E+06
0000592   1.4452E+07  5.6707E+06 -1.8729E+06
0000593   1.3167E+07 -7.4922E+06  7.5474E+05
0000594   1.5240E+07  2.1964E+06  2.1582E+06
0000595   1.5631E+07  5.1430E+06 -2.3192E+06
0000596   1.3019E+07 -5.5247E+06  3.9598E+06
0000597   1.5527E+07 -4.6649E+06 -3.7516E+05
0000598   1.3824E+07 -1.3376E+06 -1.5911E+06
0000599   1.4850E+07  3.0930E+04 -2.1559E+06
0000600   1.3972E+07  8.7778E+03 -2.5391E+06
0000601   1.2894E+07  2.7452E+06  3.2978E+06
0000602   1.4980E+07  2.8360E+06 -5.7049E+06
0000603   7.2267E+06  6.1049E+06 -2.1999E+06
0000604   1.5253E+07 -4.6934E+06 -4.8746E+06
0000605   1.0121E+07 -2.1231E+06  1.7207E+06
0000606   1.3653E+07 -1.4085E+06 -9.6893E+05
0000607   8.7061E+06 -6.0386E+06 -1.7426E+06
0000608   1.5472E+07  5.4642E+06  5.8246E+06
0000609   1.7330E+07 -5.5322E+06 -3.2262E+06
0000610   1.1471E+07  3.8198E+06  1.3059E+06
0000611   1.3179E+07 -5.8138E+06  3.9906E+06
0000612   1.7426E+07 -1.2973E+06 -4.2430E+06
0000613   1.1028E+07  6.4733E+06 -4.7245E+06
0000614   1.3981E+07 -3.2144E+06  6.6864E+05
0000615   1.1510E+07  2.5102E+06  6.2751E+06
0000616   1.3775E+07  1.8830E+06 -1.3245E+06
0000617   1.6571E+07  1.9038E+06  1.5824E+05
0000618   1.5951E+07  5.6372E+05 -5.1046E+05
0000619   1.5315E+07 -3.6440E+06 -4.3462E+06
0000620   1.7457E+07 -1.3142E+06  4.6114E+06
0000621   1.1321E+07  2.1411E+06 -3.0738E+05
0000622   1.0500E+07 -3.2981E+06 -2.4209E+05
0000623   1.1529E+07  2.5951E+06  1.3598E+06
0000624   1.3017E+07 -2.4386E+06 -7.0005E+06
0000625   1.8316E+07 -1.5750E+06 -5.0997E+06
0000626   1.1732E+07 -4.2436E+06 -6.1003E+05
0000627   1.3072E+07 -1.0449E+06 -1.3533E+06
0000628   1.1781E+07  5.2820E+06 -5.8232E+05
0000629   1.7188E+07  6.0810E+06 -5.0836E+06
0000630   1.0951E+07 -1.8971E+06  4.9448E+06
0000631   1.6465E+07  2.4079E+06  1.1058E+06
0000632   5.4727E+06 -3.5528E+06  2.7630E+06
0000633   1.3771E+07 -8.3113E+05  8.6900E+05
0000634   9.7381E+06  6.4382E+06  2.9231E+06
0000635   9.6218E+06  2.7513E+06  2.1867E+06
0000636   1.8651E+07  9.1731E+05 -5.2667E+05
0000637   1.7406E+07 -3.6822E+06 -1.6376E+06
0000638   1.2579E+07 -2.6404E+06  3.3456E+06
0000639   1.2898E+07  1.6913E+06 -1.4445E+06
0000640   9.1888E+06 -1.9731E+06  4.0338E+06
0000641   1.4305E+07  5.9691E+05  3.8996E+06
0000642   1.4747E+07  1.4133E+06 -1.8690E+06
0000643   1.5578E+07 -2.5247E+06 -4.1376E+06
0000644   1.7853E+07 -1.2550E+06 -3.1136E+05
0000645   1.4075E+07 -1.7962E+06 -1.9942E+06
0000646   1.2864E+07 -1.2887E+05 -3.7144E+06
0000647   1.3909E+07  5.7859E+06  3.8889E+06
0000648   9.0888E+06  1.6226E+06  3.3228E+06
0000649   1.6132E+07  3.1014E+06 -4.1715E+06
0000650   1.6097E+07  2.7221E+06 -1.9909E+06
0000651   1.6434E+07  5.5657E+06  1.4206E+06
0000652   9.1291E+06 -1.6056E+06 -6.3177E+06
0000653   1.4088E+07 -3.4894E+06 -3.9618E+06
0000654   1.4020E+07 -1.4246E+06 -1.9581E+06
0000655   3.2955E+06  2.5570E+06 -2.4225E+06
0000656   1.2851E+07  2.4338E+06 -8.7371E+04
0000657   4.7899E+06  1.2412E+04 -1.7094E+06
0000658   8.2408E+06 -4.9339E+06  6.5029E+06
0000659   1.5368E+07  6.0082E+06 -2.9150E+06
0000660   1.2220E+07 -3.9008E+06  3.9063E+06
0000661   1.1205E+07  4.0583E+06 -6.7169E+05
0000662   1.1345E+07 -4.2153E+06 -4.4585E+06
0000663   1.5218E+07  1.5042E+06  2.2638E+06
0000664   1.8902E+07  5.1257E+06  4.0115E+06
0000665   1.6212E+07  2.1948E+06  4.2115E+05
0000666   1.0844E+07 -3.4787E+06  3.0953E+06
0000667   7.8591E+06  9.9793E+05 -1.9573E+06
0000668   8.6302E+06 -2.1900E+06 -6.3439E+06
0000669   3.3759E+06  5.7639E+05  7.2927E+05
0000670   9.5438E+06  3.0447E+06 -2.6773E+06
0000671   1.4427E+07 -4.2964E+06 -6.6109E+05
0000672   1.7920E+07 -1.4366E+06 -1.7003E+06
0000673   1.5960E+07  3.6438E+06 -3.6162E+06
0000674   1.2656E+07  3.8615E+06  7.2696E+06
0000675   2.5558E+06 -5.3064E+06  1.2780E+06
0000676   1.0628E+07  1.2915E+06  3.1122E+06
0000677   3.8179E+06 -3.0266E+06  3.0917E+06
0000678   1.2457E+07 -5.0729E+05  1.6905E+06
0000679   1.4937E+07 -2.2105E+06  5.0264E+06
0000680   5.9808E+06  2.5286E+06  1.6921E+06
0000681   1.6132E+07 -1.3459E+06 -6.9906E+05
0000682   1.5448E+07  4.6275E+06  3.1513E+06
0000683   1.1673E+07  1.2379E+06 -1.6319E+05
0000684   1.0459E+07  4.1956E+06 -7.7456E+06
0000685   1.5795E+07  2.9779E+06 -4.0880E+06
0000686   1.1660E+07 -8.9810E+05 -4.7930E+06
0000687   1.1124E+07  1.4384E+06  1.0151E+06
0000688   1.8154E+07 -2.0502E+06 -8.1727E+04
0000689   1.3903E+07  1.4066E+05 -1.0746E+07
0000690   5.8132E+06  3.9249E+06 -1.7325E+06
0000691   1.4981E+07  9.6953E+06  1.4754E+06
0000692   1.7494E+07  2.0082E+06 -2.1215E+05
0000693   1.5705E+07  7.1287E+06  9.6915E+05
0000694   1.3383E+07  1.0861E+06 -3.7324E+06
0000695   1.7325E+06 -1.4980E+04  8.5606E+04
0000696   1.8041E+07 -2.1862E+06 -4.0036E+06
0000697   1.4811E+07  1.2247E+06 -2.3198E+06
0000698   1.3851E+07 -4.4026E+05 -5.1758E+06
0000699   1.6166E+07  6.0551E+06  4.7585E+05
0000700   1.5361E+07 -4.9359E+06 -1.7519E+06
0000701   1.2037E+07 -2.6200E+06 -2.9069E+06
0000702   1.6791E+07  3.3517E+06 -9.1835E+05
0000703   9.5725E+06 -9.1142E+06  7.4510E+05
0000704   8.3795E+06 -1.3346E+05  6.1124E+06
0000705   1.0423E+07  5.0458E+06  3.4167E+06
0000706   1.3224E+07  2.9313E+06 -1.7424E+06
0000707   1.3430E+07 -1.6446E+06  6.9353E+06
0000708   1.6574E+07  3.8585E+06  5.4094E+05
0000709   1.3450E+07  4.2953E+04  6.1479E+06
0000710   1.5778E+07 -5.2109E+06 -6.9183E+06
0000711   1.6156E+07  2.2434E+06 -4.3629E+06
0000712   1.0211E+07  5.5104E+06 -1.0469E+06
0000713   1.1319E+07 -4.9991E+06  1.6057E+06
0000714   1.5787E+07 -1.7427E+06  5.9731E+05
0000715   1.0979E+07 -1.4884E+06 -2.1892E+06
0000716   1.6188E+07  6.8468E+06  3.7529E+06
0000717   1.6542E+07  2.5476E+06 -5.2581E+06
0000718   1.4112E+07 -8.7213E+05  7.6257E+06
0000719   1.5463E+07 -2.7754E+06  6.0850E+06
0000720   1.8701E+07 -4.4777E+05  2.7027E+05
0000721   1.2048E+07  2.5865E+06 -8.0973E+06
0000722   1.1058E+07  2.7983E+06  3.6133E+06
0000723   1.0628E+07  2.0854E+06  2.6684E+06
0000724   1.0865E+07 -4.1973E+06 -1.7247E+06
0000725   1.7787E+07  6.3883E+06 -2.1754E+06
0000726   1.8351E+07 -8.4145E+05  1.6529E+06
0000727   1.9674E+07 -1.9555E+06 -1.4830E+06
0000728   6.5883E+06 -1.3995E+06 -2.7764E+06
0000729   9.5118E+06  8.3283E+04 -2.0174E+06
0000730   1.0837E+07 -3.4946E+06  2.4517E+06
0000731   1.3612E+07  5.2395E+06 -9.3703E+05
0000732   9.3687E+06  5.4530E+06  8.7174E+06
0000733   1.5746E+07 -2.1950E+05 -2.3923E+06
0000734   1.4736E+07  2.2439E+05  8.3711E+05
0000735   1.4407E+07  1.8456E+06  4.8090E+06
0000736   1.4249E+07  1.1449E+06 -2.5061E+05
0000737   8.4245E+06 -5.6535E+06  2.1209E+06
0000738   1.5401E+07 -5.9379E+05 -1.4868E+06
0000739   1.4862E+07 -2.0732E+06 -3.3017E+06
0000740   1.4925E+07 -2.9025E+06  4.4813E+06
0000741   1.1775E+07 -2.9837E+06  3.7937E+06
0000742   1.4464E+07  8.0573E+05  1.1217E+06
0000743   1.7816E+07 -3.1917E+06 -2.2407E+06
0000744   1.3171E+07  1.2576E+06  2.4368E+06
0000745   1.1707E+07  1.7360E+06 -1.5838E+06
0000746   8.2304E+06  7.2687E+06  3.8969E+06
0000747   1.4044E+07  1.3357E+06 -2.4229E+06
0000748   1.0220E+07 -3.9680E+06 -1.0168E+06
0000749   1.5519E+07  1.3788E+06 -3.6752E+06
0000750   9.8782E+06 -2.9312E+06 -6.1885E+06
0000751   1.4138E+07  4.3833E+05 -2.5914E+06
0000752   1.3937E+07 -3.2920E+06  1.7791E+06
0000753   1.3060E+07  2.3392E+06 -3.1235E+06
0000754   2.0673E+07  7.3876E+05 -1.1475E+06
0000755   1.3256E+07  2.9460E+05 -3.2047E+06
0000756   1.4822E+07  3.6142E+06  9.4271E+05
0000757   1.4408E+07  1.2840E+06 -6.5407E+05
0000758   1.5399E+07 -1.5363E+05  1.2228E+06
0000759   1.4746E+07 -4.9332E+06 -3.4951E+06
0000760   1.3603E+07 -4.6147E+06 -3.7257E+05
0000761   1.0242E+07 -8.0800E+05 -1.9219E+06
0000762   9.5665E+06 -4.4721E+06  5.5503E+06
0000763   1.3902E+07  3.8750E+06 -6.1827E+06
0000764   5.8903E+06 -2.4101E+06 -1.1688E+06
0000765   1.5978E+07 -4.3832E+06 -9.3110E+06
0000766   1.3967E+07 -1.2349E+06 -1.0829E+06
0000767   8.7665E+06 -8.3994E+05  3.3629E+06
0000768   9.2797E+06 -3.8187E+06  3.4716E+06
0000769   1.4924E+07  3.1333E+06  1.5079E+06
0000770   1.4851E+07  4.4570E+06 -4.4592E+06
0000771   1.3490E+07  2.0057E+06 -7.1241E+06
0000772   1.3892E+07  4.7700E+05 -3.4617E+06
0000773   1.5208E+07 -3.3205E+06 -3.3541E+05
0000774   1.8390E+07 -8.5362E+04  8.0653E+05
0000775   1.6784E+07  8.6102E+05  2.8766E+06
0000776   1.3084E+07  4.3853E+06 -6.6256E+06
0000777   1.2996E+07 -3.6545E+06 -8.9621E+03
0000778   1.2946E+07 -5.3374E+05 -3.3005E+06
0000779   1.8846E+07 -1.1078E+06  2.9167E+06
0000780   1.6431E+07 -2.8512E+05  4.8362E+06
0000781   9.3225E+06  3.3566E+06  7.0072E+05
0000782   1.2732E+07  5.5737E+06 -3.3863E+06
0000783   1.8540E+07  1.7532E+05  1.4041E+06
0000784   1.6115E+07  2.8193E+06 -8.2322E+05
0000785   1.0297E+07 -3.0223E+06  6.9803E+06
0000786   9.3780E+06 -9.1709E+05  4.0028E+06
0000787   1.5146E+07 -1.3315E+06 -1.9177E+05
0000788   1.3122E+07 -6.7902E+05 -1.3446E+06
0000789   1.3791E+07  3.1480E+06 -4.7882E+05
0000790   1.3644E+07  3.9842E+06  7.5674E+06
0000791   1.7415E+07 -2.6409E+06 -4.6493E+06
0000792   1.4937E+07  4.9801E+06 -3.4046E+05
0000793   1.3271E+07 -6.1502E+04 -4.3152E+04
0000794   1.4746E+07 -1.5625E+05 -1.0839E+06
0000795   1.1999E+07 -1.3952E+06  5.8628E+06
0000796   1.3226E+07  8.9430E+05 -6.2054E+06
0000797   9.8916E+06  1.4883E+06  1.0617E+07
0000798   1.1956E+07 -4.4452E+06 -3.4756E+06
0000799   6.9445E+06 -8.6972E+05 -5.0677E+06
0000800   1.6423E+07  9.9909E+05  2.1443E+06
0000801   1.2081E+07 -2.3112E+06  4.6048E+06
0000802   1.7009E+07 -4.7785E+06  2.5713E+06
0000803   1.4601E+07  5.2550E+06  4.1569E+05
0000804   1.9006E+07  4.5761E+05 -2.7219E+06
0000805   1.0246E+07  1.3761E+06 -6.0518E+06
0000806   9.1098E+06 -1.9901E+06  3.8808E+06
0000807   1.0687E+07  4.7479E+06  5.0704E+06
0000808   1.5946E+07  2.3780E+06  4.2848E+06
0000809   1.4893E+07 -2.6084E+06  7.8411E+05
0000810   1.8791E+07  6.2203E+06  1.2511E+05
0000811   1.8167E+07  4.5075E+06  4.7686E+06
0000812   1.1241E+07 -1.4659E+06  5.8368E+06
0000813   9.9387E+06  9.8003E+05  1.9118E+06
0000814   1.6112E+07  6.9638E+06  2.5842E+06
0000815   1.5735E+07  9.1990E+06 -3.0169E+05
0000816   1.3689E+07 -3.8531E+06  4.3218E+05
0000817   7.8853E+06  2.7291E+06  5.0845E+06
0000818   1.1683E+07 -2.9387E+06  2.1736E+06
0000819   1.7629E+07 -6.8956E+06 -3.0785E+06
0000820   1.4382E+07  3.0767E+06 -3.4513E+06
0000821   1.0285E+07  2.5652E+06 -3.6038E+06
0000822   1.4547E+07 -1.2128E+06  1.1653E+06
0000823   1.4621E+07 -5.7271E+06  2.2427E+06
0000824   9.3924E+06 -2.2851E+06  1.8575E+06
0000825   1.3480E+07 -1.0353E+06 -7.2215E+06
0000826   4.5178E+06  3.9540E+06  5.8068E+06
0000827   1.6004E+07  6.8456E+05 -8.5665E+06
0000828   1.0551E+07 -1.4570E+06 -3.8377E+05
0000829   1.3264E+07 -2.8844E+06  7.6568E+06
0000830   1.5882E+07 -3.1695E+06 -4.7194E+06
0000831   1.5859E+07  5.8586E+06 -4.6290E+05
0000832   1.7057E+07 -2.5117E+04  6.3334E+06
0000833   1.1242E+07  3.9335E+06 -1.2339E+06
0000834   1.4544E+07  1.9284E+06  1.9506E+06
0000835   1.4419E+07 -3.4501E+06 -2.4747E+05
0000836   1.1877E+07 -6.6139E+06  2.1045E+06
0000837   1.4507E+07 -9.8104E+05 -1.2122E+06
0000838   1.1455E+07  5.9095E+06  1.2270E+06
0000839   1.2971E+07  9.1800E+05  5.5740E+05
0000840   1.7581E+07  5.5580E+05 -1.3889E+05
0000841   1.7481E+07 -1.3362E+06 -3.2413E+06
0000842   1.2390E+07 -5.1866E+06  5.0086E+06
0000843   1.0514E+07  2.1877E+06  1.1524E+06
0000844   1.2753E+07 -3.7275E+06  1.0525E+06
0000845   8.3710E+06 -1.7691E+06 -9.0473E+05
0000846   1.8783E+07 -3.1657E+06 -3.8539E+06
0000847   1.2940E+07 -8.2441E+06 -1.0070E+06
0000848   1.1686E+07 -2.4250E+06 -6.9766E+06
0000849   1.0458E+07  2.7169E+06 -3.6192E+06
0000850   1.3402E+07 -2.1360E+06  4.8423E+06
0000851   1.3264E+07  7.0249E+05  3.5992E+05
0000852   1.4103E+07  2.1907E+06 -4.4236E+06
0000853   1.2862E+07  4.8084E+06  8.0573E+05
0000854   1.7902E+07  4.4380E+06  1.5327E+05
0000855   1.4098E+07 -3.3159E+06  5.4121E+05
0000856   1.3643E+07  6.8150E+06  6.0084E+06
0000857   1.6671E+07 -1.7360E+06 -1.6727E+06
0000858   1.1566E+07 -5.3811E+06 -2.7372E+06
0000859   1.3613E+07 -1.3717E+06 -1.1065E+06
0000860   1.3792E+07 -2.1733E+06  4.4573E+05
0000861   1.1431E+07 -3.2308E+06  1.5254E+06
0000862   1.6312E+07 -3.1830E+06 -3.0328E+05
0000863   1.4685E+07  1.7325E+06 -7.8890E+05
0000864   1.0371E+07  9.7110E+05 -3.9073E+05
0000865   1.7974E+07  3.3145E+06 -4.5824E+06
0000866   1.1889E+07 -5.1763E+04 -1.9671E+06
0000867   1.8456E+07  4.4408E+06 -5.1959E+06
0000868   1.4426E+07 -1.8529E+06 -1.3701E+06
0000869   1.6201E+07 -4.2744E+06  3.6996E+06
0000870   1.2540E+07  2.1321E+06 -3.7491E+06
0000871   1.1800E+07 -9.7767E+05  4.6818E+05
0000872   1.6115E+07 -1.2464E+06 -3.0615E+06
0000873   1.0962E+07  1.5219E+06  5.5913E+05
0000874   1.6816E+07  2.4992E+06 -2.0705E+06
0000875   1.7653E+07 -3.3330E+05 -3.9933E+06
0000876   1.4490E+07 -2.8333E+06  2.8625E+06
0000877   8.4442E+06  1.3704E+06  4.4930E+05
0000878   1.3412E+07  1.5595E+06 -3.6480E+06
0000879   1.6686E+07  2.3339E+05  8.4113E+05
0000880   1.4933E+07 -1.5016E+06 -2.2600E+06
0000881   1.5456E+07 -5.6086E+06  1.0668E+06
0000882   1.2207E+07 -4.6837E+06 -1.4367E+06
0000883   1.5001E+07 -1.9183E+05  2.8838E+05
0000884   1.1875E+07 -9.2386E+05  1.0298E+07
0000885   1.6761E+07 -6.4140E+06  2.4326E+06
0000886   1.5398E+07  1.9691E+06  5.7355E+06
0000887   1.6692E+07 -8.8382E+05 -3.0885E+06
0000888   1.2596E+07  9.9565E+06  2.7514E+06
0000889   1.4018E+07  2.5573E+06 -6.9693E+06
0000890   1.5304E+07 -6.1116E+06  2.1590E+06
0000891   9.7153E+06 -5.0832E+06 -3.1457E+06
0000892   9.6680E+06  1.1190E+06  4.3915E+06
0000893   6.7206E+06 -4.2765E+05  3.7237E+06
0000894   7.0622E+06 -1.5916E+05 -1.4614E+06
0000895   1.7888E+07 -3.2067E+05 -3.4685E+06
0000896   1.3926E+07  3.2940E+06 -9.7044E+05
0000897   1.3597E+07  1.6915E+06  3.2511E+06
0000898   1.5334E+07 -3.5726E+06 -6.6891E+06
0000899   1.6248E+07 -5.2699E+06  7.7992E+05
0000900   1.3771E+07  3.3624E+06 -2.9173E+06
0000901   1.5428E+07  2.3712E+06 -2.9210E+06
0000902   1.3487E+07 -1.4793E+06 -2.5878E+06
0000903   1.7625E+07 -1.9087E+06 -4.0702E+05
0000904   1.4786E+07 -4.3774E+06 -5.8716E+06
0000905   1.0666E+07  3.3586E+06  2.3189E+06
0000906   1.7347E+07  3.9517E+05  8.5380E+05
0000907   7.9449E+06  2.3323E+06 -2.1158E+05
0000908   1.1511E+07 -5.3514E+06 -4.6422E+06
0000909   1.5842E+07  4.4764E+05  4.1613E+06
0000910   1.4447E+07  3.1279E+06  1.1276E+06
0000911   1.2459E+07  6.3845E+06  4.4057E+06
0000912   1.6516E+07  5.3825E+05 -1.7137E+05
0000913   1.4683E+07 -4.1580E+05  6.9735E+06
0000914   1.4546E+07  1.0851E+06  3.9624E+06
0000915   8.1559E+06 -1.3875E+06 -2.4102E+05
0000916   1.2962E+07 -1.9555E+06  6.4217E+06
0000917   1.4838E+07  3.4664E+06  3.1169E+06
0000918   9.8610E+06 -3.9763E+06  8.2286E+06
0000919   1.3139E+07  4.8192E+05 -1.9574E+06
0000920   1.3056E+07 -4.4715E+06 -6.5037E+05
0000921   1.6200E+07 -1.9081E+06  1.7253E+05
0000922   1.1878E+07  6.9647E+06  2.8254E+06
0000923   1.3671E+07 -3.6097E+06 -2.7417E+05
0000924   1.2608E+07 -1.7316E+06 -3.7263E+05
0000925   9.6734E+06  6.8476E+06 -2.4062E+06
0000926   1.1877E+07  1.8936E+06  2.3745E+06
0000927   1.2432E+07 -1.3733E+06  5.6462E+06
0000928   1.1181E+07 -4.7953E+05  3.1539E+06
0000929   1.6080E+07 -1.1197E+05 -2.7521E+06
0000930   1.5513E+07 -5.8374E+06 -2.6264E+06
0000931   1.8009E+07  3.3427E+05  4.1101E+06
0000932   1.3215E+07 -4.3623E+05 -1.6019E+06
0000933   1.8880E+07  3.7463E+06  1.9430E+06
0000934   1.7306E+07 -2.2390E+06  2.5700E+06
0000935   3.4770E+06 -7.5235E+05  4.0168E+05
0000936   1.5325E+07 -1.6768E+06  4.6112E+06
0000937   1.1482E+07 -6.8197E+05  4.7862E+06
0000938   1.0363E+07 -6.0014E+06 -3.9045E+06
0000939   1.3121E+07  6.8100E+05 -8.9135E+05
0000940   1.3651E+07  5.9750E+06 -2.6166E+06
0000941   1.4887E+07 -1.5651E+05 -3.8385E+06
0000942   1.2724E+07 -2.9420E+05  9.3292E+05
0000943   1.3868E+07  1.1704E+06  1.1242E+06
0000944   1.3097E+07 -6.9932E+06 -6.9835E+05
0000945   1.2821E+07  4.1615E+06  3.2742E+06
0000946   4.5173E+06  5.6939E+05 -2.6414E+05
0000947   1.7408E+07 -6.0236E+05  2.7515E+06
0000948   1.2420E+07  3.5040E+06 -1.5022E+06
0000949   1.4541E+07 -1.8726E+06  1.9361E+05
0000950   1.7196E+07 -1.2617E+06 -2.1863E+06
0000951   1.3218E+07 -2.4742E+06 -2.6010E+06
0000952   1.3267E+07 -5.9907E+05  1.2462E+06
0000953   1.6194E+07 -2.7302E+06 -2.5630E+06
0000954   1.1640E+07  4.0271E+06 -5.7109E+06
0000955   1.0410E+07 -1.6071E+06 -9.2853E+06
0000956   1.1403E+07  8.1053E+06  1.0132E+06
0000957   1.5730E+07  3.3276E+06 -2.1145E+06
0000958   1.7046E+07 -9.8663E+05  1.2592E+05
0000959   1.1137E+07  6.1748E+06 -1.1116E+06
0000960   1.1296E+07 -3.3330E+05  2.8507E+06
0000961   1.4357E+07 -1.9059E+06 -1.0254E+06
0000962   1.2435E+07 -3.7723E+06 -6.3133E+05
0000963   9.3578E+06  4.0037E+06 -1.0476E+06
0000964   1.5590E+07 -9.0978E+05  6.7949E+05
0000965   1.0452E+07 -3.3619E+06  9.3593E+05
0000966   6.2076E+06  6.0706E+06  3.8669E+05
0000967   1.2656E+07 -3.9697E+06  1.4356E+06
0000968   1.4284E+07 -2.5973E+06 -3.1659E+06
0000969   1.1472E+07  9.8269E+05  6.7997E+06
0000970   1.5839E+07  4.9013E+06  6.8011E+06
0000971   1.3478E+07 -2.2155E+06  6.9518E+05
0000972   2.0718E+05 -8.0890E+03  1.1463E+06
0000973   1.3244E+07 -4.2136E+06 -7.0094E+05
0000974   1.8558E+07  2.7643E+06 -2.9192E+06
0000975   1.7641E+07  3.7376E+06  1.4795E+06
0000976   8.0546E+06 -1.0108E+06 -5.7877E+06
0000977   6.4475E+06 -5.2677E+06 -6.6196E+06
0000978   1.3367E+07 -1.8160E+06  7.4699E+06
0000979   1.2964E+07  3.1881E+06  3.2369E+06
0000980   1.0042E+07 -3.5739E+06 -1.0320E+07
0000981   1.1751E+07 -4.1570E+06 -5.8288E+05
0000982   7.8341E+06 -4.9798E+05 -5.7766E+04
0000983   1.0367E+07  4.5733E+06  1.9309E+06
0000984   1.5368E+07 -2.2791E+06  5.9308E+06
0000985   1.3544E+07 -4.2281E+06 -2.2614E+06
0000986   1.2322E+07 -4.3885E+06 -2.5691E+06
0000987   1.3730E+07  4.0403E+06  1.2773E+05
0000988   1.2753E+07 -1.8890E+06  8.6023E+06
0000989   1.2476E+07  2.8198E+06 -2.3252E+05
0000990   1.4875E+07 -5.9093E+06  8.0449E+06
0000991   1.2594E+07 -1.4557E+06 -4.0350E+06
0000992   1.8333E+07 -1.7112E+06 -8.4201E+05
0000993   1.2590E+07 -1.9748E+05  1.5972E+06
0000994   9.2299E+06 -1.6724E+06  1.4500E+06
0000995   1.7707E+07  1.0014E+06  5.9878E+05
0000996   1.2330E+07  3.0690E+06  1.3850E+06
0000997   1.3033E+07  7.7919E+06 -2.6830E+06
0000998   1.4251E+07  2.5520E+06  1.4109E+06
0000999   1.6141E+07  1.3460E+06 -9.9805E+05
0001000   7.1887E+06  4.6303E+05  4.1470E+06
