============================== SRIM-2013.00 ==============================
==============================================================================
====== SRIM Outputs\RANGE_3D.txt : File of Final Ion Positions =====

Ion = Ar (18)   Ion Mass= 039.9620
Energy  = 1325711.E-05 keV
Ion Angle to Surface = 00.0 degrees
==================== TARGET =======================
  Layer # 1 - Layer 1
  Layer # 1 - Bottom Depth=500000.E+02 A
  Layer # 1 - Density =0000.0018 g/cm3
  Layer # 1 -  100 % of Ar
様様様様様様様様様様様様様様様様様様様様様様様様様様
                                            
Ion       Depth  X   Lateral Y   Lateral Z  
Number    (Angstrom) (Angstrom)  (Angstrom) 
-------  ----------- ----------- -----------
0000001   2.1494E+05 -3.9520E+05 -1.4277E+05
0000002   6.0089E+05 -7.7373E+04  2.6239E+05
0000003   1.5833E+05 -2.4354E+04 -4.7047E+04
0000004   4.3001E+05  1.1966E+05  9.7189E+04
0000005   2.1865E+05  1.5584E+05  1.6818E+05
0000006   4.4562E+05  7.9926E+04  1.3070E+05
0000007   1.7024E+05  5.9045E+04  2.3192E+05
0000008   6.0928E+05  5.5670E+03  7.7655E+04
0000009   3.1697E+05 -1.2014E+04  1.4845E+05
0000010   1.8416E+05  1.0894E+05 -1.9037E+05
0000011   6.6737E+05 -7.9171E+04 -6.8883E+04
0000012   3.1826E+05  2.0767E+05 -4.0464E+04
0000013   5.5431E+05 -2.3973E+04  2.3556E+05
0000014   3.8935E+05 -2.4073E+05  1.5206E+04
0000015   2.2920E+05 -1.0845E+05  1.8733E+05
0000016   4.1377E+05 -1.2723E+05 -1.9505E+05
0000017   5.0760E+05  3.5289E+05  1.4973E+05
0000018   1.7261E+05 -9.7560E+04  1.4544E+05
0000019   1.6473E+05 -8.7669E+04  2.2332E+04
0000020   2.6949E+05  2.9162E+05 -3.2429E+04
0000021   2.6226E+05  4.9585E+04  1.3305E+05
0000022   2.6592E+05 -6.3393E+04 -1.0157E+04
0000023   2.2273E+05 -1.9520E+05  2.4851E+04
0000024   1.3639E+05  1.0169E+05  8.3314E+04
0000025   2.1215E+05  1.9155E+04  7.2255E+04
0000026   2.8262E+05  1.2696E+04 -2.7721E+04
0000027   2.6098E+05  8.5065E+04  1.5686E+04
0000028   4.0953E+05  4.5734E+05 -1.5627E+05
0000029   2.7315E+05  7.4112E+04 -4.2234E+04
0000030   3.4711E+05 -7.2223E+04 -1.5508E+04
0000031   4.8027E+05 -2.5005E+04  2.1265E+05
0000032   5.3317E+05 -9.1854E+04 -1.6656E+05
0000033   1.5354E+05  4.3066E+04 -3.6669E+04
0000034   2.5497E+05  8.1878E+04 -1.9805E+05
0000035   6.1145E+05  8.4900E+04 -2.1601E+05
0000036   1.3617E+05  7.6919E+04 -2.4865E+03
0000037   6.4160E+04  1.7108E+05 -4.6866E+02
0000038   2.8302E+05 -1.9170E+04 -3.5597E+04
0000039   4.5267E+05 -1.6009E+05 -2.6588E+05
0000040   3.6493E+05  1.5063E+05 -1.9601E+05
0000041   1.9382E+05 -3.6250E+04  1.9716E+05
0000042   2.6051E+05  2.6008E+04  2.3785E+04
0000043   1.8026E+05  7.8379E+03  7.3095E+04
0000044   2.6227E+05 -2.8732E+04 -1.3842E+05
0000045   2.5145E+05 -1.0475E+05 -1.4715E+05
0000046   2.3019E+05 -1.0470E+05  1.6159E+05
0000047   5.2409E+05 -8.3604E+04  1.9146E+05
0000048   1.9180E+05 -5.4611E+03 -5.3961E+03
0000049   2.5699E+05 -2.6331E+04  4.8164E+04
0000050   3.8188E+05  7.9216E+04  5.0018E+04
0000051   5.7418E+05 -2.6110E+05  1.8539E+05
0000052   2.9413E+05  1.0411E+05 -1.8328E+05
0000053   3.3436E+05  4.6320E+05  2.0943E+05
0000054   2.8535E+05  2.9021E+04 -6.8406E+04
0000055   3.4470E+05 -1.8540E+05 -8.3206E+03
0000056   5.9896E+05 -4.0973E+05 -7.6298E+04
0000057   2.3366E+05  3.8911E+04  1.1921E+05
0000058   3.0981E+05 -2.0820E+05 -1.5366E+05
0000059   2.7741E+05  1.3742E+05 -1.8058E+05
0000060   2.1659E+05  2.2436E+05 -1.3397E+04
0000061   3.0725E+04  1.0289E+05  8.6458E+04
0000062   5.8990E+05 -4.4667E+04  4.2581E+04
0000063   2.8356E+05  6.9249E+04  8.0145E+04
0000064   2.1023E+05  3.5780E+04  6.5861E+04
0000065   4.7124E+05  1.6666E+04  9.6359E+04
0000066   2.2555E+05 -1.6831E+05  1.0155E+04
0000067   3.1849E+05 -2.5495E+04 -1.8405E+05
0000068   3.6281E+05 -1.1719E+05 -1.2284E+05
0000069   6.5679E+05  1.3299E+05 -8.9960E+04
0000070   1.9366E+05 -4.0491E+03  1.7094E+04
0000071   1.1687E+05 -5.5045E+04 -2.3053E+04
0000072   2.7761E+05  1.3518E+05  3.2392E+04
0000073   2.6807E+05  2.6111E+05  1.1366E+05
0000074   3.7023E+05  1.3621E+05 -1.1998E+05
0000075   4.2958E+04 -6.4205E+03 -1.4548E+04
0000076   4.0672E+05 -2.3587E+05  1.2231E+04
0000077   3.3937E+05  6.6719E+03 -1.0613E+04
0000078   4.8502E+05 -3.5385E+05 -2.8757E+04
0000079   3.4626E+05 -8.3488E+04 -2.1201E+05
0000080   3.0534E+05  7.6075E+04  1.5391E+05
0000081   3.6068E+04 -1.5247E+05  1.5584E+04
0000082   6.1478E+05  4.6174E+04  5.0261E+04
0000083   5.0996E+05 -2.9547E+05 -1.1053E+05
0000084   3.3473E+05 -7.1094E+04 -9.6476E+04
0000085   3.6097E+05 -3.5522E+04 -8.4433E+04
0000086   2.0013E+05 -6.0559E+04 -1.7354E+05
0000087   1.5203E+05 -4.3064E+03  4.7939E+04
0000088   6.2563E+05  1.9534E+05  5.3006E+04
0000089   3.7130E+04 -9.4568E+04 -3.5150E+04
0000090   3.3180E+05  1.0212E+05 -2.3784E+05
0000091   4.6506E+05  2.3761E+04  2.1117E+05
0000092   5.6596E+05 -5.2580E+04  4.7042E+04
0000093   4.1496E+05 -6.8885E+03  5.1037E+04
0000094   3.1780E+05  3.1003E+05  6.2560E+04
0000095   2.4224E+05  1.8959E+05  1.5915E+05
0000096   3.5496E+05  5.1217E+03  8.1500E+04
0000097   1.1217E+05  1.8361E+05  1.8862E+04
0000098   4.1527E+05  5.5036E+04  1.7132E+05
0000099   3.8978E+05 -4.3935E+04  8.4601E+04
0000100   2.5598E+05 -1.9185E+05  8.5237E+04
0000101   4.4392E+05 -1.8567E+05  8.5570E+04
0000102   2.1875E+05 -1.6488E+05  1.4837E+05
0000103   6.3559E+04  3.0827E+04  8.7006E+03
0000104   1.5098E+05 -2.3391E+05  1.6738E+04
0000105   3.2348E+05 -8.1834E+04 -1.3812E+04
0000106   3.6276E+05  2.5329E+05 -1.0873E+04
0000107   1.4020E+05  1.0217E+05  5.4249E+04
0000108   2.8841E+05 -2.3406E+05  1.4798E+04
0000109   3.1308E+05 -1.0090E+05  1.2973E+05
0000110   4.0964E+05 -3.4638E+05 -2.5453E+05
0000111   4.2707E+05 -9.6830E+04  4.2175E+04
0000112   6.6566E+05 -2.4230E+05  4.5698E+04
0000113   7.4253E+04 -1.2773E+05  7.6807E+03
0000114   4.7057E+05 -2.7648E+05 -2.9649E+05
0000115   1.7293E+05 -1.2976E+05  1.7154E+05
0000116   1.1275E+05  7.2438E+03  3.7316E+04
0000117   8.7075E+04  9.5865E+03 -1.8930E+03
0000118   7.9088E+04 -1.1839E+05 -1.8536E+05
0000119   7.2565E+05 -6.6219E+04 -1.5323E+05
0000120   3.1946E+05 -1.6913E+05 -5.2514E+04
0000121   3.5522E+05 -7.1789E+03  1.1304E+05
0000122   3.7240E+05 -3.6057E+05  2.5531E+05
0000123   1.7335E+05 -1.6064E+05 -2.1717E+05
0000124   2.0449E+05 -1.0308E+05 -2.7508E+04
0000125   1.9389E+05 -3.9299E+04  1.1482E+05
0000126   4.8872E+05  9.9406E+04 -5.4061E+04
0000127   9.5209E+04  1.5338E+05  5.2090E+04
0000128   7.3215E+04  4.6370E+04 -7.9990E+04
0000129   9.2204E+04  2.3012E+05 -6.7860E+04
0000130   3.8420E+05 -2.9826E+05 -2.7840E+05
0000131   3.3288E+05  9.5330E+04 -5.9138E+04
0000132   2.7905E+05  2.5772E+04  5.1480E+04
0000133   2.0580E+05 -2.7564E+04  1.8971E+05
0000134   4.9062E+05  2.0841E+05  1.0113E+05
0000135   2.4642E+05 -1.2343E+05  1.0682E+05
0000136   3.2584E+05  3.9137E+04  4.3392E+05
0000137   2.5105E+05 -1.7851E+05  2.0206E+05
0000138   2.3636E+05  1.4643E+05 -1.9018E+04
0000139   4.7575E+05 -1.4831E+05  1.4339E+05
0000140   1.1556E+05  1.0373E+05  2.2685E+05
0000141   3.7287E+05  1.6295E+05  1.2223E+05
0000142   2.2728E+05 -3.4081E+05  1.3754E+05
0000143   5.5639E+05 -1.6562E+05 -2.0599E+05
0000144   1.9668E+05  8.6931E+04  2.1883E+05
0000145   2.5553E+05  6.1515E+04 -8.3114E+03
0000146   4.9245E+05 -6.5747E+04  1.7012E+05
0000147   4.7956E+05 -2.2172E+05 -3.7570E+04
0000148   1.9852E+05  9.8514E+04 -6.9418E+04
0000149   2.2117E+05  7.6410E+04  6.4969E+04
0000150   3.0600E+05  1.1085E+04  4.1941E+04
0000151   3.3340E+05  3.7033E+05  7.1060E+04
0000152   2.1415E+05 -4.8880E+04  5.1771E+04
0000153   3.7968E+05  5.8984E+04  3.3719E+04
0000154   1.8329E+05 -8.9305E+04  3.1493E+04
0000155   3.5463E+05  6.8954E+04  2.0871E+04
0000156   4.0786E+05 -2.9719E+05  9.2703E+04
0000157   3.8370E+05 -3.8038E+04  2.0017E+05
0000158   3.0311E+05  1.9070E+04 -1.5946E+05
0000159   4.1474E+05  1.4271E+04  1.3441E+05
0000160   3.0029E+05  2.9286E+04  4.1742E+04
0000161   2.3094E+05  6.7764E+04  2.4043E+04
0000162   3.3234E+05 -9.8546E+04 -2.3657E+04
0000163   1.6797E+05  2.8274E+05  3.5839E+05
0000164   5.3764E+05 -2.5809E+05  1.4590E+05
0000165   3.3504E+05 -8.8617E+04  6.4121E+04
0000166   1.3287E+05 -1.2649E+05  4.5700E+04
0000167   2.7302E+05  5.1238E+04 -9.4063E+04
0000168   3.2566E+05 -1.2875E+02 -4.6168E+04
0000169   1.7249E+05  2.6138E+05  3.1686E+05
0000170   5.0354E+05  2.1340E+05  2.2301E+05
0000171   4.8299E+05 -8.1732E+04 -2.5992E+04
0000172   3.9162E+05 -4.3019E+04  1.4951E+05
0000173   5.5930E+05 -2.1097E+05  1.0328E+04
0000174   3.3013E+05 -8.3777E+04 -1.4284E+04
0000175   2.0541E+05 -1.0923E+05  2.2630E+05
0000176   1.3977E+05 -1.2575E+05  2.5913E+05
0000177   7.7647E+05 -1.8450E+05 -1.7197E+05
0000178   2.2610E+05  2.0736E+05 -3.6749E+05
0000179   3.8018E+05 -2.9613E+05  1.0760E+03
0000180   3.5286E+05  2.0329E+05 -2.1654E+05
0000181   9.6127E+05  3.9786E+04  2.0501E+05
0000182   2.3334E+05  3.1559E+04  1.4014E+05
0000183   2.8517E+05  9.8371E+04 -1.0646E+05
0000184   2.8096E+05  9.5227E+04 -1.8372E+04
0000185   3.1614E+05  4.9726E+04 -1.4847E+05
0000186   1.9551E+05 -1.3940E+05 -8.1771E+04
0000187   3.5825E+05 -1.3868E+04  8.9719E+03
0000188   2.3726E+05  1.1620E+05  2.9744E+04
0000189   3.8849E+05 -1.8212E+05 -1.2060E+05
0000190   1.1568E+05  5.1119E+04 -1.4540E+05
0000191   4.4957E+04  9.6879E+04 -5.2648E+03
0000192   4.2527E+05 -6.1009E+04 -3.0002E+05
0000193   1.0810E+05 -1.6744E+04 -3.9618E+04
0000194   3.0673E+05  2.1743E+05  1.8594E+05
0000195   4.3693E+05  1.8074E+05  3.3242E+04
0000196   4.1562E+05  1.1455E+05 -5.0992E+04
0000197   4.0779E+05  1.2747E+05 -1.2292E+05
0000198   3.0214E+05 -4.5334E+03 -4.4375E+04
0000199   1.1710E+05 -4.4366E+04  1.5315E+05
0000200   3.7900E+05 -2.3428E+05  5.5905E+04
0000201   1.3629E+05 -1.8049E+04  1.1289E+05
0000202   6.0199E+05 -3.1600E+03  1.1334E+05
0000203   2.2006E+05  1.0926E+05 -8.2344E+03
0000204   4.5610E+05  7.9305E+04  5.1934E+03
0000205   4.5111E+05 -7.7047E+04  4.5919E+04
0000206   2.4244E+05  1.0732E+05  3.9371E+04
0000207   2.4310E+05 -8.1534E+04 -1.1721E+05
0000208   1.9345E+05  1.5150E+04 -7.6378E+04
0000209   6.4904E+05  2.0303E+05 -3.5195E+04
0000210   5.1734E+05 -2.5386E+04 -8.1350E+04
0000211   6.3084E+05  9.1921E+04 -9.3702E+04
0000212   3.9633E+05 -4.2499E+04  2.0195E+04
0000213   4.0494E+05  4.4853E+04 -1.3818E+05
0000214   2.7390E+05 -1.6827E+05 -2.3022E+04
0000215   1.1848E+05  2.9917E+04  1.3873E+04
0000216   3.7579E+05 -1.4118E+05 -4.1380E+04
0000217   2.8457E+05  5.3531E+04  4.3580E+04
0000218   3.3640E+05 -2.1926E+04 -1.0659E+05
0000219   1.1980E+05  6.4498E+03 -1.3023E+05
0000220   3.8312E+05 -1.2050E+03  1.2931E+05
0000221   6.0587E+05 -3.4517E+05 -2.4483E+04
0000222   5.0435E+05  5.4199E+04 -5.0197E+04
0000223   3.2879E+05  2.9999E+04 -7.6063E+04
0000224   1.6164E+05  1.8975E+04  3.8543E+04
0000225   1.7590E+05  5.7268E+04 -2.9310E+04
0000226   2.7413E+05  1.5033E+04 -6.2549E+04
0000227   7.8714E+05  2.0254E+05  4.0217E+04
0000228   5.6143E+05  1.2498E+04  7.1292E+03
0000229   4.5481E+05  1.0082E+05 -3.9388E+04
0000230   3.2576E+05  7.0531E+04 -4.7160E+04
0000231   5.5156E+05 -1.4821E+05 -2.6348E+05
0000232   1.3784E+05 -5.0641E+04 -1.5958E+04
0000233   1.7730E+05 -1.2298E+04  7.3531E+04
0000234   2.3268E+05 -2.5201E+05  1.0275E+05
0000235   3.7749E+05  1.5141E+05 -2.3159E+04
0000236   3.2766E+05  1.5160E+05  8.5460E+04
0000237   2.4186E+05  1.2368E+05  3.5915E+04
0000238   4.6861E+05  9.9446E+04  1.7766E+05
0000239   1.9408E+05 -9.9921E+04  5.2661E+04
0000240   1.9015E+05 -4.5716E+04 -2.4597E+05
0000241   1.1455E+05 -6.4755E+04 -3.9627E+05
0000242   4.3890E+05  1.1352E+05 -8.4055E+04
0000243   2.6178E+05 -7.5635E+04  8.5873E+03
0000244   9.6244E+04 -2.5212E+04  6.8083E+04
0000245   3.3200E+05 -2.5227E+05 -8.3892E+04
0000246   4.0523E+05  2.4711E+05 -2.5997E+04
0000247   5.0208E+05 -1.1732E+05  5.9689E+03
0000248   5.4011E+05 -1.5074E+05  1.7954E+05
0000249   2.1801E+05 -6.2778E+04  3.0288E+05
0000250   3.0029E+05  4.8157E+04  1.8879E+05
0000251   4.7941E+05 -2.5221E+05  7.0812E+04
0000252   2.9460E+05  7.6107E+03 -1.1970E+05
0000253   5.8814E+05  8.9213E+04 -1.4994E+05
0000254   6.0216E+05 -7.8131E+04 -4.0481E+05
0000255   4.2698E+05 -1.8186E+04 -2.1146E+05
0000256   5.7804E+05  2.6760E+05 -2.8065E+05
0000257   1.5232E+05 -4.8126E+04 -8.0086E+04
0000258   5.8004E+05 -1.0337E+05 -1.8140E+04
0000259   2.0408E+05 -2.4365E+05 -5.7466E+04
0000260   2.6377E+05  9.9249E+04  4.2283E+04
0000261   4.5189E+05  2.9447E+05  1.2696E+05
0000262   2.7713E+05 -1.7216E+05  1.3913E+05
0000263   3.7370E+05  4.9673E+04  3.0333E+04
0000264   6.0993E+05 -3.7105E+04  2.6938E+05
0000265   3.8583E+05  3.1024E+04  2.6384E+04
0000266   9.2924E+04  1.7724E+05  1.3066E+05
0000267   1.5732E+05 -9.8764E+04  1.4552E+05
0000268   1.0813E+05 -3.5057E+03  8.5503E+04
0000269   1.9481E+05  1.0744E+05  1.0630E+03
0000270   3.6949E+05 -2.7029E+05  5.2507E+04
0000271   4.2235E+05 -3.7162E+05  7.6353E+04
0000272   2.6185E+05  7.1423E+04  1.3202E+04
0000273   3.0559E+05 -1.3426E+05 -1.4610E+05
0000274   4.5503E+05 -1.7888E+05  9.0538E+04
0000275   2.0779E+05  2.2610E+03 -1.3173E+05
0000276   4.1257E+05  3.5069E+05  1.3432E+05
0000277   1.1585E+05  9.2293E+04  8.5062E+04
0000278   2.2340E+05 -1.9353E+05  2.3576E+05
0000279   2.5425E+05  3.9534E+05 -2.1528E+05
0000280   2.1587E+05 -1.0104E+05  1.2411E+05
0000282   2.1963E+05 -8.0715E+04  1.4082E+05
0000283   9.4172E+04  4.8568E+04 -1.3778E+05
0000284   4.5999E+05 -1.4340E+05 -1.6113E+05
0000285   4.6444E+05  2.0808E+05  5.0849E+04
0000286   2.2732E+05  9.4051E+04 -8.4179E+04
0000287   2.3288E+05 -8.9555E+04  2.9478E+04
0000288   2.4485E+05 -1.6683E+04 -1.2690E+05
0000289   5.2140E+05  1.9303E+05 -1.3098E+05
0000290   2.6730E+05 -1.3972E+05  1.7530E+05
0000291   1.8927E+05  1.6533E+05  1.4247E+05
0000292   3.6938E+05  9.2674E+04 -2.4914E+05
0000293   5.0634E+05  1.6501E+05 -5.9271E+04
0000294   5.2216E+05  2.9268E+04  6.0802E+04
0000295   4.5472E+05 -7.8902E+03 -2.8815E+05
0000296   2.3224E+05  4.0314E+03 -8.1445E+04
0000297   6.3699E+05  2.1819E+05  2.4446E+04
0000298   1.7155E+04  1.5482E+05 -1.4361E+05
0000299   3.3988E+05 -1.9790E+05  1.5028E+05
0000300   4.5140E+05 -9.7565E+03  6.8041E+04
0000301   6.4751E+04  2.4362E+05  6.3093E+04
0000302   2.7626E+05 -4.2059E+04  3.4886E+04
0000303   4.9573E+05  9.4609E+04  1.7232E+04
0000304   3.2703E+05  2.8310E+04  1.9957E+05
0000305   3.7630E+05  4.7850E+04  1.7530E+05
0000306   7.1648E+05  3.8269E+05 -1.8745E+04
0000307   3.3421E+05 -6.9143E+04 -1.2495E+05
0000308   2.6164E+05  3.2965E+05 -8.8481E+04
0000309   2.0922E+05 -8.5375E+04 -2.6539E+04
0000310   6.5548E+05  8.0137E+04 -2.5986E+05
0000311   2.5138E+05  2.5927E+05  1.4502E+05
0000312   1.6208E+05  1.5124E+05  3.6703E+04
0000313   1.3863E+05 -8.3318E+04  2.1945E+05
0000314   3.8229E+05  1.7198E+04 -7.1327E+04
0000315   1.9179E+05 -3.4216E+04  7.8091E+04
0000316   4.5931E+05  2.2844E+05  1.8687E+05
0000317   3.3599E+05  7.8731E+04 -1.6334E+05
0000318   2.5319E+05 -6.4839E+04 -9.7853E+04
0000319   3.2244E+05  2.8920E+05 -8.1862E+04
0000320   1.4777E+05  2.1845E+04  2.0308E+05
0000321   3.8609E+05  9.0271E+04  1.0963E+05
0000322   1.7081E+05 -1.0076E+05  3.4342E+04
0000323   4.6265E+05  1.3326E+05 -1.0111E+05
0000324   5.2243E+05 -9.5195E+04 -2.1554E+05
0000325   4.3186E+05  2.2482E+04  3.1914E+04
0000326   1.4465E+05  1.4286E+05 -1.7362E+05
0000327   5.4269E+05  1.6055E+05 -4.5357E+04
0000328   7.5553E+04  9.7241E+04  3.2007E+05
0000329   4.5076E+05 -1.8639E+04 -1.1757E+05
0000330   2.3794E+05  4.7261E+04  4.1227E+04
0000331   4.2320E+05 -8.0047E+04  2.0152E+05
0000332   4.5484E+05 -1.2881E+04 -7.9772E+03
0000333   2.9602E+05 -8.4901E+04 -9.8615E+04
0000334   3.0835E+05 -1.8217E+05 -1.1895E+05
0000335   3.5006E+05  2.2037E+05  3.8876E+04
0000336   2.7780E+05  2.9337E+04 -1.1446E+05
0000337   3.7664E+04  2.5298E+03 -3.9651E+04
0000338   2.9558E+05  2.5371E+05 -5.1457E+04
0000339   4.4719E+05  1.0562E+05 -4.0138E+04
0000340   3.0508E+05 -1.8035E+04 -1.3215E+05
0000341   5.5238E+05 -1.9658E+05  2.1789E+05
0000342   1.1629E+05 -9.6096E+02  1.9742E+04
0000343   4.0073E+05 -2.8904E+05 -2.4859E+05
0000344   4.0640E+05 -2.5858E+05 -5.2345E+04
0000345   4.2148E+05  3.1267E+05 -9.7815E+04
0000346   2.1739E+05 -6.6936E+04  1.7423E+05
0000347   4.9453E+05 -6.9250E+04  1.8381E+05
0000348   2.0054E+05 -4.5404E+04 -4.0798E+04
0000349   3.1325E+05  2.2837E+05 -1.5222E+03
0000350   1.4804E+05  4.5761E+04  1.4100E+04
0000351   4.7329E+05 -4.9058E+04 -2.0751E+04
0000352   3.9184E+05  3.1611E+05 -4.1759E+04
0000353   5.0942E+05  1.5998E+04  1.2860E+04
0000354   4.9282E+05  7.4028E+04  1.3401E+04
0000355   6.0536E+05 -1.3029E+04  2.8604E+04
0000356   2.3446E+05  1.2908E+04  5.0430E+04
0000357   2.4375E+05  1.1177E+05  2.0707E+05
0000358   1.5051E+05 -1.6971E+05  4.0316E+04
0000359   3.7772E+05  1.1838E+04 -7.3526E+04
0000360   6.3501E+05 -5.0364E+04  1.2384E+04
0000361   3.0601E+05 -4.1445E+04  1.1452E+05
0000362   5.1573E+05  3.9427E+04 -4.6818E+04
0000363   3.3528E+05  1.0490E+05  1.0774E+05
0000364   3.3364E+05  2.9028E+05  2.4255E+04
0000365   3.8721E+05  1.2299E+05  6.7673E+04
0000366   1.5620E+05  7.4593E+04 -1.4572E+05
0000367   9.9522E+04  2.7800E+04  4.7179E+03
0000368   3.5070E+05  4.1628E+04 -8.0092E+03
0000369   2.8694E+05  4.4799E+04 -1.0372E+05
0000370   1.8338E+05 -7.6029E+04  1.4482E+05
0000371   3.5781E+05  1.6861E+05 -2.1879E+05
0000372   3.4398E+05 -2.1635E+05  9.1633E+04
0000373   5.7378E+05 -3.1699E+05 -4.5037E+04
0000374   2.7780E+04 -1.1135E+05 -4.2962E+05
0000375   2.5443E+05  1.4217E+04 -5.2201E+03
0000376   1.6718E+05 -1.9983E+04  6.4543E+04
0000377   4.0468E+05 -1.2451E+05  2.3598E+05
0000378   2.7844E+05 -1.3179E+05  9.7457E+04
0000379   3.8593E+05  2.8917E+05  2.0798E+05
0000380   9.4126E+04  7.9274E+04 -5.3890E+04
0000381   2.5895E+05  4.9720E+05  4.2597E+04
0000382   2.5789E+05  4.3030E+04 -4.7572E+04
0000383   4.4918E+05  3.1798E+04  1.0608E+05
0000384   3.7902E+05  1.8418E+05  1.1546E+05
0000385   6.2927E+05  1.5881E+05 -4.0550E+04
0000386   5.4513E+05 -2.6420E+05  4.1546E+05
0000387   2.4741E+05  1.1473E+05 -7.5281E+04
0000388   3.1774E+05 -2.1498E+05  2.3780E+03
0000389   4.3292E+05 -3.4541E+04  7.6904E+04
0000390   1.2695E+05  9.8026E+03 -7.0164E+04
0000391   2.1484E+05  1.9097E+05 -9.8484E+02
0000392   1.3138E+05  3.2100E+04 -9.5210E+02
0000393   6.0664E+05  2.3361E+04  2.0231E+05
0000394   2.7577E+05 -5.4984E+04 -1.2289E+05
0000395   6.5147E+05 -4.9473E+04 -1.3035E+05
0000396   1.0726E+05 -8.8122E+04 -1.6704E+05
0000397   1.6342E+05 -1.1458E+05 -6.1502E+04
0000398   4.8485E+05  1.1685E+05 -5.1465E+05
0000399   1.7683E+05  1.4958E+04  1.0215E+04
0000400   1.0997E+05  2.7340E+04  6.7295E+02
0000401   1.4684E+05 -1.6022E+05  1.7358E+05
0000402   3.6363E+05  7.5879E+04  2.6469E+04
0000403   2.6363E+05  2.0998E+05  1.5102E+04
0000404   7.4401E+05  4.3548E+04 -1.4256E+04
0000405   3.2489E+05 -7.8286E+04 -2.1757E+05
0000406   6.8122E+04  3.8543E+04 -4.8827E+04
0000407   1.9489E+04  3.7471E+03  5.5857E+03
0000408   1.2220E+05 -4.9320E+04  1.1231E+05
0000409   2.8858E+05 -1.3417E+05 -1.2013E+05
0000410   4.5426E+05  2.0736E+05  1.8407E+05
0000411   5.2666E+05  1.8807E+05 -1.8777E+05
0000412   1.4174E+05  1.1879E+05  7.5441E+04
0000413   2.4053E+05 -1.6543E+05  2.6992E+04
0000414   2.2471E+05  1.1647E+05  1.9365E+05
0000415   5.2831E+05 -6.3476E+04  8.5483E+04
0000416   9.5345E+04 -8.4601E+04  7.6164E+04
0000417   4.1524E+05 -7.9087E+04  1.3895E+05
0000418   3.0156E+05  1.7705E+05 -1.1641E+05
0000419   1.2759E+05 -2.1781E+05  3.8543E+04
0000420   4.1827E+05 -1.8009E+04 -3.0157E+04
0000421   2.0237E+05  1.0685E+04  1.2875E+05
0000422   4.6697E+05 -1.2613E+05 -4.0291E+04
0000423   6.7081E+04 -5.6385E+03  2.1295E+04
0000424   2.5591E+05  4.2013E+04 -4.7479E+03
0000425   8.6715E+04  4.8500E+04  9.0009E+04
0000426   1.9520E+05 -7.2209E+03  7.1802E+04
0000427   3.4182E+05 -9.0964E+04 -7.4087E+04
0000428   7.9069E+05  6.7798E+04  4.2935E+04
0000429   5.6182E+05  1.0359E+05 -4.9457E+05
0000430   2.7054E+05 -2.2653E+04  1.7652E+05
0000431   3.5485E+05  1.6793E+05  1.0460E+05
0000432   2.4020E+05  2.3785E+05  5.3903E+05
0000433   1.6302E+05  7.1541E+03 -2.9678E+05
0000434   2.4749E+05 -2.4395E+05  4.0440E+04
0000435   3.8505E+05  2.5985E+05  7.8181E+04
0000436   3.4303E+05  3.3021E+04 -1.7307E+05
0000437   1.5739E+05 -5.7557E+04  6.7092E+03
0000438   4.4430E+05 -6.5096E+04  5.9609E+04
0000439   3.7201E+05  4.5179E+04 -9.1691E+04
0000440   3.1511E+05 -1.0189E+05  9.6900E+04
0000441   4.2738E+05  1.6313E+05  1.3398E+05
0000442   4.9307E+05  3.4380E+04 -1.2064E+05
0000443   1.7974E+05  1.8372E+05  5.9307E+04
0000444   2.4560E+05 -1.3867E+04  3.2915E+04
0000445   1.6822E+05 -3.9824E+04 -6.5266E+04
0000446   3.5378E+05 -4.9285E+04 -1.5929E+04
0000447   4.9898E+05  1.3076E+05 -1.2691E+04
0000448   5.7159E+05  1.6246E+05  3.8343E+05
0000449   5.8207E+05 -8.0456E+04 -1.2225E+05
0000450   2.2228E+05 -5.9441E+03  5.6477E+04
0000451   2.0421E+05  3.1807E+04  2.4206E+04
0000452   3.9897E+05  1.3696E+04 -2.2611E+04
0000453   1.0739E+05  2.5865E+05 -3.2397E+05
0000454   1.7072E+05 -8.1504E+03  8.9022E+04
0000455   3.0979E+05  1.3268E+05  3.2581E+05
0000456   1.8667E+05  4.8933E+04  1.1509E+05
0000457   4.4196E+05 -8.3001E+03  1.8208E+05
0000458   4.4295E+05  6.0274E+04  3.0701E+05
0000459   2.9884E+05 -1.2459E+05  2.7732E+03
0000460   5.5093E+05  1.0212E+05 -1.7826E+04
0000461   2.2341E+05  7.3341E+04 -2.6483E+04
0000462   1.6696E+05  1.3818E+04  1.6862E+05
0000463   1.9138E+05 -3.4087E+04 -1.1103E+05
0000464   7.6213E+05  7.7513E+04 -8.3558E+04
0000465   3.9947E+05 -1.7247E+05 -1.6129E+05
0000466   1.7709E+05 -1.3273E+05 -4.2934E+04
0000467   4.2950E+05 -1.0103E+05 -4.2794E+05
0000468   3.1997E+05 -1.7425E+05 -9.9907E+04
0000469   2.4687E+05 -1.3354E+05  1.2908E+05
0000470   2.5392E+05  2.5645E+04  5.5329E+03
0000471   2.2651E+05 -4.8006E+04 -6.1507E+04
0000472   2.5215E+05  2.0429E+05  1.8881E+05
0000473   1.1527E+05 -9.6814E+03 -9.6418E+04
0000474   1.3934E+05  5.0101E+04 -2.4351E+05
0000475   4.2036E+05  4.4367E+04  9.2784E+04
0000476   4.7962E+05 -2.4974E+05 -4.7485E+04
0000477   4.7971E+05  2.2282E+05  2.9062E+04
0000478   2.3889E+05  1.0358E+05 -1.1841E+05
0000479   3.2705E+05 -3.7636E+04  6.3705E+04
0000480   6.2095E+05  8.4759E+03  1.5506E+05
0000481   1.1062E+05  3.7323E+04  5.0788E+04
0000482   2.0193E+05 -8.7600E+04  2.2708E+05
0000483   4.0807E+05 -1.1608E+05  9.1450E+04
0000484   3.1485E+05 -2.0803E+04  1.5411E+05
0000485   3.2754E+05  1.3995E+05  1.0483E+05
0000486   6.2629E+05  2.6995E+04  3.4499E+05
0000487   7.2218E+05  9.5490E+04  5.6607E+04
0000488   6.6981E+04  6.0004E+04  2.0377E+03
0000489   3.7005E+05 -5.2759E+03 -7.3473E+04
0000490   2.9420E+05 -1.9666E+04  4.4785E+04
0000491   7.4463E+05 -8.2975E+04  1.9618E+05
0000492   1.7448E+05 -3.7646E+04  1.8126E+05
0000493   3.9637E+05 -9.8852E+03 -1.9217E+05
0000494   4.5501E+05  2.0877E+05 -2.4114E+05
0000495   3.0555E+05 -2.2127E+05  1.1257E+04
0000496   1.5361E+05  4.9922E+03  2.4461E+05
0000497   4.7836E+05  3.4538E+05  1.2826E+05
0000498   4.5735E+05 -8.2364E+04 -5.8123E+04
0000499   2.7911E+05  6.8370E+03  4.7249E+04
0000500   2.0853E+05  1.1043E+05  5.1130E+04
0000501   3.4458E+05 -3.1216E+04 -4.0043E+04
0000502   6.7982E+05  7.8816E+04 -7.9437E+04
0000503   4.4770E+05 -2.6815E+03  3.2212E+05
0000504   1.7683E+05  1.0261E+04 -4.9874E+04
0000505   2.6361E+05 -1.9843E+04  4.8907E+04
0000506   4.3320E+05  9.7808E+04 -7.6714E+03
0000507   1.3585E+05 -1.2969E+05  7.3326E+03
0000508   1.4642E+05 -9.3413E+04 -7.8558E+04
0000509   2.8067E+05  4.0020E+05 -5.3557E+04
0000510   2.0667E+05 -1.8652E+05  1.1231E+05
0000511   6.5660E+05 -6.9943E+04  2.5290E+03
0000512   1.5856E+05 -4.8707E+04  1.2038E+05
0000513   6.1991E+05  3.2540E+05  1.4479E+05
0000514   3.0034E+05 -9.4741E+04  1.2773E+04
0000515   4.5681E+05  2.7287E+05  6.6548E+04
0000516   1.9982E+05 -1.6331E+05 -7.8546E+03
0000517   3.6732E+05  1.4174E+05 -2.5082E+05
0000518   4.1508E+05  8.2696E+04 -1.1582E+05
0000519   9.1868E+04  8.3663E+04 -4.8283E+04
0000520   1.2467E+05  1.4374E+05  4.5357E+04
0000521   2.3128E+05  3.1048E+05  5.7090E+04
0000522   4.0631E+05 -1.6795E+05  1.3239E+05
0000523   1.1195E+05  1.1728E+05  2.9099E+04
0000524   3.0795E+05  2.0356E+05  1.9139E+05
0000525   2.1366E+05 -1.5075E+05 -2.9460E+04
0000526   5.5637E+05 -2.1010E+04  1.9443E+05
0000527   3.0100E+05  6.7294E+04 -2.2696E+05
0000528   1.3591E+05  1.2604E+05 -3.1173E+04
0000529   2.9847E+05 -1.3645E+05  5.1220E+03
0000530   1.1061E+05  7.7806E+04  3.1510E+04
0000531   2.3859E+04 -2.1117E+05 -1.2150E+05
0000532   3.3889E+05 -3.3522E+04 -8.3120E+04
0000533   2.0535E+05 -1.4213E+05  1.5044E+04
0000534   3.8107E+05 -9.6987E+04 -6.6449E+04
0000535   2.9305E+05  1.0978E+05  1.4583E+05
0000536   2.9523E+05 -5.9347E+04  5.5930E+04
0000537   6.2506E+04  7.1947E+03  1.3111E+04
0000538   2.6771E+05 -1.2739E+04  6.6811E+04
0000539   4.8499E+05 -1.9604E+05 -2.6880E+05
0000540   5.8153E+04  8.7669E+04 -4.4161E+04
0000541   1.0363E+05  6.1337E+04  1.2916E+05
0000542   2.5731E+05  2.3664E+05  1.4184E+05
0000543   6.4451E+05  1.5333E+05  2.4239E+05
0000544   4.9701E+05 -2.8410E+05 -1.6286E+05
0000545   3.0227E+05  9.0891E+04 -7.1803E+04
0000546   6.1076E+05  7.7659E+04  1.3744E+05
0000547   4.1691E+05 -7.1370E+04  7.0227E+04
0000548   3.1140E+05 -2.3032E+04  1.5440E+05
0000549   3.5524E+05 -9.8903E+04 -1.8131E+04
0000550   3.6117E+05 -2.1072E+05  9.9723E+04
0000551   5.7416E+05 -1.1217E+05 -1.6364E+04
0000552   4.1024E+05  4.8930E+04 -1.4294E+05
0000553   1.4038E+05 -5.2758E+04 -2.3158E+04
0000554   3.4784E+05 -1.9147E+04 -9.4394E+04
0000555   5.3051E+05  1.1163E+04 -3.4582E+03
0000556   4.0398E+05 -1.4783E+05 -6.9969E+04
0000557   1.4693E+05 -6.5648E+04 -6.2634E+04
0000558   2.3468E+05  2.6053E+04 -1.9533E+05
0000559   5.7469E+05  1.0628E+05  2.8962E+04
0000560   2.2745E+05 -5.5388E+04 -3.0046E+04
0000561   1.1999E+05  8.9430E+04 -2.3396E+04
0000562   6.6760E+04  6.2576E+03  4.2487E+03
0000563   2.7227E+05 -2.2739E+04 -1.2715E+05
0000564   2.5769E+05 -1.6609E+05  2.1149E+05
0000565   3.2600E+05  4.3215E+04  1.2257E+05
0000566   3.1765E+05  1.4706E+04 -5.4834E+04
0000567   2.0909E+05  1.6203E+05  2.1012E+05
0000568   1.2166E+05  2.9666E+04 -2.5405E+04
0000569   2.0529E+05  6.0987E+04 -1.3719E+05
0000570   1.8570E+05 -4.7612E+04  4.7824E+04
0000571   4.0832E+05 -2.0512E+05  2.9381E+05
0000572   4.9062E+05 -1.6810E+05  4.5014E+04
0000573   2.5855E+05 -3.0171E+05 -1.1039E+05
0000574   4.2060E+04  9.0024E+02  6.2991E+03
0000575   6.2134E+05  5.7446E+04  1.6632E+05
0000576   1.2655E+05  6.3686E+04  4.8624E+04
0000577   3.5548E+05 -7.9814E+03 -8.5326E+04
0000578   3.9585E+05  1.4629E+05  5.4239E+04
0000579   3.0851E+05  1.0715E+05 -1.0270E+05
0000580   3.1544E+05 -1.0763E+05 -1.0921E+04
0000581   3.2254E+05 -1.1737E+05  1.6821E+04
0000582   3.2372E+05 -2.7504E+04 -2.9967E+04
0000583   1.7768E+05  1.1068E+05 -6.0813E+04
0000584   3.2540E+05  3.0432E+04  7.7512E+04
0000585   4.6249E+05 -8.4839E+04 -3.1466E+05
0000586   3.2160E+05  4.6882E+04  8.5292E+04
0000587   1.8658E+05  2.3210E+05 -1.3482E+05
0000588   3.1448E+05 -3.5198E+03 -7.8747E+04
0000589   7.0792E+05 -2.8550E+05  1.3349E+05
0000590   5.0086E+04 -1.3275E+05 -2.0980E+05
0000591   3.0565E+05 -2.0084E+05 -3.9242E+05
0000592   2.3426E+05 -1.0911E+05 -4.6525E+04
0000593   6.5199E+05  1.0744E+05  8.3236E+04
0000594   3.8426E+05  2.4066E+04  5.7955E+04
0000595   3.0006E+05 -5.2091E+03  1.6664E+05
0000596   3.4517E+05 -1.1675E+05 -1.2227E+05
0000597   3.4387E+05  4.0255E+04  7.5290E+04
0000598   5.8204E+05 -7.1507E+03 -1.3266E+05
0000599   4.0542E+05 -1.5246E+05 -9.8660E+04
0000600   2.9950E+05 -1.1498E+05  3.1107E+05
0000601   6.6397E+05  9.2034E+04 -1.5851E+04
0000602   4.5884E+05 -2.3334E+04 -9.6281E+04
0000603   3.2883E+05 -1.9102E+04  7.9553E+04
0000604   2.8271E+05 -3.3028E+05 -1.6434E+05
0000605   2.2974E+05  1.1405E+05  2.6573E+05
0000606   2.4501E+05 -3.4312E+04 -1.3902E+05
0000607   3.7559E+05 -1.4018E+05  2.2241E+05
0000608   2.1666E+05 -3.7686E+03  2.1857E+04
0000609   1.3204E+05 -2.7460E+05 -5.5950E+04
0000610   2.5867E+05  4.7800E+04 -4.7945E+05
0000611   1.6132E+05 -8.1581E+04 -2.3292E+04
0000612   4.0082E+05  1.8770E+05 -8.6623E+04
0000613   2.5527E+05  2.5493E+05  3.2873E+04
0000614   1.8719E+05  1.0461E+05  6.1721E+04
0000615   1.2835E+05  2.0514E+04  7.6803E+03
0000616   1.1105E+05 -3.6840E+04 -4.6615E+04
0000617   2.0142E+05 -6.6403E+04  3.8322E+04
0000618   5.1791E+05  1.5828E+05 -1.7843E+05
0000619   2.8088E+05  5.8597E+04  7.3852E+03
0000620   1.4394E+05 -1.1901E+05 -1.3676E+05
0000621   4.7252E+05  3.2723E+05 -4.7776E+05
0000622   6.1226E+05 -1.2628E+04  2.7266E+03
0000623   2.5092E+05 -1.9067E+04 -2.3187E+04
0000624   2.4680E+05  8.1901E+04 -1.7183E+05
0000625   3.0538E+05  1.6990E+04 -7.8286E+03
0000626   4.7144E+05  5.9242E+04  9.6851E+04
0000627   2.9721E+05  4.0326E+05 -1.3631E+05
0000628   2.8953E+05 -1.3221E+05 -3.0643E+05
0000629   3.1233E+05  5.4724E+03 -2.5499E+04
0000630   3.7721E+05 -2.9069E+04  1.3112E+05
0000631   3.6940E+05 -1.0344E+05 -3.2487E+04
0000632   1.7456E+05 -5.1280E+04 -6.7286E+04
0000633   2.4899E+05 -1.8962E+05  1.7037E+05
0000634   4.1804E+05 -2.7037E+05 -9.8166E+04
0000635   1.3065E+05 -1.4366E+05  1.1744E+05
0000636   4.8154E+05 -3.6278E+04 -4.5447E+05
0000637   2.4069E+05  1.2018E+04  3.6302E+05
0000638   3.0234E+05  4.2633E+04 -5.6091E+04
0000639   5.0370E+05 -1.4122E+05  1.4528E+05
0000640   4.9893E+05 -2.1771E+05  8.8459E+04
0000641   1.5384E+05 -3.4039E+04  1.0028E+05
0000642   4.7003E+05 -1.3324E+05 -3.1701E+04
0000643   2.2103E+05 -1.1830E+05 -2.3577E+04
0000644   2.9721E+05  5.6820E+04 -9.7344E+04
0000645   4.4132E+05 -2.3344E+05  7.6840E+04
0000646   5.2603E+05 -2.6067E+05 -2.2996E+05
0000647   1.9114E+05 -5.6416E+04 -2.5646E+05
0000648   1.3505E+05  3.8046E+04  2.1271E+05
0000649   5.4138E+05  7.7769E+04  8.4478E+04
0000650   1.6085E+05 -4.1915E+04 -7.5207E+04
0000651   4.2101E+05  7.4628E+03 -2.2099E+05
0000652   1.7243E+05 -6.9773E+02  1.0325E+05
0000653   4.2159E+05  2.0221E+05  5.0499E+04
0000654   2.2740E+05 -9.3289E+04  4.6290E+05
0000655   4.9745E+04 -1.9998E+04  7.5582E+03
0000656   6.7007E+04 -2.5216E+01 -1.4855E+04
0000657   3.6517E+05 -1.9533E+05  7.7258E+04
0000658   1.2310E+05  2.7967E+03 -2.4024E+04
0000659   4.0334E+05  2.5098E+05 -1.6939E+05
0000660   1.7774E+05 -1.0642E+05  2.3222E+04
0000661   2.8056E+05 -1.1370E+05  1.1561E+05
0000662   5.7552E+05 -1.6306E+05  8.1876E+04
0000663   2.8605E+05 -4.0446E+04  2.3539E+05
0000664   3.3349E+05 -8.7811E+04 -1.6529E+05
0000665   5.0774E+05  3.1243E+05  3.0027E+04
0000666   1.7175E+05  3.1308E+04  6.2099E+04
0000667   1.8664E+05  2.5149E+04  7.1023E+04
0000668   4.7192E+05  9.3823E+04 -3.3381E+04
0000669   2.3675E+05  1.5871E+05 -9.7055E+04
0000670   2.8234E+05 -1.6302E+05 -7.0833E+04
0000671   2.3204E+05  1.8194E+05  5.2028E+04
0000672   1.9761E+05 -2.1242E+05  5.7732E+04
0000673   8.8988E+04 -2.0229E+05  1.3186E+05
0000674   2.8104E+05  1.6225E+05 -1.9695E+05
0000675   5.2896E+05 -7.6996E+04 -6.4935E+03
0000676   3.9534E+05  5.2539E+04 -7.9405E+04
0000677   3.1907E+05 -3.4137E+04  1.9954E+04
0000678   4.8765E+05  9.5293E+04 -8.0913E+04
0000679   2.1502E+05  1.1974E+05 -1.4648E+05
0000680   2.4883E+05  3.8020E+04  5.7147E+04
0000681   3.9846E+05 -1.2778E+05 -9.2775E+04
0000682   2.8656E+05  6.3075E+03 -1.9053E+03
0000683   4.1369E+05  2.7980E+05  2.9371E+04
0000684   6.5875E+05  5.2960E+04  1.0146E+05
0000685   1.7663E+05  1.7385E+05  1.9734E+05
0000686   3.8367E+05 -3.0300E+04  1.0994E+03
0000687   6.7200E+05 -1.4927E+04 -1.6494E+04
0000688   3.6447E+05 -8.6921E+04 -8.2145E+04
0000689   2.7517E+05  1.8401E+05  6.2032E+04
0000690   1.1507E+05  1.0631E+05  1.3367E+05
0000691   1.2342E+05  1.1494E+05 -1.4340E+05
0000692   6.5644E+05  1.1133E+05 -5.9338E+04
0000693   1.9758E+04  1.0010E+05  5.0772E+04
0000694   4.6798E+05 -8.1855E+04 -7.9960E+04
0000695   2.9170E+05 -3.5449E+05 -5.4699E+04
0000696   3.2042E+05  5.6283E+04  2.9002E+05
0000697   3.7507E+05  8.7966E+04  1.7092E+05
0000698   1.4099E+05  3.5531E+05 -1.5587E+04
0000699   1.6904E+05  6.7768E+04 -1.6726E+04
0000700   3.2384E+05 -2.5318E+05  1.7127E+05
0000701   2.8270E+05  1.0137E+05  1.3575E+05
0000702   8.1814E+04  1.9902E+05  7.8913E+04
0000703   1.7651E+05 -3.0917E+04 -2.2222E+04
0000704   4.4414E+05 -6.1905E+04  2.5666E+04
0000705   2.8497E+05 -1.1680E+05  2.3881E+04
0000706   3.4410E+05  4.5104E+04 -1.9221E+04
0000707   6.9210E+05  2.9236E+03  1.1477E+05
0000708   5.5199E+05  6.4654E+04  9.3893E+04
0000709   1.1484E+05 -9.7335E+02 -2.1695E+05
0000710   1.8847E+05 -5.8823E+04 -1.8727E+04
0000711   6.2120E+05 -1.0200E+04 -3.6851E+05
0000712   4.5281E+05 -1.0300E+05  1.3259E+05
0000713   3.3303E+05 -4.7400E+04  5.4288E+04
0000714   1.9607E+05 -1.0524E+05  2.6286E+04
0000715   1.9230E+05 -1.6562E+05 -3.1921E+04
0000716   3.4240E+05  1.0900E+05  9.3816E+04
0000717   3.0934E+05  1.2121E+04 -2.2048E+01
0000718   2.4830E+05 -4.9917E+03 -1.1122E+04
0000719   4.9601E+05 -2.9656E+04 -2.2929E+04
0000720   4.7392E+05  1.0364E+05 -1.8122E+05
0000721   5.2428E+05  1.5585E+05  8.9954E+04
0000722   4.8042E+04  9.1315E+04  4.7503E+04
0000723   3.9036E+05 -8.4464E+04  2.8411E+05
0000724   5.6077E+05 -2.3844E+05  1.0488E+05
0000725   6.1120E+05 -9.8310E+04  5.5675E+04
0000726   5.1838E+05 -7.8393E+04  8.1214E+04
0000727   5.6834E+05 -3.2893E+04 -3.6261E+04
0000728   3.9437E+05  1.3653E+05 -9.9910E+04
0000729   7.0413E+05 -1.4658E+05  9.0597E+04
0000730   1.1444E+05 -6.2005E+04 -9.9683E+03
0000731   1.7223E+05  1.2670E+05  8.7350E+04
0000732   1.6676E+05 -1.1525E+05  3.0197E+04
0000733   2.3536E+05 -7.5640E+04  5.2146E+04
0000734   3.1543E+05 -1.0076E+05  1.0336E+05
0000735   3.6954E+05  1.2084E+05 -1.2832E+05
0000736   1.2097E+05  5.5217E+04 -7.3107E+04
0000737   2.9214E+05  6.3819E+04  1.1344E+05
0000738   3.2278E+05 -1.8725E+04  5.7676E+04
0000739   5.4829E+05  1.0492E+05  2.3715E+05
0000740   1.3975E+05 -5.9813E+04 -4.8194E+04
0000741   1.2402E+05  1.1650E+05 -1.1074E+05
0000742   1.7834E+05  2.6386E+05  2.8834E+04
0000743   3.6831E+05 -6.6315E+04 -1.0740E+05
0000744   2.5950E+05  8.2794E+04  3.1621E+04
0000745   3.5097E+05 -9.4895E+04  3.2699E+04
0000746   3.2130E+05 -7.9742E+04  2.4364E+05
0000747   2.5688E+05  1.7123E+05 -2.6291E+04
0000748   3.5910E+05 -5.2193E+04  1.5457E+05
0000749   3.9281E+05  4.8610E+04  1.8268E+05
0000750   2.1653E+05 -8.2529E+03  6.4744E+03
0000751   1.7308E+05  3.2741E+04  4.9472E+04
0000752   4.8238E+04  1.5172E+05  5.5466E+04
0000753   1.2095E+05  2.0771E+04 -2.1220E+04
0000754   4.2301E+05  2.0699E+03  1.5723E+05
0000755   3.0980E+05  9.3352E+04  8.6670E+03
0000756   3.6417E+05  6.0671E+04 -1.7232E+05
0000757   5.5706E+04  4.5516E+04  5.5788E+04
0000758   9.5217E+04 -9.8788E+03 -2.3918E+05
0000759   2.4108E+05 -2.2790E+05  4.8590E+04
0000760   3.2937E+05 -9.2119E+04  9.6482E+04
0000761   9.1460E+04  3.0409E+05  2.1311E+05
0000762   3.1754E+04 -4.9668E+04  5.5288E+04
0000763   3.5147E+05 -1.2760E+04  1.1200E+05
0000764   3.7884E+05  3.8275E+05  3.9104E+04
0000765   3.1304E+05  1.5753E+05  3.3474E+04
0000766   2.8653E+05 -3.1035E+05 -5.1691E+04
0000767   1.0908E+05 -4.3700E+04  1.6457E+04
0000768   7.5982E+05  7.8539E+03 -7.7108E+04
0000769   6.7379E+05  2.5638E+05  2.0378E+05
0000770   5.2809E+05  2.8587E+05 -2.2592E+05
0000771   2.6870E+05 -1.0949E+05  1.2481E+04
0000772   2.7728E+05 -7.0899E+04  3.3630E+05
0000773   2.1833E+05 -1.8425E+05 -6.2741E+04
0000774   2.8224E+05 -1.7310E+05 -9.1036E+04
0000775   2.2676E+05 -7.5952E+04 -4.6923E+05
0000776   1.9974E+05 -1.5882E+05 -1.5290E+04
0000777   3.2381E+05  5.3066E+04  3.2028E+04
0000778   4.6683E+05 -1.3002E+05  5.8239E+03
0000779   6.6884E+04 -2.7710E+03  1.5196E+05
0000780   1.3773E+05  4.3854E+04  3.2743E+04
0000781   2.1903E+05 -1.6445E+05  5.1329E+04
0000782   5.0454E+05 -1.5826E+05  9.3732E+04
0000783   5.0467E+04 -2.1145E+05  9.5620E+03
0000784   1.3889E+05  2.0294E+05  9.4421E+04
0000785   2.0069E+05  7.8971E+04  2.2211E+05
0000786   4.4887E+05 -1.8133E+05 -1.6083E+05
0000787   3.3139E+05 -2.4429E+05 -1.7423E+03
0000788   4.9186E+05  3.7003E+04  3.1672E+05
0000789   4.9962E+05 -1.4918E+05  1.3853E+05
0000790   2.1542E+05  1.6405E+05  7.3605E+04
0000791   1.7286E+05  8.3542E+04  8.6768E+04
0000792   9.8729E+04 -1.0089E+05 -3.7269E+04
0000793   2.4152E+04  1.3969E+05  8.0069E+04
0000794   3.0903E+05 -1.6293E+05 -2.7783E+05
0000795   3.3364E+05  2.7580E+04 -4.2382E+03
0000796   3.1827E+05 -5.2806E+04 -1.1876E+05
0000797   3.9091E+05 -7.1266E+04  8.7172E+04
0000798   5.0639E+05 -9.7482E+04  1.8699E+05
0000799   3.6534E+05 -1.1049E+05  2.9141E+04
0000800   1.8218E+05 -8.5387E+04 -4.0415E+05
0000801   4.8530E+05  6.9186E+04  1.1955E+05
0000802   3.1155E+05  3.1244E+04  3.9023E+04
0000803   2.6254E+05 -3.1495E+05  1.0601E+04
0000804   2.7480E+05  1.4076E+03  1.0659E+05
0000805   7.1733E+05  2.1620E+05  5.3145E+04
0000806   2.9539E+05  1.3653E+05 -3.9725E+04
0000807   1.9894E+05 -3.8630E+05 -8.0791E+04
0000808   1.8457E+05  5.7571E+04  4.3196E+04
0000809   6.9575E+05  3.1057E+05 -7.7843E+04
0000810   1.2480E+05 -1.2969E+05  7.0542E+04
0000811   3.8847E+05 -1.8257E+05  1.8484E+05
0000812   3.4459E+05 -3.1879E+04  9.7586E+04
0000813   4.4220E+05  1.1394E+05  1.8219E+05
0000814   1.7732E+05  1.4675E+05 -1.6927E+05
0000815   2.8246E+05 -4.9879E+04  2.8519E+04
0000816   3.9490E+05 -3.1894E+04  8.1550E+04
0000817   1.9300E+05 -9.4255E+04 -5.0522E+01
0000818   1.3028E+05 -9.0969E+04 -2.9508E+04
0000819   2.2704E+05  2.8062E+04 -3.5759E+04
0000820   1.6397E+05  3.1248E+04 -1.5187E+05
0000821   2.0073E+05 -1.8478E+04 -2.9845E+05
0000822   2.6125E+05 -3.6797E+04 -2.4482E+05
0000823   3.2894E+05 -1.2467E+05 -3.3235E+03
0000824   3.5399E+05 -2.4118E+05 -8.2194E+04
0000825   7.9474E+04  5.5474E+04 -5.8802E+04
0000826   2.7790E+05  7.9622E+04  2.5498E+05
0000827   2.2683E+05  2.4879E+04  1.0179E+05
0000828   4.3180E+05  2.2181E+05 -8.8528E+04
0000829   1.0333E+05  8.3471E+04  1.0745E+05
0000830   2.7302E+05 -1.5873E+05  1.9393E+05
0000831   2.2432E+05 -6.6970E+04 -6.5109E+04
0000832   2.7021E+05  3.4589E+04 -9.4115E+04
0000833   5.9383E+05 -3.5383E+05 -9.6145E+04
0000834   5.1600E+05  1.7884E+04 -4.7992E+04
0000835   1.4267E+05  1.8165E+04 -1.1370E+04
0000836   4.4691E+05 -8.1296E+04  3.0574E+05
0000837   4.2351E+04 -1.1714E+05 -5.1011E+04
0000838   2.3809E+05  3.6626E+04  8.3771E+04
0000839   3.9709E+05  1.1995E+05 -2.0346E+05
0000840   4.6782E+05  3.5089E+05 -2.2414E+05
0000842   4.7140E+05  1.4167E+05  1.6822E+04
0000843   1.0295E+05 -1.8750E+05  1.9872E+05
0000844   4.2578E+05 -2.5472E+05  4.9280E+04
0000845   6.5321E+05 -1.4295E+05 -2.4462E+04
0000846   3.1107E+05 -9.0074E+03  6.2006E+04
0000847   1.4837E+05 -1.2089E+05  1.1464E+05
0000848   2.3966E+05 -1.5633E+04 -1.3899E+04
0000849   3.7583E+05  8.6200E+04 -1.9082E+05
0000850   4.3760E+05  1.7129E+04  2.9162E+04
0000851   2.2482E+05  4.7743E+02  3.5649E+03
0000852   6.7949E+05  1.8876E+05  4.9771E+04
0000853   4.2388E+05  3.2069E+04  2.3101E+05
0000854   5.2686E+05  1.8545E+05  3.1343E+05
0000855   2.1166E+05 -2.9483E+04  1.2437E+05
0000856   4.5953E+05 -1.1485E+05 -1.9132E+04
0000857   2.6987E+05  1.6181E+05  1.0359E+05
0000858   2.3308E+05 -5.5608E+03  2.0960E+05
0000859   2.0309E+05 -2.3005E+05 -1.7396E+04
0000860   6.3733E+04 -7.3966E+04 -1.3544E+05
0000861   2.2293E+05  1.9271E+05  1.0788E+04
0000862   6.3141E+04  9.2678E+04  8.9385E+04
0000863   4.6452E+05 -2.6622E+05 -8.1219E+04
0000864   3.3187E+05 -4.9343E+04 -8.5119E+04
0000865   4.1173E+05  4.8094E+04  2.2328E+04
0000866   8.6002E+04  5.2059E+04 -3.1224E+04
0000867   1.0972E+05  2.2838E+04 -1.3994E+04
0000868   1.1908E+05 -3.0678E+04  3.5866E+04
0000869   1.8960E+05  3.8034E+04  1.1306E+05
0000870   2.0656E+05  9.3479E+04 -1.4032E+05
0000871   1.0347E+05 -2.4991E+04 -1.0042E+05
0000872   2.1269E+05  2.4643E+04  3.4211E+04
0000873   2.6072E+05  1.4358E+05  9.8711E+03
0000874   2.7402E+05  1.1513E+05 -5.7786E+03
0000875   4.4518E+05 -1.6685E+05 -6.6350E+04
0000876   3.7424E+05 -8.8329E+04  7.8942E+04
0000877   1.6083E+05 -7.9214E+03  1.1775E+05
0000878   5.1418E+05  1.9602E+05  1.1324E+05
0000879   9.6590E+04 -4.8076E+04 -5.2110E+04
0000880   2.7881E+05 -1.1182E+04 -6.8470E+04
0000881   2.6383E+05  2.2312E+04  1.3419E+05
0000882   4.1467E+05  2.2350E+04  3.5720E+04
0000883   2.8033E+04  2.1850E+04  3.9745E+04
0000884   3.7286E+05  7.0960E+04  1.6448E+05
0000885   5.0836E+04  1.2513E+05 -7.3983E+04
0000886   5.2535E+05 -1.5166E+05 -1.3047E+05
0000887   2.7805E+05  4.3399E+04  7.1260E+04
0000888   3.8073E+05 -8.2373E+04 -3.2236E+05
0000889   1.9690E+05  3.6974E+03  1.9660E+04
0000890   5.4377E+05 -2.6883E+05  6.1114E+04
0000891   4.2925E+05 -7.7243E+04 -1.8082E+04
0000892   3.4162E+05  1.3348E+04 -2.1767E+05
0000893   2.6810E+05  1.8578E+05  6.1422E+04
0000894   5.6900E+05  7.9974E+04 -1.0270E+05
0000895   2.3218E+05 -2.4534E+04 -2.7258E+05
0000896   1.9671E+05  1.7095E+05 -2.0128E+05
0000897   5.5314E+05 -1.1746E+05 -1.2470E+05
0000898   1.1155E+05 -1.4142E+05 -1.4280E+04
0000899   1.9283E+05 -9.8649E+04 -3.0429E+04
0000900   2.5048E+05 -1.6190E+05  8.3503E+04
0000901   3.5669E+05 -6.6104E+04 -1.1288E+05
0000902   3.5547E+05 -1.3091E+05  1.3954E+05
0000903   3.9339E+05 -9.2500E+02  4.5971E+04
0000904   3.3871E+05  1.3850E+05 -4.4806E+04
0000905   2.7050E+05  1.2355E+05  1.1013E+04
0000906   4.3194E+05 -1.6506E+05  4.8972E+04
0000907   5.7237E+05  2.5045E+05 -7.3788E+04
0000908   1.3786E+05  4.0420E+03 -1.0430E+05
0000909   3.1839E+05 -8.3831E+04 -1.0787E+05
0000911   3.8043E+05 -4.7253E+04 -2.6331E+05
0000912   2.4208E+05 -1.1297E+05 -2.1796E+05
0000913   2.0073E+05 -1.1552E+05  2.6514E+04
0000914   6.7760E+05  7.9431E+04 -1.4707E+04
0000915   5.2630E+05 -1.4281E+05  1.1607E+05
0000916   1.1200E+05  6.1998E+04  3.6751E+05
0000917   5.7219E+05  4.4064E+04 -5.3939E+04
0000918   6.3160E+05  2.6765E+05 -1.2046E+05
0000919   6.3743E+05  9.9231E+04  1.3462E+05
0000920   2.3339E+05  4.7244E+04  1.4173E+04
0000921   4.5812E+05 -5.9589E+04  1.0152E+05
0000922   3.3279E+05  7.9441E+04 -9.6474E+04
0000923   4.9778E+05  4.0520E+04 -2.3109E+05
0000924   5.2697E+05 -1.8418E+04  1.1034E+05
0000925   2.8498E+05  1.3618E+05 -4.3816E+04
0000926   2.0823E+05 -3.9295E+04  1.4246E+04
0000927   2.5346E+05  1.7838E+05  2.8904E+05
0000928   4.7447E+05  9.6303E+04  1.9316E+04
0000929   4.3581E+05 -1.7545E+04 -2.9906E+04
0000930   1.9880E+05  1.3515E+05  9.8777E+04
0000931   4.9122E+05  4.7349E+04 -5.1918E+04
0000932   6.1197E+05  8.9603E+04  6.6678E+04
0000933   4.0826E+05 -1.9318E+05 -1.8167E+05
0000934   2.9100E+05 -1.6060E+05 -4.1543E+04
0000935   2.0922E+05  1.1456E+05  1.3388E+05
0000936   1.0641E+05 -2.8124E+05  1.5834E+05
0000937   6.4556E+04  5.5019E+04  7.0190E+04
0000938   3.9270E+05 -1.5966E+05  7.3932E+04
0000939   2.4112E+05  1.5191E+05  5.2943E+04
0000940   2.2611E+05  1.6731E+04 -5.8276E+04
0000941   9.3502E+04 -3.1922E+04  2.5849E+04
0000942   3.3963E+05  3.4874E+04  2.0025E+05
0000943   5.1075E+05 -1.7158E+05  2.9467E+05
0000944   1.7440E+05 -6.9948E+04 -8.5312E+04
0000945   2.5326E+05  3.9572E+04  1.8795E+05
0000946   6.9949E+05 -1.3258E+05 -1.6042E+05
0000947   8.1896E+04  2.9531E+04 -1.1029E+04
0000948   1.5409E+05 -5.3569E+04 -1.7017E+04
0000949   4.7651E+05 -8.0215E+04 -4.1791E+03
0000950   2.5020E+04  1.5241E+05  7.3087E+04
0000951   2.4743E+05  5.8473E+04  1.6206E+04
0000952   4.3629E+05  2.3189E+05  4.1457E+04
0000953   1.4674E+05  5.2181E+04 -3.5306E+04
0000954   3.0636E+05  1.5140E+05 -2.9878E+04
0000955   3.0882E+05  2.8506E+05  1.3352E+05
0000956   3.4534E+05 -2.8953E+05 -4.7293E+04
0000957   3.2187E+05 -3.1534E+05 -1.0380E+05
0000958   2.8281E+05  1.2649E+05  1.6917E+05
0000959   2.7697E+05  9.3374E+04  1.1843E+05
0000960   2.5418E+05  4.2085E+04 -1.0952E+05
0000961   4.0792E+05 -4.3367E+04  1.0430E+05
0000962   2.2402E+05 -1.3265E+05  6.3398E+04
0000963   1.4358E+05  8.8938E+04  8.9927E+04
0000964   3.8588E+05  8.5415E+04 -6.1700E+04
0000965   3.3046E+05 -2.9010E+05 -1.2215E+04
0000966   3.2028E+05  1.9924E+05  1.5419E+04
0000967   3.2700E+05 -5.1664E+04  1.4893E+05
0000968   7.5548E+05 -8.8635E+03  2.5862E+05
0000969   5.9695E+05  2.7636E+05  4.6349E+04
0000970   3.1817E+05 -1.0650E+04 -4.2043E+05
0000971   1.5074E+05  2.5987E+05 -2.4207E+04
0000972   2.1831E+05  8.9076E+04  5.1469E+04
0000973   5.7497E+05 -1.2513E+05 -5.2264E+04
0000974   1.1795E+05 -7.1044E+04 -9.9656E+04
0000975   4.0160E+05  2.2203E+05 -8.9794E+04
0000976   2.5140E+05 -1.2199E+05  2.4876E+04
0000977   4.2286E+05 -1.0892E+05  1.1226E+05
0000978   2.8863E+05 -1.1464E+05  5.1872E+04
0000979   3.3507E+04  1.3670E+04  5.8620E+04
0000980   4.7722E+05  1.4425E+05  6.3998E+04
0000981   1.1213E+05 -1.6394E+05  1.2805E+05
0000982   4.3364E+05 -1.7594E+04 -1.1432E+05
0000983   2.4412E+05 -3.1429E+04  2.7946E+04
0000984   1.3199E+05 -8.4594E+04 -4.0415E+04
0000985   3.5292E+05 -1.9506E+05 -5.9943E+04
0000986   5.1884E+05  1.6779E+05  1.2705E+05
0000987   2.8023E+05 -5.1819E+04  3.3445E+05
0000988   2.5475E+05 -1.5876E+05 -2.3343E+05
0000989   3.2409E+05  1.0060E+05  3.1054E+04
0000990   4.6834E+05  2.8611E+04 -7.2215E+04
0000991   4.5688E+05 -5.0248E+04 -3.0038E+04
0000992   4.3863E+05 -1.8054E+04  2.1859E+05
0000993   1.9119E+05 -1.2194E+05  2.0045E+05
0000994   3.0240E+05  4.1254E+04  5.4673E+04
0000995   5.1169E+05 -2.0392E+05 -4.5039E+04
0000996   5.4707E+05  2.0373E+03  2.4813E+05
0000997   2.6536E+05 -6.3919E+03  1.1676E+05
0000998   2.5905E+05 -1.5299E+04  1.8912E+05
0000999   2.7064E+05  9.6978E+04 -1.1215E+05
0001000   3.7950E+05 -2.2257E+04 -1.5408E+05
