============================== SRIM-2013.00 ==============================
==============================================================================
====== SRIM Outputs\RANGE_3D.txt : File of Final Ion Positions =====

Ion = Ar (18)   Ion Mass= 039.9620
Energy  = 1456348.E-05 keV
Ion Angle to Surface = 00.0 degrees
==================== TARGET =======================
  Layer # 1 - Layer 1
  Layer # 1 - Bottom Depth=500000.E+02 A
  Layer # 1 - Density =0000.0018 g/cm3
  Layer # 1 -  100 % of Ar
様様様様様様様様様様様様様様様様様様様様様様様様様様
                                            
Ion       Depth  X   Lateral Y   Lateral Z  
Number    (Angstrom) (Angstrom)  (Angstrom) 
-------  ----------- ----------- -----------
0000001   2.6742E+05 -3.6439E+05 -5.9290E+04
0000002   2.4804E+05  6.3286E+04 -1.2361E+05
0000003   2.7157E+05 -6.8691E+04 -1.9875E+04
0000004   4.0247E+05 -6.5436E+04 -1.7383E+05
0000005   3.0169E+05  2.2677E+05  1.0384E+05
0000006   3.7566E+05 -2.4864E+04 -1.5737E+05
0000007   6.9231E+05 -9.1234E+04  3.8524E+04
0000008   5.9022E+05 -2.1005E+05  9.4138E+04
0000009   3.3301E+05  1.1781E+05 -4.1097E+04
0000010   2.1363E+05  1.5180E+05 -8.0118E+04
0000011   1.0073E+06  7.8335E+04  1.4826E+05
0000012   2.3759E+05 -1.9633E+05 -6.5392E+04
0000013   7.0399E+05 -2.2689E+05 -2.8649E+04
0000014   3.0557E+05  4.6596E+04  5.0605E+04
0000015   2.7231E+04  5.7318E+04  9.1744E+04
0000016   3.1797E+05  1.3791E+05  6.8586E+04
0000017   4.9139E+05  6.6298E+04 -5.4330E+04
0000018   5.4601E+05 -1.7493E+05  3.1388E+05
0000019   2.6043E+05  1.5930E+05 -4.2851E+04
0000020   4.7279E+05  3.6644E+05  1.4811E+05
0000021   3.4231E+05 -1.6838E+04  2.9562E+04
0000022   1.1328E+05  6.2752E+04  8.0285E+04
0000023   9.2866E+04 -1.2171E+05 -7.8609E+04
0000024   2.6130E+05  1.4367E+04  1.7103E+05
0000025   3.8794E+05 -1.8967E+05 -2.5455E+04
0000026   2.6454E+05  9.5589E+04  1.1747E+05
0000027   2.3722E+05 -3.3633E+04  9.7882E+03
0000028   3.6645E+05  2.3808E+04  5.1889E+04
0000029   4.1600E+05  1.5983E+04  6.7392E+04
0000030   3.4842E+05 -1.1701E+05 -9.8844E+04
0000031   2.9439E+05 -9.8317E+04  2.7622E+04
0000032   5.3704E+05 -4.2800E+05 -1.1148E+04
0000033   6.6213E+05  2.7686E+04  1.9701E+05
0000034   9.1104E+04 -1.5515E+05  2.6395E+04
0000035   3.6281E+05 -1.2015E+05 -7.9199E+03
0000036   6.2694E+04  8.5976E+04 -1.0854E+05
0000037   1.8313E+05 -2.0200E+05 -1.1146E+05
0000038   1.5257E+05  3.9571E+05  1.2201E+04
0000039   2.5937E+05  9.4763E+04  4.0442E+04
0000040   2.7762E+05  1.1869E+05  1.1585E+05
0000041   1.8586E+05 -5.0646E+04 -1.7056E+05
0000042   3.2519E+05 -6.5974E+04  1.2516E+05
0000043   2.5728E+05 -1.1231E+05 -7.7131E+04
0000044   1.4141E+05 -7.1489E+02 -5.5642E+04
0000045   2.6577E+05 -7.7491E+04  1.7388E+05
0000046   1.7740E+05  1.1152E+05 -2.4297E+04
0000047   2.9807E+05  1.4470E+05 -1.1863E+04
0000048   2.2776E+05  4.8699E+04 -1.7776E+04
0000049   5.8408E+04  7.9702E+04  3.7423E+04
0000050   4.9203E+04 -1.5451E+05  1.0506E+04
0000051   3.4217E+05 -8.8409E+04  3.0616E+05
0000052   4.6850E+04 -1.0989E+05 -7.1373E+04
0000053   3.9941E+05  1.6992E+04  1.5565E+05
0000054   3.2757E+05 -9.3137E+03 -2.5808E+05
0000055   1.9368E+05  1.2824E+05  2.6778E+05
0000056   2.6338E+05  9.5433E+04 -6.0458E+04
0000057   2.1262E+05 -6.5075E+02 -4.6515E+03
0000058   8.1837E+04  6.9304E+04  1.5529E+04
0000059   3.7808E+05 -2.0773E+05  2.2365E+04
0000060   6.3408E+05  1.3404E+05 -4.5185E+03
0000061   2.4611E+05  7.5922E+04 -1.9202E+05
0000062   2.2511E+05 -1.4529E+05  9.1375E+04
0000063   3.2649E+05 -9.3095E+04  5.7219E+04
0000064   5.5724E+05 -2.1578E+05  7.8719E+04
0000065   4.3944E+05 -9.2173E+03  1.5140E+05
0000066   4.9511E+05  2.4712E+05 -8.8591E+04
0000067   1.5288E+05 -2.5677E+05  1.0377E+05
0000068   2.2266E+05 -1.1267E+05  4.3749E+05
0000069   4.1879E+05  8.9048E+04 -2.4633E+05
0000070   4.9009E+05 -1.1314E+05  2.5873E+05
0000071   1.9210E+05 -9.1636E+04 -8.7533E+04
0000072   2.5422E+05 -6.2520E+04  2.1366E+05
0000073   3.5154E+05 -5.1149E+03 -8.7936E+04
0000074   6.7858E+04 -9.0455E+04  2.9638E+04
0000075   2.9795E+05 -1.9436E+05  9.7849E+04
0000076   1.7190E+05 -1.3188E+04  1.9587E+01
0000077   5.1185E+05 -2.8291E+04 -8.6670E+04
0000078   3.1932E+05  1.8941E+05  4.7130E+03
0000079   6.1970E+05 -1.5054E+05  7.2011E+03
0000080   2.1823E+05 -3.1432E+05  6.3285E+04
0000082   2.1173E+05  4.7910E+04  2.7361E+05
0000083   7.7852E+04  1.2657E+05  1.2762E+05
0000084   4.2743E+05 -3.4516E+05 -7.8926E+04
0000085   1.3356E+05 -5.0328E+04  1.7577E+04
0000086   4.5005E+05 -1.7203E+05  2.3452E+05
0000087   5.8902E+05 -1.2568E+05  3.5684E+04
0000088   3.8600E+05  1.8803E+04  9.4899E+04
0000089   2.3128E+05  1.1666E+05 -5.8239E+04
0000090   2.5877E+05  3.0648E+05  9.0128E+04
0000091   3.3058E+05 -7.9737E+04 -1.7707E+05
0000092   1.1043E+05 -2.0284E+05 -1.5091E+05
0000093   2.1915E+05 -7.3423E+04  8.6517E+04
0000094   2.6709E+05  3.7391E+05  1.8189E+05
0000095   1.9279E+05 -6.5622E+03 -1.5933E+05
0000096   3.8309E+05  1.9446E+04 -7.2596E+04
0000097   2.9200E+05  4.0921E+04  4.9987E+04
0000098   5.4884E+05  3.7608E+05  2.3847E+04
0000099   5.0737E+05 -2.6090E+04 -3.7030E+04
0000100   5.0999E+05 -2.4079E+05 -9.0551E+03
0000101   3.4619E+05 -1.7005E+05  1.3764E+05
0000102   8.2715E+05 -1.0635E+05  2.2078E+05
0000103   1.1331E+05 -2.3736E+05 -2.9550E+04
0000104   4.3787E+05 -2.7009E+04 -9.2785E+04
0000105   3.6552E+05  1.9629E+04  1.4833E+04
0000106   2.5615E+05  5.4972E+04  4.4789E+04
0000107   2.9007E+05 -7.7672E+04  1.5403E+05
0000108   3.7473E+05 -1.7890E+05 -1.6780E+05
0000109   4.1098E+05  7.6280E+04  1.1986E+05
0000110   2.1769E+05  1.0544E+05 -1.4229E+04
0000111   3.3231E+05  1.2162E+05  2.1552E+05
0000112   4.6287E+05 -6.9649E+04 -3.7713E+04
0000113   1.9245E+05  1.2703E+04  1.3320E+05
0000114   4.7960E+05 -1.7649E+05 -1.6486E+05
0000115   1.5053E+05  1.7191E+05  2.4761E+04
0000116   2.1643E+05 -7.2859E+04 -8.8562E+04
0000117   2.1628E+05 -7.1800E+04  3.2942E+04
0000118   7.7454E+05 -5.8632E+02 -2.6463E+05
0000119   2.9516E+05  1.0354E+05 -6.9882E+04
0000120   5.6035E+05  2.0697E+05  2.5000E+05
0000121   2.5065E+05 -1.2242E+05  2.5238E+05
0000122   2.4474E+05 -1.4686E+05  2.6186E+05
0000123   2.3782E+05  9.8611E+04  6.1601E+04
0000124   2.5467E+05 -1.2561E+05 -4.3407E+04
0000125   3.5361E+05 -2.9084E+04 -7.7054E+04
0000126   7.2564E+04 -8.4091E+03 -5.6630E+04
0000127   4.8737E+05  4.8813E+04  5.5236E+04
0000128   2.3163E+05 -3.6652E+05  5.3332E+04
0000129   2.8306E+05 -1.3372E+05 -1.8376E+05
0000130   1.3707E+05  2.2187E+04  1.6332E+04
0000131   4.1690E+05 -3.0722E+05 -9.0303E+04
0000132   1.5553E+05 -4.3750E+04 -5.9993E+04
0000133   1.7687E+05 -8.6135E+04  1.4998E+05
0000134   6.9155E+05  2.5061E+05  2.2890E+04
0000135   1.6436E+05  2.4294E+05 -3.0465E+05
0000136   1.7157E+05 -2.2314E+04 -8.6865E+04
0000137   2.8849E+05  1.6957E+04 -4.8796E+04
0000138   2.4159E+05 -2.0799E+04 -6.8036E+04
0000139   4.0538E+05  4.4212E+03 -3.4549E+04
0000140   3.2906E+05  1.6276E+05  1.5195E+05
0000141   4.9331E+05  2.2120E+05 -9.5613E+04
0000142   4.9141E+05  2.3145E+05  1.6746E+05
0000143   4.7293E+05 -1.0404E+05  2.3258E+05
0000144   3.4312E+05 -9.8907E+04  9.2302E+04
0000145   1.9745E+05  1.5539E+05  1.2510E+05
0000146   3.0715E+05 -1.3366E+04  9.7166E+04
0000147   1.1983E+05  2.4481E+04  1.8220E+05
0000148   2.3566E+05  2.1383E+05 -2.3100E+05
0000149   3.0672E+05  1.1155E+05 -1.0155E+05
0000150   2.2231E+05 -1.0798E+05 -2.8331E+04
0000151   6.4339E+05  9.1573E+04 -1.0197E+05
0000152   2.5650E+05 -2.0454E+05  1.6638E+05
0000153   2.8570E+05  2.6009E+04 -9.9822E+04
0000154   4.6375E+05 -7.9446E+04  5.4955E+04
0000155   2.8733E+05 -2.3530E+04 -9.9578E+04
0000156   4.6638E+05 -2.6216E+05  2.5714E+05
0000157   5.0806E+05  3.9780E+04  2.2632E+04
0000158   2.6569E+05  3.2133E+04  3.2879E+04
0000159   3.1245E+05  4.2476E+05  3.5586E+04
0000160   3.3892E+05  6.5191E+04 -3.3685E+04
0000161   4.6964E+05 -3.3741E+04  3.4446E+05
0000162   1.8791E+05 -4.0416E+05 -2.0206E+05
0000163   6.1229E+04 -2.0788E+05 -1.2909E+04
0000164   4.3316E+05  8.5339E+03  3.6872E+04
0000165   1.8391E+05  1.2072E+05  3.3642E+04
0000166   2.0931E+05 -1.2690E+05  5.4735E+04
0000167   5.1280E+04 -4.5165E+04 -4.5335E+04
0000168   4.0669E+05  1.2393E+04 -9.8493E+04
0000169   2.8489E+05 -7.5105E+03 -7.3353E+04
0000170   3.4938E+05 -1.4627E+05 -1.2521E+04
0000171   7.6093E+05 -1.1836E+05  1.0464E+05
0000172   1.4528E+05  2.7460E+04  1.2626E+05
0000173   4.9786E+05 -1.8630E+05 -3.9243E+04
0000174   1.9966E+05  3.6865E+04 -9.0565E+04
0000175   3.2895E+05  2.9840E+04  2.5950E+05
0000176   8.5683E+04  6.5406E+04  8.8328E+04
0000177   4.0523E+05  1.0603E+05 -7.1753E+04
0000178   6.9598E+05 -1.6623E+04  3.8343E+04
0000179   1.8789E+05  5.1766E+04  3.7407E+04
0000180   7.8604E+04  2.0834E+05 -4.9367E+04
0000181   3.9450E+05 -8.1264E+03 -4.4583E+05
0000182   1.3218E+05 -2.9151E+05  8.9987E+04
0000183   7.6287E+04 -2.3622E+04  1.0373E+04
0000184   2.6351E+05 -4.1815E+05 -7.8292E+04
0000185   1.4339E+05  1.6520E+05 -1.5156E+05
0000186   5.0313E+05  1.4215E+05  1.1789E+05
0000187   1.1076E+05 -2.6158E+05  2.1667E+05
0000188   3.4137E+05  2.6635E+04 -1.0728E+05
0000189   1.7213E+05 -1.6753E+05  1.0447E+05
0000190   6.1636E+05 -7.8199E+04  3.0196E+04
0000191   5.6436E+05  1.0401E+05 -1.5852E+05
0000192   3.2726E+05  7.9929E+04 -3.7720E+04
0000193   8.4804E+04 -1.2346E+05  5.6265E+04
0000194   1.6033E+05 -1.1287E+05 -3.0635E+05
0000195   3.1696E+05 -7.9482E+04 -8.1342E+04
0000196   4.8449E+05  2.4652E+05  7.0705E+04
0000197   6.4071E+05 -3.1690E+04 -2.1570E+05
0000198   3.0139E+05  1.9939E+04 -1.2683E+02
0000199   4.0053E+05 -2.9692E+05 -1.7118E+05
0000200   2.0837E+05 -8.0466E+04 -1.2587E+05
0000201   4.7034E+05 -2.0306E+05  3.1711E+03
0000202   5.6570E+05  2.5916E+05  5.2690E+04
0000203   4.3621E+05 -9.0380E+04 -3.4814E+04
0000204   4.6532E+05  1.2956E+05  1.0498E+05
0000205   1.5294E+05  1.3129E+05  1.1074E+05
0000206   7.2819E+04  6.6198E+04 -1.0361E+05
0000207   3.1981E+05 -2.4109E+04 -2.6974E+05
0000208   2.2946E+05 -2.5891E+04 -9.1311E+04
0000209   2.1411E+05  4.5862E+04  3.3331E+05
0000210   3.4569E+05  4.3370E+05  2.2899E+05
0000211   1.9780E+05  7.0730E+04 -1.0157E+04
0000212   5.2966E+05 -1.7872E+05  1.3347E+05
0000213   2.7357E+05  8.9293E+04 -4.1016E+04
0000214   2.7731E+05 -2.1285E+05 -4.3487E+04
0000215   4.1690E+05  1.1211E+03  2.0118E+05
0000216   2.0185E+05  1.7289E+05 -1.2492E+05
0000217   6.5921E+05  2.0608E+05  7.2860E+04
0000218   1.8943E+05 -2.7069E+05  8.8277E+04
0000219   2.5070E+05 -1.6510E+05 -1.5009E+05
0000220   2.2804E+05 -1.4134E+05 -8.3105E+04
0000221   4.9249E+05  7.2929E+04  5.2569E+04
0000222   4.3664E+05  6.0480E+04 -2.4143E+05
0000223   1.7881E+05 -2.9893E+04  2.1112E+04
0000224   8.0714E+05  1.3589E+05 -9.9515E+04
0000225   1.0253E+05 -1.2399E+04  3.0317E+05
0000226   6.6095E+05  7.5089E+04 -7.4384E+04
0000227   5.8500E+05  2.2537E+05 -3.0648E+04
0000228   4.4831E+05 -1.0949E+05 -1.7604E+04
0000229   2.3355E+05 -8.4972E+04  1.9838E+05
0000230   1.5491E+05  1.1376E+05 -5.8403E+04
0000231   2.2029E+05 -9.7288E+04 -2.2637E+04
0000232   5.1530E+05  9.9474E+04  1.1265E+05
0000233   2.1028E+05 -6.5985E+04 -3.1782E+04
0000234   2.7175E+05 -2.9833E+05  1.3214E+05
0000235   2.7587E+05  1.4931E+04  3.1869E+05
0000236   5.0476E+05 -7.9335E+04  5.4096E+04
0000237   5.1016E+05 -1.2331E+05  7.5463E+04
0000238   1.5792E+05 -1.7086E+05 -1.1887E+05
0000239   5.4351E+05  2.0123E+05 -1.3666E+05
0000240   2.6851E+05 -7.5242E+04  1.6090E+05
0000241   1.2042E+05  1.6250E+05  4.0495E+03
0000242   1.9574E+05  5.5456E+04  1.2568E+05
0000243   1.1217E+05  1.6139E+05  1.8386E+05
0000244   1.8366E+05  8.8972E+04 -1.2348E+05
0000245   7.8372E+05 -2.8591E+05  2.5552E+04
0000246   3.0403E+05 -1.9799E+05 -1.5211E+05
0000247   2.0747E+05  7.3578E+04 -3.3475E+04
0000248   6.6429E+05  1.3996E+05 -1.0427E+05
0000249   7.5745E+04  4.6523E+04  5.7867E+04
0000250   3.7649E+05  1.7853E+05 -1.3914E+04
0000251   2.2254E+05  4.3991E+04  2.2024E+05
0000252   1.1951E+05 -2.0071E+05 -3.3261E+04
0000253   3.1060E+05  1.0768E+05 -2.2895E+04
0000254   1.9460E+05 -2.7961E+04 -1.5481E+04
0000255   1.2034E+05  3.8555E+04  5.1284E+04
0000256   7.3513E+05 -7.6160E+04 -2.0513E+05
0000257   3.2620E+05  3.2781E+04 -1.3877E+05
0000258   5.1036E+05 -1.4257E+04  1.7638E+05
0000259   2.7572E+05 -1.5587E+05 -2.6270E+04
0000260   1.5461E+05 -4.8534E+04  1.0682E+05
0000261   2.6165E+05 -2.3487E+05  1.3630E+05
0000262   3.8638E+05 -6.5276E+04  5.8161E+03
0000263   2.6893E+05  5.9391E+04 -8.7070E+04
0000264   3.8233E+05  1.1991E+05 -6.3989E+04
0000265   3.4529E+05  1.1217E+05  1.8595E+04
0000266   7.0265E+05  8.7929E+04  2.0523E+05
0000267   4.8548E+05 -1.4730E+05  1.0457E+05
0000268   2.9423E+05 -4.8397E+04  3.6235E+04
0000269   4.8258E+05 -3.0243E+05  2.0839E+05
0000270   2.2522E+05 -7.2873E+04  8.7462E+04
0000271   1.5538E+05  6.3977E+04 -5.6258E+03
0000272   1.5360E+05  1.7505E+04  1.7617E+04
0000273   2.2343E+05  3.7830E+05  2.3574E+05
0000274   2.3918E+05 -3.0842E+04 -5.0020E+04
0000275   2.8195E+05 -8.1050E+04 -1.3862E+05
0000276   5.4376E+05 -1.6108E+05  5.1640E+04
0000277   3.9307E+05 -4.1922E+05 -2.2926E+05
0000278   1.3260E+05  1.9644E+04 -3.4268E+04
0000279   3.5011E+05 -2.3746E+05  5.9697E+04
0000280   2.6851E+05  4.6388E+04  1.1672E+05
0000281   3.3719E+05 -1.2822E+05  2.6120E+04
0000282   3.2034E+05  2.7879E+04  2.5194E+05
0000283   6.7792E+05  7.7869E+04  1.7221E+04
0000284   3.7065E+05 -1.2931E+05  1.0327E+05
0000285   1.0622E+05  2.8697E+04  1.3042E+05
0000286   5.4327E+05  2.1025E+05 -3.0858E+05
0000287   3.0698E+05 -5.6023E+04  1.6574E+05
0000288   4.3042E+05  1.2099E+05  1.2076E+04
0000289   5.2825E+05 -3.6438E+05  2.8498E+05
0000290   5.1934E+05  2.6905E+05 -1.3029E+05
0000291   4.5232E+05  1.4825E+05 -1.3332E+05
0000292   5.2231E+05 -5.0306E+03  1.5382E+05
0000293   6.0193E+05  1.1423E+05 -3.1560E+03
0000294   7.9356E+04 -3.3388E+04  9.3271E+04
0000295   1.2580E+05  5.8300E+04 -2.6870E+04
0000296   1.9945E+05 -2.4818E+04  1.3716E+04
0000297   6.9358E+05  1.5206E+05 -2.5459E+05
0000298   4.3881E+05  1.0125E+05 -2.4183E+05
0000299   2.2209E+05  2.4509E+04  8.8708E+04
0000300   2.5421E+05  3.8811E+05 -1.0801E+04
0000301   5.2980E+05  1.8035E+05  8.9897E+04
0000302   5.3224E+05 -1.3029E+05  1.2955E+05
0000303   5.0736E+05  3.1410E+05 -1.0511E+04
0000304   4.7262E+05 -2.8670E+04  1.6255E+05
0000305   5.1472E+05 -1.2951E+05 -7.0401E+03
0000306   2.7954E+05 -1.2474E+05  2.0905E+04
0000307   2.6931E+05  2.3156E+05  1.3891E+04
0000308   8.7283E+05 -1.0311E+05 -2.8357E+05
0000309   4.1731E+05  1.2660E+05  1.2389E+05
0000310   6.5760E+05  5.0558E+04  4.8316E+04
0000311   1.7091E+05 -2.0484E+04  1.2140E+05
0000312   3.2155E+05 -3.9781E+04 -6.1660E+04
0000313   1.2149E+05 -8.6250E+03  6.2419E+04
0000314   1.7775E+05  5.6421E+04  2.9206E+04
0000315   2.2724E+05 -4.9819E+04  1.1776E+05
0000316   4.1415E+05  3.4470E+04 -2.1832E+05
0000317   3.2876E+05 -2.2278E+05  1.6556E+05
0000318   5.1200E+05 -6.4743E+04 -2.0239E+05
0000319   3.1267E+05 -2.3333E+05 -3.3426E+05
0000320   3.8951E+05  1.0194E+04  1.1550E+05
0000321   1.9709E+05  1.6467E+05  2.1615E+05
0000322   3.6364E+05 -9.7560E+04  9.2212E+04
0000323   6.0794E+05  6.4184E+04  2.7809E+05
0000324   2.8327E+05  2.6119E+05 -6.0074E+04
0000325   5.8693E+05  1.2117E+05 -5.0471E+04
0000326   4.4282E+04 -4.7390E+04 -1.2100E+04
0000327   1.2305E+05  2.4779E+04  7.5705E+04
0000328   5.9824E+05 -2.9211E+05 -1.7203E+05
0000329   2.6504E+05 -1.0673E+05  3.5665E+04
0000330   2.6533E+05  1.1175E+05  3.7840E+04
0000331   3.4753E+05 -1.0074E+05  1.6732E+05
0000332   2.8435E+05  5.0897E+04  1.2071E+04
0000333   3.0151E+05 -1.2919E+05  5.2818E+04
0000334   3.2915E+05 -3.1367E+04  8.7686E+04
0000335   3.8394E+05 -1.0903E+05  2.1839E+05
0000336   4.6314E+05  4.3776E+05  3.6106E+05
0000337   5.2068E+05  3.2283E+05  2.0955E+04
0000338   5.6597E+05 -2.0276E+05 -1.2795E+04
0000339   5.7103E+05 -1.6909E+05 -5.9410E+04
0000340   6.5948E+05  7.9744E+04  2.7535E+05
0000341   3.4286E+05  6.0276E+04 -2.3651E+05
0000342   1.0563E+06  1.5308E+05  2.0269E+05
0000343   5.9316E+05 -9.2314E+04 -1.7959E+05
0000344   3.3008E+05 -3.7337E+04  5.0531E+04
0000345   5.0412E+05 -1.3511E+05 -1.4817E+04
0000346   6.3424E+05  2.6375E+04  1.8128E+05
0000347   5.6819E+05  4.1429E+04  5.0627E+05
0000348   2.0953E+05  7.7786E+04  7.8326E+03
0000349   6.7887E+05 -6.2978E+04 -2.7686E+05
0000350   6.2519E+05  1.0017E+05  1.6482E+05
0000351   2.9295E+05 -1.7863E+05 -1.4476E+05
0000352   2.4772E+05 -3.3997E+04  1.6423E+05
0000353   4.7709E+05  9.8268E+04 -1.0766E+05
0000354   9.3048E+04 -8.5321E+04 -5.8228E+03
0000355   6.8075E+05 -1.4811E+05 -1.3104E+05
0000356   3.3658E+05  5.2799E+04 -2.5773E+05
0000357   5.1074E+05 -3.0469E+05  1.0831E+05
0000358   4.9099E+05 -8.3413E+04  1.4710E+05
0000359   2.3627E+05 -3.0595E+03  6.8971E+03
0000360   1.9858E+05 -1.0315E+05  7.3260E+04
0000361   5.4683E+05  1.2567E+05 -1.9408E+05
0000362   2.6383E+05 -9.5763E+03 -1.1878E+04
0000363   5.5625E+05 -2.5216E+05 -9.8041E+03
0000364   4.7709E+05 -5.0825E+05 -8.4505E+04
0000365   4.0549E+05  1.7031E+05  1.7407E+04
0000366   3.8538E+05  2.8337E+05  1.7855E+05
0000367   1.5257E+05 -6.7085E+04 -4.1968E+04
0000368   6.0552E+05 -2.4912E+05 -1.4237E+05
0000369   2.9319E+05 -5.4871E+04 -1.2335E+05
0000370   4.2365E+05  2.0317E+05 -2.7188E+05
0000371   4.6114E+05  7.6179E+04  8.0535E+04
0000372   2.8238E+05  1.0872E+05  2.9055E+05
0000373   8.6528E+04  2.9438E+05 -6.1738E+04
0000374   4.8812E+05  2.7551E+05  2.2309E+05
0000375   1.6707E+05  5.2722E+04 -3.6483E+04
0000376   3.6046E+05  2.2334E+05  6.4548E+04
0000377   4.1461E+05  2.0155E+05  9.1518E+04
0000378   4.2800E+05  2.0264E+05  1.9967E+05
0000379   2.2427E+05 -2.2584E+04 -1.8573E+04
0000380   6.8942E+05  2.2192E+05  2.4316E+05
0000381   1.8442E+05 -7.4402E+04 -3.9651E+04
0000382   1.3511E+05  1.9081E+04  1.0669E+05
0000383   4.0689E+05  6.3742E+04 -3.7711E+04
0000384   1.3206E+05  7.1905E+03 -7.3829E+04
0000385   2.7296E+05  5.6442E+03 -4.9733E+04
0000386   4.3814E+05  2.0182E+05  8.8907E+04
0000387   6.6736E+05  3.6054E+05 -9.0407E+04
0000388   2.8740E+05  1.2558E+05  2.0182E+04
0000389   3.7784E+05 -3.9942E+05 -1.9123E+05
0000390   1.3823E+05 -2.1290E+05  3.6879E+04
0000391   1.3769E+05  9.4256E+04 -9.4771E+04
0000392   3.6220E+05 -5.7589E+04  5.9592E+04
0000393   4.2097E+05  6.7473E+04  3.9260E+05
0000394   1.1680E+05  2.7774E+04  1.8385E+03
0000395   2.8071E+05 -2.8522E+05  3.1998E+05
0000396   5.0852E+05 -1.3356E+04  1.2743E+05
0000397   1.5344E+05  1.7278E+04  2.5998E+04
0000398   7.8291E+05 -1.9517E+04  3.6783E+05
0000399   1.7621E+05  3.0000E+04 -1.1101E+05
0000400   3.4277E+05 -7.8228E+04 -9.0952E+04
0000401   2.5627E+05  9.3842E+04 -1.3513E+04
0000402   2.5689E+05  1.6330E+05  5.7863E+04
0000403   4.6870E+05 -6.9633E+04  1.2571E+05
0000404   1.2645E+05 -5.6053E+04 -3.3338E+03
0000405   1.2567E+04  7.9087E+04 -1.4077E+03
0000406   3.4038E+05 -1.7031E+05  2.4645E+05
0000407   9.2468E+04 -1.8307E+05  7.9394E+02
0000408   1.4610E+05 -1.6332E+05  2.1917E+05
0000409   2.7369E+05  1.8036E+05  3.5943E+05
0000410   3.8706E+05 -2.9395E+05  1.0112E+05
0000411   3.5378E+05 -1.8482E+05 -8.6263E+04
0000412   2.8567E+05  2.1506E+05  1.3626E+05
0000413   2.0860E+05 -3.6733E+05  4.5870E+04
0000414   3.1178E+05 -1.1382E+04 -1.8333E+05
0000415   4.1173E+05 -1.6971E+04 -1.1787E+05
0000416   5.5071E+05  1.2810E+05 -2.3941E+05
0000417   3.1669E+05 -2.0513E+04 -7.3487E+04
0000418   3.2919E+05 -1.7789E+05 -2.0149E+04
0000419   3.0202E+05 -7.6780E+04 -1.6112E+05
0000420   6.6038E+05 -1.4937E+05  5.3581E+04
0000421   3.0900E+05  2.7359E+04 -2.3113E+05
0000422   3.0579E+05 -7.8423E+04 -7.0796E+04
0000423   2.3606E+05 -2.6518E+04  7.3230E+04
0000424   3.2671E+05  1.1395E+05  2.5171E+04
0000425   4.5239E+05  2.2444E+05 -1.8316E+04
0000426   6.7658E+05 -4.7615E+04  1.7378E+05
0000427   3.4938E+04  8.4516E+04 -2.7309E+04
0000428   1.7709E+05 -2.4515E+04 -9.5521E+04
0000429   3.7252E+05 -2.5569E+04  1.6355E+05
0000430   2.9055E+05  2.7462E+05 -4.6583E+04
0000431   7.1316E+04  1.9152E+04 -1.8956E+04
0000432   4.5186E+05  4.2954E+04  1.0810E+05
0000433   3.3525E+05 -1.0216E+05  1.3684E+05
0000434   5.2917E+05  2.1261E+04  1.0547E+05
0000435   3.5942E+05 -5.7057E+04  4.5649E+04
0000436   9.1837E+04  2.9079E+04  9.8689E+04
0000437   2.8923E+05  2.1682E+04  2.1062E+05
0000438   3.6879E+05 -1.0491E+05 -3.3420E+05
0000439   9.7700E+04  7.4248E+04  1.5303E+05
0000440   2.4408E+05 -1.0689E+04 -4.5614E+04
0000441   3.3866E+05  1.1884E+05 -2.0229E+05
0000442   1.1302E+04 -2.7700E+05 -1.2451E+04
0000443   2.5561E+05 -8.9688E+04 -1.9583E+05
0000444   3.1145E+05 -1.1064E+05 -3.4441E+05
0000445   2.9806E+05  2.7735E+02 -6.1566E+04
0000446   5.2720E+05 -6.2763E+04  4.5735E+04
0000447   5.0326E+05 -3.8022E+04  2.0183E+05
0000448   2.9782E+05  8.3903E+04 -7.6501E+04
0000449   4.6002E+05  4.4171E+04  2.5888E+05
0000450   1.1336E+05  1.6514E+05 -3.6902E+04
0000451   1.0686E+05  7.9540E+03 -1.1039E+05
0000452   3.5541E+05 -3.6340E+03 -9.9241E+04
0000453   1.5762E+05 -6.9614E+04 -1.6990E+04
0000454   1.3433E+05  1.0606E+05  1.0344E+04
0000455   7.7189E+05 -1.7381E+05 -1.3741E+05
0000456   2.3029E+05 -4.0946E+04 -1.8289E+05
0000457   4.6388E+05  1.5068E+05 -2.2254E+04
0000458   8.3764E+05  9.6613E+04  2.3157E+05
0000459   4.4274E+05 -1.9818E+05  1.7844E+05
0000460   1.9286E+05  1.2331E+05  4.4170E+04
0000461   5.2241E+05  3.3977E+05  1.3220E+04
0000462   5.7508E+05  3.0329E+04  2.7975E+04
0000463   1.9833E+05  9.1566E+04 -4.2362E+04
0000464   2.5316E+05  1.1088E+05 -5.3897E+04
0000465   5.8327E+05  2.7629E+04 -1.8992E+05
0000466   1.7664E+05 -3.9018E+04  9.8472E+04
0000467   1.3999E+05 -1.4961E+04 -2.3967E+05
0000468   3.6731E+05 -1.3892E+05 -7.3662E+04
0000469   6.8072E+05  2.5260E+05  2.5534E+05
0000470   4.0668E+05  1.2431E+05  4.9084E+04
0000471   2.0811E+05  3.5183E+04 -6.6143E+04
0000472   2.1903E+05  8.7178E+04 -1.4807E+04
0000473   7.8761E+04 -7.2279E+04 -5.3498E+04
0000474   1.0131E+05 -1.7199E+04  1.3636E+05
0000475   2.7480E+05 -1.4375E+05  1.5582E+05
0000476   1.1042E+05 -1.1366E+05  1.9105E+05
0000477   4.5145E+05  9.1435E+04  9.5433E+04
0000478   2.9395E+05 -1.2839E+05  7.9659E+04
0000479   6.4716E+05  1.0203E+05  2.0999E+04
0000480   3.7615E+05  1.9317E+05  8.7991E+04
0000481   2.3673E+05  3.4326E+04 -5.3588E+04
0000482   3.5924E+05  4.7780E+04  8.0748E+04
0000483   4.1868E+05  1.2297E+04 -6.0786E+04
0000484   3.9770E+05  1.3110E+05 -6.9506E+04
0000485   6.2203E+05 -1.4887E+05 -2.3008E+05
0000486   9.4448E+04  5.6168E+04 -3.6408E+04
0000487   2.1513E+05 -3.8884E+04 -5.3315E+03
0000488   2.5183E+05  2.2722E+05 -6.5365E+03
0000489   8.0679E+05  2.3411E+04 -8.7960E+04
0000490   5.5174E+05 -1.2844E+05 -2.4511E+05
0000491   7.0431E+05 -2.9309E+05  6.3841E+04
0000492   3.9816E+05  1.3925E+05 -4.0380E+04
0000493   2.8528E+05 -2.2448E+04  4.2917E+04
0000494   1.9839E+05  1.3045E+05  4.3856E+04
0000495   2.7547E+05 -3.1400E+05  2.4331E+05
0000496   4.1353E+05  1.0042E+04  1.6050E+05
0000497   1.3573E+05 -6.7016E+04  5.6663E+04
0000498   5.2183E+05  1.3628E+05  2.1776E+05
0000499   2.1455E+05 -6.1162E+03 -5.5405E+04
0000500   6.2647E+05 -5.1628E+04  1.0898E+05
0000501   2.2788E+04 -8.6174E+03 -2.2288E+04
0000502   2.4438E+05 -9.2318E+04 -2.9160E+04
0000503   8.6522E+05 -2.4863E+05  3.2458E+05
0000504   1.2889E+05 -4.3169E+04  1.3516E+04
0000505   1.0869E+05  7.9418E+04  8.4024E+04
0000506   4.7977E+05  3.6650E+05 -2.0874E+05
0000507   2.8585E+05  5.6515E+04  4.0233E+04
0000508   4.2535E+05 -1.6389E+05  2.5220E+05
0000509   1.4580E+05  1.5553E+04 -6.8936E+04
0000510   3.1522E+05 -2.6284E+05 -1.7017E+04
0000511   2.6866E+05  6.4471E+04 -5.7047E+04
0000512   4.1128E+05 -1.7053E+04 -6.8174E+04
0000513   5.4879E+05 -7.9172E+03 -1.2545E+05
0000514   1.1758E+05 -2.5335E+03  4.3991E+03
0000515   1.8931E+05 -6.6455E+04  3.6068E+04
0000516   4.4266E+05  1.0030E+05 -2.0709E+04
0000517   9.9972E+04  7.2076E+04  2.5816E+04
0000518   5.6023E+05  2.8315E+04  4.9148E+04
0000519   4.0257E+05  1.4344E+05 -1.2121E+05
0000520   3.8348E+05  2.3613E+05 -9.6963E+04
0000521   6.3592E+05 -7.9576E+04  1.4587E+05
0000522   2.3307E+05 -2.0558E+05  2.2617E+04
0000523   1.8612E+05  9.5368E+04 -7.2330E+04
0000524   5.0237E+05  1.5953E+05  3.9328E+04
0000525   3.2791E+05  1.5290E+04  7.6077E+04
0000526   2.3919E+05  1.9594E+04 -1.4171E+05
0000527   1.5431E+05  4.5892E+04 -3.9021E+04
0000528   2.5704E+05  1.5613E+05 -1.2409E+05
0000529   2.4481E+05  4.1223E+04 -6.2031E+04
0000530   2.7514E+05 -1.0069E+05  1.1389E+05
0000531   3.8326E+05  2.4234E+04 -2.0014E+05
0000532   2.8582E+05  8.9826E+04  1.8767E+05
0000533   2.9686E+05 -1.0517E+05 -1.5974E+05
0000534   2.7037E+05  7.4919E+04 -1.1918E+05
0000535   3.1672E+05 -7.8440E+04  4.2107E+03
0000536   1.9040E+05 -1.0495E+05  1.4652E+05
0000538   4.5090E+05 -3.6983E+03  2.8969E+05
0000539   6.3542E+05  5.0493E+04  4.0835E+05
0000540   3.6701E+05  5.2535E+04  1.2429E+05
0000541   4.6330E+05  1.3467E+05  2.0426E+05
0000542   2.0901E+05  6.8469E+04  1.0669E+05
0000543   5.5913E+05  8.2845E+04  9.7928E+03
0000544   3.8428E+05 -1.1478E+05  5.5221E+04
0000545   3.9794E+05 -2.3367E+05  7.4036E+04
0000546   4.0202E+05 -1.1372E+04  5.7315E+04
0000547   4.7623E+05 -2.5941E+05  3.8821E+04
0000548   6.3454E+04  3.0484E+04 -3.7770E+02
0000549   8.5528E+04 -5.8241E+04  1.3651E+05
0000550   6.4024E+05 -9.5155E+04 -1.5343E+05
0000551   5.4600E+05 -5.8624E+04  1.0195E+05
0000552   3.9040E+05 -2.1921E+05  3.7134E+04
0000553   3.7992E+05 -5.2648E+04  6.6824E+04
0000554   5.5631E+05  1.8320E+05 -3.5706E+04
0000555   1.8197E+05  2.1907E+05  9.3093E+04
0000556   4.1678E+05  1.9457E+04 -4.8155E+04
0000557   3.7469E+05 -2.6957E+05 -2.0994E+04
0000558   3.6627E+05  4.0372E+04  1.7699E+05
0000559   3.5714E+05  1.7665E+05 -2.0191E+03
0000560   7.6361E+05 -1.9672E+04 -1.3490E+05
0000561   4.8364E+04 -2.2120E+04 -4.9973E+04
0000562   1.9746E+05  1.9336E+05  2.1294E+05
0000563   6.8198E+05 -4.7559E+05  3.2046E+05
0000564   3.2065E+05 -1.5405E+04  7.0585E+04
0000565   4.7581E+05  5.7300E+04 -3.1214E+05
0000566   5.2703E+05 -4.6690E+04  4.2959E+03
0000567   3.6346E+05 -1.2127E+04 -1.8050E+05
0000568   2.3913E+05  2.9220E+04  9.9339E+04
0000569   6.9546E+05 -1.8299E+04 -1.0882E+05
0000570   4.0472E+05  3.3109E+03  1.6731E+05
0000571   2.8759E+05 -3.7778E+05 -2.8606E+05
0000572   3.4753E+05  2.5775E+04 -4.6840E+04
0000573   4.8641E+05  1.1694E+05 -9.0733E+04
0000574   4.9955E+05  3.3972E+05  4.4205E+05
0000575   2.3520E+05 -4.3094E+04  1.4321E+04
0000576   1.8310E+05  7.9629E+04 -2.6799E+05
0000577   1.6755E+05  1.6086E+04  1.6082E+05
0000578   4.9140E+05  5.1505E+04  1.3944E+04
0000579   2.0923E+05 -2.9542E+04 -1.4444E+05
0000580   1.4791E+05  5.3897E+04 -5.2666E+04
0000581   1.9472E+05 -6.7949E+04  4.7204E+04
0000582   1.3567E+05  1.9716E+04  1.4764E+05
0000583   2.1519E+05  3.0888E+05  2.7254E+04
0000584   5.8472E+04  7.7805E+04  6.1459E+04
0000585   1.4864E+05  2.8049E+04  1.2863E+05
0000586   4.3209E+05  9.2160E+04  2.3109E+05
0000587   3.9516E+05 -5.7568E+04 -7.8634E+04
0000588   4.7967E+05  6.3155E+04  1.8942E+04
0000589   3.5333E+05 -8.6223E+04  1.2233E+05
0000590   3.4232E+05  3.5672E+05 -1.6966E+04
0000591   2.4256E+05  4.1992E+04  1.7646E+05
0000592   3.4945E+05  3.4968E+04  3.7490E+05
0000593   1.7610E+05 -1.8519E+04  9.8930E+04
0000594   3.2885E+05 -1.8040E+04 -4.4712E+04
0000595   9.3757E+05 -1.0586E+05 -1.5001E+05
0000596   2.3745E+05 -7.3493E+04  1.0497E+05
0000597   2.9062E+05  4.4912E+02  3.2560E+04
0000598   5.3692E+04 -1.3253E+03 -7.2962E+03
0000599   4.8883E+05 -6.8018E+04 -1.1122E+05
0000600   1.4843E+05  2.0955E+05 -1.6689E+04
0000601   2.2820E+05  2.0044E+05 -4.8498E+04
0000602   4.1889E+05 -2.5286E+05  5.0480E+05
0000603   1.3695E+05 -3.0504E+05 -1.2441E+05
0000604   7.1363E+04 -2.7419E+04  6.6819E+03
0000605   5.8867E+05 -1.8672E+05 -6.2169E+04
0000606   5.0084E+05 -1.4548E+05  2.4151E+04
0000607   2.2302E+05 -5.3508E+04 -5.6912E+04
0000608   4.7579E+05 -3.3385E+05  6.9317E+04
0000609   2.2236E+05 -8.6408E+03 -4.1344E+03
0000610   1.7205E+05  1.4355E+05 -1.4311E+05
0000611   4.0616E+05  1.6814E+05 -2.6550E+05
0000612   1.1369E+05  5.1164E+04  1.2637E+04
0000613   3.5645E+05 -1.5994E+04  3.5345E+04
0000614   3.9795E+05 -1.5001E+05  1.0387E+05
0000615   1.6779E+05  2.6490E+04 -6.6671E+04
0000616   2.9372E+05  8.8935E+04  2.3504E+05
0000617   3.5394E+05  2.2422E+05  1.4157E+05
0000618   6.0235E+05  1.9769E+05 -3.9748E+05
0000619   4.0092E+05 -3.5708E+04  4.4554E+04
0000620   3.8390E+05 -2.8802E+04  9.4107E+04
0000621   5.3775E+05  1.8592E+05  3.1257E+05
0000622   3.2405E+05 -1.8751E+05  9.8681E+04
0000623   3.2813E+05 -2.8802E+05  2.1521E+05
0000624   2.4216E+05 -3.0389E+02  7.9407E+04
0000625   6.8187E+05  3.3868E+05 -1.1355E+05
0000626   2.8712E+05 -1.4508E+05 -2.3496E+04
0000627   1.8993E+05 -2.1385E+05  3.4483E+04
0000628   2.7589E+05 -1.3113E+05 -5.3988E+02
0000629   3.3438E+05  9.8768E+04  9.8130E+04
0000630   1.2132E+05  2.3424E+02 -1.5397E+05
0000631   5.1462E+05  1.1468E+05 -5.5570E+04
0000632   4.1607E+05 -4.6351E+03 -2.0393E+05
0000633   1.7562E+05 -1.2645E+04  1.7658E+05
0000634   4.7800E+05  1.9948E+05 -2.5305E+05
0000635   5.2456E+05 -2.7558E+05 -2.4654E+05
0000636   2.8237E+05 -5.2080E+04 -2.1544E+04
0000637   2.0653E+05  5.5182E+04 -7.6157E+04
0000638   3.5378E+05  1.3306E+05 -3.7037E+05
0000639   2.9351E+05 -7.3245E+04 -3.5057E+04
0000640   1.8547E+05 -9.2085E+04 -1.7460E+04
0000641   4.7379E+05  1.4317E+04 -1.6167E+04
0000642   3.6132E+05  8.1149E+03  1.8598E+05
0000643   7.8946E+04 -7.1861E+04 -6.1258E+04
0000644   4.4911E+05  2.2293E+05 -3.6007E+05
0000645   2.0596E+05 -1.0979E+05 -6.4875E+04
0000646   2.4214E+05  1.2291E+05  1.4193E+05
0000647   1.6606E+05 -1.2722E+04  7.8023E+03
0000648   8.2586E+04  2.8888E+04 -7.4022E+04
0000649   5.1937E+05 -7.5562E+04 -1.6895E+05
0000650   3.3915E+05  3.9229E+03 -1.8931E+05
0000651   6.7614E+05  1.2644E+05 -2.8351E+05
0000652   5.5076E+05  1.7425E+05  4.8469E+04
0000653   2.6759E+05 -1.6359E+05  2.2155E+05
0000654   4.9208E+05  1.4671E+05 -5.6763E+04
0000655   3.5442E+05  1.3221E+05  2.5858E+04
0000656   4.2730E+05  9.8683E+04 -1.5184E+05
0000657   2.4286E+05 -5.9345E+04  3.0716E+05
0000658   2.1224E+05  6.6824E+04 -1.3377E+04
0000659   1.4567E+05  2.2588E+04 -1.6071E+04
0000660   2.2256E+05 -5.1569E+04 -1.2763E+05
0000661   4.2916E+05  1.9593E+05 -2.7438E+05
0000662   2.6464E+05 -6.5922E+04 -1.1239E+05
0000663   6.5846E+05  1.7881E+05  1.5427E+05
0000664   4.1109E+05 -1.5314E+05 -8.7097E+03
0000665   6.2128E+05  1.2589E+05  8.2344E+04
0000666   1.8792E+05  7.2837E+04  3.2491E+04
0000667   2.7538E+05 -1.0892E+05  1.5451E+05
0000668   5.9306E+05  2.5986E+04  4.5656E+04
0000669   3.2199E+05 -3.9366E+03 -1.5236E+05
0000670   3.1973E+05 -9.8719E+04 -2.1115E+05
0000671   2.6116E+05  2.7405E+05  5.3262E+04
0000672   2.9909E+05  3.7399E+04 -8.4224E+04
0000673   3.4203E+05  8.8531E+04  1.8107E+05
0000674   4.2838E+05 -1.9529E+05 -2.4480E+04
0000675   2.8050E+05  1.5411E+05  1.8312E+05
0000676   3.3808E+05 -2.2252E+04 -1.4835E+05
0000677   3.6934E+05 -2.8010E+05  7.0430E+04
0000678   2.8939E+05  2.1907E+04 -1.9171E+05
0000679   5.6613E+05 -2.9654E+04  4.4555E+04
0000680   1.3822E+05  9.9436E+04  1.2762E+05
0000681   3.5494E+05  2.5180E+05  4.0076E+03
0000682   5.9206E+05  6.7505E+04  3.2191E+05
0000683   3.8315E+05 -9.4875E+04 -1.0841E+05
0000684   3.2964E+05  1.2038E+04 -1.8277E+04
0000685   2.7500E+05  6.3948E+04 -7.7358E+03
0000686   5.4204E+05  1.4375E+05  1.5201E+05
0000687   2.6154E+05 -4.3005E+04  1.0051E+05
0000688   2.8455E+05 -7.6989E+04  1.0929E+05
0000689   3.3384E+05  5.1883E+04 -3.5391E+03
0000690   4.4692E+05  6.6019E+04  8.9032E+04
0000691   5.6047E+04 -1.7859E+04  1.5024E+05
0000692   2.1567E+05  4.4279E+04 -2.1371E+04
0000693   4.0827E+05 -2.3391E+04  4.2497E+04
0000694   2.6729E+05 -1.4855E+05 -5.3770E+04
0000695   5.8544E+05 -1.4680E+05  2.6839E+05
0000696   3.2919E+05 -1.6237E+05 -8.0589E+04
0000697   5.9267E+05  1.1991E+05 -2.0662E+05
0000698   1.5437E+05  2.2321E+05  1.2184E+05
0000699   3.7665E+05  3.0437E+05 -7.9377E+04
0000700   1.6444E+04  4.3821E+05 -1.6967E+05
0000701   3.4163E+05  5.2029E+05  2.6215E+05
0000702   4.8498E+05  3.0479E+05 -5.0650E+04
0000703   5.5362E+05 -1.0418E+05  1.2884E+04
0000704   5.4800E+05 -2.1242E+04 -1.9364E+05
0000705   4.5605E+05  1.9219E+05 -2.9705E+04
0000706   3.8745E+05  1.6139E+05 -6.5239E+04
0000707   3.6537E+05  2.6166E+05 -8.4321E+04
0000708   4.6721E+05  6.8798E+04 -3.0417E+04
0000709   3.8416E+05 -9.5278E+04 -7.8384E+04
0000710   4.0172E+05 -1.6470E+05 -2.3811E+04
0000711   4.0879E+05 -6.8629E+04 -8.2513E+04
0000712   4.5301E+05  2.8520E+04 -2.2388E+05
0000713   5.8900E+05 -3.0279E+05  9.2552E+04
0000714   5.9825E+05  1.0849E+05 -2.0274E+05
0000715   1.2751E+05 -1.4022E+05 -1.8468E+04
0000716   4.2715E+05  5.8123E+04  1.9261E+05
0000717   2.8899E+05 -5.3424E+03 -9.8875E+04
0000718   2.5816E+05  7.3077E+04  1.1481E+05
0000719   4.7782E+05 -6.9830E+04  2.1027E+05
0000720   1.4159E+05  5.7295E+04  9.3345E+04
0000721   4.6954E+05 -2.1003E+05 -5.7613E+04
0000722   3.7118E+05  1.1888E+05 -1.2150E+05
0000723   2.6538E+05 -7.6770E+04 -1.0879E+05
0000724   3.2399E+05 -2.6870E+04  7.3025E+04
0000725   2.8071E+05  2.9373E+05 -1.9635E+05
0000726   2.7021E+05  5.2932E+04 -8.1338E+04
0000727   2.1721E+05 -3.3755E+04  1.4402E+05
0000728   1.3135E+05 -1.0375E+05 -1.7014E+04
0000729   3.9874E+05 -5.4567E+04 -6.2075E+04
0000730   1.8828E+05 -4.6252E+04  1.7079E+05
0000731   2.1173E+05 -7.2287E+04 -3.3161E+04
0000732   4.2135E+05 -1.3481E+05 -9.9683E+03
0000733   2.9298E+05  1.1149E+05  2.1198E+05
0000734   6.8405E+05  9.2434E+04 -1.0531E+05
0000735   1.3213E+05  1.8729E+05 -2.8624E+04
0000736   1.3603E+05  3.4218E+04 -1.2441E+04
0000737   2.5521E+05 -8.6301E+04 -1.0333E+05
0000738   3.8104E+05  1.4522E+04  2.1473E+04
0000739   2.7962E+05 -6.4416E+04  2.1100E+05
0000740   4.6586E+05  3.1538E+04  4.1768E+05
0000741   2.0908E+05  4.7515E+04  1.9002E+05
0000742   2.5926E+05  1.1219E+05 -1.5114E+05
0000743   4.7139E+05 -1.0749E+05  1.9184E+05
0000744   2.6329E+05  2.9448E+05 -4.1194E+03
0000745   1.7891E+05 -6.7152E+04 -1.2173E+05
0000746   1.8027E+05  3.2252E+04 -1.5774E+05
0000747   2.1532E+05 -1.6705E+05 -3.0211E+04
0000748   2.5706E+05 -1.2594E+05 -8.3156E+04
0000749   3.7619E+05  1.4868E+05  1.2376E+05
0000750   5.4683E+05  1.7133E+05  8.3801E+04
0000751   1.8281E+05  5.0048E+04  1.0629E+05
0000752   5.5046E+05 -4.2252E+04  1.0655E+05
0000753   7.5655E+05  7.2532E+04  1.3209E+05
0000754   5.1051E+05 -2.0529E+05 -3.8951E+05
0000755   5.8302E+05 -9.6468E+04  2.5950E+04
0000756   5.2297E+05 -1.3529E+05  3.0503E+05
0000757   9.8166E+04 -1.6063E+05 -2.4251E+04
0000758   6.1401E+05 -1.7222E+05  9.4788E+04
0000759   3.2282E+05  4.1196E+04 -1.2736E+05
0000760   1.4057E+05  5.2778E+04 -1.4179E+05
0000761   4.3329E+05 -1.1904E+05  4.7359E+04
0000762   3.2776E+05  5.8553E+04 -1.8338E+05
0000763   3.8854E+05 -2.2352E+04 -8.0132E+04
0000764   6.5965E+05 -3.2426E+04 -1.9295E+05
0000765   3.9260E+05 -1.1660E+05 -1.5967E+05
0000766   5.8905E+05 -2.3832E+05 -8.7471E+04
0000767   5.5547E+05 -6.1078E+03  9.9931E+04
0000768   7.4865E+05  6.1723E+04 -4.9791E+04
0000769   4.8679E+05 -1.0843E+05 -2.2196E+05
0000770   3.9107E+05 -9.3041E+04 -1.4896E+05
0000771   4.3143E+05 -1.9209E+05 -5.1400E+04
0000772   3.4819E+05  2.5366E+04  9.9234E+04
0000773   1.1504E+05 -8.4326E+04 -1.0483E+05
0000774   3.5970E+05 -2.7520E+03  2.4976E+05
0000775   5.2729E+05  7.5187E+04 -1.4829E+05
0000776   1.8813E+05  8.0884E+03 -2.1485E+05
0000777   1.8290E+05  5.4250E+04  1.7257E+04
0000778   4.2099E+05 -7.7746E+03 -1.0048E+05
0000779   3.7071E+05  9.7768E+04  7.3609E+04
0000780   4.4801E+05  1.8346E+05 -2.4392E+05
0000781   3.0192E+05 -1.0517E+04  2.7271E+05
0000782   2.1790E+05 -1.9024E+05 -4.8559E+04
0000783   1.0013E+05 -1.1737E+05  1.7208E+05
0000784   2.4753E+05  2.3948E+04 -1.3362E+05
0000785   2.1008E+05  2.1217E+05 -6.1305E+04
0000786   4.5554E+05  9.2326E+04 -3.0649E+05
0000787   2.7868E+05  1.0883E+04 -2.6524E+04
0000788   1.6002E+05 -4.2415E+03 -3.0681E+04
0000789   8.0567E+04  9.6411E+04  5.1770E+04
0000790   3.1860E+05  1.3277E+05  3.6590E+03
0000791   4.2574E+05  2.6699E+05  4.1027E+04
0000792   6.8556E+05  9.4204E+04  1.4177E+05
0000793   5.1970E+05 -6.4503E+04 -2.1787E+05
0000794   3.9271E+05  9.7801E+04 -1.0658E+01
0000795   2.1732E+05  8.2934E+04 -2.4130E+05
0000796   6.5204E+05  6.2900E+04  2.3930E+03
0000797   3.3333E+05  7.5438E+04  3.3184E+04
0000798   1.7599E+05 -5.0131E+04 -1.6131E+04
0000799   4.5037E+05 -2.4421E+04  5.6602E+04
0000800   2.5351E+05  1.0858E+05  9.6103E+04
0000801   2.0783E+05  9.7698E+04 -4.3360E+04
0000802   2.2196E+05 -1.9845E+05 -6.2455E+04
0000803   1.8025E+05 -1.2979E+05  4.9963E+04
0000804   7.3612E+05  5.2751E+04 -3.0850E+05
0000805   5.6906E+05  1.0176E+05 -5.5109E+04
0000806   4.8847E+05  4.9927E+04  4.7246E+05
0000807   1.8658E+05  2.3372E+04 -1.3891E+05
0000808   4.3237E+05 -1.7095E+04  2.3266E+05
0000809   6.1140E+05 -1.7831E+04 -4.1906E+04
0000810   1.6029E+05 -5.0179E+04  1.0051E+05
0000811   1.8083E+05  1.2049E+05 -2.9124E+04
0000812   3.9393E+05  4.6764E+04 -1.1385E+05
0000813   3.6404E+05 -6.0668E+04 -1.1297E+05
0000814   5.9265E+05 -2.1993E+05 -1.4025E+05
0000815   5.4531E+05  6.9594E+04  7.7520E+04
0000816   6.1501E+05  6.9074E+04 -3.3836E+05
0000817   1.0682E+05  8.6897E+04  4.0820E+04
0000818   2.6101E+05 -1.4884E+05 -4.1678E+04
0000819   2.4840E+05 -1.7254E+04 -2.4087E+05
0000820   3.9563E+05 -2.6676E+04 -6.6455E+04
0000821   5.5098E+05  2.7278E+02  1.9514E+05
0000822   3.3269E+05 -3.4377E+04 -2.8763E+05
0000823   3.4738E+05 -5.8111E+04 -3.3576E+05
0000824   1.5432E+05  6.4746E+04  3.3070E+05
0000825   2.9202E+05 -2.0171E+05  1.6268E+05
0000826   3.0409E+05 -9.4847E+02 -4.9195E+04
0000827   4.8794E+05  1.0237E+05 -1.4420E+05
0000828   2.4510E+05 -5.5069E+04  2.1926E+04
0000829   2.9688E+05 -2.8365E+05  6.5437E+03
0000830   4.3345E+05 -4.6569E+04 -1.8591E+05
0000831   2.9194E+05  9.6632E+04  2.7891E+05
0000832   1.7253E+05 -1.8318E+05  5.4220E+04
0000833   2.0687E+05  8.9881E+04 -3.5396E+04
0000834   2.6737E+05 -8.3859E+04  1.1944E+05
0000835   3.3805E+05  1.5452E+05 -9.5258E+04
0000836   2.8833E+05  4.6797E+04 -2.6355E+05
0000837   6.3870E+05 -1.7681E+05  2.0289E+05
0000838   1.7151E+05  8.1202E+03  7.3150E+04
0000839   2.3977E+05 -4.0969E+04 -7.6718E+04
0000840   4.4179E+04  7.2596E+04 -1.6275E+05
0000841   3.9924E+05 -4.4698E+04 -2.0492E+05
0000842   2.6974E+05 -1.9736E+05 -1.4984E+05
0000843   5.0837E+05  3.8390E+04  2.9075E+05
0000844   4.1671E+05 -5.3847E+04  3.1230E+05
0000845   7.1702E+04  2.3220E+04  5.9840E+04
0000846   9.2460E+04 -2.5115E+05  4.5758E+04
0000847   3.1776E+05  1.9224E+04 -6.6061E+04
0000848   2.9871E+05 -1.2687E+05  1.3029E+05
0000849   5.1743E+05 -1.6529E+05 -7.9809E+03
0000850   3.3670E+05 -1.1148E+05  5.8937E+04
0000851   1.1204E+05 -5.7503E+04  5.3432E+04
0000852   2.9342E+05  3.2735E+05  6.8111E+04
0000853   1.8868E+05 -1.6637E+05  3.6438E+04
0000854   2.4424E+05  3.3711E+04 -1.1248E+05
0000855   2.4495E+05 -1.5925E+05 -1.5943E+05
0000856   2.8994E+05  4.8479E+03  2.1424E+05
0000857   2.8600E+05  4.1136E+05 -1.4214E+05
0000858   1.2978E+05 -9.3798E+04 -3.2156E+04
0000859   5.3731E+05  8.1817E+04  2.1160E+05
0000860   2.9788E+05  1.2304E+05 -1.6926E+04
0000861   2.9747E+05  1.0235E+05 -5.5469E+04
0000862   7.9462E+05 -2.2942E+05  5.0905E+04
0000863   2.6261E+05 -5.4847E+04  8.0980E+04
0000864   4.0198E+05  1.9441E+05  1.6812E+05
0000865   1.6425E+05  5.4835E+03  3.3489E+04
0000866   4.7901E+05 -3.0864E+03 -7.1060E+04
0000867   4.3455E+05  8.5155E+04 -8.8396E+04
0000868   3.6734E+05 -2.2159E+04 -2.1250E+05
0000869   3.2684E+05  2.3941E+05 -2.0472E+05
0000870   4.9823E+05 -9.8929E+04  7.4598E+03
0000871   3.5658E+05  9.8821E+04  4.5253E+05
0000872   2.4135E+05  4.2853E+05 -1.7324E+05
0000873   1.3463E+05  5.7854E+02 -1.0320E+05
0000874   4.3823E+05  9.2896E+04 -4.0351E+04
0000875   1.5020E+05 -1.2488E+05 -2.0693E+05
0000876   5.0740E+05  2.9811E+05 -2.1858E+05
0000877   4.1834E+05 -1.1968E+05 -6.6412E+04
0000878   4.7185E+05  1.5576E+05 -2.1660E+05
0000879   1.5365E+05 -7.5905E+04  9.6439E+04
0000880   1.7163E+05  7.7024E+04  2.2294E+04
0000881   3.6322E+05 -4.0386E+04 -1.1198E+05
0000882   3.5210E+05 -7.3070E+04  1.4136E+05
0000883   3.9567E+05 -3.0210E+05  2.2064E+05
0000884   4.5469E+05  1.7019E+05  1.1728E+05
0000885   5.4129E+05  1.8921E+05  2.1432E+05
0000886   7.8962E+04  1.2687E+05 -7.8969E+04
0000887   7.7256E+04 -1.1533E+05 -3.5185E+04
0000888   3.2029E+05  1.1544E+05 -1.1338E+05
0000889   2.7735E+05 -9.4214E+04 -2.0037E+05
0000890   3.6162E+05  2.2690E+05 -2.4295E+05
0000891   2.7003E+05 -1.1324E+05 -2.3352E+04
0000892   2.1293E+05  2.7178E+05 -7.1598E+04
0000893   5.3261E+05 -1.9905E+04 -1.3824E+04
0000894   1.6144E+05 -4.3124E+04 -9.1725E+03
0000895   4.3750E+05  2.6286E+05 -1.0426E+05
0000896   3.2390E+05 -1.4502E+05  1.8469E+05
0000897   3.0278E+05 -7.7416E+04 -5.4849E+04
0000898   3.1777E+05  7.2425E+04  9.2103E+04
0000899   4.8380E+05 -1.4519E+05  4.8755E+04
0000900   5.5241E+05  3.8267E+03  1.7456E+05
0000901   4.7911E+05  2.1136E+05  1.7442E+05
0000902   3.1858E+05  1.1291E+05 -2.3045E+05
0000903   2.8001E+05 -5.5140E+04  1.6607E+04
0000904   6.9684E+04 -4.8918E+04 -6.0260E+04
0000905   4.9861E+05  1.2174E+05 -3.1244E+05
0000906   8.0569E+05  1.4505E+05 -1.2879E+05
0000907   2.0187E+05 -1.3725E+05 -1.3301E+05
0000908   2.9169E+05 -8.6615E+04  7.3898E+04
0000909   5.2829E+05 -1.3965E+05 -8.9973E+04
0000910   6.1110E+05 -5.5210E+04  1.1587E+05
0000911   4.6610E+05  2.8008E+02 -6.2788E+03
0000912   3.0098E+05  7.7621E+04 -8.4998E+04
0000913   8.4748E+05  3.8612E+05  1.3472E+05
0000914   1.0316E+05 -3.3768E+04 -5.0231E+04
0000915   1.3084E+05 -1.2183E+05 -1.4251E+05
0000916   1.7346E+05 -1.1341E+04  2.8134E+05
0000917   7.0552E+05 -2.4328E+04  8.8372E+04
0000918   7.9632E+05 -1.7974E+04 -7.9920E+04
0000919   1.3425E+05 -8.9363E+04  3.6199E+04
0000920   1.6988E+05  5.8448E+04  2.6632E+04
0000921   2.5682E+05 -1.6993E+04 -2.3146E+05
0000922   2.5493E+05 -1.8653E+05 -3.0018E+05
0000924   1.6668E+05 -1.4846E+04  6.7488E+03
0000925   5.3632E+05  3.8265E+04  6.5504E+05
0000926   1.7538E+05  5.2487E+04  1.0357E+05
0000927   3.6704E+05  8.0475E+04 -2.0248E+05
0000928   3.4766E+05 -3.3819E+04  3.0257E+04
0000929   3.1400E+05 -4.2365E+04  3.1073E+04
0000930   1.2677E+05 -5.1700E+04  4.6847E+04
0000931   3.1544E+05  2.3659E+05  1.4073E+05
0000932   6.4092E+05 -1.6747E+05  3.1974E+05
0000933   6.2222E+05  1.6349E+05 -3.6368E+05
0000934   3.1976E+05 -1.2084E+05 -1.4611E+05
0000935   6.9821E+05 -1.2085E+05  2.7523E+05
0000936   1.4127E+05  1.1496E+05 -6.3804E+04
0000937   4.5574E+05 -1.0633E+05 -2.5515E+05
0000938   2.0290E+05  3.7639E+04 -1.2809E+05
0000939   5.5922E+05 -1.0907E+05 -2.1452E+05
0000940   5.3636E+05  1.8652E+05 -2.1596E+05
0000941   6.1330E+05 -1.1031E+05  1.3951E+05
0000942   3.4874E+05 -1.8852E+05 -9.6744E+04
0000943   2.8224E+05 -7.5631E+04 -3.3651E+05
0000944   3.3144E+05  4.9341E+04 -1.2620E+05
0000945   3.9685E+05 -5.2651E+04  5.5584E+04
0000946   3.2988E+05 -1.3514E+05  2.1204E+05
0000947   1.5550E+05  5.4077E+04 -2.8077E+05
0000948   2.9172E+05 -1.4895E+05  8.6622E+04
0000949   4.3028E+05  3.2502E+05 -1.5885E+05
0000951   2.8508E+05  5.4391E+04 -7.8986E+04
0000952   2.8714E+05 -1.6602E+05  4.5143E+04
0000953   5.2062E+05  3.0119E+04  2.1999E+05
0000954   3.8018E+05  9.3981E+04 -9.1968E+04
0000955   3.4958E+05 -2.5835E+05  3.0227E+05
0000956   2.1290E+05  1.3700E+05 -8.2963E+04
0000957   1.9857E+05  5.7836E+04 -9.0032E+04
0000958   3.4744E+05 -6.7640E+04 -4.2391E+04
0000959   6.0404E+03  6.6232E+04  4.5755E+04
0000960   4.2368E+05  1.0074E+04 -3.2368E+05
0000961   2.2576E+05 -6.8217E+04 -3.6616E+05
0000962   1.8075E+05  5.1158E+04  1.8175E+04
0000963   3.4373E+05  7.5533E+04  9.1700E+04
0000964   5.3793E+05  1.6809E+04  5.7646E+03
0000965   2.4492E+05 -4.0220E+04 -8.0909E+04
0000966   5.0076E+05  1.2172E+05 -1.6408E+04
0000967   6.2795E+05 -5.9231E+04 -4.9399E+05
0000968   2.2370E+05 -1.8522E+05  3.6979E+05
0000969   5.6672E+05 -1.9798E+05 -3.6579E+05
0000970   6.8503E+04  8.0102E+04  6.8483E+04
0000971   3.5426E+05 -1.5652E+05 -4.2952E+04
0000972   5.7650E+05 -9.7646E+04 -1.8340E+05
0000973   3.8765E+05 -5.9661E+04 -1.4469E+05
0000974   4.1816E+05  5.7448E+03  3.9190E+04
0000975   4.9814E+05 -1.2204E+05  1.5724E+05
0000976   1.1904E+05 -4.2917E+04  4.3876E+04
0000977   3.0442E+05 -2.6195E+04 -8.0189E+04
0000978   7.1548E+05 -2.2756E+05  4.6893E+04
0000979   2.3604E+05  3.1864E+05 -1.4420E+04
0000980   1.8649E+05 -5.1535E+04  1.4081E+05
0000981   6.8035E+04 -3.9836E+04  3.4777E+05
0000982   4.3904E+05 -1.3373E+04 -1.1323E+05
0000983   3.2852E+05  7.3284E+04  1.5234E+05
0000984   2.8892E+05  3.0495E+05 -3.1429E+04
0000985   6.7611E+04  6.1437E+04 -5.8663E+04
0000986   1.7410E+05 -1.0558E+04 -2.4639E+03
0000987   9.8363E+04 -1.4879E+05  4.2900E+04
0000988   3.8388E+05  3.9346E+05  4.0000E+04
0000989   2.4136E+04  1.9380E+05  1.3449E+05
0000990   2.9227E+05  8.4371E+04  1.7506E+05
0000991   3.5458E+05  2.3255E+05 -2.9563E+04
0000992   5.2060E+05  2.3409E+04  4.2793E+05
0000993   6.3606E+05  1.2723E+05 -3.2491E+04
0000994   4.9675E+05  6.0024E+04 -2.2062E+05
0000995   7.2473E+05 -2.2817E+05 -6.1750E+04
0000996   1.3902E+05 -4.0319E+04  1.7533E+05
0000997   3.5022E+05  1.0890E+05 -2.3138E+03
0000998   3.1138E+05  2.2202E+04  2.2354E+05
0000999   2.8624E+05  1.6929E+05  8.9232E+04
0001000   4.1260E+05  3.4872E+04 -1.6647E+05
