============================== SRIM-2013.00 ==============================
==============================================================================
====== SRIM Outputs\RANGE_3D.txt : File of Final Ion Positions =====

Ion = Ar (18)   Ion Mass= 039.9620
Energy  = 7196850.E-05 keV
Ion Angle to Surface = 00.0 degrees
==================== TARGET =======================
  Layer # 1 - Layer 1
  Layer # 1 - Bottom Depth=100000.E+02 A
  Layer # 1 - Density =0000.0036 g/cm3
  Layer # 1 -  100 % of Ar
様様様様様様様様様様様様様様様様様様様様様様様様様様
                                            
Ion       Depth  X   Lateral Y   Lateral Z  
Number    (Angstrom) (Angstrom)  (Angstrom) 
-------  ----------- ----------- -----------
0000001   7.7032E+05 -3.5376E+05  6.5831E+04
0000002   8.9217E+05  1.0452E+05  1.3550E+05
0000003   7.2055E+05 -1.2403E+05  1.9562E+05
0000004   1.2827E+06 -3.6062E+05  1.9083E+05
0000005   1.0197E+06  4.4456E+04 -7.6999E+05
0000006   8.8617E+05  2.1424E+05  2.0436E+05
0000007   6.5864E+05 -3.7820E+04  4.1825E+05
0000008   7.9865E+05 -1.6273E+05  1.4959E+05
0000009   9.1404E+04 -2.1836E+05 -1.2606E+05
0000010   1.5339E+06  3.3582E+05 -2.4319E+05
0000011   8.9952E+05 -1.9276E+05  2.5455E+05
0000012   9.9563E+05 -2.7184E+05  1.5170E+05
0000013   5.9150E+05  3.9675E+05 -3.5936E+05
0000014   3.0309E+05  9.7906E+04 -1.4544E+05
0000015   7.3492E+05 -5.3767E+04  3.4728E+05
0000016   6.3841E+04  2.0339E+05  9.0036E+04
0000017   7.9827E+05  2.1718E+04  5.6376E+05
0000018   6.1610E+05 -2.7652E+05  3.1075E+05
0000019   1.0104E+06 -7.1370E+04 -1.1899E+05
0000020   6.6551E+05 -5.1019E+04 -1.2997E+05
0000021   6.2522E+05 -1.0005E+05 -2.1009E+05
0000022   3.7184E+05  9.1531E+04 -1.6911E+05
0000023   6.7977E+05  1.1118E+05 -3.3449E+05
0000024   1.7520E+05  5.3236E+04  3.0705E+04
0000025   7.4527E+05  2.3948E+05  2.3967E+05
0000026   6.6613E+05  1.0843E+05  6.2605E+05
0000027   6.0020E+05  2.1751E+05  1.7930E+05
0000028   1.0289E+06 -1.2270E+05 -5.9448E+03
0000029   1.2674E+06 -6.8121E+04  1.4222E+05
0000030   4.8537E+05 -2.4070E+05  9.5684E+04
0000031   6.4204E+05 -2.3023E+05 -3.6739E+05
0000032   4.3831E+05 -1.1464E+05  4.0006E+05
0000033   5.5200E+05 -4.2297E+05 -4.9813E+05
0000034   1.1029E+06  7.1690E+04 -1.0557E+05
0000035   1.0600E+06 -1.5527E+05  2.6057E+05
0000036   5.6710E+05  6.9342E+05  3.9109E+05
0000037   1.1225E+06 -3.9230E+04 -6.6244E+05
0000038   2.7519E+05  1.4129E+05  3.7742E+05
0000039   6.2046E+05  3.5873E+05 -3.9948E+05
0000040   3.0255E+05  8.2756E+04 -9.0863E+04
0000041   1.3649E+06 -2.2499E+05  3.3484E+05
0000042   3.9995E+05 -1.9920E+05 -2.3568E+05
0000043   5.7220E+05  9.5086E+04 -5.3570E+05
0000044   1.4836E+06 -3.8820E+05  2.9488E+05
0000045   5.7872E+05 -6.1468E+04  1.7489E+05
0000046   1.9667E+05 -1.6431E+04 -1.5581E+05
0000047   1.0751E+06 -4.8429E+05  2.3361E+04
0000048   6.5141E+05  3.0722E+05 -3.7856E+05
0000049   5.1280E+05 -6.2920E+04  1.2568E+05
0000050   1.2190E+06  7.6350E+04 -6.8068E+04
0000051   8.3880E+05  3.8111E+05  4.6353E+05
0000052   5.9482E+05 -2.9732E+05 -2.1405E+05
0000053   7.9543E+05 -2.3843E+04 -1.0624E+05
0000054   7.4461E+05  2.6651E+05 -5.4770E+05
0000055   8.4633E+05  2.8891E+05  2.9527E+05
0000056   9.4509E+05 -3.9086E+05  3.1445E+04
0000057   3.6929E+05  1.0503E+05 -5.4863E+05
0000058   9.5313E+05  9.1354E+04  1.0765E+05
0000059   1.0798E+06  2.1375E+05 -1.2225E+05
0000060   7.9784E+05  2.1747E+05 -1.2182E+05
0000061   7.5956E+05 -1.7032E+04  3.8868E+03
0000062   3.3888E+05  1.6918E+05  1.2711E+05
0000063   8.9102E+05 -5.0424E+05 -1.4542E+05
0000064   5.5774E+05 -7.9223E+04  2.1464E+04
0000065   5.8244E+05 -2.0317E+05 -1.7618E+05
0000066   9.3098E+05  2.6063E+05 -1.4711E+05
0000067   8.4512E+05 -6.9896E+05 -3.0396E+05
0000068   8.5952E+05 -1.3160E+05  7.4753E+05
0000069   3.9035E+05 -2.4202E+05  9.2848E+04
0000070   4.9742E+05  8.4151E+03  8.7349E+05
0000071   1.3551E+06 -4.6138E+05 -2.8915E+05
0000072   8.0467E+05 -5.5686E+04  7.3905E+04
0000073   4.8107E+05 -9.4918E+04 -1.9336E+05
0000074   8.3256E+05 -4.5755E+05  1.4762E+05
0000075   8.7587E+05  3.8841E+05 -3.3492E+04
0000076   2.4096E+05 -5.4890E+05  5.8244E+05
0000077   1.0059E+06  8.4902E+04  1.1566E+05
0000078   9.5988E+05  3.1953E+05  3.3259E+04
0000079   5.7392E+05 -1.2040E+05  1.2528E+05
0000080   9.3571E+05  2.7808E+05  3.4105E+05
0000081   3.9865E+05 -7.0159E+04  3.8601E+03
0000082   1.1196E+06 -2.6536E+05  1.6383E+05
0000083   7.8756E+05  3.3402E+05  1.9972E+05
0000084   5.2872E+05  2.2745E+04 -1.0213E+05
0000085   8.3856E+05 -8.2211E+05 -2.5338E+05
0000086   3.1614E+05 -2.1888E+05 -2.0523E+05
0000087   1.1814E+06  8.2170E+04 -1.9890E+05
0000088   6.8256E+05  3.3137E+05 -2.5106E+05
0000089   5.2137E+05 -6.6069E+03 -5.2599E+04
0000090   1.0328E+06  1.2936E+05  3.2460E+05
0000091   4.9913E+05 -4.4303E+04  9.0924E+04
0000092   4.8862E+05 -2.9810E+05  3.8201E+05
0000093   1.1104E+06 -1.4190E+04  8.4048E+04
0000094   3.3187E+05 -8.0544E+04 -4.5957E+05
0000095   7.5940E+05 -5.4594E+04 -3.0931E+05
0000096   8.7800E+05  1.7057E+05 -6.8230E+04
0000097   7.1889E+05  1.8378E+05 -2.5627E+05
0000098   1.0845E+06 -1.4759E+05  1.1464E+04
0000099   1.5847E+05  3.2971E+04 -3.9527E+04
0000100   3.0831E+05 -9.4330E+04 -5.6353E+04
0000101   5.4700E+05  1.4353E+05  1.3640E+05
0000102   1.8969E+05  1.4847E+05  3.7052E+05
0000103   6.4505E+05  7.8102E+03  3.0799E+05
0000104   7.4918E+05  5.5725E+05 -6.2617E+05
0000105   5.2603E+05  2.4739E+05 -6.6809E+04
0000106   7.8410E+05 -1.6682E+05  2.6085E+05
0000107   7.3891E+05  4.4922E+05  1.3349E+05
0000108   8.4618E+05 -5.9845E+05 -1.5663E+05
0000109   1.1210E+06  3.8052E+05  5.5987E+05
0000110   9.6927E+05  4.1072E+05 -3.3675E+05
0000111   9.6405E+05  6.9828E+04  2.4955E+05
0000112   1.3556E+06  1.8510E+05 -2.4577E+05
0000113   4.9641E+05 -2.1677E+05  4.1617E+04
0000114   7.8891E+05 -1.8400E+04 -4.2006E+05
0000115   4.6472E+05  4.0178E+05  2.1760E+04
0000116   6.1970E+05 -1.2227E+05 -1.8042E+05
0000117   8.7026E+05 -1.2783E+05 -2.6645E+05
0000118   9.0268E+05  4.6024E+05 -2.4482E+05
0000119   1.7274E+05  1.7122E+05  1.6417E+05
0000120   1.3510E+06  5.6372E+04 -3.0124E+05
0000121   6.4851E+05 -9.0900E+04 -1.1698E+05
0000122   7.1623E+05  8.1143E+04 -4.0446E+05
0000123   5.1462E+05 -4.2594E+05  2.2386E+05
0000124   5.6229E+05 -2.7783E+04 -4.0328E+04
0000125   1.5933E+06  1.5768E+05 -4.4696E+05
0000126   9.2926E+05 -1.0796E+05 -7.1178E+04
0000127   7.6246E+05 -9.0016E+04 -3.0278E+05
0000128   5.6547E+05 -1.1775E+05  3.7134E+05
0000129   8.0101E+05 -2.6610E+05 -2.7626E+05
0000130   6.6591E+05  1.2765E+04  4.1179E+05
0000131   6.0341E+05  1.7169E+05 -1.7835E+05
0000132   4.3240E+05 -3.7877E+05 -3.2242E+05
0000133   1.0404E+06 -2.4409E+05  2.9440E+05
0000134   9.3862E+05  3.1913E+05  1.5711E+05
0000135   4.2714E+05  8.7736E+04  1.2706E+04
0000136   8.5297E+05  5.9684E+04 -4.6009E+05
0000137   6.5979E+05 -2.3377E+05 -6.9037E+04
0000138   1.0570E+06  2.8952E+05 -3.0690E+05
0000139   3.8555E+05 -2.7364E+05  1.3394E+05
0000140   6.5753E+05 -3.5604E+04 -2.3805E+05
0000141   1.2431E+06 -6.0988E+05  3.2910E+05
0000142   3.4693E+05 -1.1341E+05 -2.4979E+05
0000143   1.2433E+06  1.5025E+05  1.4232E+04
0000144   4.0329E+05  6.2631E+05 -1.6196E+05
0000145   3.1368E+05 -1.0585E+04  7.6658E+03
0000146   1.1944E+06 -7.6311E+03  8.5276E+04
0000147   9.1384E+05  8.6793E+04  7.7102E+04
0000148   6.6657E+05 -2.0140E+05 -4.3312E+05
0000149   7.0922E+05  5.0731E+05  2.3035E+04
0000150   2.0663E+05 -1.0023E+05  1.7569E+05
0000151   8.0037E+05 -3.1623E+05 -1.4831E+05
0000152   7.9337E+05 -9.6956E+04  1.9405E+05
0000153   6.3028E+05 -3.3810E+05 -3.8583E+05
0000154   7.7324E+05 -1.5845E+05 -1.4196E+05
0000155   7.9578E+04 -1.4270E+05 -4.9715E+04
0000156   1.0848E+06 -3.3953E+05  1.0841E+05
0000157   8.4764E+05 -4.7640E+05 -2.0873E+05
0000158   6.1592E+05 -3.5544E+05 -3.3959E+05
0000159   3.8630E+05  1.0353E+05 -2.8253E+04
0000160   6.1266E+05 -1.1650E+04 -3.3993E+05
0000161   7.7045E+05  4.4773E+05  2.0767E+05
0000162   3.8825E+05  6.8414E+04 -1.7401E+05
0000163   7.8944E+05  1.4462E+05 -4.3365E+05
0000164   1.0840E+06 -4.7749E+05 -2.9068E+04
0000165   5.9556E+05 -1.7933E+05  1.7410E+05
0000166   5.9641E+05  2.4209E+04  2.0535E+05
0000167   1.4467E+06  5.2121E+05  3.7496E+04
0000168   7.5326E+05  1.5652E+05  3.8982E+05
0000169   3.9201E+05 -2.4189E+05  9.2921E+04
0000170   5.7282E+05 -8.5502E+04 -4.1759E+04
0000171   7.0628E+05  1.1325E+05 -1.8336E+05
0000172   7.7785E+05  7.1392E+04 -2.1873E+04
0000173   7.9904E+05 -4.7308E+04  2.3365E+05
0000174   3.4222E+05  1.8722E+05 -1.1478E+05
0000175   8.4051E+05  1.3450E+05 -5.5384E+05
0000176   1.0166E+06 -3.0122E+05 -3.7927E+04
0000177   1.0696E+06 -1.2453E+05 -2.6497E+05
0000178   4.3153E+05  3.9950E+04 -6.0147E+04
0000179   3.4757E+05 -1.2761E+05  7.2689E+03
0000180   1.2115E+06  1.2381E+03  2.2889E+05
0000181   4.8177E+05 -2.3506E+05 -2.9834E+05
0000182   1.2073E+05 -5.9133E+04 -3.3639E+05
0000183   1.6450E+06 -4.0370E+05 -2.4166E+04
0000184   7.0245E+05  1.2076E+04  3.2138E+04
0000185   4.2885E+05 -8.7034E+04  7.5196E+04
0000186   3.2349E+05 -3.8548E+05 -9.7424E+04
0000187   4.5303E+05  7.3615E+04 -1.2408E+05
0000188   6.9724E+05  1.1149E+05 -2.7807E+05
0000189   1.2030E+05  1.6966E+05 -5.8807E+04
0000190   4.0980E+05  2.1042E+05  8.8535E+03
0000191   6.7948E+05 -1.5782E+05  2.6646E+05
0000192   5.8241E+05 -6.2439E+04  1.0221E+04
0000193   1.0285E+06  1.7146E+05 -1.1990E+05
0000194   5.4092E+05  4.9431E+04 -9.5231E+04
0000195   9.2414E+05  7.7423E+03 -5.8204E+04
0000196   3.7872E+05  6.5700E+05  7.4377E+03
0000197   1.0596E+06  7.2567E+03  5.4982E+04
0000198   7.6275E+05  1.7042E+05  2.7875E+05
0000199   7.3968E+05 -1.9731E+05 -2.2419E+05
0000200   1.4311E+05 -7.5729E+04  4.8763E+04
0000201   2.1045E+05  2.2139E+05  3.5206E+04
0000202   5.7764E+05 -3.9661E+05  9.4159E+04
0000203   4.6978E+05 -8.9660E+05 -1.3519E+05
0000204   9.7590E+05  7.6091E+04  2.3768E+04
0000205   7.1267E+05 -9.2433E+04 -3.1532E+05
0000206   1.7255E+05  1.5552E+05 -4.3253E+04
0000207   3.6866E+05 -1.4156E+05  9.5401E+04
0000208   7.4910E+05 -2.6753E+05  2.3354E+05
0000209   8.1634E+05  1.0660E+05  8.6670E+04
0000210   1.2618E+06  4.7877E+05  2.3041E+05
0000211   5.1610E+05 -8.8398E+04  2.1658E+05
0000212   6.7589E+05 -1.8193E+05 -1.0821E+05
0000213   1.0363E+06 -1.0125E+05  7.3234E+04
0000214   8.9343E+05 -2.2682E+05 -6.1396E+04
0000215   5.6005E+05  3.2347E+05  1.6648E+05
0000216   9.5983E+05 -1.0407E+05  5.7134E+05
0000217   6.6886E+05  1.0989E+05  3.0902E+04
0000218   7.4626E+05  2.8511E+05 -3.6627E+05
0000219   2.8147E+05  1.5964E+05  3.6462E+05
0000220   1.0796E+06 -5.5523E+05 -5.7828E+04
0000221   4.8476E+05 -1.3534E+05 -6.5160E+05
0000222   8.5241E+05 -2.3345E+05  5.3179E+05
0000223   8.9877E+05 -4.3240E+05 -6.2725E+05
0000224   6.7765E+05 -8.1422E+04 -1.4770E+05
0000225   3.5196E+05  4.0026E+05 -2.8638E+05
0000226   8.9868E+05 -4.6805E+04  3.4016E+05
0000227   8.1107E+05 -1.0846E+05 -5.3227E+04
0000228   7.8517E+05 -1.7477E+05 -2.5941E+05
0000229   6.7361E+05  4.7363E+04 -2.0151E+05
0000230   4.2322E+05  6.0795E+03 -1.2051E+05
0000231   3.6131E+05 -5.4241E+04 -6.8606E+04
0000232   2.8718E+05 -6.3153E+05  6.1870E+04
0000233   9.5012E+05 -7.2983E+03  2.3781E+05
0000234   3.3311E+05 -1.0364E+05 -5.6372E+04
0000235   8.6662E+05 -2.6748E+05 -1.6229E+04
0000236   1.4491E+06 -1.1528E+05 -3.5762E+05
0000237   2.1457E+05 -1.7451E+05  2.5599E+04
0000238   1.0135E+06 -3.3196E+05  3.9250E+05
0000239   6.3432E+05  2.5398E+05 -2.1326E+05
0000240   2.8975E+05  7.1241E+05 -3.7582E+05
0000241   7.0225E+05 -2.9346E+05  1.5288E+05
0000242   2.5029E+05 -1.5130E+05 -1.7395E+05
0000243   9.9308E+05  1.5178E+05 -3.0628E+04
0000244   9.0840E+05  8.3379E+05  2.4357E+05
0000245   3.8041E+05 -3.2529E+05 -8.3204E+04
0000246   7.4096E+05 -4.1014E+05 -3.1233E+04
0000247   6.6949E+05 -3.7654E+05  3.3928E+04
0000248   1.0656E+06 -1.0146E+05 -2.6634E+05
0000249   3.4118E+05  4.1139E+05 -2.9445E+05
0000250   4.2417E+05 -4.5534E+05  2.4046E+04
0000251   4.3868E+05 -1.3570E+05  6.9348E+04
0000252   7.7672E+05  2.3072E+05  1.5334E+05
0000253   6.8388E+05 -6.6257E+04  1.4368E+05
0000254   6.3158E+05 -1.6740E+05 -1.1240E+05
0000255   8.7385E+05  2.9207E+03 -2.7991E+05
0000256   1.4722E+06  3.7344E+05  2.5674E+04
0000257   8.5442E+05  2.0291E+05 -1.0522E+05
0000258   3.1923E+05 -1.7752E+05  3.2011E+05
0000259   9.3592E+05  1.2269E+05  1.5304E+05
0000260   9.9222E+05 -3.6984E+05 -2.4286E+05
0000261   7.3421E+05  2.6773E+04  5.8588E+05
0000262   3.8292E+05 -8.7812E+04 -6.5912E+04
0000263   8.3033E+05  1.0207E+05  1.8193E+04
0000264   1.1961E+06  6.8629E+05 -3.8644E+05
0000265   6.2611E+05  2.9123E+05 -7.3595E+04
0000266   5.7121E+05  5.8184E+05 -1.2965E+04
0000267   1.1919E+06 -2.4209E+04 -2.7845E+05
0000268   5.5819E+05  7.5933E+04  2.1007E+05
0000269   9.5323E+05  1.7455E+05 -3.7077E+04
0000270   1.4505E+06 -5.8440E+05  3.9309E+05
0000271   3.8374E+05 -3.3711E+04  3.2602E+04
0000272   2.8607E+05 -3.4572E+05  1.9770E+04
0000273   9.1755E+05  4.3773E+05  1.2522E+04
0000274   1.2421E+06  1.8987E+04  8.0759E+04
0000275   1.0450E+06 -2.6452E+05 -7.2667E+05
0000276   1.2645E+06  5.1518E+05  2.5296E+03
0000277   1.0071E+06 -4.5276E+05  1.8769E+05
0000278   4.9456E+05  3.4455E+04  5.6959E+03
0000279   1.9348E+05  2.6044E+05  6.8535E+04
0000280   6.6225E+04 -1.1483E+05 -9.2290E+04
0000281   9.6480E+05 -7.7111E+04  3.4367E+05
0000282   8.3321E+05  6.8872E+03  5.4376E+05
0000283   9.3564E+05  8.5786E+04 -2.5129E+05
0000284   4.3623E+05  1.7182E+05  4.1011E+05
0000285   9.5253E+05 -6.0338E+05  3.2622E+05
0000286   9.7837E+05  4.6558E+05  2.0582E+05
0000287   1.3493E+06 -5.0691E+05  5.1388E+05
0000288   4.7643E+05 -8.3090E+04  7.6335E+04
0000289   1.1818E+06  2.6269E+05 -4.0220E+05
0000290   9.1632E+05 -2.7636E+05  2.3763E+05
0000291   4.4689E+05 -1.1778E+05 -2.3983E+05
0000292   8.9890E+05 -4.8164E+05  3.7361E+05
0000293   7.1704E+05 -6.8988E+03 -2.5669E+05
0000294   5.2965E+05  2.0722E+05  2.6123E+04
0000295   2.7790E+05 -1.6174E+05  6.6283E+04
0000296   7.4763E+05  3.3934E+04  5.0620E+05
0000297   5.4063E+05  2.0653E+05 -2.4808E+05
0000298   5.5143E+05 -2.1106E+05 -2.0295E+05
0000299   3.7489E+05 -3.9676E+04 -4.8434E+04
0000300   1.1075E+06  1.7052E+05 -8.8410E+04
0000301   5.0531E+05 -4.2604E+05 -2.0488E+05
0000302   6.0173E+05 -5.8078E+05 -7.4777E+05
0000303   5.2186E+05 -9.2184E+04 -2.4675E+05
0000304   8.3712E+05 -4.0172E+05 -2.1411E+05
0000305   5.5533E+05 -2.3010E+05  5.5715E+04
0000306   6.8570E+05 -3.7339E+05  4.2848E+05
0000307   8.8979E+05 -4.0358E+04 -4.9606E+05
0000308   1.3373E+06  2.7344E+05  9.3622E+04
0000309   7.1997E+05  6.6348E+04 -3.3415E+05
0000310   5.8120E+05  5.7303E+04  3.9620E+03
0000311   7.2760E+05 -3.1567E+05 -9.3381E+04
0000312   1.0834E+06  1.4664E+04 -1.8709E+03
0000313   4.0709E+05  1.8931E+05 -2.4301E+05
0000314   1.0662E+06  2.3296E+05  1.1825E+04
0000315   9.7897E+04  2.5916E+04  3.2866E+04
0000316   6.7432E+05  4.2837E+04 -2.8132E+05
0000317   1.1923E+06  3.4444E+05  8.7439E+04
0000318   9.6152E+05 -2.8849E+05  1.3202E+05
0000319   5.1188E+05 -4.1604E+05  2.2073E+05
0000320   6.5896E+05  4.4818E+04 -1.1785E+05
0000321   9.0422E+05  8.4319E+04 -1.5692E+05
0000322   1.4215E+06  4.2588E+05  3.8231E+05
0000323   4.5560E+05  1.8794E+05  5.7076E+04
0000324   9.0882E+05 -5.0061E+04 -1.1990E+05
0000325   4.7954E+05 -4.2342E+04 -3.1253E+05
0000326   9.4695E+05 -2.7556E+05  3.0060E+05
0000327   5.4214E+05 -8.6981E+04 -8.0105E+04
0000328   9.7050E+05 -3.6241E+05 -1.8735E+05
0000329   4.3403E+05  8.6909E+04 -1.6469E+05
0000330   8.7494E+05 -1.0609E+05  3.2588E+05
0000331   8.4453E+05 -1.3701E+05 -4.3262E+04
0000332   1.0591E+06  3.6693E+04 -1.3502E+05
0000333   9.5871E+05  6.0264E+05 -1.7099E+05
0000334   3.9491E+05  4.6069E+03  5.0998E+05
0000335   7.7012E+05 -7.1756E+04 -9.9720E+04
0000336   9.3213E+05  7.3560E+04  3.1571E+05
0000337   8.1931E+05 -6.4826E+05  4.4731E+04
0000338   9.0498E+05  2.7836E+05  5.1775E+04
0000339   9.8993E+05 -7.6897E+04 -1.5440E+04
0000340   4.8950E+05  1.2372E+05 -1.8076E+05
0000341   8.1329E+05  2.9498E+05  3.8911E+05
0000342   1.3951E+06 -3.0215E+05  9.7028E+04
0000343   4.1924E+05 -2.2787E+05  4.1691E+04
0000344   3.7819E+05 -1.4963E+05 -2.8454E+04
0000345   3.0048E+05 -2.0421E+05  2.1577E+05
0000346   8.4557E+05  4.1998E+05 -2.1408E+05
0000347   5.7873E+05 -5.8967E+04 -4.0052E+05
0000348   6.5642E+05 -2.3004E+04  5.1214E+05
0000349   4.3516E+05 -1.0526E+05  1.1711E+05
0000350   9.3735E+05 -6.6765E+05 -5.9879E+05
0000351   1.3754E+06 -9.1100E+04  8.4940E+04
0000352   1.2399E+06  5.9822E+05 -1.7599E+05
0000353   6.5003E+05 -2.4187E+05  1.2094E+05
0000354   1.4743E+06  3.6430E+05 -1.6089E+05
0000355   3.3185E+05  1.2471E+05  5.4711E+04
0000356   4.8132E+05 -1.6444E+04  1.1676E+05
0000357   8.1770E+05  9.8175E+04  7.9777E+04
0000358   6.9684E+05  7.5590E+04 -1.2666E+05
0000359   7.1990E+05  8.1508E+04 -2.8629E+04
0000360   5.0091E+05 -2.2128E+05  1.5793E+05
0000361   6.8264E+05 -2.2924E+05 -2.8040E+05
0000362   3.5565E+05 -2.4217E+04 -5.7723E+05
0000363   9.2641E+05 -2.4319E+05  2.1585E+05
0000364   2.6108E+05 -1.3901E+05  5.3015E+04
0000365   5.8942E+05 -4.4756E+04  1.2034E+05
0000366   6.8061E+05 -2.1517E+05 -5.1978E+05
0000367   8.6631E+05  4.8221E+04  6.3874E+04
0000368   1.5256E+05 -1.3035E+05 -1.5263E+05
0000369   1.1469E+05 -8.5831E+04  1.3449E+05
0000370   9.4460E+05 -3.6349E+05 -4.7824E+04
0000371   7.9583E+05  1.5914E+05  2.7346E+05
0000372   1.1489E+06  3.2754E+05 -5.9995E+05
0000373   8.9508E+05  1.3914E+05  2.4369E+05
0000374   1.2121E+06  1.5282E+05  8.3801E+02
0000375   9.2738E+05  2.2426E+05 -3.4745E+05
0000376   6.5206E+05  6.3205E+04 -2.3690E+05
0000377   8.5938E+05  1.1262E+04 -2.5318E+05
0000378   2.4774E+05  4.9750E+05  9.9817E+04
0000379   2.8196E+05  6.7263E+04 -1.8031E+05
0000380   4.1205E+05  2.1929E+05  2.1803E+05
0000381   1.2605E+06  6.7854E+05 -1.5528E+05
0000382   4.9628E+05 -4.7559E+05 -2.5020E+05
0000383   7.6925E+05 -1.3351E+05 -4.3082E+05
0000384   2.4379E+05  2.9251E+05 -6.2514E+05
0000385   4.7619E+05  2.3537E+05 -6.3872E+02
0000386   1.3151E+06  7.3223E+05 -9.4994E+05
0000387   1.7011E+06  1.4771E+05  1.9622E+05
0000388   4.0883E+05  2.2965E+05 -4.1045E+05
0000389   1.2646E+04  3.8283E+04 -1.8530E+05
0000390   8.0639E+05  1.3877E+05 -7.9459E+04
0000391   5.4489E+05 -5.0550E+04 -6.8759E+04
0000392   6.0854E+05  6.2319E+04  1.6423E+05
0000393   1.1581E+06  1.3891E+05 -1.3583E+05
0000394   4.8095E+05 -1.9759E+05  2.3101E+05
0000395   2.4997E+05  1.6211E+05 -1.5983E+05
0000396   9.7964E+05  4.2210E+05  6.0136E+04
0000397   4.9358E+05 -3.6163E+05 -2.3460E+05
0000398   6.9947E+05 -7.7991E+04 -8.4557E+04
0000399   2.9895E+05  1.4624E+05 -4.7776E+04
0000400   8.4552E+05 -1.6863E+05 -2.1845E+05
0000401   6.8395E+03 -1.5009E+04 -3.4011E+05
0000402   5.6321E+05 -3.5787E+05  6.2360E+05
0000403   7.5465E+05  1.7569E+05  6.0208E+05
0000404   5.7700E+05  7.9392E+04 -4.2020E+05
0000405   7.2672E+05 -4.0528E+05 -1.4471E+05
0000406   8.7595E+05 -3.1069E+05 -4.4094E+05
0000407   7.5180E+05 -2.4741E+04  3.5840E+05
0000408   6.2488E+05  6.3203E+05 -4.8488E+04
0000409   7.8279E+05  1.8864E+05 -2.4027E+05
0000410   1.0171E+06 -5.9938E+05 -2.8152E+05
0000411   4.9110E+05 -7.8198E+04 -8.4136E+03
0000412   8.4731E+05 -7.7646E+04  3.0811E+05
0000413   1.2932E+06  2.7603E+05 -1.9142E+05
0000414   8.4105E+05 -3.0855E+05 -7.2759E+02
0000415   1.0023E+06  1.3213E+05 -1.4044E+05
0000416   6.6393E+05 -4.9842E+05  2.8389E+05
0000417   5.6143E+05 -2.7612E+05  8.2191E+05
0000418   7.0204E+05  2.6312E+05  2.2928E+05
0000419   7.5099E+05 -1.9148E+05 -3.8896E+05
0000420   4.3079E+05  5.0394E+05 -2.2598E+05
0000421   3.7359E+05 -3.2659E+04  5.7258E+04
0000422   6.6525E+05 -1.2591E+05  4.5219E+05
0000423   8.3407E+05  1.8919E+05 -4.1472E+04
0000424   6.8944E+05  5.2070E+04  6.6804E+05
0000425   8.1069E+05  4.0042E+05  2.3503E+05
0000426   2.5924E+05 -4.5943E+05 -1.6941E+05
0000427   6.1715E+05  2.8261E+05  1.0481E+05
0000428   5.5882E+05 -1.1505E+05 -1.2139E+05
0000429   7.0298E+05  4.3079E+03 -7.5126E+04
0000430   9.0038E+05 -3.6066E+05  3.3082E+05
0000431   7.0156E+05  1.4431E+05  3.5074E+05
0000432   7.2484E+05  4.0197E+05 -5.2969E+05
0000433   1.2068E+06 -2.2836E+05 -1.4399E+04
0000434   6.8983E+05 -2.7626E+04 -5.1392E+05
0000435   6.7970E+05 -9.2388E+04  2.0084E+04
0000436   3.7608E+05 -1.0474E+05  4.4651E+04
0000437   1.1244E+06 -5.6779E+05  5.2054E+04
0000438   7.3520E+05 -8.1319E+04  5.1764E+05
0000439   2.1169E+05  6.0071E+04 -4.0064E+05
0000440   6.4610E+05  3.7124E+05  1.2642E+04
0000441   7.5389E+05  1.7058E+04 -2.6012E+05
0000442   8.3892E+05  1.5539E+05 -1.1186E+05
0000443   3.5381E+05  1.1336E+05  8.9114E+04
0000444   3.5715E+05  7.1675E+04 -4.5917E+04
0000445   9.6004E+05 -1.9177E+05 -1.6757E+04
0000446   1.0972E+06 -3.0949E+05  2.0753E+05
0000447   7.2070E+05 -2.9149E+05 -1.4560E+05
0000448   2.8031E+05  7.6263E+04 -7.8850E+04
0000449   6.0865E+05  1.6940E+05 -1.7480E+05
0000450   6.9967E+05  3.9883E+04 -1.2692E+05
0000451   6.1472E+05 -1.9604E+04  1.6757E+05
0000452   1.1616E+06 -5.1519E+04 -2.0855E+05
0000453   1.4619E+06  2.0834E+05  1.5546E+05
0000454   7.4036E+05 -1.8423E+05 -1.7129E+04
0000455   2.7642E+05  2.2050E+05 -1.7973E+04
0000456   7.0728E+05 -5.4103E+05 -6.2351E+05
0000457   2.9520E+05 -3.3623E+04 -7.4337E+05
0000458   3.5562E+05  2.0826E+05 -6.6688E+04
0000459   4.5340E+05 -3.9710E+05 -1.4662E+05
0000460   1.0466E+06 -2.3747E+05 -1.4848E+04
0000461   3.0602E+05  1.5159E+05  1.7045E+05
0000462   2.5790E+05  2.3703E+05 -2.7635E+05
0000463   9.8707E+05  4.6740E+05  7.1732E+05
0000464   1.0804E+06  4.2018E+05  8.4743E+04
0000465   6.0654E+05  1.4215E+05  2.1437E+05
0000466   8.4445E+05 -3.6897E+05 -7.4576E+04
0000467   6.6052E+05  4.8600E+04 -3.4606E+05
0000468   9.4002E+05 -2.6434E+05  2.8629E+05
0000469   4.3411E+05 -1.5358E+05  4.2264E+04
0000470   3.2909E+05 -1.0533E+04  4.0017E+04
0000471   4.1441E+05  1.3190E+05 -9.6534E+04
0000472   6.0029E+05  1.0199E+05  2.3863E+05
0000473   3.5999E+05 -6.3981E+04 -5.6081E+04
0000474   6.0562E+05 -2.4873E+05 -3.7124E+05
0000475   3.9889E+05  4.0150E+05 -1.2695E+05
0000476   3.8671E+05 -2.6991E+05  5.1127E+05
0000477   7.8187E+05 -3.9545E+05 -1.3413E+04
0000478   8.8189E+05  3.6123E+05 -2.2171E+05
0000479   8.3752E+05  3.2583E+05 -1.1918E+05
0000480   4.2623E+05 -2.2437E+05  3.2756E+05
0000481   8.1770E+05 -3.0042E+05 -7.1605E+04
0000482   4.9202E+05  3.5052E+04  8.3976E+04
0000483   3.3501E+05 -3.9512E+04  3.7147E+05
0000484   6.9422E+05  2.8014E+05  1.8110E+05
0000485   2.9167E+05  8.7609E+04  1.5934E+05
0000486   8.8300E+05  3.5733E+04  1.6308E+05
0000487   5.7240E+05 -2.2367E+05 -1.4521E+05
0000488   3.2739E+05  3.2741E+05  3.8385E+05
0000489   5.6652E+05  9.5148E+04  6.7000E+04
0000490   5.4678E+05 -1.6490E+05  8.4598E+04
0000491   7.1721E+05  5.0346E+05 -3.0402E+05
0000492   6.0192E+05  8.8694E+04  3.2649E+05
0000493   1.3219E+06 -8.4228E+04 -3.9934E+05
0000494   4.5046E+05 -1.3721E+05  2.5020E+05
0000495   4.1006E+05 -6.0692E+03 -2.4431E+05
0000496   7.4175E+05 -8.2859E+04 -3.9223E+05
0000497   1.1659E+06  5.0651E+05 -3.8470E+05
0000498   5.7907E+05 -4.7670E+05 -2.8160E+05
0000499   6.4348E+05  1.3945E+05  1.9655E+05
0000500   4.5611E+05  2.2197E+05  2.9077E+05
0000501   2.5854E+05  2.6105E+04  1.5574E+05
0000502   7.8797E+05 -5.5429E+04  3.1915E+04
0000503   6.2486E+05  1.5339E+05  7.4310E+04
0000504   9.6518E+05 -8.6806E+03 -3.2659E+05
0000505   5.0716E+05 -1.4527E+05 -1.7438E+05
0000506   4.4955E+05 -8.4386E+04  7.2830E+04
0000507   5.2267E+05  3.4884E+05  4.8868E+04
0000508   1.1730E+06 -2.5109E+05 -6.8580E+05
0000509   4.6908E+05 -2.7171E+05 -2.4161E+03
0000510   4.7408E+05 -4.2476E+04  3.6168E+05
0000511   1.9504E+05  2.8483E+05 -8.6557E+04
0000512   7.1282E+05 -4.6896E+05  2.5899E+05
0000513   5.5109E+05  1.8527E+05  2.1646E+05
0000514   1.1943E+06  2.1763E+05  2.6809E+04
0000515   5.1022E+05  1.6255E+05 -4.2856E+05
0000516   1.1109E+06  8.8192E+04  3.7320E+05
0000517   1.1169E+06  2.4686E+04  3.8369E+05
0000518   4.4321E+05 -2.3439E+05 -6.5560E+04
0000519   2.9640E+05  3.2279E+05  4.2527E+05
0000520   5.6126E+05 -1.3728E+05  1.1539E+05
0000521   9.1858E+05 -2.8083E+05  1.4554E+05
0000522   8.1916E+05 -8.1873E+04  5.1716E+04
0000523   6.4633E+05 -1.1028E+05 -3.2957E+03
0000524   1.1229E+06 -2.5330E+05  2.8243E+05
0000525   7.5053E+05 -4.1527E+04  2.5512E+05
0000526   5.5496E+05 -6.4337E+04 -3.8132E+05
0000527   1.1566E+06  5.2454E+04  4.9354E+04
0000528   1.1547E+06  4.1680E+04  5.5661E+05
0000529   9.6146E+05  2.1064E+05 -3.2107E+05
0000530   6.6367E+05 -1.3449E+04  1.1954E+05
0000531   8.0423E+05  4.7787E+05  3.7751E+04
0000532   7.7312E+05 -1.3867E+05 -2.7660E+05
0000533   4.4424E+05  6.5255E+04  3.3671E+05
0000534   9.9924E+05 -1.4663E+05  2.0786E+05
0000535   7.0990E+05 -7.1488E+04  2.0859E+05
0000536   8.1671E+05 -5.0256E+05  9.1499E+04
0000537   7.7844E+05  4.6643E+05 -1.4988E+05
0000538   9.5065E+05 -4.8312E+05  1.1968E+05
0000539   7.0725E+05 -5.9761E+05 -2.2366E+05
0000540   4.1895E+05  5.9233E+05  1.3232E+05
0000541   3.0588E+05  2.2477E+05  4.9640E+04
0000542   4.6986E+05  5.1921E+05  5.1714E+04
0000543   8.7634E+05 -1.2197E+05 -3.2862E+05
0000544   6.9609E+05  6.7541E+05  4.5876E+03
0000545   1.2333E+06 -6.4162E+04 -4.3905E+05
0000546   5.7207E+05 -2.0553E+04 -3.7439E+04
0000547   5.9587E+05 -6.0233E+04  6.1862E+04
0000548   3.8868E+05 -9.2278E+04 -8.2975E+04
0000549   5.5307E+05 -6.3182E+04 -6.9628E+05
0000550   2.9511E+05  3.0460E+04  3.9967E+05
0000551   4.4745E+05 -1.2419E+05 -7.8009E+04
0000552   9.8960E+05 -4.5907E+05  8.6155E+04
0000553   1.1202E+06  4.1773E+04  2.0923E+05
0000554   6.0545E+05 -4.5122E+04 -1.2168E+05
0000555   7.4433E+05  2.1250E+05 -5.9365E+05
0000556   8.3883E+05  3.1597E+05 -1.6929E+05
0000557   9.7790E+05 -2.5994E+05  2.9453E+05
0000558   8.7038E+05  4.6035E+05 -2.7206E+05
0000559   7.1445E+05 -3.0947E+03 -6.6039E+04
0000560   1.0111E+06  4.3112E+04  5.3515E+04
0000561   8.0216E+05  2.0947E+05  1.5275E+04
0000562   4.4427E+05 -6.7699E+04 -1.7455E+05
0000563   6.5116E+05 -2.1937E+05  4.3514E+04
0000564   8.6772E+05 -3.3208E+05  1.2239E+05
0000565   8.5103E+05  3.4072E+04 -3.3931E+05
0000566   8.0619E+05 -6.7288E+04 -7.9902E+04
0000567   8.8926E+05 -5.4368E+04 -1.7337E+05
0000568   1.0580E+06  3.2799E+05  1.5808E+05
0000569   5.5365E+05 -1.4229E+05  7.6501E+04
0000570   2.5957E+05 -3.0578E+05  1.1070E+05
0000571   8.3871E+05  2.2707E+04  8.2852E+04
0000572   1.4912E+06 -4.2213E+04  2.6657E+05
0000573   5.6312E+05 -1.4544E+05 -7.3952E+04
0000574   9.5898E+05 -1.7272E+05 -1.3364E+05
0000575   6.5505E+05  2.1871E+05 -2.8761E+05
0000576   6.7514E+05 -1.6103E+05 -1.9032E+05
0000577   1.0295E+06 -2.4158E+04  6.9696E+05
0000578   6.6893E+05  5.0857E+04 -2.1565E+05
0000579   7.2088E+05 -2.7104E+05  4.2738E+05
0000580   7.5212E+05  2.3103E+05 -4.8404E+04
0000581   1.4920E+06  9.7832E+04 -1.8371E+05
0000582   5.6999E+05  1.9488E+05 -6.0416E+05
0000583   3.9048E+05  6.5588E+04 -3.4917E+05
0000584   6.6496E+05 -1.3819E+05 -2.6655E+05
0000585   5.1458E+05  1.0022E+05  1.2330E+05
0000586   4.7895E+05  3.1796E+05  6.9461E+04
0000587   4.3744E+05 -2.5133E+05  3.8977E+05
0000588   1.0508E+06  7.0070E+05  1.1472E+05
0000589   1.4735E+06 -1.1855E+05  9.7256E+04
0000590   1.0622E+06  1.8205E+05 -2.5640E+05
0000591   5.6059E+05  4.1650E+05  1.9204E+05
0000592   7.9742E+05  3.4233E+05 -1.3174E+05
0000593   3.6903E+05 -4.2873E+05 -3.1754E+05
0000594   1.1301E+06  5.2855E+04  1.2985E+04
0000595   6.9289E+05  1.4374E+05 -1.2082E+04
0000596   1.0218E+06  1.7787E+05  1.4067E+05
0000597   2.0866E+05  6.8458E+04  1.3792E+05
0000598   1.1276E+06  6.1582E+05 -2.7080E+05
0000599   1.0640E+06  4.9685E+05  1.3594E+05
0000600   8.3049E+05 -3.8986E+04  2.7197E+05
0000601   6.7739E+03 -5.9199E+04 -1.1506E+05
0000602   1.5879E+06  1.4740E+04  1.6967E+05
0000603   8.9329E+05  4.3954E+05 -1.4358E+05
0000604   1.0493E+06 -4.4292E+05 -4.8874E+05
0000605   6.1472E+05 -1.8121E+05 -1.6616E+05
0000606   1.0798E+06  6.2316E+04  3.8939E+04
0000607   9.6874E+05 -3.3868E+05  3.7001E+05
0000608   4.1924E+05 -2.9458E+05 -5.4503E+04
0000609   6.9821E+05  1.8714E+05 -1.1759E+05
0000610   1.1590E+06  5.9157E+05 -1.8415E+05
0000611   7.2451E+05  8.0659E+04  6.0831E+05
0000612   1.2514E+06 -7.2350E+05  2.0221E+05
0000613   1.2034E+06  4.2577E+04 -6.7614E+05
0000614   6.4925E+05  2.1787E+05  3.1082E+05
0000615   9.8119E+05 -1.6615E+05 -1.5767E+05
0000616   8.9763E+05  5.3255E+05 -1.3573E+05
0000617   6.7810E+05 -6.6393E+04  1.8704E+05
0000618   7.6184E+05 -1.5032E+05  5.4735E+04
0000619   9.7032E+05 -3.6017E+05 -2.9153E+04
0000620   3.3302E+05  1.8085E+05  2.1893E+05
0000621   6.0159E+05 -5.8093E+04 -3.4916E+05
0000622   9.5706E+05  2.4330E+05 -9.2804E+05
0000623   7.4268E+05 -1.6111E+05  5.1123E+05
0000624   3.3238E+05 -2.3388E+05  1.1333E+04
0000625   7.4059E+05 -2.6843E+05  2.5753E+05
0000626   1.8735E+05  2.0970E+05  3.1919E+05
0000627   1.0747E+06 -4.8253E+05  4.9878E+04
0000628   3.6471E+05 -5.2191E+04  2.3067E+05
0000629   3.4256E+05 -4.1574E+05 -4.6177E+05
0000630   5.5116E+05 -1.1704E+05 -8.2298E+04
0000631   7.4584E+05 -1.8264E+05  4.9873E+04
0000632   5.4972E+05  1.3179E+05 -2.6319E+05
0000633   9.4047E+05  3.3050E+04 -4.5550E+04
0000634   9.4557E+05 -7.7905E+04  1.2037E+05
0000635   7.9546E+05 -1.3800E+05 -1.0340E+04
0000636   8.4818E+05 -8.6950E+04 -2.8684E+05
0000637   1.5218E+06  6.7023E+03 -4.0531E+05
0000638   4.9412E+05  3.5951E+05  3.7694E+04
0000639   1.2979E+06 -2.0720E+05  3.0461E+05
0000640   6.0749E+05  9.5447E+04  3.3730E+05
0000641   3.1318E+05  3.8792E+04 -1.3424E+05
0000642   3.5328E+05  2.2497E+02  1.5246E+04
0000643   4.8411E+05 -8.4279E+04  2.9867E+05
0000644   7.9249E+05  1.7261E+05  3.4671E+05
0000645   1.1457E+06 -2.3476E+05 -7.5375E+04
0000646   8.8191E+05  1.5259E+05  2.9444E+05
0000647   5.4760E+05  1.7516E+05  5.2480E+03
0000648   8.2611E+05 -3.1858E+04  1.8134E+05
0000649   8.7010E+05 -2.9987E+05  1.5234E+05
0000650   6.9174E+05  9.6419E+04 -2.5769E+05
0000651   2.4823E+05 -3.1703E+05  1.3294E+05
0000652   6.1376E+05 -8.0968E+04 -3.7225E+05
0000653   1.0341E+06  2.4197E+05  1.1091E+04
0000654   6.0293E+05  1.9837E+05 -6.8711E+04
0000655   3.5741E+05  3.0294E+04  5.2473E+04
0000656   1.1832E+06  1.9157E+05 -2.9976E+05
0000657   4.9436E+05 -8.6207E+04  3.6327E+05
0000658   2.5231E+05  2.0819E+05 -4.0456E+04
0000659   8.5573E+05  1.9863E+05  1.9430E+05
0000660   4.2407E+05  9.4879E+04  1.0466E+04
0000661   4.2570E+05  5.3440E+05  4.1272E+05
0000662   5.4407E+05  1.2269E+05 -5.8597E+05
0000663   6.3637E+05 -5.1819E+04  3.7731E+05
0000664   7.0733E+05 -2.5234E+05  1.0108E+05
0000665   4.1247E+05  1.1043E+04 -1.2356E+05
0000666   4.0017E+05  2.0276E+05  1.8628E+05
0000667   5.5887E+05  4.5391E+04  2.4956E+05
0000668   1.2704E+06 -2.3555E+05 -2.4603E+04
0000669   4.6057E+05  2.9848E+05  5.5916E+05
0000670   6.5143E+05  3.1467E+05  1.3362E+05
0000671   3.0974E+05  3.2024E+05 -4.8348E+05
0000672   1.0404E+06 -2.2235E+05  2.9139E+05
0000673   7.2544E+05 -5.2619E+05  6.2328E+04
0000674   7.8462E+05  2.4849E+05 -3.2392E+05
0000675   3.4755E+05  2.6975E+05 -3.3655E+04
0000676   1.3474E+06 -3.8422E+04 -1.8320E+05
0000677   6.4955E+05  3.0664E+05  1.1078E+05
0000678   7.9417E+05  5.6666E+04  2.1391E+05
0000679   5.5966E+05  5.4108E+03 -4.6460E+05
0000680   3.1337E+05  2.0348E+05 -8.1152E+03
0000681   6.7588E+05 -2.5216E+05  1.4822E+05
0000682   6.6330E+05  1.5546E+05 -4.7162E+04
0000683   1.0065E+06 -2.4141E+04  4.1884E+05
0000684   7.5899E+05  7.2816E+04 -1.5653E+05
0000685   9.5023E+05  1.1977E+05 -6.2774E+05
0000686   2.9373E+05 -3.4566E+05  1.7087E+05
0000687   1.5694E+05  3.5227E+05 -2.7705E+05
0000688   6.0269E+05 -1.1747E+05 -3.2642E+05
0000689   9.5354E+05 -1.8629E+05 -3.6470E+04
0000690   5.4812E+05  3.7267E+05 -1.5302E+05
0000691   5.2631E+05 -3.4038E+05 -2.9720E+05
0000692   5.6004E+05 -2.3008E+05 -4.3061E+04
0000693   5.5217E+05 -2.4678E+04  4.2765E+05
0000694   1.3050E+06  2.1088E+05  3.2952E+05
0000695   8.2027E+05 -8.0708E+04 -2.8287E+05
0000696   9.1216E+05  1.4686E+05  3.7765E+05
0000697   4.5960E+05  3.3165E+05  1.7082E+05
0000698   8.9260E+05  1.8854E+05  4.8949E+05
0000699   7.0703E+05 -2.1759E+05 -5.0126E+04
0000700   2.1228E+05 -1.2200E+04 -5.9092E+04
0000701   4.2772E+05  2.2412E+05  4.3915E+04
0000702   4.1850E+05  1.5129E+05  6.0822E+04
0000703   1.2023E+06 -4.6584E+04  1.7676E+04
0000704   9.2986E+05 -1.9324E+04  4.0232E+05
0000705   8.9547E+05  1.0135E+05  4.2535E+04
0000706   8.3994E+05 -4.9297E+05 -8.5156E+04
0000707   8.5877E+05  3.3618E+05  1.8392E+05
0000708   5.5714E+05  2.9379E+05  2.5214E+05
0000709   4.8140E+05 -2.2196E+05  3.8871E+05
0000710   3.3490E+05 -4.6990E+04 -6.3251E+04
0000711   7.6371E+05 -1.1614E+05 -2.2400E+05
0000712   1.0590E+06  2.1301E+05 -2.9950E+05
0000713   9.0789E+05 -1.0607E+05  2.1962E+05
0000714   1.0390E+06 -3.4536E+05  3.0853E+05
0000715   8.9663E+05  4.4536E+04 -1.2904E+04
0000716   6.2727E+05  3.3498E+05 -9.8031E+04
0000717   8.5774E+05  4.1749E+05  1.4940E+05
0000718   8.4695E+05 -8.5994E+04  5.3914E+05
0000719   1.3336E+06 -8.9410E+04 -8.2141E+05
0000720   5.1438E+05 -1.0992E+05 -2.3956E+05
0000721   3.0999E+05 -1.8343E+05  8.1539E+04
0000722   9.0985E+05 -2.7286E+05  1.6496E+04
0000723   1.7132E+05 -2.9807E+05  3.4386E+05
0000724   6.4228E+05  8.5201E+04  6.2312E+05
0000725   1.2047E+06  3.1347E+05  1.4469E+05
0000726   2.4646E+05 -8.0503E+04 -1.7868E+05
0000727   2.9229E+05  2.2828E+05  8.3845E+04
0000728   1.1621E+06  1.2184E+05 -5.4992E+05
0000729   8.1786E+05 -1.1315E+05 -5.0204E+04
0000730   1.0184E+06  8.6826E+04 -1.0918E+05
0000731   4.1199E+05  2.6933E+05  2.9795E+05
0000732   1.0283E+06 -6.8837E+04  3.8584E+05
0000733   5.1232E+05  2.8324E+05  1.6233E+05
0000734   1.7233E+05 -5.3921E+04 -2.7551E+04
0000735   8.2430E+05 -7.9210E+04  2.7395E+05
0000736   6.9436E+05  1.3130E+05  2.5930E+04
0000737   6.5914E+05 -2.9363E+05  1.4958E+05
0000738   8.4256E+05 -4.4182E+05  2.5731E+03
0000739   2.7369E+05  1.8142E+05  4.2851E+03
0000740   8.6519E+05  1.6161E+05  7.3522E+04
0000741   2.7809E+05 -1.9146E+05 -1.2884E+05
0000742   6.1808E+05 -4.3157E+05 -1.9491E+05
0000743   6.5395E+05 -3.4047E+05 -3.0880E+05
0000744   8.0211E+05 -1.9904E+05 -1.5876E+05
0000745   5.0544E+05 -1.1781E+05 -2.7644E+05
0000746   1.0312E+06  8.5416E+05  3.0343E+03
0000747   2.8176E+05  1.7162E+04  3.3584E+05
0000748   6.9394E+05 -3.4805E+05  1.4851E+04
0000749   7.1230E+05 -2.9840E+05 -2.3429E+05
0000750   2.7233E+05  2.5845E+05 -2.8692E+04
0000751   1.0400E+06 -8.1088E+04  2.6348E+05
0000752   5.0655E+05 -6.2647E+05 -3.6067E+05
0000753   5.7362E+05 -5.1099E+05  2.5908E+05
0000754   7.9091E+05  3.0973E+05  2.4504E+05
0000755   6.3422E+05  1.5029E+05  3.1113E+04
0000756   9.9343E+05 -4.1353E+04 -1.9084E+05
0000757   1.2234E+06 -3.5264E+05  6.9297E+05
0000758   6.5507E+05  9.4254E+04 -3.1692E+05
0000759   8.2980E+05  4.5297E+05  2.0983E+05
0000760   9.2106E+05  6.7192E+03 -4.0211E+05
0000761   1.1149E+06 -3.7282E+05  2.0282E+05
0000762   1.0438E+06 -8.7068E+03 -1.9697E+04
0000763   5.6904E+05  6.3176E+04  5.8452E+04
0000764   4.7321E+05 -7.6370E+04 -1.0635E+05
0000765   8.6056E+05 -1.0971E+05 -1.8564E+04
0000766   5.8443E+05 -1.5800E+05 -3.7447E+04
0000767   9.8101E+05  2.0850E+05 -3.0035E+05
0000768   2.3576E+05  1.6547E+05 -5.3059E+04
0000769   6.1170E+05  2.0190E+05  6.8055E+04
0000770   7.7114E+05  2.7746E+05 -2.2826E+05
0000771   7.2901E+05  6.9280E+05 -8.7597E+04
0000772   2.3041E+05 -1.5382E+04 -1.5696E+05
0000773   7.8516E+05  4.2081E+05  7.5025E+04
0000774   8.3625E+05  2.3411E+05  5.0016E+05
0000775   4.3169E+05  1.0183E+05  1.4876E+05
0000776   8.3586E+05  1.9918E+04 -2.1394E+05
0000777   1.5766E+06 -2.2155E+05 -4.4908E+05
0000778   1.2774E+06  8.1728E+03  4.4486E+05
0000779   4.9689E+05 -1.8511E+04 -1.6162E+05
0000780   3.5602E+05 -7.3562E+04  2.1210E+04
0000781   7.2059E+05  1.5740E+05 -6.1988E+05
0000782   1.2241E+06 -1.2262E+05  1.8789E+05
0000783   8.3821E+05 -1.5465E+05  6.3375E+03
0000784   6.9696E+05  6.3038E+05 -4.3167E+05
0000785   8.7147E+05 -9.3023E+04  1.9549E+05
0000786   6.2604E+05  2.9379E+05  1.4298E+05
0000787   1.0284E+06 -3.0237E+04  3.8678E+05
0000788   9.0618E+05  2.9989E+05 -1.7354E+05
0000789   1.4889E+05 -1.3280E+05 -3.3422E+05
0000790   1.0935E+06  3.6653E+05 -8.7498E+04
0000791   1.0320E+06 -1.0649E+05  3.6644E+05
0000792   6.7357E+05 -2.6703E+05 -1.2059E+05
0000793   1.0446E+06  2.2074E+05  1.0560E+05
0000794   1.7497E+05  6.0828E+05  6.1249E+05
0000795   1.1516E+06  1.9006E+05  1.6339E+05
0000796   4.7159E+05 -1.5280E+05  4.8143E+04
0000797   7.7676E+05  1.0883E+05  1.0031E+05
0000798   7.9187E+05  2.1791E+05  1.8736E+05
0000799   9.7804E+05 -1.2262E+05  3.4880E+05
0000800   1.0465E+06  5.3047E+05 -3.6839E+05
0000801   3.0010E+05  4.2353E+05  4.5500E+05
0000802   1.3227E+06 -3.2126E+05 -2.1226E+05
0000803   6.6238E+05  4.4191E+05 -3.9103E+05
0000804   7.8428E+05 -2.0879E+05 -5.7456E+05
0000805   9.3991E+05 -5.8984E+04 -1.9974E+05
0000806   6.7470E+05 -4.9201E+05 -1.6842E+05
0000807   9.2966E+05  4.3614E+03 -1.1338E+05
0000808   2.2586E+05  1.4449E+05  1.6578E+05
0000809   9.2742E+05 -4.4257E+05  1.7233E+05
0000810   1.3276E+06  4.4481E+05 -6.2619E+04
0000811   7.0557E+05 -5.7675E+04  1.3459E+05
0000812   7.9480E+05 -8.5468E+04  5.7988E+04
0000813   6.1836E+05  2.1300E+05  2.2571E+05
0000814   6.6403E+05 -3.3472E+05  4.6198E+04
0000815   7.3540E+05 -5.5265E+05 -3.2775E+05
0000816   9.8348E+05 -1.0464E+04  1.0506E+05
0000817   7.6731E+05 -6.2072E+04  1.5288E+04
0000818   7.3869E+05  3.3595E+05  8.0030E+04
0000819   4.0332E+05  3.3878E+04  3.5647E+04
0000820   2.6924E+05 -9.5250E+04 -3.6577E+05
0000821   2.5637E+05 -3.3598E+05 -2.6464E+05
0000822   7.4439E+05  1.4024E+05 -2.7410E+05
0000823   7.8729E+05  1.3682E+05  3.7727E+05
0000824   6.0030E+05 -4.0937E+05 -1.5968E+05
0000825   9.9272E+05  1.1660E+05  9.6339E+04
0000826   1.0812E+06  1.5777E+05  3.0697E+05
0000827   1.0510E+06 -9.4601E+04 -3.3201E+05
0000828   9.5887E+05 -8.1651E+04 -2.4688E+04
0000829   1.1748E+06  3.1051E+05 -4.4686E+05
0000830   9.5618E+05  9.8217E+03 -9.8371E+04
0000831   9.6246E+05  3.6388E+05  2.8079E+05
0000832   1.0019E+06 -7.1544E+04 -1.8094E+05
0000833   2.5854E+05 -5.3384E+05  5.6277E+04
0000834   8.8066E+05 -2.9609E+05 -3.4658E+04
0000835   8.7340E+04  5.8286E+04  6.6974E+03
0000836   1.0070E+06 -6.5677E+05  1.6369E+05
0000837   2.8112E+05  5.2076E+05 -1.3783E+04
0000838   3.8427E+05  2.4432E+05 -1.3869E+05
0000839   4.5136E+05 -3.5842E+05 -2.9340E+04
0000840   5.7330E+05 -2.5743E+05 -4.5847E+05
0000841   7.9957E+05 -2.0134E+05 -2.2391E+05
0000842   2.9981E+05 -1.1165E+05 -2.2688E+05
0000843   6.2554E+05 -5.0112E+04  5.5919E+05
0000844   4.9901E+05  2.1835E+05 -1.7346E+05
0000845   2.9776E+05 -2.5319E+05  1.6673E+05
0000846   1.2575E+06  4.0752E+05  1.5325E+05
0000847   8.0456E+05 -1.4829E+04  2.6898E+05
0000848   5.9477E+05 -6.0314E+05 -4.4334E+05
0000849   3.8622E+05 -1.0474E+05  3.9295E+05
0000850   1.4765E+05  4.4936E+05  2.4674E+05
0000851   1.0769E+06 -1.0474E+05  4.9327E+04
0000852   8.3096E+05 -6.5163E+05 -1.1588E+05
0000853   1.0051E+06 -2.2141E+05  2.8241E+05
0000854   1.1063E+06 -9.7876E+04  1.0044E+05
0000855   3.6160E+05 -3.5275E+04  8.8361E+04
0000856   7.5417E+05  2.7798E+05 -4.3657E+05
0000857   1.1162E+06  5.2370E+03  1.5929E+05
0000858   4.1365E+05  6.0019E+04  1.3463E+05
0000859   6.9269E+05 -6.2499E+04 -6.5971E+03
0000860   5.5334E+05  1.4640E+05 -1.1988E+05
0000861   1.0595E+06 -4.6322E+03 -1.0019E+04
0000862   7.1262E+05 -1.3071E+05 -1.0641E+05
0000863   1.1599E+06 -4.9629E+05  3.1606E+05
0000864   3.3688E+05  3.1478E+05 -9.9606E+04
0000865   5.8943E+05 -2.5728E+04  4.8288E+05
0000866   2.2895E+05 -1.5942E+05 -5.4937E+04
0000867   3.0424E+05  2.0714E+05 -8.1745E+04
0000868   9.3064E+05  4.5431E+05  6.3644E+05
0000869   2.0800E+05 -1.6792E+04 -1.3186E+05
0000870   1.5478E+06 -6.6003E+05  3.7251E+05
0000871   1.0470E+06 -1.2610E+05 -6.5285E+04
0000872   6.5287E+05 -2.4272E+05  5.1530E+04
0000873   7.3780E+05  2.6476E+05  3.7069E+05
0000874   8.1172E+05  4.8817E+04 -8.1302E+04
0000875   3.8845E+05  3.2396E+05 -1.3513E+05
0000876   8.2312E+05  1.9445E+04  4.0367E+05
0000877   3.0605E+05 -3.0694E+04 -5.6473E+03
0000878   3.0574E+05 -3.6612E+05  2.9101E+05
0000879   8.4888E+05 -3.5927E+05  5.3322E+05
0000880   1.1004E+06  2.0885E+05  1.4743E+05
0000881   1.0739E+06 -3.4682E+04 -9.2440E+04
0000882   5.0689E+05 -4.1178E+05  3.3323E+05
0000883   1.0915E+05  5.3656E+04 -6.5328E+04
0000884   6.6829E+05  2.2006E+05 -4.7043E+04
0000885   4.6132E+05 -7.1326E+04  8.5246E+03
0000886   8.5622E+05 -2.6251E+05  1.8490E+05
0000887   4.0757E+05 -9.6868E+04 -3.5418E+02
0000888   4.6338E+05  2.8961E+05 -2.1272E+05
0000889   4.2708E+05 -1.7164E+05 -5.5821E+04
0000890   1.0032E+06  3.5434E+04 -2.8556E+05
0000891   5.7342E+05  6.8227E+04  1.9769E+05
0000892   1.1374E+06  3.2221E+05  3.9254E+05
0000893   1.4849E+06  4.2407E+04  1.6398E+05
0000894   4.6731E+05  1.7988E+05 -1.1218E+05
0000895   5.8946E+05  5.5559E+05 -2.9266E+04
0000896   9.4499E+05 -3.6089E+04  4.9000E+04
0000897   3.9671E+05 -4.2163E+05 -9.8258E+04
0000898   2.4602E+05 -1.1475E+05 -3.3531E+05
0000899   9.4771E+05 -7.6739E+05  1.7787E+05
0000900   6.2397E+05  2.3015E+05  1.8271E+05
0000901   9.6054E+05 -2.8697E+05  2.8107E+04
0000902   6.7888E+05 -4.3391E+05 -7.7758E+03
0000903   1.2137E+06  4.5440E+05  1.2682E+05
0000904   3.3872E+05 -1.4022E+05  2.1143E+05
0000905   7.6002E+05  2.0752E+05  3.6637E+03
0000906   5.2082E+05  1.6166E+05  3.8676E+05
0000907   8.4502E+05  1.4765E+05 -6.2049E+05
0000908   1.1191E+06 -3.1204E+05 -1.7899E+05
0000909   4.2050E+05  1.8539E+04 -1.8037E+04
0000910   2.1719E+05  1.5700E+05  9.8560E+03
0000911   4.4698E+05  5.9057E+04 -2.2589E+05
0000912   1.0072E+06  8.6295E+04 -2.0843E+05
0000913   3.5922E+05  4.3602E+05  2.7871E+05
0000914   1.0184E+06  1.5386E+05 -3.3980E+05
0000915   5.8821E+05  2.6322E+05  4.5390E+03
0000916   9.8580E+05 -1.2777E+05 -5.1114E+04
0000917   7.7727E+05  6.0375E+05  2.0839E+05
0000918   9.7295E+05  1.6496E+02  1.9706E+05
0000919   4.5082E+05 -2.4959E+05  1.2101E+05
0000920   6.2019E+05 -3.1614E+05  1.3160E+05
0000921   8.6087E+05 -1.0169E+05 -1.0033E+03
0000922   4.3470E+05  2.9324E+04 -1.5102E+04
0000923   8.4289E+05  7.9092E+04  4.1485E+05
0000924   1.0634E+06  3.2032E+05 -1.5752E+05
0000925   1.1448E+06 -6.5126E+05 -3.1821E+05
0000926   1.1114E+06  3.9212E+04 -4.2597E+04
0000927   6.5976E+05 -2.1188E+05  6.0512E+05
0000928   9.2781E+05  2.1364E+05  4.4429E+05
0000929   6.3093E+05  4.6149E+04  2.9628E+04
0000930   5.3480E+05 -2.4866E+05 -2.0300E+05
0000931   1.0388E+06 -3.7849E+05 -1.6380E+05
0000932   2.7139E+05 -1.3453E+05  1.7351E+05
0000933   1.1707E+06 -3.4153E+05 -3.1655E+05
0000934   6.4941E+05  1.3337E+05 -2.1601E+05
0000935   9.4753E+05 -1.3211E+05 -5.0849E+05
0000936   4.5235E+05  1.3621E+05 -2.1764E+05
0000937   5.4997E+05  1.4147E+05  5.8781E+04
0000938   1.2681E+06 -1.3230E+05  2.7711E+05
0000939   1.1286E+06  1.6285E+05 -4.7697E+05
0000940   7.0394E+05 -1.3805E+04 -2.0416E+05
0000941   8.4001E+05 -4.1052E+05  3.8547E+05
0000942   3.8203E+05 -1.3443E+05  2.0576E+05
0000943   8.6442E+05  4.4711E+05 -5.6231E+05
0000944   1.1292E+06 -1.4407E+05 -7.0157E+05
0000945   9.6053E+05  2.2966E+05  2.8629E+05
0000946   7.8415E+05  6.3886E+04  6.2541E+05
0000947   1.0673E+06  3.1751E+05 -3.8652E+05
0000948   1.5047E+06 -9.1160E+04 -1.7765E+04
0000949   4.0512E+05 -3.3787E+04  1.4752E+05
0000950   4.6266E+05  2.9231E+05  1.0802E+05
0000951   6.0856E+05  3.1280E+05 -5.0386E+05
0000952   1.7700E+05 -1.3181E+05  9.4597E+04
0000953   1.3144E+06  3.8858E+05  2.1649E+05
0000954   6.7320E+05 -1.4393E+05 -4.1183E+05
0000955   1.3310E+06  3.4813E+05 -6.9597E+04
0000956   5.0430E+05  6.3988E+04  2.2439E+04
0000957   5.9042E+05  2.8705E+05 -3.6334E+04
0000958   1.0385E+06  2.0749E+05  1.2240E+05
0000959   7.4560E+05 -6.4953E+05 -2.8339E+05
0000960   2.4687E+05 -4.0592E+02 -3.7888E+05
0000961   5.5870E+05 -2.5071E+05  5.0884E+05
0000962   8.1829E+05 -1.5365E+05  1.0371E+05
0000963   6.1696E+05 -3.4778E+05 -3.5302E+05
0000964   1.0441E+06 -1.1501E+05 -2.2662E+04
0000965   1.1546E+06  5.3209E+03  3.0247E+05
0000966   1.0436E+06  2.5689E+05  2.5705E+05
0000967   8.4402E+05  8.6850E+04 -7.8909E+04
0000968   9.8495E+05 -3.5879E+03  1.0099E+05
0000969   1.1503E+06 -1.8329E+04 -4.2611E+03
0000970   1.2394E+06  1.0670E+05 -9.6410E+04
0000971   3.7129E+05 -1.8463E+04 -4.1998E+05
0000972   7.4519E+05 -2.0120E+04  2.3588E+05
0000973   4.9723E+05  3.8893E+05  1.4528E+05
0000974   3.6092E+05 -7.7745E+04 -8.3441E+04
0000975   9.5944E+05  6.5370E+04 -1.4176E+05
0000976   1.0754E+06 -2.7994E+05  2.0814E+05
0000977   7.4764E+05  4.2738E+04  6.5062E+02
0000978   9.3656E+05  1.5171E+05  4.4685E+05
0000979   1.1997E+06 -5.7208E+05  4.3573E+04
0000980   6.2576E+05  1.7781E+05  4.0288E+05
0000981   8.7311E+05 -1.0794E+05 -8.4738E+04
0000982   5.8531E+05 -7.0976E+05 -1.2024E+05
0000983   2.4094E+05  1.1583E+05  5.1966E+04
0000984   1.0171E+06  7.3341E+05 -4.3047E+05
0000985   1.3695E+06 -3.2054E+05  8.0681E+04
0000986   9.1679E+05  1.4540E+05 -3.5911E+05
0000987   6.9890E+05 -6.0106E+05  8.4439E+04
0000988   6.0197E+05  5.9988E+05  8.4988E+05
0000989   3.7135E+05 -3.2436E+05  4.9875E+05
0000990   3.5290E+05 -1.4115E+05 -5.8236E+04
0000991   4.0649E+04  1.0536E+05  4.3898E+05
0000992   4.5085E+05 -1.0166E+05  2.7918E+05
0000993   1.1550E+06  2.2395E+05 -4.6640E+05
0000994   6.2458E+05  3.5300E+05 -4.8320E+04
0000995   9.9752E+05 -9.7516E+04 -3.1139E+05
0000996   1.0833E+06  1.3785E+05 -1.9333E+05
0000997   7.0402E+05 -1.9245E+05 -2.5638E+05
0000998   4.3663E+05  1.4809E+05 -9.8843E+04
0000999   8.1063E+05  1.6278E+05  3.4427E+05
0001000   1.1719E+06 -6.5446E+05  3.1645E+05
