============================== SRIM-2013.00 ==============================
==============================================================================
====== SRIM Outputs\RANGE_3D.txt : File of Final Ion Positions =====

Ion = Ar (18)   Ion Mass= 039.9620
Energy  = 1048113.E-04 keV
Ion Angle to Surface = 00.0 degrees
==================== TARGET =======================
  Layer # 1 - Layer 1
  Layer # 1 - Bottom Depth=100000.E+02 A
  Layer # 1 - Density =0000.0036 g/cm3
  Layer # 1 -  100 % of Ar
様様様様様様様様様様様様様様様様様様様様様様様様様様
                                            
Ion       Depth  X   Lateral Y   Lateral Z  
Number    (Angstrom) (Angstrom)  (Angstrom) 
-------  ----------- ----------- -----------
0000001   1.4099E+06  5.1231E+05  2.2430E+05
0000002   9.9588E+05  4.1750E+05 -6.7614E+05
0000003   8.0990E+05  2.5177E+04 -5.0792E+05
0000004   7.6372E+05  5.4412E+04 -1.2436E+05
0000005   1.4371E+06  7.5990E+05  3.7663E+05
0000006   6.7928E+05  4.8305E+05  1.9313E+05
0000007   8.3482E+05 -9.3325E+04 -1.0207E+06
0000008   1.6109E+06 -3.7925E+05  6.5703E+04
0000009   9.2695E+05  1.8381E+05  3.6284E+05
0000010   3.0508E+05 -2.2327E+05 -3.8670E+03
0000011   1.1729E+06 -1.4242E+05 -1.3009E+02
0000012   7.3574E+05 -6.6449E+04  3.3309E+05
0000013   1.0250E+06 -8.7111E+04 -2.7367E+05
0000014   7.6462E+05 -8.0253E+05  3.7424E+04
0000015   1.2411E+05  2.4766E+05  3.7159E+05
0000016   1.0323E+06  3.4529E+05  1.9328E+05
0000017   7.6007E+05  3.8767E+02  1.5923E+04
0000018   6.3262E+05 -2.0033E+05 -4.0419E+04
0000019   8.1219E+05 -8.0789E+04 -4.5949E+04
0000020   1.6282E+06 -7.0454E+04  8.9793E+04
0000021   1.5493E+06 -5.4901E+05 -6.7418E+05
0000022   1.9087E+06  4.8501E+05 -2.9020E+05
0000023   1.4709E+06 -8.8789E+05 -4.7676E+05
0000024   7.7005E+05 -5.7879E+05  1.8275E+04
0000025   1.0573E+06 -3.9449E+05 -4.1610E+05
0000026   1.5111E+06 -2.2656E+05 -5.2561E+05
0000027   8.8543E+05 -5.3185E+05  6.6722E+05
0000028   1.4396E+06  4.6753E+05 -9.2557E+05
0000029   1.6463E+06 -6.9829E+05 -7.4416E+05
0000030   1.0388E+06  7.7947E+05  8.4503E+05
0000031   4.7648E+05  8.3300E+04  2.4297E+05
0000032   9.0394E+05  6.7855E+05  4.3118E+05
0000033   1.1984E+06  1.0163E+04  4.4122E+05
0000034   8.5931E+05 -1.1332E+05  1.0344E+05
0000035   2.0671E+06  2.6834E+05  3.0180E+05
0000036   1.3350E+06  3.2538E+05  7.4366E+05
0000037   4.4607E+05  2.5730E+05  1.3636E+05
0000038   1.0932E+06  2.3833E+05 -3.6754E+05
0000039   1.0475E+06  9.5214E+04 -6.4896E+05
0000040   5.3052E+05  6.6520E+04  1.2952E+05
0000041   6.0367E+05 -1.6822E+04 -1.5730E+05
0000042   9.8024E+05 -3.7349E+05  6.7548E+04
0000043   1.1371E+06  2.6957E+03 -2.6367E+05
0000044   1.3198E+06 -6.4036E+04 -5.9205E+05
0000045   7.9152E+05  4.7828E+04  3.9628E+05
0000046   5.2998E+05 -2.8745E+04 -1.6793E+05
0000047   5.3412E+05 -1.6902E+05  6.6877E+04
0000048   6.2770E+05  6.1440E+04  3.2227E+04
0000049   1.3081E+06 -5.0828E+05 -6.6040E+05
0000050   6.1910E+05 -9.2220E+04  1.0906E+05
0000051   9.9417E+05 -5.4458E+05 -2.3462E+05
0000052   8.3661E+05 -2.3574E+05 -2.3945E+05
0000053   6.9018E+05  2.8528E+05 -2.5918E+05
0000054   1.5427E+06 -2.6158E+05  7.4811E+05
0000055   6.3231E+05  7.1485E+05 -1.6194E+05
0000056   1.4561E+06 -1.1081E+05 -2.2587E+05
0000057   9.8770E+05  2.1902E+05 -2.8553E+05
0000058   5.5252E+05  4.8747E+05 -7.2683E+04
0000059   1.4817E+06  1.1388E+05 -6.9123E+05
0000060   8.3861E+05  3.9767E+05  5.1095E+05
0000061   1.8354E+05 -3.2837E+05 -3.4041E+05
0000062   5.9581E+05 -3.1084E+05 -3.1967E+05
0000063   5.6958E+05 -5.9342E+04 -2.4358E+05
0000065   9.8064E+05 -3.5137E+05  5.3656E+04
0000066   1.2787E+06  1.4228E+05 -2.4870E+05
0000067   6.0261E+05 -2.1305E+05  9.9137E+03
0000068   4.7387E+04  2.0625E+04 -5.0739E+04
0000069   7.1798E+05  7.3521E+04 -1.7018E+04
0000070   9.6959E+05  1.1157E+05  1.6178E+05
0000071   1.4588E+06  2.8878E+05  4.2104E+05
0000072   7.5035E+05 -8.3344E+04 -1.6583E+05
0000073   2.3372E+05 -2.0524E+05  1.5786E+05
0000074   6.9517E+05  2.1404E+05  7.1266E+05
0000075   1.0641E+06 -2.9242E+05 -6.5035E+05
0000076   1.3150E+06  4.3724E+05  2.4259E+05
0000077   1.3384E+06 -3.8158E+05  1.1339E+05
0000078   1.2417E+06 -2.0021E+05  3.4861E+05
0000079   6.5381E+05 -1.6963E+05  3.1188E+05
0000080   8.1420E+05 -1.1245E+05  8.9378E+04
0000081   4.3714E+05  1.9626E+05 -1.6978E+05
0000082   3.9764E+05  3.0029E+05  4.6016E+05
0000083   1.2954E+06 -4.0638E+05 -6.1161E+05
0000084   1.0676E+06  1.8548E+05 -3.4974E+05
0000085   1.4020E+06 -5.1821E+04  4.5182E+05
0000086   1.5426E+06 -3.4966E+04 -1.3604E+05
0000087   1.0519E+06  2.7986E+05  3.6471E+05
0000088   1.1158E+06 -6.0850E+05  7.9618E+05
0000089   1.1441E+06 -2.7505E+05  3.1246E+05
0000090   9.2374E+05  9.7630E+03  4.5631E+05
0000091   6.5247E+05  7.2068E+05  5.0181E+05
0000092   5.4577E+05 -7.8668E+05  4.3795E+05
0000093   1.4018E+06 -2.1237E+04 -6.6224E+05
0000094   1.0769E+06  4.0723E+05 -1.2133E+05
0000095   1.0526E+06  2.1615E+05  3.0557E+05
0000096   1.2059E+06  2.0180E+05 -2.1806E+05
0000097   1.1130E+06  1.2977E+05  2.7924E+05
0000098   3.7900E+05 -4.7801E+04 -2.7130E+03
0000099   4.4491E+05  7.4417E+05  4.5002E+05
0000100   1.0352E+06  3.7822E+05 -5.0991E+05
0000101   1.0299E+06 -6.7491E+05 -1.1762E+05
0000102   1.7516E+06  8.3940E+05  2.8714E+05
0000103   9.5047E+05 -1.2834E+05  2.9575E+05
0000104   8.9018E+05  7.8732E+04  5.0126E+04
0000105   7.3609E+05  1.7427E+05 -3.6727E+05
0000106   7.9383E+05  4.7263E+05 -9.4095E+05
0000107   2.6400E+05 -5.1804E+05  2.5312E+05
0000108   1.0478E+06 -1.5342E+05  1.2222E+05
0000109   1.5736E+06 -1.6792E+05  1.3933E+05
0000110   1.0981E+06 -5.1179E+04 -3.2325E+05
0000111   1.6471E+06  2.6343E+05  1.4018E+05
0000112   5.1400E+05  7.7034E+04  3.3392E+05
0000113   1.9163E+06  2.0982E+05 -7.8013E+05
0000114   8.0820E+05  5.9562E+04 -1.6768E+05
0000115   1.0733E+06  2.0666E+05  2.8067E+05
0000116   7.1526E+05 -4.6522E+05  3.3874E+05
0000117   1.1780E+06 -2.6137E+05  7.6175E+04
0000118   4.7996E+05 -1.3623E+05 -3.4287E+04
0000119   1.6079E+06 -3.2051E+05 -3.1867E+04
0000120   1.5836E+06  4.3684E+05  8.7876E+04
0000121   6.5231E+05  3.9622E+05  6.4142E+05
0000122   1.5688E+06  2.7648E+05 -3.8802E+04
0000123   1.4666E+06  2.5940E+05  1.7185E+05
0000124   1.3064E+06 -2.3582E+05  5.1864E+05
0000125   5.5190E+05  2.1673E+05  1.5467E+04
0000126   1.0881E+06  2.9236E+05  2.2386E+05
0000127   9.7051E+05 -3.3182E+05  4.8687E+04
0000128   1.1433E+06 -1.3700E+06  3.1928E+03
0000129   5.5501E+05  2.1778E+05  6.4725E+04
0000130   1.3879E+06 -7.2295E+05 -5.6189E+04
0000131   1.2759E+06  5.3559E+05 -3.7157E+05
0000132   1.1967E+06  4.1117E+05  3.3007E+05
0000133   1.3933E+06  8.0442E+05  3.6608E+05
0000134   1.0601E+06  6.2451E+05 -2.7740E+05
0000135   1.2036E+06  3.0217E+05  5.7717E+05
0000136   1.2997E+06 -4.0641E+04  4.0500E+05
0000137   1.4996E+06  2.3729E+05 -3.7312E+04
0000138   1.4165E+06 -6.4059E+05  1.6561E+05
0000139   7.5024E+05  4.8756E+04  9.4430E+04
0000140   3.6602E+05 -1.5604E+05  7.1109E+04
0000141   1.3701E+06 -2.1883E+05 -2.2532E+05
0000142   2.7460E+05 -5.3788E+05  2.7280E+05
0000143   7.2878E+05  8.0278E+04  4.8504E+05
0000144   3.2703E+05  4.4754E+04  1.0427E+05
0000145   1.2671E+06 -1.0843E+05  8.3828E+04
0000146   3.6759E+05 -4.4102E+05 -6.0657E+05
0000147   1.4806E+06 -1.8624E+05  3.0942E+05
0000148   6.4407E+05  1.4194E+05 -1.2800E+05
0000149   1.0181E+06  3.5717E+05 -1.3692E+05
0000150   1.2178E+06 -5.8906E+05  2.2361E+05
0000151   1.1343E+06  6.1249E+05 -1.6501E+05
0000152   8.9841E+05 -2.0334E+05 -1.3559E+05
0000153   1.5580E+06 -2.4784E+05 -4.1452E+04
0000154   6.2207E+05 -5.0493E+05 -1.8905E+05
0000155   6.5167E+05  8.0330E+04 -1.0366E+05
0000156   7.1721E+05  4.5227E+05 -3.0911E+05
0000157   5.4696E+05 -1.3145E+05  2.2301E+05
0000158   1.0777E+06  1.5063E+05  2.2550E+04
0000159   1.5950E+06 -7.2961E+04  1.0933E+05
0000160   8.4028E+05  3.9661E+05 -3.5052E+05
0000161   9.7705E+05  4.2554E+05  5.2577E+05
0000162   2.0898E+05  8.1647E+04 -9.9665E+03
0000163   1.3890E+06  4.0265E+05  4.7216E+05
0000164   1.8971E+06  1.7135E+05  1.5709E+05
0000165   4.0362E+05  1.1291E+05  1.8250E+05
0000166   6.3793E+05  4.4104E+04  3.2033E+04
0000167   1.1468E+06  4.9995E+05 -6.3187E+05
0000168   1.8877E+06 -3.8738E+05  1.8268E+05
0000169   1.0408E+06  2.7858E+05 -2.6955E+05
0000170   9.6322E+05  2.9469E+05  4.6753E+05
0000171   1.3756E+06 -3.1477E+05 -1.8863E+05
0000172   1.6458E+06 -1.7836E+05  3.7912E+05
0000173   1.1167E+06  2.5859E+04  1.0603E+05
0000174   1.1851E+06 -1.1272E+05  1.1764E+05
0000175   1.1022E+06 -2.1379E+05 -5.3080E+05
0000176   1.3271E+06 -9.3741E+05 -4.7481E+05
0000177   7.8415E+05 -1.5332E+05 -2.0828E+05
0000178   3.3163E+05  1.0081E+04  7.8531E+04
0000179   8.8531E+05 -6.3506E+05 -3.9292E+04
0000180   9.6828E+05  5.1560E+05 -3.2517E+05
0000181   8.4115E+05  1.8337E+05  6.7276E+04
0000182   1.4502E+06 -3.2503E+05 -1.7747E+05
0000183   6.2673E+05  1.5389E+05  2.9999E+05
0000184   1.4516E+06  3.2633E+05  2.8856E+05
0000185   7.4783E+05  1.0946E+06 -2.0648E+05
0000186   5.4445E+05 -1.2142E+05  1.1976E+05
0000187   1.0861E+05  1.7066E+05 -3.3993E+04
0000188   1.5329E+06 -1.4259E+05  3.9002E+05
0000189   3.6002E+05  1.1989E+04  2.6988E+04
0000190   9.5632E+05  3.1779E+05 -4.9209E+05
0000191   1.0647E+06 -3.3405E+05 -4.0210E+04
0000192   5.4998E+05  5.5073E+04  3.0190E+05
0000193   6.8748E+05  1.0948E+05  1.3740E+05
0000194   1.0109E+06 -5.4961E+05  3.9834E+05
0000195   4.7463E+05 -5.4850E+04  4.2254E+05
0000196   1.5365E+06  4.8708E+05  1.2503E+05
0000197   1.0900E+06  7.8111E+05 -2.4539E+05
0000198   1.0963E+06  8.7111E+04 -4.7636E+05
0000199   4.5651E+05  3.6098E+05  4.8723E+05
0000200   1.7538E+05 -1.3077E+05 -2.3508E+05
0000201   1.7065E+06  1.8479E+05  3.7471E+05
0000202   8.2734E+05  3.6857E+05 -1.5635E+05
0000203   6.3586E+05 -1.0507E+05  1.4299E+05
0000204   6.8279E+05 -3.9832E+04 -2.2975E+05
0000205   3.8542E+05  1.9469E+05 -1.7515E+05
0000206   5.8251E+05 -5.3181E+05  5.4685E+05
0000207   9.5310E+04 -4.7418E+05  2.7835E+04
0000208   5.7814E+05  4.5311E+04 -5.2901E+04
0000209   4.7300E+05  4.3150E+03 -7.0324E+04
0000210   9.3152E+05  2.2768E+05  4.3787E+05
0000211   1.3529E+06  2.0607E+05  4.9398E+05
0000212   6.7789E+05  1.3127E+05  5.7691E+05
0000213   8.4039E+05  7.7104E+04 -1.0388E+06
0000214   1.1539E+06 -2.0737E+05 -1.2884E+04
0000215   1.4749E+06 -1.1688E+05 -7.5340E+05
0000216   1.3224E+06 -2.5947E+05  5.0628E+05
0000217   1.3408E+06  1.2015E+05 -5.6191E+05
0000218   1.2902E+06  2.3054E+05  6.6472E+04
0000219   1.5573E+06  4.2506E+05  3.0431E+05
0000220   7.5290E+05  3.7214E+04 -5.1161E+05
0000221   2.1266E+06  2.2760E+05  3.3544E+05
0000222   1.9512E+06  2.1104E+05  1.6225E+05
0000223   7.7554E+05  5.4261E+05  2.7998E+05
0000224   4.7184E+05 -1.0592E+05  1.9767E+05
0000225   9.7162E+05  3.8896E+05  3.9612E+04
0000226   1.8677E+06  7.6934E+04  2.6004E+05
0000227   1.0162E+06 -7.6469E+04  1.1311E+06
0000228   1.4366E+06  4.4098E+05  1.2036E+05
0000229   6.7541E+05  3.6966E+05 -3.4133E+05
0000230   9.6107E+05  2.6779E+05 -5.7551E+05
0000232   1.0123E+06  2.9826E+05 -2.5553E+05
0000233   7.4431E+05  2.6323E+05 -2.1287E+05
0000234   1.6787E+06  7.7876E+05  1.3535E+05
0000235   5.9876E+05 -2.4657E+05  1.1566E+05
0000236   1.6051E+06 -3.8247E+05  8.4175E+04
0000237   1.8217E+06  6.1695E+05 -4.4588E+05
0000238   1.4198E+05 -2.6769E+04  6.3852E+04
0000239   1.4301E+06  6.9947E+05  8.9454E+05
0000240   1.4471E+06  3.0571E+05  1.6668E+05
0000241   1.2096E+06 -3.2610E+04  1.5685E+04
0000242   1.1451E+06 -4.7385E+05 -8.3484E+05
0000243   8.1688E+05 -1.0715E+05 -4.4796E+05
0000244   1.2219E+06 -3.7534E+05  2.1343E+04
0000245   1.2733E+06  3.8268E+04 -9.9469E+03
0000246   1.2472E+06  5.2171E+05  3.2242E+04
0000247   2.7471E+05  8.0005E+04  1.4817E+05
0000248   1.7277E+06  4.5583E+05  4.6390E+05
0000249   4.9918E+05 -5.4961E+05  2.1007E+05
0000250   9.8110E+05  2.0776E+05 -1.4222E+05
0000251   5.2161E+05  3.8541E+05 -4.3223E+04
0000252   9.8528E+05 -2.8341E+05  1.3877E+05
0000253   1.9695E+06  1.3084E+05  5.5320E+05
0000254   1.3463E+06 -2.9381E+05  5.3252E+04
0000255   1.0303E+06 -2.4622E+05  3.6936E+04
0000256   1.1416E+06  9.2304E+04 -2.9539E+05
0000257   1.2058E+06 -1.9556E+05 -3.2648E+05
0000258   1.6663E+06 -6.5825E+04 -1.4656E+05
0000259   1.7049E+06  3.6493E+05  5.3308E+04
0000260   1.4715E+06  1.8229E+05  2.5217E+05
0000261   1.1705E+06 -2.0976E+05 -1.5375E+05
0000262   4.8209E+05  2.0040E+04 -1.0744E+05
0000263   7.0866E+05 -4.9532E+04 -2.0212E+05
0000264   1.1791E+06 -4.6595E+05 -4.5662E+05
0000265   1.7739E+06  8.0215E+04 -2.5876E+05
0000266   4.9535E+05  5.1502E+04 -6.0175E+05
0000267   7.8552E+05  4.4227E+05  1.3133E+04
0000268   7.4301E+05  3.6552E+05  2.3251E+05
0000269   5.2764E+05 -2.6548E+04 -5.3541E+04
0000270   5.9898E+05 -1.5901E+04  2.2173E+05
0000271   1.0408E+06  2.6967E+05  5.1200E+05
0000272   1.3522E+06 -8.2668E+05  1.2181E+05
0000273   7.1371E+05  1.0836E+05  3.6013E+05
0000274   1.0701E+06 -5.6496E+05  6.1271E+05
0000275   1.0169E+06 -1.4411E+04 -3.3074E+05
0000276   8.8898E+05  1.5193E+05  1.3618E+05
0000277   1.0745E+06 -2.3340E+05  5.6402E+05
0000278   1.5348E+06 -7.3982E+04 -1.2583E+05
0000279   1.6256E+06 -3.5450E+03 -3.0239E+05
0000280   3.5149E+05  2.5814E+05  3.9627E+04
0000281   8.1440E+05 -4.2654E+04 -3.3103E+05
0000282   5.1782E+05 -2.5247E+05  2.8101E+03
0000283   7.2821E+05 -1.8839E+05  2.9716E+05
0000284   7.4353E+05  7.8588E+05  2.7847E+05
0000285   1.0798E+06  7.9418E+05 -3.5692E+05
0000286   1.1630E+06  7.2312E+05  2.8726E+05
0000287   9.7707E+05 -6.5088E+05  4.6644E+05
0000288   6.6441E+05 -3.7787E+05  3.6921E+05
0000289   5.4332E+05 -1.4942E+05  1.0507E+05
0000290   1.5299E+06  4.0722E+05  5.4054E+05
0000291   7.3139E+05  3.1909E+05 -2.4397E+05
0000292   1.7189E+06 -5.1567E+05  2.2705E+05
0000293   3.7926E+05  1.2489E+05  1.0595E+05
0000294   9.0747E+05  3.8707E+05 -5.3139E+05
0000295   9.5262E+05 -4.0940E+05  2.7575E+05
0000296   1.2217E+06  1.7435E+05 -2.8823E+05
0000297   2.6244E+06  3.4518E+05  3.4174E+05
0000298   1.1476E+06  2.2468E+05  2.6979E+05
0000299   6.0247E+05  3.1058E+05 -3.0404E+05
0000300   1.9529E+06 -4.0766E+05 -1.5119E+05
0000301   1.1596E+06  2.1609E+05  2.8162E+05
0000302   7.1422E+05 -4.0118E+05  5.0636E+04
0000303   7.6243E+05  4.1048E+05 -5.9525E+05
0000304   1.8198E+06  1.7859E+05 -5.7334E+03
0000305   9.1744E+05  1.1689E+05 -3.7839E+05
0000306   1.1530E+06  1.4023E+05 -1.3242E+05
0000307   9.3541E+05 -1.0227E+04  2.8585E+05
0000308   3.7784E+05 -3.7942E+05  5.5389E+05
0000309   5.1686E+05  3.8328E+05 -5.3546E+05
0000310   1.5495E+06  3.1099E+05  1.0915E+05
0000311   9.5104E+05 -4.6925E+05  2.8439E+05
0000312   1.7841E+06  4.2638E+05  3.2221E+05
0000313   1.4121E+06  5.0146E+05  1.7336E+05
0000314   1.3083E+06  1.0497E+05 -6.0201E+05
0000315   1.7584E+06 -8.1871E+05  4.8189E+05
0000316   1.4956E+06  5.3331E+05  8.6079E+05
0000317   7.1071E+05 -2.7172E+05 -6.3757E+05
0000318   1.0305E+06 -1.5249E+05 -1.0283E+06
0000319   7.4181E+05  3.8293E+05  6.0769E+04
0000320   6.2046E+05 -2.7078E+05  1.4469E+05
0000321   1.2541E+06  2.3235E+04 -4.9562E+04
0000322   1.6223E+06 -3.0233E+05  1.9050E+05
0000323   1.3704E+06 -3.7050E+05 -4.3801E+05
0000324   9.6245E+05 -2.0594E+05 -5.4472E+05
0000325   1.0249E+06  2.0128E+05 -4.3916E+05
0000326   4.0172E+05 -1.1674E+05 -7.7416E+03
0000327   1.4029E+06 -3.9301E+05 -1.9361E+05
0000328   1.4187E+06 -4.7689E+05  2.5115E+05
0000329   4.8847E+05  4.6533E+05  2.3945E+04
0000330   1.4264E+06 -7.5726E+05 -1.5637E+04
0000331   1.0426E+06  1.1825E+05  2.4818E+05
0000332   6.0801E+05 -6.6573E+05  9.3480E+04
0000333   1.9782E+06  6.0519E+05 -4.3792E+05
0000334   9.8840E+05  4.0895E+05  1.4213E+05
0000335   1.1791E+06  2.1712E+05 -1.0521E+05
0000336   3.1250E+05 -4.0331E+03 -6.1326E+05
0000337   1.1973E+06 -5.6335E+05  8.8262E+04
0000338   2.2279E+06 -2.3856E+05 -5.1484E+04
0000339   3.6256E+05 -9.9798E+04 -3.7263E+05
0000340   1.6562E+06  2.2853E+05  1.1395E+05
0000341   7.2189E+05  7.7427E+05  2.2979E+05
0000342   8.9986E+05 -2.9475E+05 -6.4615E+05
0000343   1.1613E+06  4.5273E+05 -6.7868E+05
0000344   5.2971E+05  2.1565E+05  3.2300E+05
0000345   5.5273E+05 -2.0457E+05  1.1578E+05
0000346   1.8790E+06  4.6403E+05  4.5946E+05
0000347   1.7038E+06  4.9521E+05  1.8759E+05
0000348   9.2022E+05  3.2654E+05  4.5642E+05
0000349   1.3697E+06  1.6392E+05  5.7201E+05
0000350   1.0496E+06 -2.0957E+05 -2.4663E+05
0000351   1.1524E+06  3.9247E+05 -2.7433E+05
0000352   4.3819E+05 -4.3883E+05  3.4081E+05
0000353   8.0733E+05  9.3581E+04 -2.0283E+05
0000354   7.4407E+05  2.6505E+04  1.1766E+05
0000355   1.3485E+06  8.1590E+03  7.1619E+04
0000356   1.2837E+06  1.0160E+05 -1.4731E+05
0000357   2.8272E+05 -3.0717E+04 -1.6300E+05
0000358   1.2772E+06 -2.9570E+05 -1.9877E+05
0000359   1.0074E+06 -9.2720E+04 -4.8625E+05
0000360   5.9319E+05 -9.9113E+04 -2.2318E+05
0000361   7.1687E+05  4.3077E+05  3.2705E+05
0000362   7.1363E+05 -9.3478E+04  1.4664E+05
0000363   1.9045E+06  6.2559E+04  4.0800E+05
0000364   4.4824E+05  2.5182E+05  1.7001E+04
0000365   1.7216E+06 -5.3975E+05 -2.1260E+04
0000366   6.0733E+05  2.2323E+05  1.5187E+05
0000367   1.5318E+06 -9.3356E+04  6.3337E+05
0000368   1.4918E+06 -3.9354E+05  4.4718E+05
0000369   8.1377E+05  4.5401E+05  1.4758E+05
0000370   9.8045E+05  2.1373E+05 -6.9115E+04
0000371   3.1515E+05 -6.7859E+05 -3.5876E+02
0000372   1.2850E+06  2.4773E+05  6.0983E+05
0000373   6.5953E+05  4.1858E+05 -6.5015E+05
0000374   9.8843E+05  5.5080E+05 -3.2635E+05
0000375   3.3408E+05 -1.6685E+05 -1.6502E+05
0000376   1.3215E+06 -3.0999E+05  2.0185E+05
0000377   1.6739E+06  3.5561E+05 -5.0518E+05
0000378   3.4934E+05 -2.3106E+05 -1.4285E+05
0000379   9.9466E+05 -4.3022E+05  5.8274E+04
0000380   1.3705E+06  4.8107E+05  3.6489E+05
0000381   4.8584E+05 -4.7702E+04  5.1174E+04
0000382   1.0548E+06  5.1853E+05  8.2049E+04
0000383   7.2191E+05 -1.6717E+04 -1.4622E+03
0000384   6.0128E+05 -1.7261E+05  1.3529E+05
0000385   6.4842E+05  3.7484E+04  5.3628E+05
0000386   1.2383E+06 -2.7097E+05 -7.5965E+04
0000387   1.3738E+06  1.7490E+05 -4.2907E+05
0000388   1.0522E+06 -3.0358E+05  5.1691E+05
0000389   1.4171E+06 -3.4199E+05  8.5319E+05
0000390   6.2022E+05 -4.2826E+05 -4.7163E+05
0000391   8.4495E+05  1.6481E+05  5.0189E+05
0000392   2.9980E+05 -9.0376E+04  3.8014E+05
0000393   1.1916E+06 -2.5643E+04 -1.8218E+05
0000394   6.3959E+05  3.7795E+05 -6.0998E+05
0000395   1.4260E+06 -3.1618E+05 -6.2808E+05
0000396   1.5123E+06  1.3725E+05 -2.5095E+05
0000397   5.9529E+05 -2.5757E+04  1.3164E+05
0000398   1.0176E+06  1.6317E+05 -6.4220E+05
0000399   1.1441E+06 -1.0186E+05  3.1005E+05
0000400   1.0036E+06  2.0623E+05  3.8455E+05
0000401   9.5689E+05 -3.8188E+05  1.1018E+05
0000402   7.3733E+05 -2.0262E+05  3.6700E+05
0000403   6.4817E+05  4.3761E+04  7.5834E+04
0000404   4.9494E+05 -8.1188E+04 -4.4855E+05
0000405   7.1053E+05  2.3340E+05  1.8229E+05
0000406   1.1484E+06  7.5272E+05 -3.9683E+05
0000407   2.3663E+05  1.9413E+04  5.4595E+05
0000408   1.1281E+06  1.5270E+05  1.7641E+05
0000409   4.7019E+05  6.5321E+04 -1.3147E+05
0000410   9.4655E+05 -9.5267E+04  3.8840E+05
0000411   9.9289E+05  2.3410E+05 -9.2365E+04
0000412   1.2187E+06 -2.9982E+05 -3.6495E+05
0000413   1.8406E+05  3.7627E+04 -1.3923E+05
0000414   1.2013E+06  1.0589E+06 -3.8521E+05
0000415   9.8715E+05  6.9783E+05 -9.8887E+04
0000416   9.5008E+05 -5.5359E+05 -5.4942E+05
0000417   1.1601E+06 -4.4834E+04 -2.4922E+05
0000418   1.2877E+06 -3.6260E+05  2.5664E+04
0000419   1.4501E+06  3.6715E+05  6.0851E+03
0000420   1.7571E+06  4.5048E+05  3.3996E+05
0000421   1.3737E+06 -7.8497E+04 -1.4000E+05
0000422   4.2994E+05 -2.7623E+05  9.1961E+04
0000423   1.0276E+06  2.2056E+04 -9.1953E+03
0000424   5.4186E+05  7.4255E+05  1.1317E+05
0000425   1.0066E+06  5.0661E+05  6.3694E+04
0000426   9.0475E+05 -9.6728E+04  6.9359E+04
0000427   9.4217E+05  4.3620E+05  5.2644E+05
0000428   1.5413E+06  6.5943E+04  5.1881E+05
0000429   5.7783E+05  2.2760E+05  2.6773E+05
0000430   9.1023E+05  1.2630E+05 -1.4271E+05
0000431   2.0131E+06  3.7769E+05 -2.8190E+05
0000432   1.4541E+06 -1.9455E+05 -9.1995E+05
0000433   8.5753E+05 -8.4379E+04 -3.8805E+05
0000434   7.5296E+05  7.3475E+05 -1.8053E+05
0000435   9.5324E+05 -1.4640E+05 -4.0572E+05
0000436   4.5378E+05 -3.9420E+05  2.3509E+05
0000437   1.0084E+06 -5.7316E+05  6.1280E+05
0000438   8.9900E+05 -9.8302E+05 -4.9078E+04
0000439   1.2939E+06  1.4266E+04  4.6692E+04
0000440   1.6319E+06  4.5284E+05 -3.5365E+04
0000441   2.2963E+06  2.5356E+05 -8.9364E+05
0000442   6.3020E+05  5.3750E+05 -2.2904E+05
0000443   9.2555E+05  2.4909E+04 -3.2381E+05
0000444   7.8106E+05 -5.9111E+05  7.3922E+05
0000445   1.0859E+06 -2.5503E+05  6.6444E+03
0000446   9.0697E+05  4.7730E+05 -9.4712E+04
0000447   2.0456E+06 -9.1721E+04  5.8179E+04
0000448   5.6738E+05  7.9394E+04 -4.5632E+05
0000449   7.3115E+05 -1.2680E+05 -3.4295E+05
0000450   1.2285E+06  7.4243E+04  5.6149E+04
0000451   7.2532E+05 -5.1377E+04 -5.9294E+05
0000452   1.3942E+06 -6.4545E+05 -7.0558E+05
0000453   1.0042E+06  4.1657E+05  1.0415E+05
0000454   1.0535E+06 -1.1988E+05 -4.0583E+05
0000455   8.0997E+05  3.1948E+05 -8.4162E+04
0000456   5.1615E+05 -2.7081E+05 -2.0751E+05
0000457   1.2313E+06  2.3011E+05 -4.3766E+05
0000458   6.2641E+05  3.6232E+05  2.1825E+05
0000459   1.3253E+06 -3.0680E+05  2.4504E+05
0000460   1.3692E+06 -3.1187E+04  9.7314E+05
0000461   3.1584E+05  1.9786E+05  8.2004E+04
0000462   6.4579E+05 -1.4963E+05 -4.0721E+05
0000463   5.0393E+05  2.3736E+05  5.4507E+04
0000464   1.2073E+06  4.7150E+04 -1.2739E+05
0000465   1.1654E+06  1.8959E+05  3.7541E+05
0000466   1.0784E+06  2.6401E+05 -5.7201E+05
0000467   2.0567E+05 -3.7665E+05 -2.2688E+05
0000468   9.7352E+05 -5.6073E+05 -6.2550E+05
0000469   1.6082E+06 -3.6156E+05 -3.8662E+03
0000470   6.5583E+05  9.7894E+04  9.5929E+04
0000471   1.3225E+06  2.7366E+05 -2.8949E+05
0000472   8.7180E+05 -2.9478E+05  6.4693E+05
0000473   3.6418E+05 -1.2497E+05 -2.9710E+05
0000474   3.3915E+05  4.2090E+05 -4.1512E+05
0000475   5.5611E+05  5.0021E+05 -2.8606E+05
0000476   6.4311E+05  8.3662E+04 -6.3306E+05
0000477   8.2349E+05 -2.2281E+05  2.7017E+05
0000478   1.0759E+06  8.3918E+05  2.4325E+04
0000479   9.7036E+05 -3.5786E+04 -8.9580E+04
0000480   1.1218E+06  6.5332E+05 -3.0361E+05
0000481   9.7222E+05 -4.9927E+05 -1.0424E+05
0000482   9.7078E+05  1.3038E+05 -1.0584E+06
0000483   9.8193E+05  3.6697E+05  7.4007E+04
0000484   1.3396E+06  7.1590E+05  5.1749E+05
0000485   1.2476E+06 -3.3130E+05  6.1679E+03
0000486   1.1738E+06 -8.2354E+05 -4.1043E+05
0000487   9.8660E+05 -6.4966E+05 -1.8807E+05
0000488   1.2375E+06  6.4683E+05 -7.9672E+04
0000489   1.3884E+06 -3.3312E+04  8.0213E+05
0000490   6.4017E+05  5.4289E+05  3.8186E+04
0000491   6.5736E+05 -5.3041E+05 -3.7834E+05
0000492   7.7664E+05  3.8355E+04 -8.9072E+05
0000493   6.0893E+05  2.8432E+05  7.5840E+05
0000495   3.4088E+05 -2.3735E+05  1.2594E+05
0000496   1.8159E+06  4.5147E+05 -9.8399E+04
0000497   1.2548E+06 -3.8078E+05 -1.8302E+05
0000498   1.3187E+06 -1.7253E+04  5.3448E+05
0000499   1.1721E+06 -1.0402E+05  1.8920E+05
0000500   4.7452E+05 -9.0189E+03  2.2383E+05
0000501   5.5716E+05 -4.8889E+05  1.2680E+05
0000502   1.6169E+06 -3.5579E+05 -3.1201E+05
0000503   9.4257E+05  4.0219E+05 -3.7392E+05
0000504   1.3244E+06 -8.3131E+04  4.4864E+04
0000505   1.1834E+06  4.3577E+05  1.5250E+05
0000506   1.2473E+06 -2.2704E+05  1.2243E+05
0000507   4.8742E+05  1.1063E+05  2.4686E+05
0000508   1.6293E+06  1.0235E+06 -1.2458E+04
0000509   1.5215E+06  2.8413E+05  1.6914E+05
0000510   9.2742E+05 -6.4459E+05  5.3722E+04
0000511   7.5529E+05 -6.2024E+04 -6.1037E+04
0000512   1.1461E+06 -1.2569E+04  2.9563E+05
0000513   2.1898E+05  6.4206E+04  7.2774E+05
0000514   3.2160E+05  2.4114E+05 -5.0857E+04
0000515   1.0690E+06  1.2591E+05  6.9822E+05
0000516   1.0462E+06 -4.2002E+05  2.2313E+05
0000517   9.3298E+05 -2.9723E+05  2.9183E+05
0000518   6.7274E+05 -1.5861E+05  1.8847E+05
0000519   1.3603E+06 -2.7660E+05 -1.9795E+05
0000520   1.2890E+06  5.9906E+05  3.2279E+05
0000521   5.8283E+05 -1.0140E+06 -1.1059E+05
0000522   1.5844E+06 -1.3271E+05  4.0634E+05
0000523   9.2104E+05  4.8399E+05 -3.3591E+05
0000524   9.4719E+05 -6.4440E+05  6.3789E+05
0000525   1.0856E+06  2.0461E+05 -5.2330E+04
0000526   1.4842E+06 -2.5773E+05  9.8654E+05
0000527   1.7235E+06 -1.6562E+05 -1.0439E+05
0000528   1.4852E+06 -5.2313E+05  2.1805E+04
0000529   1.4018E+06 -9.2777E+04  2.4140E+05
0000530   3.3153E+05 -7.6495E+04  1.2799E+05
0000531   1.4175E+06 -3.1739E+05 -2.5413E+05
0000532   1.3647E+06 -4.0839E+05  4.3919E+05
0000533   7.9881E+05 -5.0014E+05 -6.6353E+04
0000534   1.5953E+06 -6.7584E+03 -2.0453E+05
0000535   7.1335E+05 -7.8277E+04 -3.2219E+05
0000536   1.3748E+06  2.7329E+04 -3.2729E+05
0000537   9.4547E+05 -2.5148E+04  9.8183E+04
0000538   9.8257E+05 -9.9713E+04 -1.9839E+05
0000539   6.2042E+05  3.0518E+05  3.0288E+05
0000540   1.1095E+06 -1.1504E+05  5.4144E+05
0000541   1.5201E+06 -2.2950E+05  3.0260E+05
0000542   1.1164E+06  6.8948E+05  6.5249E+04
0000543   8.0361E+05 -1.3069E+05 -5.6297E+05
0000544   1.0609E+06 -4.0022E+05 -3.9101E+05
0000545   4.2406E+05 -5.3009E+05  2.9038E+05
0000546   7.4479E+05 -4.9019E+05 -1.2993E+05
0000547   1.5143E+06  4.5799E+04 -7.4267E+05
0000548   1.3656E+06 -3.8933E+05 -2.7050E+05
0000549   1.3683E+06 -1.1879E+05 -7.3727E+04
0000550   3.4540E+05  2.2774E+05  8.3162E+04
0000551   2.3565E+05 -1.1566E+05 -1.0507E+05
0000552   1.0327E+06  1.0144E+05 -5.1046E+05
0000553   1.4801E+06  1.0275E+05  6.5298E+05
0000554   8.7746E+05 -6.7851E+05  4.9668E+05
0000555   1.0836E+06 -1.7736E+05 -3.2105E+05
0000556   9.1749E+05 -7.7528E+03  5.7777E+04
0000557   1.0596E+06  3.6108E+04  7.3113E+04
0000558   1.7842E+06  3.8762E+05 -1.0049E+06
0000559   8.9853E+05  8.6177E+04 -5.5683E+05
0000560   1.1279E+06  7.8381E+05  5.1879E+04
0000561   1.0736E+06  4.3792E+05 -2.4046E+04
0000562   1.4805E+06  3.0284E+03  4.7259E+05
0000563   3.2770E+05  7.3069E+04 -2.7953E+05
0000564   5.7846E+05 -6.2155E+05 -6.0414E+05
0000565   1.4815E+06 -1.5406E+05 -4.4381E+05
0000566   7.4223E+05 -7.9976E+05 -3.6290E+05
0000567   1.2794E+06 -1.5084E+05  2.3034E+05
0000568   1.4249E+06 -2.1296E+05 -2.8278E+05
0000569   3.7418E+05 -2.4250E+05 -6.4373E+04
0000570   9.4283E+05 -5.3591E+04 -3.1985E+05
0000571   5.5487E+05 -1.3079E+05 -6.0367E+05
0000572   9.1814E+05  3.5424E+05 -5.7091E+03
0000573   1.1662E+06 -4.6531E+05 -4.4551E+05
0000574   1.2701E+06 -1.3686E+05  4.5737E+05
0000575   1.0535E+06  5.2657E+04 -1.5315E+05
0000576   1.3377E+06 -2.3131E+05 -3.6680E+05
0000577   6.5536E+05 -4.0667E+05 -3.8405E+05
0000578   1.5995E+06 -1.8978E+05  1.6895E+05
0000579   7.1980E+05 -3.8561E+05  7.5872E+04
0000580   1.2466E+05 -1.7132E+03  5.2877E+04
0000581   1.5226E+06 -3.7873E+05 -3.9797E+05
0000582   1.1321E+06  6.3341E+05  5.0246E+05
0000583   1.0052E+06  6.0030E+05 -5.4382E+05
0000584   3.6455E+05  8.1919E+05  2.2478E+05
0000585   9.2498E+05  3.3215E+05  2.8455E+05
0000586   1.3594E+05  5.6725E+05 -2.3797E+04
0000587   1.5641E+06  1.3720E+05 -6.1929E+04
0000588   1.3694E+06  4.5768E+05 -2.9295E+05
0000589   8.4599E+05  3.6032E+04  2.4130E+05
0000590   1.2209E+06  1.8836E+05 -1.7641E+05
0000591   4.0377E+05  2.7398E+03 -2.5285E+05
0000592   1.0130E+06 -8.5049E+04 -1.8019E+05
0000593   1.7626E+06  3.2726E+05 -2.2595E+05
0000594   6.9230E+05 -9.1555E+04 -1.8003E+05
0000595   1.4514E+06  4.9448E+04  2.4027E+04
0000596   1.0224E+06  1.4689E+05  1.1409E+05
0000597   1.1141E+06 -1.9861E+05 -2.6495E+05
0000598   4.1307E+05 -7.3772E+05  4.2077E+05
0000599   8.8536E+05  2.6885E+05 -4.2788E+04
0000600   5.0103E+05 -1.2989E+04 -5.8276E+04
0000601   3.7010E+05 -3.7863E+05 -5.9760E+04
0000602   3.8125E+05  6.2721E+05 -2.3638E+05
0000603   9.0013E+05  1.4547E+05 -1.6904E+05
0000604   1.4025E+06  1.6321E+05 -5.1043E+03
0000605   1.4055E+06 -4.6081E+05 -6.7200E+05
0000607   1.8709E+06  1.7870E+05 -1.7933E+05
0000608   5.9007E+05 -1.0119E+05  2.0550E+05
0000609   4.1530E+05 -3.8614E+05 -3.4093E+05
0000610   5.6598E+05 -6.7454E+05 -8.8557E+04
0000611   5.2079E+05 -5.3183E+05  2.0400E+05
0000612   1.3706E+06  3.9610E+05 -1.3441E+05
0000613   1.4109E+06  9.3060E+05 -4.1546E+04
0000614   1.2737E+06 -4.8488E+05 -3.5284E+04
0000615   9.8749E+05 -2.5523E+05  6.7138E+04
0000616   1.7308E+06  3.9051E+05  7.7871E+05
0000617   2.2568E+05  7.1485E+05  2.7049E+05
0000618   1.4125E+06  6.6983E+04 -2.3147E+05
0000619   7.1923E+05 -1.7586E+04 -3.2342E+03
0000620   4.3265E+05  6.0203E+04  7.6668E+04
0000621   1.0166E+06  2.8072E+05 -2.1239E+05
0000622   8.8068E+05  8.9292E+04 -4.0525E+05
0000623   1.0025E+06  1.0418E+06  1.6007E+05
0000624   1.4472E+06  3.5723E+05 -1.8529E+05
0000625   1.0652E+06  4.3733E+05  5.3305E+05
0000626   3.8566E+05  1.9844E+05  2.0806E+05
0000627   4.4815E+05 -8.4651E+04 -1.2000E+05
0000628   3.6255E+05  6.6897E+04 -1.1689E+05
0000629   6.2760E+05  7.3977E+05  3.5487E+05
0000630   1.3167E+06 -2.8800E+05 -2.1618E+05
0000631   5.7377E+05 -9.2309E+05 -2.9452E+04
0000632   7.4953E+05  9.6902E+03  3.3007E+05
0000633   1.2028E+06 -4.9576E+04  6.9383E+05
0000634   1.2879E+06  5.0076E+05 -5.1483E+05
0000635   9.2658E+05 -2.9413E+05 -2.2408E+05
0000636   8.9476E+05 -3.2177E+04 -7.7624E+05
0000637   1.1540E+06 -2.4927E+05  5.9337E+05
0000638   9.0586E+05 -8.3980E+03 -3.5279E+05
0000639   8.5946E+05 -3.3795E+04  4.2900E+04
0000640   1.2415E+06  1.2879E+06  2.8000E+05
0000641   9.1823E+05 -1.2387E+05  6.1411E+04
0000642   4.2493E+05  1.5374E+05  5.5820E+05
0000643   9.3418E+05  1.3544E+05  4.9274E+05
0000644   1.2478E+06  3.9321E+05  5.0363E+05
0000645   1.1494E+06  4.8175E+05  5.0457E+05
0000646   2.9233E+05  1.2524E+04  2.4310E+05
0000647   9.8478E+05 -1.2613E+05  3.2872E+05
0000648   8.5660E+05 -6.5256E+05  1.4809E+05
0000649   1.1557E+06  4.4463E+05  2.3651E+04
0000650   1.1702E+06  2.2729E+04  5.9783E+05
0000651   9.3468E+05 -4.7198E+05  1.2930E+05
0000652   1.1647E+06  1.6079E+05  1.2924E+05
0000653   1.0206E+06  8.8138E+05 -5.3389E+05
0000654   1.5400E+06  9.9274E+04 -6.4119E+05
0000655   1.1412E+06 -7.9247E+05 -1.4492E+05
0000656   7.8015E+05 -5.4790E+04 -2.2013E+05
0000657   1.0359E+06  2.7814E+05  8.4074E+04
0000658   9.0608E+05  7.6129E+05 -1.0866E+06
0000659   1.3670E+06  2.1703E+04  9.3098E+04
0000660   8.2234E+05  6.8900E+04  8.7116E+05
0000661   5.8839E+05 -8.3153E+04 -2.5231E+04
0000662   9.1470E+05  1.3944E+05  1.1821E+05
0000663   1.5182E+06 -1.9467E+05 -3.3793E+05
0000664   1.2014E+06 -6.5640E+04  2.2791E+05
0000665   3.4898E+05 -1.0456E+04 -5.7603E+04
0000666   4.9710E+05  3.6891E+05  3.8737E+05
0000667   1.5800E+06  3.9040E+04 -3.2905E+05
0000668   8.6058E+05 -2.1924E+04  3.2025E+05
0000669   1.5125E+06 -3.6287E+05 -3.2895E+05
0000670   7.4859E+05 -7.0982E+05  2.0564E+05
0000671   8.8203E+05 -3.1224E+04  4.3498E+05
0000672   6.4297E+05 -5.8083E+05  2.3701E+05
0000673   2.1656E+06 -4.0813E+04  3.9241E+05
0000674   1.6275E+04  1.7717E+05  1.0272E+05
0000675   3.5221E+05 -4.7450E+04  8.2367E+04
0000676   1.1612E+06  2.9092E+05  9.6621E+04
0000677   8.5755E+05 -3.4469E+05 -2.7404E+04
0000678   1.8169E+05  4.7142E+03 -4.1595E+05
0000679   7.8920E+05 -9.6104E+04 -1.3121E+05
0000680   1.1684E+06 -1.6379E+05 -3.8578E+05
0000681   1.1077E+06  2.5136E+05  5.0471E+05
0000682   1.2218E+06 -1.7332E+05 -8.8365E+05
0000683   1.5102E+06 -5.3380E+05 -4.4862E+05
0000684   1.7504E+06  2.1875E+05 -4.8310E+05
0000685   1.1513E+06  1.0244E+06  3.6991E+05
0000686   5.8765E+05  2.0134E+05  1.8787E+05
0000687   1.3382E+06  4.5148E+05  6.4857E+05
0000688   1.0873E+06 -2.1870E+05 -2.0615E+05
0000689   1.7525E+06 -5.5812E+04 -7.6154E+04
0000690   1.1544E+06  1.9523E+05  1.3036E+05
0000691   7.3331E+05  4.6756E+05 -4.5825E+05
0000692   1.5278E+06  1.7505E+03  7.2073E+04
0000693   5.4568E+05  1.5746E+04  7.0271E+05
0000694   7.2826E+05 -3.9735E+04 -2.4965E+05
0000695   4.3184E+05  5.2783E+05 -2.2178E+05
0000696   1.1054E+06  1.2936E+05  7.1003E+04
0000697   5.5742E+05 -8.1949E+05 -2.4296E+05
0000698   1.2360E+06 -3.2957E+05 -1.5240E+05
0000699   3.4196E+05  5.2523E+05 -1.0843E+05
0000700   1.0274E+06  1.3171E+06 -3.1429E+05
0000701   1.5548E+06  4.4979E+05 -2.6155E+05
0000702   2.1815E+06 -5.9213E+05 -3.7022E+05
0000703   1.1467E+06 -1.8399E+05  9.7434E+04
0000704   9.7831E+05 -3.6105E+05 -2.2279E+04
0000705   1.3179E+06  1.8425E+05  6.0945E+05
0000706   1.2894E+06  3.4353E+04 -3.7706E+05
0000707   3.1282E+05 -3.1337E+05  2.7081E+05
0000708   1.5890E+06  5.8204E+05  1.2595E+05
0000709   7.8119E+05 -3.9032E+05 -9.4366E+04
0000710   1.2607E+06 -1.1817E+03  1.2073E+05
0000711   8.2798E+05 -1.3702E+05 -6.0624E+04
0000712   1.7327E+06 -1.7614E+05 -3.1112E+05
0000713   1.5286E+06  1.7724E+05  1.2145E+05
0000714   6.2199E+05  4.9908E+04  2.4621E+03
0000715   1.1059E+06 -2.4974E+05 -2.6658E+05
0000716   1.4056E+06  6.8971E+04 -5.2492E+05
0000717   1.0807E+06 -3.8526E+05 -8.1696E+04
0000718   1.4063E+06 -4.1892E+05 -5.4507E+05
0000719   4.9303E+05 -1.0926E+05 -4.4136E+03
0000720   9.0441E+05  1.2378E+05 -1.3600E+05
0000721   5.5031E+05 -1.9841E+05  1.9904E+05
0000722   1.5284E+06 -6.4342E+05 -2.5333E+05
0000723   1.2581E+06  1.8284E+05 -4.3814E+05
0000724   6.0866E+05 -7.1321E+04  1.3562E+05
0000725   1.5252E+06  8.0297E+05  1.4697E+05
0000726   1.5715E+06 -4.5226E+05 -1.6814E+05
0000727   1.4144E+06 -6.3419E+04  2.1709E+05
0000728   6.3511E+05  2.1202E+05  4.0356E+05
0000729   1.2659E+06 -2.9632E+05  4.9551E+05
0000730   1.0494E+06  4.2990E+05 -3.2715E+05
0000731   4.7541E+05  2.6799E+04 -1.9608E+05
0000732   1.3487E+06  7.5740E+05 -4.1868E+05
0000733   1.6435E+06 -1.4946E+05  5.0214E+04
0000734   1.2948E+06  8.5137E+03  3.0474E+05
0000735   6.0868E+05 -2.2314E+05 -9.3048E+04
0000736   1.1206E+06 -1.2568E+05  3.7031E+05
0000737   3.6248E+05 -1.7170E+05  4.4729E+05
0000738   1.0345E+06  2.1540E+05 -1.2096E+06
0000739   1.5397E+06  2.0648E+04 -1.5937E+05
0000740   1.8136E+05 -6.8397E+04  1.1034E+05
0000741   1.2969E+06 -1.4313E+04 -4.9646E+05
0000742   9.2842E+05 -2.9208E+04  4.2388E+05
0000743   1.5780E+06 -2.7157E+05  4.0079E+04
0000744   1.4061E+06 -2.7856E+05 -1.7138E+05
0000745   2.1051E+06 -1.3298E+05 -5.5548E+05
0000746   1.1575E+06 -3.1824E+05  1.6803E+05
0000747   9.0002E+05  4.3980E+05  4.3788E+04
0000748   1.4663E+06  2.7612E+05 -1.8954E+05
0000749   1.0595E+06 -1.4346E+04  1.7297E+05
0000750   1.2584E+06 -2.5048E+05  3.6929E+05
0000751   1.5746E+06 -6.2463E+05  7.1135E+04
0000752   9.9551E+05 -5.3003E+05 -1.6659E+05
0000753   1.2344E+06 -4.5387E+05 -5.8519E+05
0000754   1.2199E+06  4.9911E+04  2.9753E+05
0000755   3.2613E+04 -4.1576E+05  3.3651E+05
0000756   1.0328E+06  1.3748E+05  1.6430E+05
0000757   5.0754E+05  8.3653E+04  3.4469E+05
0000758   2.0726E+06  5.2253E+04  5.0613E+03
0000759   5.9047E+05 -1.3869E+04  1.6201E+05
0000760   6.0672E+05  2.6965E+05  3.1159E+04
0000761   5.0784E+05 -3.7207E+05  3.1034E+05
0000762   2.1924E+06 -5.2678E+05 -3.6476E+05
0000763   8.8787E+05  1.3833E+05  6.9857E+04
0000764   7.9924E+05 -1.2298E+04 -5.8410E+05
0000765   1.3998E+06  3.6814E+05  5.2171E+05
0000766   1.3618E+06  8.8280E+05  8.9429E+04
0000767   1.3893E+06  5.8476E+05 -5.2642E+05
0000768   6.8576E+05 -5.7282E+05  9.4766E+04
0000769   1.1002E+06  7.4852E+05  6.6907E+03
0000770   1.4139E+06 -2.3495E+05 -3.3080E+05
0000771   1.5067E+06  3.7213E+05  9.5264E+04
0000772   3.4484E+05 -2.6385E+05  4.2943E+05
0000773   1.2978E+06 -1.2046E+05  2.9740E+05
0000774   5.6839E+05  3.1830E+05 -6.2255E+04
0000775   1.6883E+06 -7.7709E+04  3.1338E+05
0000776   1.0047E+06  7.2131E+05 -7.5975E+04
0000777   8.6577E+05  4.7756E+05  9.8173E+03
0000778   3.8073E+05  8.2986E+04  3.4941E+04
0000779   5.8911E+05 -3.7217E+05  2.9094E+05
0000780   1.6435E+06 -1.5827E+05  5.2750E+04
0000781   5.3705E+05  2.2816E+04 -3.0769E+05
0000782   5.4193E+05  4.5558E+04 -5.8482E+05
0000783   5.7729E+05 -4.8837E+04  2.0517E+04
0000784   1.1900E+06 -8.3815E+04  6.8418E+04
0000785   8.3891E+05  2.0764E+05 -4.2587E+05
0000786   1.3346E+06  2.2219E+04 -2.2206E+05
0000787   1.4060E+06 -1.3374E+05  3.4759E+05
0000788   1.0395E+06  8.4452E+04  3.1124E+05
0000789   1.4924E+06 -4.8420E+04  8.0758E+03
0000790   1.2145E+06  8.7635E+04 -2.9177E+05
0000791   1.7332E+06  8.3787E+04 -1.3312E+05
0000792   1.5142E+06 -4.5838E+05  7.7195E+05
0000793   6.2399E+05  2.7626E+05  1.2618E+05
0000794   5.8210E+05 -2.0902E+05 -3.5745E+05
0000795   5.8773E+05 -5.8054E+05 -4.7845E+04
0000796   1.3786E+06 -3.1473E+05 -2.6516E+05
0000797   2.3999E+05 -1.7649E+05 -2.3030E+05
0000798   8.0072E+05  3.9747E+05 -6.3561E+04
0000799   1.6800E+06  3.7651E+05  7.9417E+05
0000800   8.3329E+05  2.1232E+05 -3.1675E+05
0000801   6.3364E+05 -7.4346E+05 -5.2074E+04
0000802   9.2123E+05 -3.4943E+05  6.3370E+03
0000803   1.3994E+06 -4.5879E+04 -2.8093E+05
0000804   7.3718E+05 -6.8560E+05 -5.8506E+05
0000805   3.7169E+05  6.7670E+04 -4.5409E+05
0000806   6.7046E+05  6.8519E+05 -4.1769E+05
0000807   1.0207E+06  3.0072E+05  4.4678E+05
0000808   1.1044E+06  5.1680E+05 -3.3089E+05
0000809   1.0926E+06  4.6493E+05  1.0965E+03
0000810   2.3318E+05  6.7748E+05  8.7098E+04
0000811   1.7177E+06  1.4075E+05 -5.9421E+04
0000812   8.1766E+05  3.7633E+05  2.3991E+05
0000813   1.5024E+06  9.1877E+04  5.2892E+05
0000814   8.2252E+05  6.8814E+05  2.4216E+05
0000815   5.2528E+05 -3.0732E+05 -1.7665E+05
0000816   1.0500E+06 -1.2952E+05 -4.5092E+05
0000817   1.3329E+06  5.1157E+05  4.2436E+04
0000818   7.7057E+05  6.1176E+04  5.4231E+05
0000819   6.9112E+05  2.6457E+05  3.8632E+05
0000820   1.6670E+06  1.3130E+04 -4.7491E+05
0000821   3.4686E+05 -5.8500E+04  1.5276E+05
0000822   1.2290E+06 -8.1778E+04 -1.3647E+05
0000823   1.0770E+06  3.1712E+04  2.1527E+05
0000824   8.3082E+05  2.1698E+05 -5.9047E+05
0000825   1.2659E+06 -2.8554E+05 -1.3737E+05
0000826   8.4368E+05  2.4520E+05  1.6019E+05
0000827   6.2361E+05  2.5310E+05  2.7485E+05
0000828   1.8925E+06  1.1089E+05 -9.2937E+04
0000829   7.5035E+05  1.4038E+05 -5.6640E+05
0000830   5.8413E+05  2.6018E+05  1.7045E+05
0000831   1.0983E+06  8.5157E+05 -2.4617E+04
0000832   4.9640E+05 -7.7054E+05 -2.0974E+05
0000833   9.6707E+05  3.4469E+05  5.4830E+05
0000834   8.3331E+05  3.0011E+05 -3.3670E+05
0000835   1.7285E+06  2.8362E+03  1.5328E+05
0000836   1.4017E+06 -4.9087E+03  1.0470E+05
0000837   2.2072E+06 -3.2709E+05  3.5902E+05
0000838   4.1315E+05  7.1885E+05  1.0713E+05
0000839   7.6248E+05  8.3343E+04 -5.8833E+05
0000840   1.6417E+06  5.7388E+05  5.2491E+04
0000841   7.9117E+05 -4.9560E+05 -1.4228E+05
0000842   1.8266E+06  1.9885E+05  4.6903E+05
0000843   7.7446E+05 -1.1247E+05  3.5966E+05
0000844   1.2920E+06 -9.8876E+05 -3.2162E+04
0000845   1.7862E+06 -1.8380E+05  2.6997E+05
0000846   1.8030E+06  1.9509E+05  1.0683E+05
0000847   1.0912E+06  3.4484E+05  2.2335E+05
0000848   1.0885E+06  9.1748E+05 -2.2739E+05
0000849   6.7827E+05 -2.7917E+05 -5.5358E+05
0000850   1.4160E+06  3.8003E+05  1.3511E+05
0000851   4.5373E+05  2.8976E+05 -4.2952E+05
0000852   1.8814E+05  3.9702E+05 -1.4562E+05
0000853   6.0849E+05  2.3659E+05 -2.3377E+05
0000854   4.8896E+05  7.2147E+04 -1.3397E+05
0000855   1.2253E+06  4.0351E+05 -6.4354E+05
0000856   6.7767E+05  1.2998E+05 -1.7815E+05
0000857   8.7173E+05 -1.0139E+05  5.3311E+05
0000858   1.6019E+05  1.1391E+05 -7.7977E+05
0000859   1.6358E+06 -1.3021E+05 -7.2077E+05
0000860   9.1597E+05  8.9410E+04  5.7210E+05
0000861   1.1033E+06  6.9831E+04  3.1370E+05
0000862   8.7994E+05  2.3863E+05 -2.6619E+05
0000863   8.2032E+04  5.3160E+05 -5.7334E+05
0000864   1.6592E+06 -5.2598E+05  1.8049E+05
0000865   1.2169E+06  9.0100E+05 -7.4264E+05
0000866   8.0056E+05  1.8805E+04 -1.1237E+05
0000867   1.0003E+06 -2.4914E+05  2.6915E+05
0000868   3.9040E+05  1.8171E+05  1.5839E+05
0000869   7.0827E+05 -2.9685E+05 -6.2919E+04
0000870   1.3010E+06  1.1155E+05 -2.6241E+05
0000871   3.0353E+05 -6.1188E+04  9.1019E+04
0000872   3.9031E+05 -3.2971E+05 -8.7061E+05
0000873   1.1458E+06  1.0316E+05  5.5248E+05
0000874   6.5864E+05 -1.0955E+05  1.2428E+05
0000875   1.1083E+06  5.9218E+05  5.4145E+04
0000876   7.7744E+05 -2.3563E+05  2.1347E+05
0000877   1.3486E+06  9.1009E+04  5.8182E+04
0000878   1.0667E+06 -4.6546E+05  1.6251E+05
0000879   1.3465E+06 -4.5570E+05 -1.9263E+05
0000880   8.5201E+05 -3.2607E+05  7.5319E+04
0000881   8.0906E+05  6.8641E+05 -6.1300E+05
0000882   1.9640E+06 -1.8005E+04  4.1757E+05
0000883   6.5574E+05 -6.0713E+05 -5.3316E+05
0000884   1.5672E+05 -4.0882E+04  4.2388E+04
0000885   1.3294E+06 -1.6695E+05  1.5173E+05
0000886   1.4224E+06  2.8225E+05  1.5084E+04
0000887   1.3538E+06 -1.6246E+05  1.1506E+04
0000888   8.2639E+05 -1.1557E+05 -2.4528E+05
0000889   1.3188E+06 -2.6695E+05 -2.8828E+05
0000890   1.1352E+06 -2.5361E+05 -2.3013E+05
0000891   1.7860E+06 -6.3453E+05  5.6625E+05
0000892   1.5590E+06  2.2108E+04 -8.9126E+05
0000893   1.2079E+06  1.2182E+05 -6.7352E+05
0000894   4.2688E+04  7.8495E+05 -1.7136E+05
0000895   5.2230E+05  2.9339E+05  1.4972E+05
0000896   6.0217E+05  3.8184E+05 -1.7439E+05
0000897   9.3280E+05  2.1859E+05  3.1207E+05
0000898   1.0197E+06  7.9291E+04 -9.3518E+05
0000899   1.8135E+06 -1.8757E+05  5.7028E+05
0000900   1.2627E+06 -3.6139E+05  2.7440E+05
0000901   3.1745E+05 -7.1644E+04 -1.8113E+05
0000902   1.3862E+06 -3.8711E+05 -3.6960E+05
0000903   1.3102E+06 -4.7527E+05  1.7266E+05
0000904   6.2206E+05 -9.7581E+04 -2.7429E+05
0000905   2.6383E+05  7.7417E+04 -4.0696E+05
0000906   1.5068E+06  2.5101E+05  1.7632E+04
0000907   7.0972E+05 -2.1007E+04 -3.9393E+05
0000908   1.7552E+06  4.3633E+05 -4.9027E+05
0000909   6.3495E+05  2.8318E+05  2.8767E+05
0000910   1.6343E+06 -2.4022E+05  2.9520E+05
0000911   1.8913E+06 -1.1517E+05  5.5019E+05
0000912   1.7845E+06  3.2310E+05 -1.7317E+05
0000913   4.0794E+05  7.7493E+04  7.9142E+04
0000914   4.4902E+05  3.8231E+05  5.2789E+05
0000915   1.9673E+06  3.5993E+05 -7.5108E+04
0000916   1.4660E+05 -2.6018E+05 -5.7584E+05
0000917   1.7860E+06  4.2432E+05  3.3494E+04
0000918   1.0429E+06 -3.2114E+05 -6.7476E+05
0000919   1.0071E+06 -3.8963E+05  3.7967E+05
0000920   1.7554E+06 -5.5673E+04 -6.1945E+05
0000921   3.2647E+05 -1.7113E+05 -1.7976E+05
0000922   1.0601E+06 -5.1968E+05  4.3425E+05
0000923   1.6217E+06  1.1528E+05 -2.2718E+05
0000924   1.0296E+06  3.2830E+05 -7.2705E+05
0000925   1.2217E+06 -6.3424E+04  2.1569E+05
0000926   3.3797E+05 -3.0511E+05 -3.0215E+04
0000927   8.5920E+05  2.6564E+05  1.6484E+05
0000928   1.1429E+06 -3.8217E+05 -3.9445E+05
0000929   7.8792E+05  1.0515E+05 -6.7605E+04
0000930   1.1807E+06 -2.6304E+04 -7.9526E+05
0000931   1.4001E+06 -1.5449E+05  6.1017E+04
0000932   1.3404E+06 -4.7004E+05 -4.3263E+05
0000933   1.4611E+06 -5.9759E+05  8.2143E+03
0000934   7.7772E+05  9.8504E+05  1.4963E+05
0000935   1.2341E+06 -5.0722E+05 -3.2291E+04
0000936   2.3183E+05 -2.6770E+05 -2.0228E+05
0000937   1.3856E+06 -8.0700E+04 -3.8893E+05
0000938   1.5401E+06 -3.5780E+05 -2.5319E+05
0000939   8.6250E+05  1.1672E+05  1.8865E+05
0000940   6.9916E+05  2.1308E+04 -2.7835E+05
0000941   1.8179E+06 -6.1246E+05 -8.8818E+05
0000942   1.3064E+06 -3.1213E+05  9.9270E+04
0000943   3.1944E+05  2.4904E+05  6.9994E+04
0000944   1.7639E+06  1.3956E+05 -1.7303E+05
0000945   8.8683E+05 -1.1440E+05 -1.3710E+05
0000946   1.2100E+06 -6.7683E+05  5.1681E+04
0000947   2.7440E+04 -5.9899E+03 -5.6046E+04
0000948   1.2801E+06  3.7822E+05 -4.1812E+04
0000949   1.3183E+06 -2.2808E+05 -1.8726E+05
0000950   1.0539E+06 -2.8127E+05  2.0279E+05
0000951   8.6435E+05  1.0351E+05 -9.8034E+04
0000952   1.5454E+06 -3.1645E+05 -1.3761E+05
0000953   1.4637E+06 -8.1602E+04 -1.7247E+05
0000954   5.4937E+05 -8.7117E+02  3.5037E+05
0000955   1.7701E+06 -4.0704E+05 -2.0478E+05
0000956   1.0367E+06  5.7309E+05  5.2057E+05
0000957   1.5227E+06 -4.6600E+05  4.9715E+05
0000958   3.9259E+05  1.0889E+05 -1.2676E+05
0000959   5.1576E+05  8.2430E+05  2.5213E+05
0000960   1.0209E+06 -2.6836E+05 -3.7171E+05
0000961   1.3365E+06  2.3172E+05  1.8870E+05
0000962   1.4736E+06  8.1452E+04 -2.7653E+05
0000963   7.1448E+05  2.7877E+05  1.2767E+04
0000964   9.5892E+05  2.4357E+05 -1.1438E+06
0000965   3.9237E+05  9.0838E+04  2.4394E+05
0000966   7.6913E+05  1.1879E+05  1.4368E+05
0000967   1.4192E+06 -7.1956E+05 -4.1795E+04
0000968   7.7003E+05  2.5356E+05  1.0657E+05
0000969   1.1508E+06  1.8710E+05 -4.3297E+05
0000970   1.2920E+06 -2.3040E+05  3.4962E+05
0000971   1.3186E+06 -5.8699E+04 -8.0879E+05
0000972   5.9867E+05 -5.6521E+05  9.3875E+04
0000973   8.1999E+05 -4.4404E+05 -5.6069E+05
0000974   1.5452E+06 -9.4114E+05  3.5219E+05
0000975   8.0695E+05 -4.6469E+05 -1.5390E+05
0000976   1.4370E+06  9.9439E+05 -2.2533E+04
0000977   1.3615E+06 -4.7009E+05  3.2269E+05
0000978   5.4003E+05 -2.1266E+04  4.4680E+05
0000979   1.3993E+06 -6.7232E+05  9.4183E+05
0000980   7.6175E+05 -8.1992E+05 -1.1428E+06
0000981   9.0977E+05 -8.2649E+04 -3.7755E+05
0000982   1.1799E+06 -6.5059E+05 -1.1098E+05
0000983   5.6424E+05 -2.7503E+05  2.3993E+05
0000984   1.2434E+06 -4.7685E+05 -2.3005E+04
0000985   1.4104E+06 -2.9498E+05 -6.1214E+05
0000986   1.3402E+06  8.1144E+05 -7.9977E+05
0000987   1.6194E+06 -3.3731E+05  6.1518E+05
0000988   9.6476E+05  5.8795E+05 -2.4268E+05
0000989   1.1357E+06  4.6887E+05  1.0305E+06
0000990   4.0080E+05 -3.5213E+05 -5.3311E+05
0000991   5.4083E+05 -6.1548E+04 -1.4202E+04
0000992   1.4776E+06  8.3650E+04 -2.2331E+05
0000993   1.6676E+06 -5.3247E+05  1.3532E+05
0000994   5.4004E+05  1.8769E+05  2.9333E+05
0000995   8.5524E+05  4.2330E+05 -5.2146E+05
0000996   1.3426E+06  2.9147E+05  4.6376E+05
0000997   9.1498E+05 -3.0097E+05  7.9695E+04
0000998   6.4020E+05  1.7726E+05  6.2902E+05
0000999   8.5020E+05  2.6125E+05 -2.0174E+05
0001000   7.1513E+05 -2.1302E+05  4.8007E+04
