============================== SRIM-2013.00 ==============================
==============================================================================
====== SRIM Outputs\RANGE_3D.txt : File of Final Ion Positions =====

Ion = Ar (18)   Ion Mass= 039.9620
Energy  = 1526417.E-04 keV
Ion Angle to Surface = 00.0 degrees
==================== TARGET =======================
  Layer # 1 - Layer 1
  Layer # 1 - Bottom Depth=500000.E+02 A
  Layer # 1 - Density =0000.0036 g/cm3
  Layer # 1 -  100 % of Ar
様様様様様様様様様様様様様様様様様様様様様様様様様様
                                            
Ion       Depth  X   Lateral Y   Lateral Z  
Number    (Angstrom) (Angstrom)  (Angstrom) 
-------  ----------- ----------- -----------
0000001   1.7111E+06  1.0057E+06 -1.7192E+05
0000002   1.1039E+06  2.3214E+05 -1.7716E+05
0000003   1.3694E+06  6.3906E+04 -1.6976E+05
0000004   2.6998E+06  1.6034E+05  3.7272E+05
0000005   1.2754E+06  3.9186E+05 -1.2976E+06
0000006   1.6542E+06 -8.9963E+05 -1.5701E+04
0000007   1.8325E+06  2.1125E+05  2.5467E+05
0000008   1.4866E+06 -6.1061E+05  5.2660E+05
0000009   1.1443E+06 -1.5479E+06 -1.8559E+05
0000010   1.0436E+06  1.2033E+03  4.7039E+05
0000011   1.8288E+06 -6.4136E+05 -3.2497E+05
0000012   4.8669E+05  3.0421E+05 -3.1500E+05
0000013   4.3140E+05 -3.4868E+05  2.7113E+05
0000014   2.7235E+05  2.0374E+05 -8.6441E+04
0000015   1.1078E+06 -1.2096E+05 -2.4891E+05
0000016   1.7739E+06  8.8118E+05 -5.8421E+05
0000017   1.3225E+06  1.5492E+05  7.3228E+05
0000018   1.9380E+06  4.4402E+05  4.0031E+05
0000019   1.5879E+06  4.5353E+05 -2.6874E+05
0000020   2.4216E+06  4.8604E+05  8.6195E+05
0000021   1.3010E+06 -1.3751E+06 -2.8154E+05
0000022   1.9026E+06  9.3586E+05 -5.3137E+05
0000023   2.3293E+06  9.7304E+05 -3.1770E+05
0000024   6.7982E+05 -1.7888E+05 -2.8678E+05
0000025   1.7318E+06  7.7196E+05 -8.2511E+05
0000026   1.3933E+06  8.2010E+05  2.8146E+05
0000027   1.7644E+06  7.2410E+05  7.1581E+05
0000028   1.5025E+06 -3.1922E+05  4.7952E+05
0000029   2.6281E+06  5.8273E+04 -6.1745E+05
0000030   2.0763E+05 -4.7635E+05  4.2042E+05
0000031   1.2121E+06 -3.7039E+05 -4.6061E+05
0000032   1.5117E+06 -3.7087E+05 -3.9588E+05
0000033   1.2565E+06 -1.3011E+06 -2.8151E+05
0000034   1.7228E+06 -4.0597E+05  2.8914E+05
0000035   2.0382E+06 -4.3351E+05 -5.6318E+05
0000036   1.7174E+06  1.9645E+05 -2.4037E+05
0000037   1.5432E+06  1.4944E+05  1.1995E+06
0000038   1.4047E+06  4.7097E+05  8.3897E+05
0000039   1.1713E+06 -1.1666E+05  7.1078E+04
0000040   1.0223E+06  4.8399E+05  7.4716E+05
0000041   9.2565E+05 -1.1143E+05 -4.7279E+05
0000042   1.6205E+06 -2.1734E+05  5.8534E+05
0000043   1.5961E+06  3.5837E+05 -1.1084E+06
0000044   1.7260E+06 -5.2371E+05  7.8906E+05
0000045   1.3470E+06 -6.3711E+04  4.1871E+05
0000046   7.9747E+05  6.5295E+05 -1.0435E+05
0000047   2.5552E+06 -9.6858E+04 -3.8684E+05
0000048   1.3637E+06 -9.5282E+05  9.1364E+03
0000049   1.3011E+06 -8.3963E+05 -4.3646E+05
0000050   8.2656E+05 -3.9352E+04 -1.3703E+06
0000051   2.3896E+06 -3.1520E+04 -1.2077E+05
0000052   5.0528E+05 -3.0052E+05  3.0798E+05
0000053   9.8819E+05  3.1871E+05 -9.2259E+04
0000054   1.1504E+06  1.1375E+05 -9.8754E+04
0000055   1.3540E+06 -2.5168E+05 -2.2768E+05
0000056   1.2176E+06  2.2132E+05 -1.9533E+05
0000057   1.6273E+06 -4.2832E+04 -2.9206E+05
0000058   2.4718E+06  8.9765E+04 -9.0216E+05
0000059   1.8175E+06  6.2013E+04  2.9733E+05
0000060   1.7305E+06 -2.2497E+05 -8.6383E+04
0000061   1.1459E+06  2.6645E+05 -7.0120E+05
0000062   1.3627E+06  3.7783E+05  7.8671E+04
0000063   1.3794E+06  1.2615E+05 -7.4954E+05
0000064   1.8495E+06 -4.7182E+05  2.4622E+05
0000065   3.8013E+05 -2.5093E+05 -8.3380E+04
0000066   2.6677E+06 -5.6896E+05  8.1866E+03
0000067   2.2286E+06  5.8477E+04 -2.9689E+05
0000069   2.8862E+06  2.1185E+05 -3.2811E+05
0000070   1.0178E+06 -3.4913E+05  9.8043E+05
0000071   1.9900E+06  5.1544E+05  1.7272E+04
0000072   1.4960E+06 -6.5021E+05  1.1445E+06
0000073   2.3389E+06 -3.4421E+05  4.5073E+05
0000074   1.2679E+06  1.1813E+06 -6.7962E+05
0000075   1.3148E+06 -6.0863E+05 -4.8932E+05
0000076   1.6555E+06 -2.5346E+05 -9.9532E+05
0000077   1.0935E+06 -8.2232E+05  1.8757E+05
0000078   1.6469E+06 -1.5888E+05  8.2229E+05
0000079   2.0907E+06 -3.6721E+05 -3.7682E+05
0000080   9.6366E+05 -4.6879E+03 -3.5633E+05
0000081   2.5121E+06 -6.2261E+04  3.3266E+05
0000082   1.1031E+06 -4.0287E+05 -4.8721E+05
0000083   1.9401E+06 -7.4755E+05 -8.2929E+05
0000084   8.3547E+05 -4.7479E+05  1.5229E+05
0000085   1.7632E+06 -5.0490E+04  5.5534E+05
0000086   1.8852E+06  6.4850E+05  7.8857E+05
0000087   1.3873E+06 -2.8158E+05  5.6354E+05
0000088   2.2765E+06 -4.1658E+04 -9.2108E+04
0000089   1.6229E+06 -1.7733E+05 -7.9938E+04
0000090   3.6215E+05  2.8908E+04  2.3835E+05
0000091   1.9873E+06  5.0023E+04  3.6923E+05
0000092   3.9178E+05  3.8926E+05  6.6428E+05
0000093   1.2157E+06  6.7239E+05  5.3308E+05
0000094   7.3432E+05  7.5511E+05  3.7593E+05
0000095   1.7185E+06 -4.2033E+05 -7.4904E+05
0000096   1.4371E+06 -7.9658E+05  2.5014E+05
0000097   6.4031E+05 -1.7454E+05  6.6432E+05
0000098   1.5277E+06 -8.1376E+05  1.7631E+05
0000099   8.6495E+05 -3.3435E+05 -1.8686E+05
0000100   1.1727E+06  1.9393E+05  1.5995E+06
0000101   1.7636E+06 -3.7984E+05  1.3031E+05
0000102   2.1367E+06  4.5840E+05  3.6025E+04
0000103   1.8805E+06  3.5556E+05 -4.7878E+05
0000104   1.9993E+06  5.6380E+05 -4.9170E+05
0000105   1.4128E+06 -7.3420E+04  1.2387E+05
0000106   2.2807E+06  5.3032E+05 -1.0403E+05
0000107   7.4881E+05 -8.4019E+04 -1.2229E+05
0000108   1.8604E+06 -1.9013E+04  1.4646E+05
0000109   2.2387E+06  2.4824E+05 -6.7695E+05
0000110   2.6097E+06  2.9025E+04 -1.7532E+05
0000111   1.1432E+06 -5.0385E+05 -2.6201E+05
0000112   9.8464E+05 -4.0557E+04  1.7108E+05
0000113   6.2906E+05  2.5738E+05 -2.7374E+05
0000114   1.0779E+06  9.1872E+04  6.2219E+05
0000115   2.8538E+06  1.0835E+05 -1.4439E+05
0000116   7.8204E+05 -6.8466E+04  2.2825E+03
0000117   1.9266E+06  5.2648E+05  5.9784E+05
0000118   1.4614E+06 -4.2187E+05  1.6777E+06
0000119   1.1582E+06  3.6705E+05  9.0328E+04
0000120   1.8596E+06  2.8719E+05 -7.1152E+05
0000121   9.7112E+05 -1.0707E+05  2.9136E+04
0000122   1.7212E+06  5.4441E+05 -3.7853E+04
0000123   1.4933E+06  6.2624E+05  4.2175E+05
0000124   1.4498E+06 -2.5984E+05  5.3321E+05
0000125   1.6479E+06  9.8386E+04 -2.8952E+05
0000126   5.9303E+05  5.4933E+05 -1.2355E+04
0000127   2.2380E+06 -2.1353E+05  2.1297E+05
0000128   1.4118E+06  4.8698E+04  4.0088E+05
0000129   8.1060E+05  5.4376E+05  1.7551E+05
0000130   1.9856E+06 -7.7963E+04 -1.3356E+06
0000131   2.0880E+06 -5.6901E+05  8.3733E+05
0000132   8.0246E+05 -3.3986E+04 -9.0385E+05
0000133   1.5148E+06  1.6792E+05  1.4548E+06
0000134   1.9285E+06 -8.9345E+04 -2.4001E+05
0000135   1.5420E+06 -3.3869E+05 -2.3892E+05
0000136   1.6609E+06 -2.1067E+05 -1.5088E+05
0000137   2.5028E+06 -3.9624E+05  9.1443E+05
0000138   1.9228E+06  1.1801E+05  1.7471E+05
0000139   1.7808E+06 -9.8181E+05  3.7900E+05
0000140   6.9329E+05  9.5697E+05  1.1680E+05
0000141   1.0391E+06 -6.4888E+05 -7.0387E+04
0000142   2.1745E+06  2.3361E+04 -2.5109E+05
0000143   7.4401E+05  5.7172E+05  3.6586E+05
0000144   1.2771E+06 -7.9813E+05 -4.1696E+05
0000145   2.1983E+06 -3.9243E+04  7.6525E+05
0000146   2.0852E+06 -1.1510E+04  2.2070E+05
0000147   1.7956E+06 -6.0761E+05 -5.9170E+05
0000148   1.4285E+06 -5.3335E+04 -2.5446E+05
0000149   6.9008E+05 -7.2383E+05 -1.2964E+05
0000150   2.3126E+06  3.0449E+05 -3.2017E+05
0000151   1.7627E+06  7.9079E+05  9.7957E+05
0000152   1.5158E+06  7.5295E+05 -9.9533E+05
0000153   1.3810E+06 -7.9315E+04  4.3984E+05
0000154   1.2551E+06  1.2953E+05  2.4490E+05
0000155   1.6319E+06  5.1510E+05 -2.7000E+05
0000156   1.3723E+06 -2.1047E+05 -4.1563E+05
0000157   1.1902E+06 -4.3599E+05  3.6046E+04
0000158   7.4889E+05 -5.1906E+05 -3.4261E+05
0000159   9.4206E+05  1.2669E+05  6.0087E+04
0000160   5.5226E+05  1.1155E+05 -3.1595E+05
0000161   1.0707E+06 -7.8401E+05  1.9281E+05
0000162   1.5888E+06  2.1046E+05 -6.4244E+05
0000163   2.8641E+06 -4.3080E+05  1.0523E+06
0000164   5.3851E+05 -3.7027E+05  3.8850E+05
0000165   2.4250E+06  3.4855E+05 -3.1214E+05
0000166   1.5339E+06  8.6228E+05  1.0655E+06
0000167   7.8699E+05 -2.3528E+05 -1.6978E+05
0000168   1.9075E+06 -1.1934E+05  3.2700E+04
0000169   1.6880E+06  4.0697E+03  4.1988E+05
0000170   1.6272E+06 -5.8708E+05  5.4579E+05
0000171   2.3049E+06  4.1803E+05  3.0451E+05
0000172   2.2965E+06 -7.4703E+05  3.3889E+04
0000173   1.5288E+06 -8.9952E+05 -2.3542E+05
0000174   5.1844E+05  4.5564E+05  5.8099E+05
0000175   2.9214E+06 -9.7673E+05 -3.8644E+05
0000176   2.0839E+06  3.0515E+05  1.8814E+06
0000177   1.5223E+06 -1.7218E+05  2.3366E+05
0000178   1.3009E+06 -4.8159E+05  9.3697E+05
0000179   1.4199E+06 -6.2791E+05 -6.0717E+05
0000180   1.7253E+06 -6.1299E+05 -3.7358E+05
0000181   8.7874E+05 -5.3958E+05 -6.8414E+05
0000182   2.1985E+06 -2.5767E+05  7.7281E+05
0000183   1.5074E+06  3.6544E+05  1.4269E+05
0000184   9.5656E+05  1.0456E+05 -1.5320E+04
0000185   2.0695E+06 -6.5313E+05  5.6687E+05
0000186   6.0885E+05  4.5680E+05  7.3455E+05
0000187   1.6776E+06 -4.6411E+05 -8.4006E+04
0000188   1.6779E+06  1.5886E+05  2.8145E+05
0000189   8.6701E+05  2.1862E+05 -4.2086E+05
0000190   2.0707E+06  7.2579E+04  7.2605E+05
0000191   9.0493E+05  6.8686E+05 -3.4763E+05
0000192   2.5824E+06  1.2926E+05 -1.1818E+06
0000193   2.1332E+06  7.4960E+05  2.0119E+05
0000194   1.6684E+06  2.9736E+05  7.6898E+05
0000195   1.4050E+06  1.4630E+05 -6.3118E+05
0000196   2.8069E+06 -2.8933E+05  2.8275E+05
0000197   8.3502E+05  3.5127E+05 -1.1020E+05
0000198   1.8556E+06  4.3353E+05  4.7644E+05
0000199   1.4463E+06  3.8925E+05  2.1857E+05
0000200   1.8661E+06 -1.9289E+05 -2.2878E+05
0000201   4.9495E+05 -1.5934E+05  2.2940E+05
0000202   1.4740E+06  4.0773E+05 -3.7509E+05
0000203   7.4186E+05 -2.2025E+05  4.4931E+05
0000204   2.2040E+06 -7.3542E+05 -2.3097E+05
0000205   1.9953E+06 -3.2194E+05  1.3861E+05
0000206   3.1080E+05  1.7530E+05 -1.2433E+05
0000207   1.7120E+06 -4.3099E+05 -4.7980E+05
0000208   1.3546E+06  3.0992E+05 -5.0031E+05
0000209   2.0964E+06 -4.6831E+04  1.8494E+05
0000210   1.2579E+06  1.2051E+05  6.9397E+04
0000211   1.4481E+06  3.2029E+04  1.0975E+06
0000212   1.5550E+06  4.7630E+05 -1.4490E+05
0000213   7.9808E+05  4.8595E+05 -3.6587E+05
0000214   1.8895E+06  1.3380E+05  4.8691E+05
0000215   1.5392E+06 -6.6783E+05  3.9979E+05
0000216   2.5038E+06 -5.0382E+05  3.1854E+05
0000217   8.4172E+05 -6.5368E+05 -1.5389E+05
0000218   1.4921E+06  4.6944E+05  4.0753E+05
0000219   2.3994E+06  3.2882E+05  2.1652E+05
0000220   1.4809E+06  3.5757E+05 -1.7205E+05
0000221   9.5016E+05 -2.2554E+04 -4.8169E+05
0000222   1.8084E+06  4.0472E+05 -9.5290E+05
0000223   1.1655E+06  3.9803E+05  4.4786E+04
0000224   3.1453E+05  5.0675E+05 -3.0631E+05
0000225   1.3563E+06  4.7110E+05 -1.7743E+05
0000226   6.9094E+05 -4.5909E+04 -9.6328E+04
0000227   1.5353E+06  8.6693E+05 -2.8105E+05
0000228   7.6379E+05 -1.2948E+05  1.0007E+05
0000229   7.6256E+05  6.7373E+03  4.1547E+05
0000230   8.2628E+05 -2.5964E+05  4.2000E+04
0000231   7.7695E+05 -4.0614E+05 -8.3060E+05
0000232   1.5731E+06  8.4651E+05 -2.0691E+05
0000233   2.6321E+05 -3.4341E+05  5.4973E+05
0000234   1.5413E+06 -7.4498E+05 -1.8759E+05
0000235   1.8053E+06 -3.3914E+05 -8.2939E+04
0000236   1.9438E+06  1.6652E+05 -7.6907E+04
0000237   9.7497E+05 -4.0702E+05 -1.6619E+05
0000238   2.1203E+06 -4.2179E+05  3.7574E+05
0000239   1.2638E+06  4.3184E+05  4.6370E+05
0000240   2.1325E+06  6.3046E+05 -1.9374E+05
0000241   2.2394E+06  1.9931E+05 -3.5423E+04
0000242   7.3914E+05 -1.9772E+05 -3.3922E+04
0000243   1.2822E+06  5.3802E+05 -7.4535E+05
0000244   2.2471E+06  3.1793E+05 -3.9511E+05
0000245   1.3655E+06  7.8235E+03  6.3278E+05
0000246   1.4013E+06  2.9407E+04  9.1647E+05
0000247   1.8802E+06 -9.3222E+04 -6.3337E+05
0000248   9.6854E+05  2.2761E+05 -3.5757E+05
0000249   1.4717E+06 -7.4068E+05 -2.3552E+05
0000250   1.3632E+06 -5.4370E+05 -1.8958E+05
0000251   1.2414E+06  4.3168E+05  1.1316E+06
0000252   1.4068E+06  2.7347E+05 -3.8494E+05
0000253   1.5930E+06 -1.7783E+05 -8.4026E+05
0000254   1.9257E+06 -4.9295E+04 -1.1060E+06
0000255   2.2001E+06  3.2563E+03 -1.4963E+05
0000256   1.6955E+06  5.9326E+05 -6.1161E+05
0000257   9.2662E+05  6.3898E+05 -2.6644E+05
0000258   1.1657E+06 -3.5148E+05 -6.9747E+05
0000259   1.2779E+06  1.6640E+05 -8.3025E+05
0000260   1.7483E+06  3.3976E+05 -5.4283E+05
0000261   9.6528E+05  4.7864E+04 -6.3766E+05
0000262   1.8675E+06 -2.0377E+05 -2.7338E+05
0000263   2.0332E+06 -6.5346E+05 -7.0721E+05
0000264   8.0037E+05  1.1032E+05 -2.1374E+05
0000265   9.2258E+05 -5.5837E+05 -1.4481E+05
0000266   1.0105E+06 -8.4488E+05 -3.3953E+05
0000267   1.1506E+06  8.2349E+04 -5.5839E+05
0000268   1.4852E+06 -5.1796E+05 -1.5373E+05
0000269   7.0695E+05 -2.1506E+05  5.9774E+05
0000270   1.7458E+06  2.0842E+05  2.0341E+05
0000271   1.7117E+06  2.4901E+05 -5.3267E+04
0000272   2.0127E+06 -9.5059E+05  5.2703E+05
0000273   1.9068E+06 -4.7204E+05 -2.2536E+05
0000274   2.4917E+06  7.5525E+04  2.9824E+05
0000275   1.9459E+06 -1.7199E+05 -2.1760E+05
0000276   1.5135E+06  8.7425E+05  4.3850E+05
0000277   2.4109E+06 -5.6107E+05 -6.3194E+05
0000278   1.6235E+06  7.5657E+05  6.6505E+05
0000279   1.5776E+06  8.8467E+04  3.2539E+05
0000280   2.0104E+06  5.2925E+05 -1.3443E+05
0000281   1.4485E+06 -1.8335E+05 -1.0787E+05
0000282   1.5995E+05  6.0803E+05 -1.9449E+04
0000283   1.0462E+06  9.4859E+04 -2.2593E+05
0000284   1.8393E+06  2.5231E+05 -1.9067E+05
0000285   2.0833E+06  5.6037E+05  6.9690E+05
0000286   2.2125E+06  1.8942E+05  1.0681E+06
0000287   1.7402E+06 -8.1367E+05  5.7576E+05
0000288   9.3349E+05  1.2021E+04 -9.4591E+04
0000289   1.6842E+06  1.1397E+06 -5.7773E+05
0000290   2.1376E+06  5.8840E+04  9.7393E+04
0000291   1.8969E+06  4.1116E+05 -7.3484E+04
0000292   1.3065E+06  6.3957E+04 -1.0509E+06
0000293   8.8043E+05  3.2778E+05 -4.2815E+05
0000294   1.5754E+06  5.5880E+05 -4.1430E+05
0000295   1.2581E+06  1.4204E+05  4.8341E+05
0000296   1.7671E+06 -4.8099E+04 -8.8120E+05
0000297   3.1050E+06  7.0704E+05 -4.7424E+05
0000298   1.5392E+06 -6.0544E+05  8.9096E+04
0000299   7.3584E+05  8.5568E+05 -1.2418E+06
0000300   1.3923E+06  4.8627E+05  5.5345E+05
0000301   1.7544E+06  1.4001E+04  6.6926E+04
0000302   7.8761E+05  1.2715E+05  1.7217E+05
0000303   2.4932E+06  9.2598E+05 -1.3242E+05
0000304   1.5661E+06 -4.6306E+04 -7.2626E+05
0000305   1.1914E+06 -1.0913E+06 -7.0650E+05
0000306   1.8323E+06  6.3407E+05 -4.2803E+05
0000307   5.9556E+05 -3.4480E+05 -4.9201E+05
0000308   2.3768E+06  2.8069E+05  2.1502E+05
0000309   1.7625E+06  5.1368E+05 -2.7813E+05
0000310   1.9557E+06 -5.1164E+05 -1.9352E+05
0000311   1.4291E+06 -3.5717E+05 -1.2018E+06
0000312   2.0449E+06  1.0875E+05 -1.0644E+06
0000313   9.2775E+05  1.1671E+06  8.3351E+05
0000314   2.2171E+06 -5.3401E+05 -6.2014E+04
0000315   1.3670E+06 -1.5842E+04 -2.8667E+05
0000316   8.6054E+05  2.0937E+05  9.5431E+04
0000317   1.2565E+06  1.0094E+06 -3.7721E+04
0000318   2.5652E+06  7.7169E+05  4.2604E+05
0000319   1.1911E+06 -7.6153E+04 -6.5520E+05
0000320   1.5326E+06  1.1819E+06  2.9447E+05
0000321   7.9422E+05 -5.9001E+05  3.3308E+05
0000322   5.8849E+05 -3.6568E+05  2.9651E+05
0000323   1.4997E+06 -5.3425E+05  7.8403E+05
0000324   1.9702E+06  3.8338E+05  6.5134E+05
0000325   1.4153E+06 -1.4199E+05  7.7109E+05
0000326   1.2104E+06  6.1895E+05  1.7103E+04
0000327   8.4613E+05 -1.8851E+05 -2.3109E+05
0000328   1.6229E+06 -9.2213E+03  5.6846E+05
0000329   1.6604E+06 -4.8274E+05 -1.6435E+05
0000330   1.0456E+06  1.0025E+05 -4.1452E+05
0000331   1.3194E+05  1.4133E+04 -7.2388E+04
0000332   1.8892E+06 -8.9314E+05 -3.0189E+05
0000333   4.6323E+05 -1.4902E+05  1.9804E+05
0000334   1.6660E+06  8.6143E+04  3.8649E+05
0000335   1.0000E+06 -5.7762E+05 -8.9969E+05
0000336   9.7359E+05  4.0282E+05  2.1550E+04
0000337   1.0689E+06  4.2245E+05 -3.9965E+05
0000338   1.7194E+06 -6.0652E+05 -2.7244E+05
0000339   1.1659E+06  2.0374E+05  9.0557E+05
0000340   1.2582E+06  6.2235E+05  3.6660E+05
0000341   1.4068E+06  1.2496E+05 -6.7549E+05
0000342   7.0235E+05 -5.1713E+05  4.4025E+05
0000343   1.8529E+06 -3.4355E+05 -6.6520E+05
0000344   7.4115E+05 -9.1247E+05  1.0576E+06
0000345   1.4456E+06  2.2980E+05  5.9030E+05
0000346   5.6176E+05  1.7372E+05 -2.2989E+05
0000347   1.5238E+06  3.2547E+05  9.7611E+04
0000348   1.0819E+06 -2.9511E+05 -1.1383E+05
0000349   9.4018E+05 -6.9518E+05 -4.2920E+05
0000350   1.3090E+06  2.9783E+05 -8.4783E+05
0000351   5.4421E+05 -2.1995E+05  2.6991E+05
0000352   1.4828E+06 -9.0735E+05  1.2294E+06
0000353   2.0279E+06 -3.7584E+05  3.5366E+05
0000354   1.6471E+06 -2.5951E+05  4.2002E+05
0000355   1.8019E+06 -5.7387E+05 -1.0318E+06
0000356   1.8480E+06 -8.2062E+05  8.8375E+03
0000357   1.4802E+06 -2.0717E+05  1.3577E+05
0000358   6.5822E+05 -8.9223E+04 -1.4628E+05
0000359   9.4665E+05  2.5722E+04 -2.9399E+05
0000360   1.7504E+06 -7.4030E+04 -1.5529E+05
0000361   1.4827E+06  8.3874E+05  5.3746E+05
0000362   2.3537E+06 -1.3543E+04  8.7894E+04
0000363   1.0589E+06  2.8289E+05 -8.6325E+05
0000364   9.3699E+05  6.8266E+05 -2.7569E+05
0000365   1.4511E+06 -1.1214E+05  4.6100E+05
0000366   1.2980E+06 -9.6402E+03  6.4574E+05
0000367   1.6943E+06  6.4216E+05 -2.0989E+05
0000368   1.3017E+06  7.1009E+05  2.1974E+05
0000369   2.6128E+06  7.6698E+05 -7.0262E+05
0000370   1.6625E+06  1.5655E+06 -9.1838E+04
0000371   1.4491E+06 -9.1771E+05  5.5069E+05
0000372   1.7393E+06  6.0412E+05  8.5062E+05
0000373   1.1143E+06 -2.9405E+04 -7.0890E+05
0000374   2.4002E+06 -5.3862E+05 -8.8277E+05
0000375   2.1340E+06 -2.6303E+05  3.9886E+05
0000376   1.1865E+06 -1.4321E+05  9.7957E+04
0000377   6.6075E+05  1.1937E+05 -2.7780E+05
0000378   1.2476E+06  1.4151E+06  7.8556E+05
0000379   2.1865E+06 -2.8788E+05 -8.4628E+05
0000380   8.4761E+05 -6.6003E+05 -1.6812E+05
0000381   8.8566E+05  1.4002E+05 -1.2742E+05
0000382   1.3505E+06  4.3056E+05 -6.3285E+05
0000383   1.9988E+06  6.1462E+05 -1.2402E+05
0000384   1.5272E+06 -1.5890E+06  3.2582E+05
0000385   2.0750E+06 -6.8208E+05 -8.1546E+05
0000386   1.0993E+06 -3.9555E+05 -5.5663E+05
0000387   1.7266E+06 -1.0693E+06  8.0040E+05
0000388   3.2387E+05 -4.0392E+04 -1.3952E+05
0000389   7.3837E+05 -1.5712E+05 -1.8626E+05
0000390   9.7447E+05 -7.0939E+05 -1.1407E+05
0000391   1.5188E+06 -1.8598E+04  3.0845E+05
0000392   9.7480E+05 -2.5069E+05  9.0383E+05
0000393   1.3209E+06  5.2061E+04 -2.2817E+04
0000394   7.6195E+05 -4.4625E+04 -1.8229E+05
0000395   4.9315E+05 -1.0013E+05  8.5253E+04
0000396   2.5236E+06  9.9554E+04 -6.3739E+05
0000397   7.1746E+05  2.8853E+05 -1.4959E+05
0000398   3.8096E+05  2.9282E+05 -4.7066E+05
0000399   1.5816E+06  1.1317E+05 -1.6265E+05
0000400   1.7361E+06  2.6361E+05 -5.9115E+04
0000401   2.7981E+06  2.2804E+05  1.2282E+06
0000402   1.2150E+06  5.3120E+05  5.8922E+05
0000403   1.0455E+06 -3.9495E+04  5.3857E+05
0000404   2.5874E+06  2.8097E+05 -1.3945E+05
0000405   1.5467E+06 -1.1343E+05  1.0118E+06
0000406   1.0081E+06 -1.3582E+04 -2.9769E+05
0000407   2.2198E+06  6.9951E+05  5.8370E+05
0000408   1.9196E+06 -1.2540E+04 -6.7745E+04
0000409   1.4364E+06  1.4009E+05 -2.2746E+05
0000410   2.3767E+06  3.8368E+05  7.7717E+05
0000411   1.5027E+06 -1.1519E+05  5.6597E+05
0000412   1.5382E+06 -8.8930E+05  1.6013E+05
0000413   1.2753E+06 -1.9226E+04 -5.9078E+05
0000414   1.6981E+06 -3.5080E+05 -8.8648E+05
0000415   1.6873E+06  8.9983E+05  3.0124E+05
0000416   2.4046E+06  2.5326E+05 -3.3335E+05
0000417   1.5395E+06 -4.1757E+05  9.5482E+04
0000418   2.0051E+06  2.1414E+05 -9.6927E+04
0000419   7.1528E+05 -5.1407E+04 -2.2061E+05
0000420   1.3043E+06  4.7802E+05  4.4301E+05
0000421   2.7588E+06  1.6875E+05 -6.1926E+05
0000422   1.7880E+06  5.9272E+04 -4.9331E+05
0000423   1.5691E+06  5.8651E+05  4.2460E+05
0000424   1.0223E+06 -4.5744E+05 -4.0526E+04
0000425   1.3289E+06 -3.9573E+04 -4.0815E+05
0000426   1.6879E+06 -9.0953E+04  5.7903E+05
0000427   9.7385E+05  2.5378E+05 -2.5665E+05
0000428   1.3381E+06  8.2574E+05  6.3537E+05
0000429   8.1870E+05  5.6499E+04 -1.4737E+06
0000430   4.1945E+05  2.3098E+05  9.7044E+05
0000431   1.3304E+06  3.3821E+05 -2.9144E+05
0000432   6.1606E+05  3.2898E+05  4.0417E+05
0000433   1.9468E+06 -2.7803E+05  9.4787E+04
0000434   1.2035E+06  2.2188E+05  3.1796E+05
0000435   1.6416E+06 -4.9701E+05 -2.6615E+05
0000436   1.1829E+06 -2.7454E+05 -4.4697E+05
0000437   1.2236E+06  2.2541E+05 -2.3773E+05
0000438   5.9565E+05  5.7433E+05 -9.1317E+05
0000439   2.6747E+06 -7.0677E+05  2.0710E+05
0000440   2.3007E+06  5.2949E+03  9.8523E+05
0000441   1.5805E+06  9.3731E+05  1.4172E+05
0000442   7.8065E+05 -5.3016E+05  9.0732E+05
0000443   2.6986E+06 -1.7659E+04  6.5392E+05
0000444   1.8775E+06 -8.0864E+04  9.1259E+05
0000445   1.1621E+06 -1.3992E+05 -3.0180E+05
0000446   1.7053E+06  2.2391E+05 -2.7864E+05
0000447   1.6298E+06 -3.2830E+05  3.5665E+05
0000448   1.1635E+06  2.9563E+05 -5.3442E+05
0000449   1.0503E+06 -1.9669E+05  2.9633E+05
0000450   1.6360E+06 -7.4740E+05  2.3126E+05
0000451   6.1501E+05 -1.1010E+06  5.3951E+04
0000452   1.0130E+06 -9.5130E+05  8.4588E+05
0000453   1.4881E+06 -2.1777E+05  6.0111E+05
0000454   4.3346E+05  6.4016E+05 -1.7866E+04
0000455   1.9221E+06 -3.7445E+05 -5.1377E+05
0000456   1.0141E+06  7.0157E+05  6.2946E+05
0000457   7.4759E+05 -5.0076E+04 -1.6349E+05
0000458   7.6077E+05 -2.6731E+05 -9.1550E+05
0000459   2.2580E+06 -9.6939E+04  7.8176E+05
0000460   3.0845E+06 -1.0241E+05  5.1290E+05
0000461   1.9472E+06 -5.2853E+04  1.0717E+06
0000462   2.2574E+06 -7.6298E+05  7.3668E+05
0000463   8.1482E+05  7.9160E+05 -7.4589E+03
0000464   1.2750E+06 -9.6656E+04 -2.7414E+05
0000465   4.5073E+05 -7.4586E+05 -2.1645E+05
0000466   2.3018E+06 -4.0254E+04  3.7354E+05
0000467   1.1356E+06  2.8368E+05 -3.7662E+04
0000468   3.2314E+06  4.4291E+05  8.2523E+05
0000469   1.4131E+06  6.8210E+05  4.2138E+04
0000470   4.1887E+05  8.7688E+05  9.4410E+04
0000471   1.3860E+06  7.7212E+04  3.2994E+05
0000472   2.1317E+06  6.4004E+05 -1.0523E+06
0000473   4.8412E+05  8.6754E+04 -6.3823E+04
0000474   1.6052E+06  4.2609E+04 -3.9235E+05
0000475   1.5811E+06  3.5436E+05 -2.3680E+05
0000476   1.8574E+06  6.2990E+04  1.1591E+05
0000477   1.9635E+06 -5.7953E+05 -8.4961E+04
0000478   2.1614E+06  3.6442E+05  6.1550E+05
0000479   1.9880E+06  2.3017E+05 -8.9524E+05
0000480   1.2712E+06 -4.7215E+05  5.3420E+05
0000481   1.0583E+06 -6.1612E+04 -8.9068E+05
0000482   1.4959E+06  6.0038E+05  5.9262E+04
0000483   2.4461E+05 -3.2178E+05 -1.2270E+05
0000484   7.0498E+05  1.1936E+06  3.3213E+05
0000485   8.1940E+05 -4.2530E+05  4.0951E+05
0000486   2.3754E+06  1.1076E+06  5.1683E+05
0000487   1.5538E+06 -7.6466E+05  4.2730E+05
0000488   9.9331E+05 -1.7163E+05  2.4603E+05
0000489   6.0816E+05  6.5008E+04  4.6483E+05
0000490   6.2596E+05 -7.6154E+05 -1.6236E+05
0000491   2.0874E+05 -1.2007E+05 -3.8617E+05
0000492   1.9865E+06  4.5956E+05  4.9148E+05
0000493   4.3168E+05  3.6539E+05 -1.7911E+05
0000494   1.5816E+06  8.9097E+05  5.0665E+05
0000495   5.0901E+05  1.7987E+05  1.7049E+05
0000496   1.3281E+06 -1.0580E+05 -6.8993E+03
0000497   1.0703E+06 -5.9381E+04  1.6887E+06
0000498   1.1404E+06  9.3004E+05  4.7143E+05
0000499   1.3067E+06 -1.4398E+06  8.1998E+04
0000500   1.2197E+06  3.1640E+05  2.1359E+05
0000501   1.1033E+06 -2.8440E+05 -4.3836E+05
0000502   1.3230E+06  3.1606E+05 -3.2722E+05
0000503   1.6994E+06  5.4938E+05  3.0738E+05
0000504   2.6306E+06  3.8985E+05  1.9723E+05
0000505   1.6690E+06 -5.0140E+05 -1.1237E+06
0000506   2.0771E+06  3.2817E+05  1.4647E+05
0000507   1.1301E+06 -1.5964E+05  1.6303E+05
0000508   1.9033E+05 -2.0371E+04  2.7246E+05
0000509   2.2941E+06  2.4810E+05  8.8102E+03
0000510   1.6166E+06 -2.7726E+05 -2.6046E+05
0000511   1.0956E+06  1.4120E+05  3.7208E+05
0000512   1.7796E+06  8.9415E+05 -9.0297E+04
0000513   1.7997E+06 -3.4726E+05  1.0920E+05
0000514   1.5897E+06  3.5542E+05 -1.2626E+06
0000515   1.7244E+06 -7.4877E+05  2.9183E+05
0000516   1.3165E+06  1.0641E+06  3.7418E+05
0000517   2.5684E+06 -8.2826E+05  1.2661E+05
0000518   1.7738E+06  1.3449E+05 -6.6385E+05
0000519   2.0863E+06  6.6670E+05  4.2776E+05
0000520   9.0195E+05  1.7112E+05  1.1678E+05
0000521   2.0652E+06 -1.2441E+05 -5.9623E+05
0000522   1.5896E+06  6.4773E+05  7.3087E+05
0000523   4.9548E+05 -2.0954E+05  1.8406E+05
0000524   9.2594E+05  3.4079E+05  1.2650E+04
0000525   2.6969E+05  8.7820E+04  8.7790E+04
0000526   1.4464E+06  7.0696E+05  6.6365E+05
0000527   7.2799E+05  3.0057E+05  3.4686E+04
0000528   9.8391E+05 -9.4407E+05  2.9547E+05
0000529   1.6963E+06 -1.2151E+06 -1.0466E+05
0000530   1.5631E+06  7.4872E+05  6.6627E+05
0000531   1.6872E+06  4.0737E+05 -3.2480E+05
0000532   2.3771E+06 -5.7448E+05 -6.6032E+05
0000533   2.3322E+06 -6.3675E+05 -5.3044E+05
0000534   5.5746E+05  9.7740E+04 -4.5772E+05
0000535   1.5125E+06  4.8540E+04 -1.0004E+06
0000536   2.1028E+06  3.9831E+05  3.8516E+05
0000537   1.9001E+06  3.4575E+04  3.9608E+04
0000538   1.8001E+06 -1.6272E+05  6.7246E+05
0000539   1.2635E+06  4.4821E+05 -1.7240E+05
0000540   2.5781E+05 -1.3157E+05  1.1710E+05
0000541   1.6167E+06 -5.7097E+05  2.7020E+05
0000542   1.4198E+06 -1.2482E+05  1.4483E+05
0000543   1.6402E+06  4.4587E+04 -5.2850E+05
0000544   1.0557E+06 -1.5812E+05 -1.0193E+05
0000545   2.1861E+06 -4.9067E+04 -5.8538E+05
0000546   1.0939E+06  4.3441E+05 -1.8769E+05
0000547   1.1151E+06  3.7486E+05  2.1358E+05
0000548   2.1932E+06  3.2479E+05  2.1247E+05
0000549   1.6079E+06  9.4976E+05  4.2402E+05
0000550   1.0544E+06 -1.4938E+05  5.1838E+05
0000551   1.2548E+06 -3.4508E+05 -1.9291E+05
0000552   1.8490E+06  2.2896E+05  1.9838E+05
0000553   2.6762E+06  4.2172E+05 -7.0901E+05
0000554   2.3181E+06 -4.2832E+05 -1.4094E+04
0000555   1.2117E+06  2.9906E+05  5.3450E+05
0000556   2.4972E+06  6.0612E+05  7.2215E+05
0000557   9.9146E+05  7.2843E+05  2.9106E+04
0000558   2.0644E+06 -2.9664E+03  4.2293E+05
0000559   2.2432E+06  1.2810E+06  6.1251E+05
0000560   1.2789E+06  7.5917E+05  6.8145E+05
0000561   1.3291E+06 -7.5975E+05  4.3736E+05
0000562   1.5859E+06 -1.0902E+05 -2.6333E+05
0000563   1.3823E+06  3.3447E+04 -1.7640E+05
0000564   2.8864E+06 -1.3079E+06 -5.4641E+05
0000565   1.0206E+05 -5.6094E+04  2.8693E+05
0000566   1.4943E+06 -2.4174E+05 -2.8564E+05
0000567   1.3464E+06 -4.7336E+05 -1.0681E+04
0000568   1.3883E+06  4.6581E+05 -5.7128E+05
0000569   1.5548E+06  2.2273E+05  2.1675E+04
0000570   1.1598E+06 -6.9352E+04  2.3770E+05
0000571   7.8390E+05  6.3068E+05 -7.9354E+05
0000572   3.5704E+05 -2.9788E+04  2.8043E+04
0000573   2.4424E+06 -8.0380E+03  2.5062E+05
0000574   2.3305E+06  7.0290E+05  3.5875E+04
0000575   1.8723E+06 -7.4556E+05 -4.2630E+05
0000576   1.4539E+06  6.3177E+05  2.4525E+05
0000577   2.2528E+06  3.1938E+05 -6.3044E+05
0000578   1.3135E+06 -1.3587E+05 -5.3832E+05
0000579   4.6107E+05  1.0691E+05  1.9812E+05
0000580   1.9407E+06  2.7712E+05  3.5387E+05
0000581   5.2190E+05 -6.4871E+04  1.3053E+05
0000582   1.0817E+06 -3.7708E+05 -4.4717E+05
0000583   2.7524E+06  2.2002E+05 -1.3164E+06
0000584   1.6380E+06 -3.9992E+05 -2.5684E+05
0000585   1.5573E+06 -2.6225E+05  8.9300E+05
0000586   1.7962E+06 -8.7867E+05  5.1168E+05
0000587   1.6420E+06 -8.9085E+04 -3.0208E+04
0000588   1.4151E+06  1.2844E+06 -8.9374E+05
0000589   2.3613E+06  3.7269E+05 -3.5614E+05
0000590   1.5879E+06 -4.0967E+05 -2.1657E+05
0000591   1.7327E+06  9.0853E+05  6.2299E+05
0000592   1.3988E+06  4.0199E+05 -2.2949E+05
0000593   1.2156E+06 -4.0282E+05  5.6803E+05
0000594   1.5982E+06  7.8819E+05  1.1543E+06
0000595   1.1933E+06  6.4286E+04 -1.6191E+05
0000596   2.0834E+06 -6.3006E+05  8.7781E+05
0000597   8.4932E+05 -8.0870E+05  5.6903E+05
0000598   9.4410E+05 -1.6271E+05 -3.2006E+04
0000599   1.4284E+06 -9.1771E+05 -1.5467E+04
0000600   7.1029E+05 -8.4305E+05 -1.8358E+05
0000601   1.4623E+06 -9.4626E+04  2.1566E+04
0000602   6.2676E+05  1.0565E+06 -2.7411E+05
0000603   2.8911E+06  3.4139E+05  3.3294E+05
0000604   1.5185E+06  5.2181E+05 -4.4527E+05
0000605   1.9296E+06  5.2989E+05 -6.4241E+04
0000606   2.5081E+06 -9.7075E+04  9.8651E+05
0000607   1.6838E+06  1.1818E+06  5.1217E+05
0000608   2.7166E+06 -3.5255E+05 -2.9503E+05
0000609   2.2310E+06  9.1302E+05  5.7321E+05
0000610   1.8891E+06  3.2709E+05  1.5724E+05
0000611   2.4814E+06 -7.4982E+05  1.0069E+06
0000612   1.4467E+06  3.0827E+05  8.1634E+04
0000613   7.9263E+05 -4.0493E+05  1.8197E+05
0000614   2.3429E+06  6.6995E+05  9.6558E+04
0000615   9.6073E+05 -3.8716E+05  4.3266E+05
0000616   1.2003E+06  7.1542E+05  1.1464E+05
0000617   5.2085E+05  1.8772E+04 -5.3568E+04
0000618   1.5910E+06  6.3436E+04  2.6394E+05
0000619   2.2207E+06  4.3993E+03 -2.6582E+05
0000620   1.8361E+06  4.6403E+05 -4.8725E+05
0000621   1.9668E+06  4.3647E+05 -1.3022E+05
0000622   2.2575E+06  4.3496E+05 -3.5520E+05
0000623   1.5829E+06  9.6521E+05  3.5916E+05
0000624   2.2892E+06 -4.2682E+05 -2.9891E+05
0000625   3.1001E+05  3.9344E+04 -2.0550E+05
0000626   5.1124E+05  4.1768E+05  2.2593E+05
0000627   1.0634E+06 -6.8601E+05  1.1729E+05
0000628   2.0896E+06 -1.8760E+05  2.4260E+05
0000629   1.9754E+06 -7.9424E+05  7.3333E+04
0000630   8.6108E+05 -7.1882E+05  5.2122E+04
0000631   1.3088E+06  1.3966E+05 -1.3611E+06
0000632   1.4497E+06 -2.0019E+05  1.1001E+06
0000633   5.8869E+05 -3.5591E+05  3.1651E+05
0000634   1.9459E+06 -3.4234E+05 -7.5497E+05
0000635   1.7974E+06  6.7342E+05  1.8332E+05
0000636   3.2138E+05 -1.6933E+06  1.0344E+06
0000637   1.4683E+06 -2.7589E+05  3.2852E+05
0000638   2.4446E+06  8.2226E+05  8.0667E+05
0000639   2.0944E+06  8.0523E+05  2.8865E+05
0000640   5.1053E+05 -3.9348E+03  6.2566E+04
0000641   2.1418E+06  1.0801E+06  2.9847E+05
0000642   9.5019E+05 -7.8240E+04  3.7691E+05
0000643   1.3653E+06 -1.2792E+05  2.3253E+05
0000644   1.2369E+06  2.1179E+05 -3.7574E+05
0000645   2.9643E+06  6.9293E+05  3.5511E+05
0000646   2.8189E+06 -1.1664E+06 -3.1026E+05
0000647   1.0373E+06 -1.5716E+05 -2.1387E+05
0000648   1.6344E+06  4.2937E+05 -3.0988E+05
0000649   1.1441E+06 -3.2602E+05  4.1548E+05
0000650   9.4763E+05 -4.1581E+05 -2.9356E+05
0000651   1.9432E+06 -7.9721E+04  6.6342E+04
0000652   2.0139E+06  9.4389E+05  6.2902E+05
0000653   1.5002E+06 -1.6145E+05  2.1969E+05
0000654   1.0726E+06  9.3141E+05 -1.4141E+04
0000655   1.1341E+06  2.6893E+05 -2.2189E+05
0000656   1.6491E+06  1.5125E+05  5.4070E+04
0000657   4.3407E+05  2.7195E+05 -1.9506E+05
0000658   1.7086E+06  5.5906E+05  9.7907E+04
0000659   2.4111E+06 -1.4865E+05  7.2509E+05
0000660   1.3205E+06 -4.5970E+05  1.2159E+05
0000661   3.0389E+06 -3.6471E+04 -1.0105E+06
0000662   8.6929E+05 -4.2054E+05  2.9044E+05
0000663   2.1365E+06  3.7722E+05  3.0281E+05
0000664   7.9153E+05  1.4980E+05  3.8350E+05
0000665   1.5053E+06  1.1625E+06 -4.4601E+05
0000666   1.3441E+06  7.9044E+05 -5.6530E+05
0000667   1.2524E+06 -4.7080E+05  2.2845E+05
0000668   3.3338E+06  5.7366E+04  1.1888E+05
0000669   1.6315E+06 -1.6178E+05 -5.3038E+05
0000670   9.7784E+05 -2.9636E+05  4.6075E+05
0000671   3.7356E+05 -8.5229E+05 -9.0529E+04
0000672   1.5055E+06  4.4068E+05 -4.2842E+05
0000673   9.5915E+05 -7.9572E+05  3.2678E+05
0000674   7.0809E+05 -2.6199E+05  4.7827E+05
0000675   1.6645E+06  8.6061E+05 -2.8905E+05
0000676   6.2341E+05 -3.7891E+05  7.5956E+04
0000677   1.8062E+06  8.0451E+05 -6.7677E+05
0000678   4.9296E+05 -5.2139E+05  2.1001E+05
0000679   9.1734E+05 -6.7305E+05  4.4679E+05
0000680   5.3930E+05 -2.7218E+05 -1.5151E+04
0000681   1.9726E+06  8.8420E+05  3.0487E+05
0000682   1.7796E+06  2.6013E+05  2.2638E+04
0000683   1.9019E+06  2.2386E+03  1.4328E+04
0000684   8.8767E+05  2.6232E+04 -1.2543E+05
0000685   1.2929E+06 -5.1721E+05 -2.7403E+05
0000686   1.0591E+06  5.5538E+05 -9.4113E+04
0000687   1.9970E+06  3.3643E+05  5.4006E+05
0000688   1.5295E+06 -2.2463E+05  8.2703E+05
0000689   9.4746E+04  5.2980E+04  2.4380E+04
0000690   1.8539E+06 -6.6756E+05  3.8993E+05
0000691   7.7655E+05 -4.6950E+05 -6.6059E+04
0000692   9.9573E+05 -5.3781E+05  6.2614E+03
0000693   2.0694E+06 -8.1945E+05 -2.1946E+05
0000694   1.7100E+06  4.5705E+05 -9.8974E+04
0000695   1.9954E+06  1.3426E+05  2.2925E+05
0000696   1.1674E+06 -1.2822E+05  4.8133E+05
0000697   1.3597E+06  6.0714E+05 -1.0789E+05
0000698   2.1066E+06 -5.6411E+05 -8.5177E+05
0000699   4.4090E+05  5.1612E+05 -7.3763E+05
0000700   1.3480E+06  1.0961E+06  9.1247E+04
0000701   1.8168E+06 -1.3931E+06 -5.1262E+05
0000702   9.5780E+05  2.2875E+05  9.1986E+04
0000703   1.1635E+06 -3.3115E+05 -4.4194E+05
0000704   1.3901E+06  2.8863E+05  8.0400E+05
0000705   8.9319E+05  5.8850E+05  4.2310E+05
0000706   2.2419E+05 -1.4352E+04  1.5042E+05
0000707   1.6927E+06 -2.9967E+04  1.5113E+05
0000708   9.8639E+05 -6.7167E+04 -3.2842E+04
0000709   1.5308E+06 -2.0466E+05 -3.4280E+05
0000710   2.6939E+06 -5.4872E+05  5.9823E+05
0000711   1.8721E+06 -1.1273E+05 -5.3612E+05
0000712   1.5830E+06 -1.2741E+04 -1.1735E+06
0000713   2.3536E+06 -1.4467E+05 -6.1456E+05
0000714   1.2871E+06  2.1577E+05 -1.9227E+05
0000715   1.2507E+06  2.7546E+04  9.7140E+05
0000716   2.8210E+06 -6.3896E+04 -2.3343E+05
0000717   2.6188E+05  9.1585E+05 -1.5406E+05
0000718   2.1222E+06 -6.2838E+05  2.0741E+05
0000719   3.3899E+05  5.0796E+05 -3.4921E+05
0000720   1.7910E+06 -4.4647E+04  5.2521E+05
0000721   2.4746E+06 -8.1966E+05 -2.1410E+05
0000722   2.5446E+06 -8.9947E+05 -3.9880E+05
0000723   2.3948E+06  8.9277E+05  6.1732E+04
0000724   1.3544E+06  1.2860E+06  1.0625E+06
0000725   1.6652E+06  7.9988E+05 -2.2129E+05
0000726   1.1928E+06  7.6463E+05 -1.3478E+06
0000727   1.5212E+06 -7.4400E+04 -5.1577E+05
0000728   2.7700E+05  4.5338E+05 -3.9414E+04
0000729   2.7213E+06 -3.5586E+04  7.7720E+05
0000730   1.8788E+06  6.7623E+04  4.0809E+05
0000731   1.8380E+06  4.4380E+05  1.2416E+05
0000732   6.5857E+05  4.6969E+05 -3.4989E+05
0000733   1.4365E+06 -4.2346E+05 -1.3296E+05
0000734   1.9920E+06 -8.5560E+03 -2.9684E+05
0000735   2.5999E+06 -1.1957E+05  1.1756E+05
0000736   1.8858E+06 -4.0410E+05 -7.3515E+04
0000737   1.7993E+06 -4.4530E+05  2.7045E+05
0000738   1.2501E+06 -4.6503E+05  3.3711E+05
0000739   2.2171E+06 -3.8829E+05  6.0275E+05
0000740   1.2305E+06 -1.3444E+05  4.4845E+05
0000741   1.3146E+06  7.9532E+04 -5.6054E+05
0000742   1.1078E+06  6.5975E+04 -5.7692E+05
0000743   1.7480E+06  3.8389E+03  7.7140E+04
0000744   2.1902E+06  7.2880E+05 -4.3589E+05
0000745   9.5621E+05 -4.8356E+04 -6.3259E+05
0000746   1.7087E+06  5.3265E+05 -8.6236E+05
0000747   1.4298E+06  3.9551E+04  3.8318E+05
0000748   1.4136E+06 -5.3967E+05  2.3462E+05
0000749   1.4325E+06  6.8782E+04  1.0160E+04
0000750   2.2114E+06 -3.5748E+05  2.6740E+05
0000751   5.5684E+05  1.8565E+05  8.2021E+04
0000752   7.5581E+05  2.1946E+05  1.5047E+04
0000753   1.9856E+06  1.5377E+05 -4.4468E+05
0000754   2.5023E+06  7.7059E+05  6.5682E+05
0000755   1.4989E+06 -8.7674E+05  6.5921E+05
0000756   1.6693E+06 -7.8155E+05  4.7273E+04
0000757   1.1120E+06 -6.5012E+05  1.1907E+05
0000758   1.8443E+06 -2.6255E+05 -8.6887E+05
0000759   2.0812E+06 -6.2784E+05 -5.2013E+05
0000760   4.3334E+05 -6.5559E+05  2.5661E+05
0000761   1.6605E+06 -1.0175E+05  5.3900E+04
0000762   1.2731E+06  2.3491E+05  6.4739E+05
0000763   1.6133E+06 -1.8326E+05  3.4403E+05
0000764   1.2629E+06  8.3897E+04  7.2261E+05
0000765   1.7899E+06 -5.9441E+03  3.5908E+05
0000766   2.6679E+06  3.1573E+05  1.2630E+05
0000767   1.2862E+06 -1.5086E+05  6.5663E+04
0000768   1.4915E+06  6.1261E+05  2.1885E+05
0000769   1.9327E+06 -3.2730E+05  3.3962E+05
0000770   6.9063E+05  3.4353E+05  5.6438E+05
0000771   1.6784E+06 -1.6614E+04 -1.9413E+05
0000772   1.6725E+06  6.7211E+05 -9.3334E+05
0000773   2.5439E+06  5.5654E+05 -1.6557E+04
0000774   1.9531E+06  1.1729E+05 -1.2461E+05
0000775   1.7416E+06  5.7803E+05  7.2551E+05
0000776   2.0866E+06 -5.7840E+04 -4.8839E+05
0000777   9.8081E+05 -1.5024E+06  4.2225E+05
0000778   1.6991E+06 -8.2429E+05  6.4576E+05
0000779   1.5470E+06  2.6541E+05  6.1924E+05
0000780   1.9158E+06  6.2017E+04 -1.6565E+05
0000781   1.5202E+06  6.9181E+04  5.9535E+05
0000782   8.6121E+05  9.8559E+05  4.3412E+05
0000783   1.4626E+06  1.7269E+05  8.3924E+05
0000784   1.6088E+06  1.0523E+06 -6.0932E+05
0000785   1.0780E+06  5.9928E+05 -1.4757E+06
0000786   7.1841E+05  1.7040E+05 -1.7824E+05
0000787   1.5724E+06 -3.2152E+05 -7.7509E+05
0000788   2.2425E+06 -2.8285E+05  1.9480E+05
0000789   1.2347E+06 -3.4301E+05  1.1783E+06
0000790   1.8467E+06  4.0988E+05 -1.3377E+06
0000791   1.4937E+06  7.7624E+05  2.7648E+05
0000792   1.5602E+06 -5.1227E+05 -1.4842E+05
0000793   2.6831E+06  5.7639E+05 -5.2748E+05
0000794   1.9098E+06 -2.1539E+05  5.8394E+04
0000795   1.4676E+06  3.4586E+05  2.2514E+05
0000796   2.0567E+06  1.7434E+05 -4.7680E+05
0000797   2.0904E+06 -1.6066E+05 -6.8808E+04
0000798   1.7490E+06 -8.8386E+05  3.1582E+05
0000799   1.4109E+06 -8.2397E+04  2.2541E+05
0000800   1.4876E+06 -1.3050E+04  8.2554E+03
0000801   1.1701E+06  6.2419E+05 -2.8460E+05
0000802   1.4549E+06  8.7999E+05  2.8662E+05
0000803   2.1803E+06  2.0808E+03 -9.2173E+05
0000804   6.9998E+05 -1.3061E+05 -2.3130E+04
0000805   1.7404E+06  9.3211E+05 -1.1513E+05
0000806   1.1978E+06  8.7599E+04  2.3431E+05
0000807   8.9328E+05  2.1880E+05 -2.0422E+05
0000808   1.3891E+06 -6.4324E+05  4.5069E+05
0000809   1.5749E+06  7.3071E+05  3.3818E+05
0000810   1.7880E+06 -8.3680E+04  1.2036E+06
0000811   1.4431E+06 -1.2341E+05 -3.2523E+05
0000812   2.1700E+06 -9.2613E+05  4.7505E+05
0000813   1.4391E+05 -9.2185E+04  1.8496E+04
0000814   1.2377E+06 -4.0239E+05  1.9256E+05
0000815   8.8809E+04 -3.1302E+04 -6.6517E+04
0000816   8.4062E+05  3.7214E+05  1.2105E+05
0000817   1.5725E+06  3.4063E+05 -2.2499E+04
0000818   2.1462E+06  6.3341E+05 -5.7639E+05
0000819   1.2838E+06 -2.3397E+05  1.0090E+05
0000820   1.4816E+06 -3.0382E+04 -3.4303E+05
0000821   1.6146E+06  3.8450E+05 -1.4177E+06
0000822   1.6227E+06 -9.0479E+05  4.5052E+04
0000823   2.0309E+06 -9.6616E+05  6.4381E+04
0000824   2.2721E+06 -1.0496E+05  9.4724E+05
0000825   1.0395E+06 -9.5581E+05 -1.5100E+05
0000826   1.1571E+06  1.1473E+05 -4.9124E+05
0000827   1.3723E+06  3.5425E+05 -2.4809E+05
0000828   1.7421E+06  1.6484E+05  5.4302E+05
0000829   1.5069E+06 -2.8323E+05  7.5767E+05
0000830   1.6509E+06 -3.5940E+05 -2.2559E+05
0000831   1.7314E+06 -3.4160E+05 -1.8000E+05
0000832   2.4479E+06 -5.5508E+05 -2.1628E+04
0000833   2.0081E+06 -4.1283E+05 -8.1661E+05
0000834   1.2360E+06  1.9881E+05 -3.9430E+05
0000835   1.4869E+06 -5.1115E+05 -4.4806E+05
0000836   1.2918E+06  7.2451E+05  2.0647E+05
0000837   1.6690E+06 -2.7357E+05  1.5403E+05
0000838   1.6023E+06  9.2601E+05  1.0747E+05
0000839   1.9327E+06  4.4537E+05 -2.6181E+05
0000840   1.4200E+06 -8.4569E+05  2.1918E+05
0000841   1.3965E+06  1.0801E+06 -2.8355E+05
0000842   2.1046E+06 -1.1502E+06 -2.8992E+04
0000843   2.0367E+06  2.3065E+05  2.0802E+05
0000844   1.4086E+06 -5.7957E+05  1.7647E+05
0000845   1.3356E+06  2.1491E+05  1.4034E+05
0000846   1.9199E+06  6.2666E+04 -3.7010E+05
0000847   1.7997E+06  3.7083E+05  3.1482E+05
0000848   2.3825E+06  6.9278E+05  6.3815E+05
0000849   1.3034E+06  1.6659E+05  8.4300E+05
0000850   1.2219E+06 -2.8540E+04 -7.6617E+04
0000851   2.4643E+06 -8.2926E+05  6.5633E+04
0000852   1.2053E+06 -4.9379E+05 -2.8554E+05
0000853   1.5649E+06 -3.5343E+05 -4.8738E+05
0000854   8.8646E+05 -6.0398E+05 -7.5387E+04
0000855   8.9848E+05  1.8415E+06  5.0091E+05
0000856   2.3406E+06  6.5255E+05 -1.2619E+05
0000857   2.0845E+06 -5.3094E+05 -3.9321E+05
0000858   1.7099E+06  4.0409E+05 -2.1434E+05
0000859   1.4769E+06 -3.0643E+05 -5.9990E+05
0000860   1.3974E+06  6.5616E+05 -3.1187E+05
0000861   1.5047E+06  3.8519E+04 -8.7838E+05
0000862   9.3931E+05  9.0252E+05 -1.4574E+06
0000863   1.6250E+06  7.1618E+05 -7.5971E+05
0000864   1.5440E+06  7.9801E+05  6.8883E+05
0000865   1.3500E+06  1.8638E+05  6.2719E+05
0000866   1.1937E+06  2.6714E+05 -2.2141E+05
0000867   1.9776E+06 -3.2654E+05 -3.2246E+04
0000868   1.4825E+06 -6.5895E+05 -4.7359E+05
0000869   2.2433E+06  1.3636E+05  1.8114E+05
0000870   2.4096E+06 -1.2582E+05 -4.7040E+05
0000871   7.4979E+05 -4.4254E+05  3.2185E+04
0000872   1.3918E+06 -8.5550E+04 -2.8982E+05
0000873   1.7107E+06 -7.7540E+04 -4.1537E+05
0000874   1.6363E+06 -1.5406E+06 -3.4340E+05
0000875   1.0114E+06 -2.8908E+05  1.8003E+06
0000876   1.3411E+06 -6.3611E+05  2.8100E+05
0000877   2.2662E+06  9.5727E+05  8.0638E+05
0000878   1.2409E+06 -1.5879E+04 -2.5830E+04
0000879   1.7235E+06 -4.3824E+05 -1.0624E+05
0000880   9.8203E+05  5.9969E+05 -5.5011E+05
0000881   1.9788E+06 -1.1884E+06  8.7234E+03
0000882   2.3933E+06 -1.6716E+05  4.4801E+05
0000883   9.5402E+05  7.0527E+04  6.0222E+05
0000884   2.8907E+06 -6.9549E+05  2.1156E+05
0000885   1.8071E+06  1.1502E+06 -1.4490E+05
0000886   9.6761E+05 -1.5891E+05  7.2624E+04
0000887   8.0301E+05 -1.3977E+06 -1.4399E+05
0000888   7.0327E+05  2.4110E+05  4.2490E+05
0000889   1.3950E+06  5.1717E+05 -1.0048E+06
0000890   1.1296E+06  3.0994E+04  1.4335E+06
0000891   3.0043E+06 -1.0264E+06 -7.4221E+05
0000892   1.4906E+06 -4.3255E+05  1.0816E+06
0000893   6.7121E+05 -1.4221E+05  2.1349E+05
0000894   3.8754E+05  3.0076E+05 -3.1133E+04
0000895   3.8559E+05  2.1527E+05 -2.9758E+05
0000896   1.4079E+06  5.6699E+04 -2.6835E+05
0000897   1.2620E+06  6.5804E+05 -7.7139E+05
0000898   1.9300E+06 -8.1391E+05  1.9602E+05
0000899   4.5290E+05 -1.4189E+05 -2.5776E+05
0000900   1.4397E+06 -3.6602E+05  3.6410E+05
0000901   1.0210E+06 -6.3769E+05  2.8506E+05
0000902   8.7304E+05  3.5717E+05  2.0837E+05
0000903   2.2172E+06  1.9077E+05 -4.7863E+05
0000904   6.6345E+05 -6.1868E+05 -1.0494E+05
0000905   2.3337E+06  4.4046E+05  7.7178E+04
0000906   2.3710E+06  5.4277E+05 -7.9564E+05
0000907   1.1700E+06 -2.1022E+05  6.4336E+05
0000908   1.1219E+06 -2.4416E+05  5.4828E+05
0000909   8.4681E+05  2.4715E+05  2.8191E+05
0000910   1.2930E+06  1.1749E+05 -1.5515E+04
0000911   2.5942E+06  8.4742E+05  2.8165E+05
0000912   2.2451E+06 -3.2639E+05 -8.0777E+04
0000913   1.4583E+06  9.8947E+05  9.0886E+02
0000914   5.8102E+05  2.9513E+05  2.1945E+05
0000915   1.1843E+06  4.0419E+05  2.3232E+05
0000916   1.1780E+06  9.6003E+04  3.3800E+05
0000917   1.8362E+06 -2.8074E+04 -4.2382E+05
0000918   1.3329E+06 -3.3096E+04  3.7607E+04
0000919   2.1683E+06  1.8347E+05  1.8685E+05
0000920   1.9616E+06 -4.2882E+05  1.0029E+06
0000921   1.5052E+06  5.1554E+05 -3.3678E+05
0000922   2.1211E+06 -5.6485E+05  4.7806E+05
0000923   1.1023E+06 -2.1320E+05  1.9130E+05
0000924   8.0447E+05 -3.0918E+05 -1.8455E+05
0000925   1.7575E+06  7.3551E+05 -8.8247E+05
0000926   2.8986E+05  1.7824E+05  3.2826E+05
0000927   2.2537E+06  3.4570E+05 -5.0940E+04
0000928   1.0225E+06 -5.0231E+05 -1.9638E+05
0000929   2.3385E+06 -5.1155E+05 -4.6674E+05
0000930   1.6377E+06  2.9979E+05  1.2368E+05
0000931   1.2681E+06 -1.1294E+05  1.6640E+05
0000932   1.5452E+06  4.2024E+05  2.3103E+05
0000933   1.4589E+06 -5.9565E+05 -8.5725E+05
0000934   1.6406E+06  6.0794E+05  2.9414E+05
0000935   2.4701E+06 -1.1564E+05 -2.4100E+05
0000936   1.7342E+06  7.4578E+04 -2.0797E+05
0000937   1.3618E+06  2.5791E+05  2.8261E+04
0000938   1.5430E+06 -4.5709E+05  4.4356E+04
0000939   1.4409E+06 -3.6082E+04  1.8168E+05
0000940   2.8549E+06  5.8895E+05  5.4710E+05
0000941   5.7287E+05  1.4372E+05 -1.9553E+05
0000942   1.5250E+06  8.4228E+05  1.7583E+05
0000943   2.2992E+06  1.0770E+06 -1.7360E+05
0000944   1.0457E+06 -2.3166E+04 -3.2388E+05
0000945   1.5316E+06 -9.1698E+04 -6.5533E+05
0000946   1.0588E+06 -1.8252E+05 -1.8222E+05
0000947   1.5686E+06  4.5265E+05  6.3904E+04
0000948   1.0854E+06  3.8979E+05  2.4237E+05
0000949   1.7409E+06  1.0043E+06 -1.0327E+05
0000950   7.3265E+05  1.0319E+05  1.7402E+03
0000951   7.8269E+05 -1.3768E+05  4.6586E+05
0000952   1.6817E+06 -3.8559E+05  4.2070E+05
0000953   1.7057E+06  4.0374E+04  8.7784E+05
0000954   2.3664E+06  4.5788E+04  6.3531E+05
0000955   1.7169E+06  2.6558E+05  6.3910E+05
0000956   1.0496E+06 -2.2358E+05  5.2820E+05
0000957   6.9057E+05 -3.4756E+04  6.2876E+04
0000958   1.6500E+06  5.7219E+05  1.5463E+05
0000959   1.9324E+06  3.3540E+04  5.4191E+05
0000960   1.5121E+06 -4.4006E+05 -3.5767E+05
0000961   1.2435E+06  1.5266E+05 -3.4605E+05
0000962   1.3064E+06 -1.0772E+06  2.4087E+05
0000963   3.5032E+05  1.8399E+05  2.9032E+05
0000964   1.4806E+06  1.8334E+05  6.2079E+05
0000965   1.9036E+06 -6.5082E+05  6.7251E+05
0000966   5.0493E+05 -6.2961E+03 -7.6976E+04
0000967   2.1447E+06 -8.7628E+05  8.1079E+04
0000968   2.2894E+06  4.0998E+05  2.6857E+05
0000969   1.4774E+06  1.1345E+04 -3.6715E+05
0000970   1.4264E+06 -2.7793E+05  8.8833E+04
0000971   1.1052E+06  5.8487E+05  4.4440E+05
0000972   1.3024E+06  3.9133E+05  4.3007E+04
0000973   1.5391E+06  2.9720E+05  1.2538E+06
0000974   6.4070E+05  3.8537E+05  1.0229E+06
0000975   1.2791E+06  4.2430E+05  3.9455E+05
0000976   2.3150E+06  8.0056E+04 -2.4842E+05
0000977   1.0314E+06 -1.3095E+05  5.1384E+05
0000978   1.0356E+06  2.0320E+05 -6.0669E+05
0000979   1.8096E+06 -1.8061E+05  2.2125E+05
0000980   1.9369E+06  1.3947E+05 -4.0842E+05
0000981   1.9777E+06  3.9211E+05 -8.6895E+05
0000982   1.4155E+06 -2.8146E+05  4.1336E+04
0000983   2.1850E+06 -4.6016E+03  4.4293E+05
0000984   4.5049E+05  1.0110E+05  7.7316E+04
0000985   1.3188E+06  6.9988E+04 -3.1606E+04
0000986   2.4331E+06  5.0931E+05 -6.5592E+05
0000987   1.1783E+06 -3.2635E+05  3.2789E+04
0000988   1.6483E+06  3.8570E+05 -7.5391E+04
0000989   2.1321E+06  3.0385E+05 -5.8974E+04
0000990   1.6943E+06 -5.2024E+05  1.6343E+05
0000991   1.2796E+06  2.6280E+05  6.8760E+05
0000992   1.4948E+06  8.9043E+05 -3.4494E+05
0000993   1.5422E+06  5.3287E+05 -7.7194E+04
0000994   1.1202E+06 -3.3521E+05  6.1843E+05
0000995   1.5970E+06  3.7488E+05  6.0622E+05
0000996   1.6859E+06  1.6285E+05  2.7299E+05
0000997   1.5247E+06  2.6570E+05  4.5216E+05
0000998   1.5936E+06 -1.0045E+05  8.4794E+05
0000999   1.2380E+06 -3.2407E+04  1.4870E+05
0001000   1.1272E+06 -4.0676E+05 -3.3475E+05
