============================== SRIM-2013.00 ==============================
==============================================================================
====== SRIM Outputs\RANGE_3D.txt : File of Final Ion Positions =====

Ion = Ar (18)   Ion Mass= 039.9620
Energy  = 5689866.E-04 keV
Ion Angle to Surface = 00.0 degrees
==================== TARGET =======================
  Layer # 1 - Layer 1
  Layer # 1 - Bottom Depth=500000.E+02 A
  Layer # 1 - Density =0000.0036 g/cm3
  Layer # 1 -  100 % of Ar
様様様様様様様様様様様様様様様様様様様様様様様様様様
                                            
Ion       Depth  X   Lateral Y   Lateral Z  
Number    (Angstrom) (Angstrom)  (Angstrom) 
-------  ----------- ----------- -----------
0000001   6.8627E+06 -1.6224E+06  2.9341E+06
0000002   5.0662E+06 -1.3123E+06 -6.2945E+05
0000003   5.1836E+06  2.5582E+06  1.1387E+06
0000004   4.9871E+06  2.3755E+06 -9.0073E+05
0000005   1.8683E+06  1.0069E+06  5.4041E+05
0000006   6.8390E+06 -8.6567E+04  5.3239E+05
0000007   6.6278E+06  6.6522E+04  1.0124E+05
0000008   2.6165E+06  1.7807E+06 -5.0914E+04
0000009   4.5498E+06  1.5883E+06 -1.8888E+06
0000010   5.8316E+06 -1.4935E+06  1.2222E+06
0000011   8.4464E+06  1.1671E+06  2.3005E+06
0000012   5.9268E+06  2.0661E+06 -1.7162E+06
0000013   6.7292E+06 -4.4598E+05  3.9520E+04
0000014   3.3385E+06  9.1181E+04  2.6369E+06
0000015   6.5972E+06  2.5343E+06  1.4415E+05
0000016   3.8619E+06 -2.3798E+04 -2.8827E+05
0000017   7.9922E+06 -1.0269E+06 -1.0680E+05
0000018   4.6262E+06 -2.6242E+05  1.0767E+06
0000019   5.5476E+06 -1.2176E+06 -1.0455E+06
0000020   3.7484E+06  5.5922E+05  2.8831E+06
0000021   6.9932E+06  7.0071E+05  1.4833E+06
0000022   5.8858E+06  2.2780E+05  3.8158E+06
0000023   4.1338E+06  1.6752E+06  8.7430E+05
0000024   2.7422E+06 -4.9158E+05 -6.6697E+05
0000025   6.6139E+06  1.5443E+06 -1.3223E+06
0000026   5.5633E+06 -3.3474E+05 -1.4340E+06
0000027   6.6029E+06 -4.2215E+05 -1.7163E+06
0000028   7.6108E+06 -8.8277E+04  8.2660E+05
0000029   3.0061E+06  4.3640E+05  1.2902E+06
0000030   4.9399E+06  1.4429E+06  1.3130E+05
0000031   7.6984E+06  1.9663E+03 -3.8190E+05
0000032   5.2742E+06 -2.8225E+06  2.9600E+06
0000033   7.9678E+06 -9.2498E+05 -5.8375E+05
0000034   5.7651E+06  1.8889E+06 -4.3205E+05
0000035   7.5154E+06 -2.4937E+05  6.5080E+05
0000036   6.7436E+06 -7.6761E+05  1.7990E+06
0000037   3.4107E+06 -1.2892E+06  6.0221E+05
0000038   6.1435E+06 -9.3742E+05 -1.8426E+06
0000039   3.2286E+06  3.4101E+05  8.5740E+05
0000040   7.2642E+06  4.6291E+05  7.4010E+05
0000041   5.7858E+06 -1.6764E+06 -1.8896E+06
0000042   5.7148E+06  1.5541E+05  8.0850E+04
0000043   3.7452E+06  3.1954E+06  9.2733E+05
0000044   6.2363E+06  1.2830E+06  1.3120E+06
0000045   5.5849E+06 -1.9950E+06  2.8058E+06
0000046   3.1120E+06 -1.3437E+06  1.4189E+06
0000047   6.4185E+06  1.1089E+06 -3.9680E+05
0000048   6.5936E+06 -1.0080E+06 -1.9428E+06
0000049   3.4849E+06 -4.5404E+05 -4.6958E+05
0000050   5.0032E+06 -3.1884E+05  2.3298E+06
0000051   4.5650E+06 -1.9179E+06  1.9358E+06
0000052   2.3431E+06 -3.6584E+06  1.7611E+06
0000053   6.9096E+06  1.8571E+05  2.2552E+05
0000054   4.4183E+06 -3.1118E+06 -6.1188E+05
0000055   6.6854E+06 -6.0245E+05 -2.1949E+06
0000056   6.8694E+06 -1.2869E+06  1.8875E+05
0000057   6.9167E+06  1.9926E+06 -4.9824E+05
0000058   5.9660E+06  3.4146E+05 -1.5624E+05
0000059   3.4298E+06 -1.4511E+06 -2.4146E+06
0000060   6.1244E+06 -4.6371E+05 -2.1244E+06
0000061   6.3398E+06 -6.2233E+05 -1.2953E+06
0000062   5.9475E+06  6.2683E+05 -2.0719E+06
0000063   4.1337E+06  9.0783E+05 -1.6825E+06
0000064   4.4612E+06 -1.1736E+06 -1.1721E+06
0000065   7.0844E+06  4.0489E+06 -8.7833E+04
0000066   2.6271E+06 -1.3055E+06 -6.4472E+05
0000067   4.5500E+06 -1.2626E+06  3.0850E+06
0000068   4.0972E+06  2.0271E+06  2.4684E+06
0000069   5.1990E+06  3.4825E+05  3.7440E+06
0000070   6.7470E+06 -3.5574E+05  9.6615E+05
0000071   5.5836E+06 -8.0071E+05 -8.5325E+04
0000072   5.7724E+06  8.1066E+05 -6.7946E+05
0000073   6.9136E+06  3.2849E+05  3.5924E+05
0000074   4.8272E+06 -1.4308E+06 -5.2843E+05
0000075   7.7059E+06  1.5434E+06  1.0490E+06
0000076   7.6329E+06 -5.0679E+04 -1.0875E+06
0000077   5.0196E+06  2.2493E+06 -1.8415E+06
0000078   4.5239E+06  8.6602E+05 -2.0386E+06
0000079   6.7271E+06 -3.3240E+05 -3.1640E+06
0000080   3.9308E+06  3.1862E+05  1.7100E+06
0000081   4.4227E+06  3.2936E+06  2.7459E+06
0000082   3.6042E+06  2.2235E+06 -2.4144E+06
0000083   5.4602E+06  1.2381E+06  4.2875E+05
0000084   5.8623E+06  3.4069E+06 -9.6845E+05
0000085   6.1842E+06 -2.3218E+06 -1.0474E+06
0000086   6.9744E+06  1.3411E+06 -7.8744E+05
0000087   6.1365E+06  2.9243E+05 -3.4395E+06
0000088   5.1170E+06 -2.2010E+06 -7.5607E+05
0000089   6.2801E+06  4.2548E+05 -9.7317E+05
0000090   7.3227E+06 -1.0672E+06 -1.0661E+05
0000091   1.7716E+06  9.6527E+05 -1.0639E+06
0000092   6.8616E+06 -2.8711E+06 -1.0086E+06
0000093   5.3366E+06  3.0213E+06  1.7536E+06
0000094   4.0014E+06  2.7488E+06 -1.1839E+06
0000095   4.6943E+06  3.9053E+05  2.2573E+05
0000096   6.5411E+06 -3.2970E+05 -2.1092E+06
0000097   7.0741E+06  2.5627E+06  1.1938E+06
0000098   5.0360E+06 -8.7703E+05 -1.7300E+06
0000099   4.5402E+06 -1.7505E+06  5.0714E+05
0000100   2.7431E+06  2.6958E+05 -3.0378E+06
0000101   6.2530E+06  1.1023E+06  1.1406E+06
0000102   8.8481E+06  3.9081E+05 -1.5953E+06
0000103   6.3434E+06 -6.9484E+05 -1.7411E+06
0000104   6.7138E+06  2.7772E+06  1.3828E+06
0000105   4.8457E+06 -1.6810E+06  1.1614E+06
0000106   4.5958E+06  6.4180E+05 -1.9715E+06
0000107   5.5884E+06 -2.0442E+06  2.9633E+05
0000108   6.5263E+06  1.5648E+05 -3.0820E+06
0000109   1.5081E+06  6.0478E+05 -7.9858E+05
0000110   5.2715E+06 -4.0108E+05  2.2197E+06
0000111   6.2289E+06  1.5422E+06  1.3237E+06
0000112   4.9642E+06  9.4238E+05  2.2130E+06
0000113   5.4103E+06  3.8273E+06 -5.5794E+05
0000114   3.7923E+06 -1.9175E+06  2.4562E+06
0000115   4.1841E+06  2.3932E+06  1.0503E+06
0000116   6.1338E+06 -1.7907E+06  1.3159E+06
0000117   5.6285E+06 -2.1003E+06  5.8246E+05
0000118   6.9583E+06  7.1763E+05  2.6529E+06
0000119   5.3529E+06 -1.5654E+06  6.8366E+05
0000120   4.7898E+06  2.2982E+06 -8.8150E+05
0000121   4.1155E+06 -6.4438E+05 -1.0370E+06
0000122   6.3292E+06  1.4808E+06 -3.0931E+06
0000123   7.0852E+06  6.3078E+05 -1.2362E+06
0000124   4.6468E+06  1.1805E+06  2.4957E+06
0000125   4.7097E+06 -5.6660E+05 -3.4102E+06
0000126   2.3925E+06  2.7301E+06  7.1765E+05
0000127   3.5070E+06 -1.3084E+06  1.4431E+06
0000128   4.8385E+06  3.1562E+04  8.3540E+05
0000129   4.4629E+06  5.0103E+05  1.0590E+06
0000130   4.6571E+06  3.5439E+05 -2.4355E+06
0000131   6.9961E+06  6.0495E+05  4.1549E+05
0000132   5.3166E+06  3.3344E+06  1.9173E+06
0000133   6.1308E+06  1.6595E+06 -1.8203E+06
0000134   2.1029E+06 -1.9711E+05  5.8450E+05
0000135   4.7598E+06  3.0039E+05 -2.7024E+06
0000136   5.9966E+06  9.3936E+05 -1.9964E+06
0000137   6.4051E+06  6.8813E+05  8.9125E+05
0000138   2.6303E+06  1.1456E+05  4.1477E+05
0000139   6.9728E+06  1.3001E+06 -1.1094E+06
0000140   7.0564E+06  7.1077E+05 -2.2935E+05
0000141   6.0387E+06  1.4262E+06 -2.5499E+06
0000142   7.2580E+06 -1.8919E+06  1.5947E+06
0000143   6.7528E+06 -3.0602E+06  9.1285E+05
0000144   3.6722E+06 -5.6751E+04  3.4641E+06
0000145   3.7064E+06 -1.8042E+05  1.7031E+06
0000146   5.3506E+06  3.1704E+06 -1.6806E+05
0000147   5.0460E+06  3.6104E+06 -4.7989E+05
0000148   6.9406E+06  2.2024E+06 -2.4841E+06
0000149   6.3529E+06  6.1955E+05 -1.8248E+05
0000150   5.3623E+06 -1.2773E+06 -5.6758E+05
0000151   2.1167E+06 -7.5948E+05  8.8245E+05
0000152   6.5391E+06  1.1799E+06  1.3429E+06
0000153   3.4361E+06 -6.4886E+05  2.2330E+06
0000154   6.7410E+06  5.2596E+05  1.8780E+05
0000155   4.1763E+06  1.9567E+06  1.1812E+06
0000156   4.7657E+06 -3.1414E+06  1.6917E+06
0000157   6.1642E+06  1.7356E+05  8.6235E+05
0000158   5.6103E+06 -1.2258E+06 -1.8535E+06
0000159   3.9766E+06  2.5603E+06 -4.1004E+05
0000160   6.8389E+06 -6.0870E+05 -1.3383E+06
0000161   6.8091E+06 -2.0557E+05 -1.3171E+06
0000162   3.4802E+06 -6.7994E+05  2.3897E+04
0000163   5.7674E+06  1.6829E+05 -2.0136E+05
0000164   4.6411E+06  3.4725E+05 -8.1216E+05
0000165   7.0467E+06  3.1314E+06  1.9408E+06
0000166   8.1024E+06 -5.8727E+05 -1.2915E+06
0000167   4.1894E+06  8.2067E+05  1.6859E+06
0000168   4.3564E+06 -1.0029E+06  3.0965E+06
0000169   2.5612E+06 -1.3919E+06  1.2087E+06
0000170   5.0136E+06  8.7247E+05 -3.8246E+05
0000171   7.7077E+06 -2.4776E+06 -3.4874E+05
0000172   1.4053E+05 -3.9015E+05  1.4630E+05
0000173   7.3680E+06  2.3373E+06  2.0863E+05
0000174   5.1466E+06  8.9138E+05 -2.0000E+05
0000175   5.3101E+06 -2.1439E+06 -1.4198E+06
0000176   6.2021E+06 -1.6840E+06 -3.8356E+04
0000177   5.1959E+06 -9.1175E+05 -2.4504E+06
0000178   6.3770E+06  9.3593E+05  7.5623E+05
0000179   5.4314E+06  2.7381E+06  3.7619E+05
0000180   3.4771E+06 -1.8695E+06 -6.8895E+05
0000181   5.7044E+06  2.0306E+05 -2.2226E+05
0000182   4.1286E+06  1.4193E+06 -9.2166E+05
0000183   4.2051E+06 -1.8913E+05 -1.4008E+04
0000184   6.4909E+06 -1.9081E+06  2.2263E+06
0000185   1.6108E+06  7.0347E+04 -7.8275E+05
0000186   6.1017E+06 -8.7808E+05  2.6821E+06
0000187   5.6545E+06  5.9290E+05  1.9312E+06
0000188   4.5269E+06 -2.8574E+06 -4.7636E+05
0000189   6.2219E+06  1.4574E+06 -2.3787E+06
0000190   4.0414E+06  1.0384E+06 -4.1623E+06
0000191   5.1460E+06 -8.5533E+05 -5.6963E+05
0000192   7.0443E+06  1.9495E+06 -3.0334E+06
0000193   5.7204E+06  1.9779E+06  1.3549E+06
0000194   4.4985E+06 -6.4892E+05 -1.0683E+05
0000195   5.4672E+06 -1.8641E+06 -2.9811E+06
0000196   5.0646E+06 -6.0291E+05  1.8604E+06
0000197   5.2753E+06  1.3114E+06 -2.2936E+06
0000198   3.4131E+06 -6.1949E+04  1.4651E+06
0000199   2.9926E+06 -1.4155E+06  6.3899E+05
0000200   2.4054E+06 -2.5216E+06 -3.6466E+06
0000201   5.5480E+06  1.7048E+06 -5.5615E+05
0000202   8.0586E+06  1.2641E+06  6.8941E+04
0000203   6.4803E+06 -5.6334E+05  1.2086E+05
0000204   4.7495E+06  2.7056E+06 -1.3634E+06
0000205   5.7807E+06  1.5901E+06  1.2034E+06
0000206   4.6432E+06  2.7342E+05 -1.4161E+06
0000207   7.7656E+06 -1.9460E+06  2.4146E+06
0000208   4.7898E+06  6.1828E+05 -4.7327E+05
0000209   1.9696E+06  7.0198E+05 -3.3680E+05
0000210   5.7206E+06  1.9515E+06  3.9644E+04
0000211   3.6837E+06 -1.4092E+06 -1.4145E+06
0000212   3.0756E+06 -2.1081E+06 -1.7155E+06
0000213   3.7709E+06 -3.5005E+05  8.4665E+05
0000214   4.3788E+06 -9.0708E+04 -1.1599E+06
0000215   5.6978E+06  1.2482E+06 -1.4501E+06
0000216   5.7149E+06 -6.1122E+05  1.2524E+06
0000217   6.3479E+06  1.1079E+06 -9.5820E+05
0000218   6.5175E+06  1.4778E+06  4.7694E+05
0000219   6.6686E+06  1.3500E+06 -8.3556E+05
0000220   6.0645E+06 -1.3488E+06  3.8413E+05
0000221   6.2076E+06 -1.2595E+06 -9.8302E+05
0000222   1.8384E+06  1.1810E+06  9.2713E+05
0000223   5.6120E+06 -2.7483E+06  2.5110E+06
0000224   4.7065E+06 -1.6637E+05  1.2733E+06
0000225   4.7810E+06 -2.0625E+05  2.5214E+06
0000226   7.0661E+06 -1.5802E+06 -4.2873E+05
0000227   2.9752E+06 -9.7091E+05  1.3497E+06
0000228   6.8626E+06  4.0750E+06 -6.5709E+04
0000229   5.4373E+06  3.6642E+05 -1.6921E+06
0000230   7.7436E+06  1.1437E+06 -3.9046E+05
0000231   4.5805E+06 -9.4727E+04 -1.3373E+06
0000232   7.2210E+06  3.3368E+06 -1.0244E+06
0000233   7.5474E+06 -3.3451E+05  2.0787E+06
0000234   7.0917E+06 -1.0777E+06  1.6538E+06
0000235   4.6025E+06  4.5008E+05 -2.3643E+06
0000236   6.6360E+06 -8.8633E+05  9.7169E+05
0000237   5.2919E+06  9.0288E+05  2.4730E+05
0000238   5.3897E+06  1.8721E+06 -2.0556E+06
0000239   4.5634E+06 -1.9032E+06  1.5306E+06
0000240   4.1274E+06  7.1569E+05  2.8611E+06
0000241   5.6553E+06 -1.7201E+06 -9.7210E+05
0000242   6.2884E+06 -1.6376E+06  7.3546E+05
0000243   4.8016E+06 -7.9888E+05  1.4672E+06
0000244   6.8851E+06 -1.6312E+05  1.0215E+06
0000245   4.7923E+06  1.4996E+06 -2.1965E+06
0000246   4.3890E+06 -9.1210E+05 -1.0474E+06
0000247   4.7738E+06 -2.1314E+06  1.4739E+06
0000248   6.9994E+06  8.2526E+05 -1.9547E+06
0000249   2.2013E+06  3.0805E+06  1.2602E+06
0000250   7.0647E+06 -1.1186E+06  6.1358E+05
0000251   6.3626E+06  2.8262E+06 -9.4075E+05
0000252   6.9033E+06 -2.1221E+06 -4.0393E+05
0000253   6.2287E+06  3.0665E+06  1.5993E+06
0000254   7.6330E+06  1.0649E+06 -1.9167E+05
0000255   4.9187E+06  1.0133E+06  7.2431E+05
0000256   6.6180E+06 -1.5090E+06  5.3168E+05
0000257   5.0939E+06  1.3162E+06 -3.6317E+05
0000258   5.7535E+06 -8.8031E+05  2.9290E+05
0000259   1.7419E+06  2.4780E+05  2.0090E+06
0000260   2.8698E+06  6.9214E+05  9.5089E+05
0000261   4.9095E+06  6.3883E+05  2.2700E+06
0000262   6.1337E+06 -1.2095E+06 -1.1142E+06
0000263   7.5721E+06  1.0684E+06 -2.7126E+06
0000264   3.5604E+06  6.4682E+05 -7.0426E+05
0000265   2.5211E+06  5.9386E+05  1.5351E+05
0000266   4.2694E+06 -4.5623E+06 -1.8346E+06
0000267   1.5633E+06  4.1719E+04 -2.5368E+05
0000268   7.6080E+06 -4.5050E+05 -1.7622E+06
0000269   4.6308E+06  2.0059E+06 -3.6943E+05
0000270   4.8958E+06  2.3261E+06  1.1681E+06
0000271   7.6891E+06  1.1699E+05  2.5980E+06
0000272   6.5484E+06  1.6597E+06  2.2476E+06
0000273   2.3542E+06 -1.2539E+06 -2.0049E+06
0000274   7.6415E+06  1.0690E+06 -1.8269E+06
0000275   7.2896E+06 -2.2029E+06 -1.2574E+06
0000276   7.4992E+06  1.4013E+06 -1.4142E+06
0000277   7.1193E+06 -5.6696E+05  2.4259E+06
0000278   6.4047E+06 -1.3518E+06 -1.5751E+06
0000279   5.5719E+06  4.5009E+06 -2.6284E+05
0000280   5.2425E+06 -1.1341E+06  7.0480E+05
0000281   5.1981E+06 -2.1578E+06  3.4391E+06
0000282   7.0546E+06 -1.9443E+06 -5.0018E+05
0000283   6.6059E+06  2.6330E+04  1.9755E+05
0000284   6.8047E+06  8.7134E+04 -9.8701E+05
0000285   5.0066E+06 -1.8040E+05  6.7757E+05
0000286   5.5557E+06 -1.6599E+06 -9.5711E+05
0000287   5.8980E+06 -3.0655E+06 -1.0422E+06
0000288   4.8341E+06 -9.5575E+05  1.2167E+06
0000289   5.6179E+06 -1.0293E+06 -1.9614E+06
0000290   7.3500E+06  2.4466E+06  2.0883E+06
0000291   5.7532E+06 -9.0369E+05 -1.3691E+06
0000292   5.4888E+06  1.3871E+06 -7.4893E+05
0000293   6.1689E+06  5.4733E+05  1.0075E+06
0000294   2.7266E+06  1.9273E+06  1.0557E+06
0000295   3.6607E+06 -6.9661E+05  1.1559E+06
0000296   4.2149E+06  3.6095E+05  8.8335E+05
0000297   7.3209E+06 -1.1811E+06 -5.2302E+04
0000298   5.4231E+06 -1.0396E+06  2.6176E+05
0000299   3.8617E+06  1.3509E+05 -3.8740E+04
0000300   5.7124E+06  1.8200E+05  1.1850E+06
0000301   4.2451E+06 -1.5861E+06  7.2999E+05
0000302   6.3179E+06  1.0166E+06  6.6227E+05
0000303   6.0287E+06 -1.4596E+06  2.0154E+06
0000304   5.8582E+06 -1.4176E+06  5.5628E+05
0000305   5.6371E+06  8.1270E+04 -1.9022E+06
0000306   2.7553E+06  1.5076E+05  2.0383E+06
0000307   4.9566E+06  1.0505E+05 -7.6516E+05
0000308   3.2568E+06 -1.8829E+06 -2.5817E+06
0000309   5.5830E+06 -1.8377E+06 -1.8788E+06
0000310   3.3708E+06  2.6640E+06 -2.2317E+06
0000311   6.0846E+06  3.9762E+06 -1.4855E+06
0000312   6.3363E+06  7.7736E+05  3.1316E+06
0000313   4.7066E+06 -3.3881E+05 -2.0852E+06
0000314   3.6014E+06  2.9599E+06  3.1439E+05
0000315   4.5592E+06  2.4045E+06  1.2338E+06
0000316   5.2766E+06  7.8293E+05 -7.9178E+04
0000317   6.9070E+06  8.9685E+05  1.3111E+06
0000318   8.6143E+06  1.4227E+06  1.2661E+06
0000319   6.0412E+06 -6.5763E+05  2.6741E+06
0000320   6.7544E+06  9.5913E+05  9.1132E+05
0000321   5.2471E+06 -2.2757E+06 -1.0714E+05
0000322   1.2276E+06 -8.7225E+05 -3.2889E+05
0000323   3.7293E+06  2.3272E+06  6.2368E+05
0000324   4.2255E+06 -1.8447E+06  3.0262E+06
0000325   6.2871E+06 -9.9319E+05 -5.7038E+04
0000326   3.6416E+06  2.6261E+06 -9.6418E+05
0000327   6.6532E+06 -3.9293E+06 -1.7742E+04
0000328   8.3205E+06  8.3475E+03 -1.0853E+06
0000329   6.3284E+06 -4.3365E+06 -6.9453E+05
0000330   6.0717E+06 -1.3371E+06 -6.2476E+05
0000331   7.1631E+06 -2.6529E+06 -1.4450E+05
0000332   6.8204E+06 -2.4824E+06 -1.3723E+06
0000333   5.2598E+06  2.4445E+06  1.3202E+06
0000334   5.9975E+06  3.6821E+06 -3.0132E+06
0000335   5.3435E+06  6.4284E+05 -1.3962E+06
0000336   6.5788E+06 -1.9431E+05 -1.9388E+06
0000337   6.2297E+06 -4.4995E+05 -8.8249E+05
0000338   5.3269E+06  4.1373E+06 -5.7726E+05
0000339   5.9945E+06 -1.1350E+05  6.4876E+05
0000340   6.0602E+06  1.5980E+06  6.9606E+05
0000341   6.4292E+06 -4.4811E+05 -3.9956E+05
0000342   2.9190E+06 -2.5292E+06 -7.9773E+04
0000343   7.5108E+06  1.1804E+06  4.0321E+05
0000344   7.4988E+06 -8.9708E+05  1.2971E+06
0000345   5.7168E+06  5.3121E+05  3.2149E+06
0000346   6.2652E+06  1.0768E+06 -3.9831E+05
0000347   4.8049E+06 -8.1985E+05 -4.0735E+05
0000348   4.7933E+06 -1.7321E+06  9.3492E+05
0000349   5.1140E+06 -1.6517E+06 -3.2725E+06
0000350   6.9759E+06  2.6066E+06  1.1476E+06
0000351   5.7075E+06 -4.1518E+05 -3.9375E+06
0000352   6.5643E+06 -2.0665E+06  6.7240E+05
0000353   6.4368E+06  9.4185E+05 -1.6188E+05
0000354   1.3868E+06 -9.4567E+05 -1.1580E+06
0000355   3.0286E+06 -7.5820E+05  1.3345E+06
0000356   5.5164E+06  1.1913E+06 -1.9130E+06
0000357   5.8602E+06 -2.2975E+05  2.0576E+06
0000358   2.8507E+06 -1.5545E+05 -2.0694E+06
0000359   6.7151E+06 -1.0823E+06 -1.6146E+06
0000360   3.4458E+06 -3.4916E+06 -2.1881E+06
0000361   5.9777E+06 -8.1196E+04  1.6676E+06
0000362   7.6539E+06  5.1910E+03  2.2335E+05
0000363   8.6176E+06 -1.8328E+06  9.3339E+05
0000364   4.6274E+06  1.9638E+05 -5.3017E+05
0000365   3.0052E+06  1.0402E+06  8.9557E+04
0000366   4.6166E+06 -1.7233E+06  2.6026E+06
0000367   5.7937E+06 -7.2060E+05  2.0034E+06
0000368   6.2684E+06 -1.5858E+06  1.8267E+05
0000369   5.5959E+06 -1.1941E+06 -2.4072E+06
0000370   5.4415E+06 -1.0325E+06 -1.2958E+06
0000371   5.6034E+06  6.9065E+05  1.4830E+06
0000372   5.7530E+06 -9.0016E+05 -7.6837E+05
0000373   3.1956E+06  1.1209E+06 -3.0731E+06
0000374   1.1623E+06 -1.6611E+06  1.5012E+04
0000375   3.8365E+06 -2.1769E+06 -9.4775E+05
0000376   6.1268E+06  1.5009E+06 -1.3837E+06
0000377   7.7887E+06  7.3027E+05  6.5924E+05
0000378   2.0856E+06 -2.0811E+06 -3.3463E+06
0000379   5.9760E+06 -1.2536E+06 -1.2011E+06
0000380   6.3948E+06  1.7996E+05  2.4257E+06
0000381   4.3912E+06  2.2971E+06  1.7365E+06
0000382   5.9915E+06 -8.4842E+05 -1.2324E+06
0000383   7.2748E+06 -7.6432E+05 -7.7144E+05
0000384   6.0443E+06  9.1118E+05 -1.8709E+06
0000385   3.6350E+06  4.8613E+05  1.0531E+05
0000386   8.1395E+06 -1.2174E+05 -9.4466E+05
0000387   4.6936E+06 -2.8847E+06  1.1529E+06
0000388   4.8967E+06  1.3154E+06  1.3841E+06
0000389   5.6306E+06  6.5304E+06 -1.0341E+05
0000390   4.7117E+06  2.1785E+05 -4.7605E+05
0000391   4.2138E+06 -2.0876E+06  2.3670E+06
0000392   7.5152E+06  8.3062E+05 -6.7326E+05
0000393   5.4294E+06 -7.0282E+05 -3.0262E+05
0000394   5.6059E+06  4.2640E+05  1.4737E+06
0000395   5.0065E+06  1.9852E+06  1.4527E+06
0000396   5.2912E+06 -4.5917E+05  2.3253E+05
0000397   5.9121E+06  1.3003E+06  1.2396E+06
0000398   4.1925E+06  1.1518E+06 -1.1394E+06
0000399   6.8956E+06 -3.2320E+04 -2.4138E+06
0000400   8.3414E+06  2.6605E+05 -1.5294E+06
0000401   3.2243E+06  1.3863E+06 -2.7662E+06
0000402   7.0381E+06 -5.4358E+05 -8.3760E+05
0000403   6.1212E+06  2.7586E+05  1.6459E+05
0000404   4.6354E+06  1.6213E+05 -1.7058E+06
0000405   5.8398E+06  1.1956E+06  2.6965E+05
0000406   4.8892E+06  3.1019E+06  6.7791E+05
0000407   2.4040E+06  1.7667E+06 -8.7270E+05
0000408   3.8793E+06 -8.4526E+05 -8.6924E+05
0000409   5.1514E+06 -7.2083E+05  2.5041E+06
0000410   6.2716E+06  1.1602E+06 -1.6160E+06
0000411   7.1462E+06  1.4192E+05  5.6590E+05
0000412   5.2522E+06  2.4006E+06 -3.3342E+06
0000413   4.8320E+06  1.0042E+06 -7.4583E+05
0000414   4.7129E+06  1.9674E+06  1.5553E+06
0000415   6.0928E+06 -2.9352E+06 -1.1682E+06
0000416   5.2781E+06 -1.6900E+06 -1.4469E+06
0000417   5.8277E+06 -1.6061E+06  7.3505E+05
0000418   2.2283E+06  1.2748E+06 -5.0577E+05
0000419   7.0833E+06 -5.6358E+04 -3.9317E+05
0000420   3.2353E+06 -1.6268E+06 -2.2355E+05
0000421   4.2986E+06  3.2489E+05  1.2508E+06
0000422   4.2854E+06  8.0558E+04  2.3985E+06
0000423   7.0596E+06 -2.0417E+06  1.6445E+06
0000424   7.2452E+06 -8.7165E+05  3.2455E+05
0000425   3.5596E+06 -1.2028E+06  2.7076E+06
0000426   5.9127E+06  8.2307E+05  7.3274E+05
0000427   7.3885E+06  1.2705E+06  2.2453E+06
0000428   9.2422E+06  1.2773E+06  6.5051E+05
0000429   6.0848E+06 -7.0187E+05  1.1679E+06
0000430   4.6911E+06  1.1184E+06  8.9217E+05
0000431   7.2621E+06 -2.6910E+06  3.5812E+05
0000432   1.4245E+06 -1.6472E+05 -1.1375E+06
0000433   6.6485E+06  1.9305E+06 -1.3110E+06
0000434   5.7231E+06  7.9115E+05 -1.9737E+06
0000435   6.5710E+06  9.0538E+05  1.7398E+06
0000436   4.4819E+06 -2.3905E+05  1.4197E+06
0000437   4.0272E+06 -2.5066E+06  6.9617E+05
0000438   6.0888E+06  2.4905E+06  1.6881E+06
0000439   5.1373E+06 -6.6101E+05  4.0330E+06
0000440   5.4243E+06  9.8091E+04 -1.8149E+06
0000441   8.4061E+06 -5.2901E+05 -7.0363E+05
0000442   5.2229E+06 -1.7395E+06  4.6811E+06
0000443   5.8183E+06 -2.6230E+06  7.6896E+05
0000444   7.4600E+06 -9.9309E+05  7.6156E+05
0000445   7.6936E+06 -2.5291E+06  2.0771E+05
0000446   6.6814E+06 -1.5228E+06 -3.5752E+05
0000447   4.6831E+06 -7.6190E+05 -2.1372E+06
0000448   5.2084E+06  1.1767E+06 -1.5219E+06
0000449   5.8068E+06 -1.7255E+06  4.6122E+05
0000450   6.1589E+06  2.1954E+04 -1.4934E+06
0000451   6.7702E+06 -1.1752E+06 -5.5415E+05
0000452   3.9351E+06  1.5661E+05 -1.5471E+06
0000453   5.5989E+06  6.4250E+05 -1.3898E+06
0000454   3.9200E+06 -1.8639E+06 -2.4698E+04
0000455   6.7437E+06  3.6507E+04  4.2137E+06
0000456   7.0025E+06  1.8358E+06  1.0798E+06
0000457   4.3771E+06 -2.3439E+06 -1.8407E+06
0000458   3.6591E+06  1.4723E+05 -4.8008E+05
0000459   5.9289E+06  1.4570E+06 -3.2786E+06
0000460   7.0930E+06  2.2505E+06  1.6886E+06
0000461   1.9355E+06 -1.4913E+06 -1.3000E+06
0000462   4.9662E+06 -1.5400E+06 -4.9807E+05
0000463   7.0393E+06 -1.6955E+06 -1.2072E+06
0000464   6.8912E+06 -1.3691E+06  1.0514E+05
0000465   5.9058E+06 -1.5422E+06  2.7896E+05
0000466   7.4307E+06  1.1681E+06  2.0477E+05
0000467   6.5198E+06 -8.7056E+05 -2.1176E+06
0000468   6.7227E+06  1.1360E+06 -2.0323E+06
0000469   6.1379E+06 -2.3601E+06  6.4972E+05
0000470   8.1478E+06  1.6943E+05  1.0207E+04
0000471   4.4529E+06 -1.3974E+06 -6.0809E+05
0000472   4.6965E+06 -4.2316E+06 -2.0244E+06
0000473   7.4088E+06  2.1839E+06 -2.3658E+06
0000474   5.3890E+06 -5.8996E+05 -5.9236E+05
0000475   4.8912E+06  2.8677E+06 -1.0356E+06
0000476   6.3067E+06 -1.4125E+06 -1.6890E+05
0000477   4.9927E+06  2.3173E+06  5.0630E+04
0000478   5.9353E+06  1.0406E+06 -1.8928E+06
0000479   6.2252E+06  9.9880E+05  5.9339E+05
0000480   4.4995E+06  5.0408E+05  9.9414E+05
0000481   6.6367E+06 -1.3885E+06  4.5892E+05
0000482   4.8426E+06 -9.3806E+05 -4.2890E+06
0000483   4.3908E+06  1.4792E+06 -2.9063E+06
0000484   6.1854E+06  3.9387E+05  4.6531E+05
0000485   4.9484E+06 -7.5538E+05  1.2986E+06
0000486   7.2239E+06 -1.4877E+06 -6.5583E+04
0000487   5.7089E+06  2.3595E+06 -8.1047E+05
0000488   6.6751E+06  3.0565E+06  3.5256E+06
0000489   3.2024E+06  2.7465E+06 -9.4804E+03
0000490   7.1840E+06 -8.9576E+05  9.2353E+05
0000491   3.8860E+06 -1.0554E+06 -1.2023E+06
0000492   6.8047E+06 -2.1647E+06  1.5755E+06
0000493   2.0165E+06 -2.1754E+05  1.3180E+06
0000494   5.9955E+06  9.5525E+05  1.6018E+05
0000495   6.3233E+06  1.4527E+06  1.5762E+05
0000496   6.0061E+06  2.5101E+03  8.4302E+05
0000497   4.0073E+06 -3.1406E+06 -2.0394E+06
0000498   5.1872E+06  8.7198E+04  1.0991E+06
0000499   8.5375E+06  2.6560E+06 -1.5262E+05
0000500   6.5697E+06 -2.1090E+06  1.3229E+06
0000501   7.1431E+06  3.5432E+05 -2.0316E+05
0000502   4.9796E+06  1.1341E+06 -1.6182E+06
0000503   5.9628E+06  2.8935E+05  6.1486E+05
0000504   2.5809E+06 -9.4162E+05 -3.6066E+06
0000505   7.4983E+06  9.1970E+05  5.5906E+05
0000506   3.7964E+06  2.2807E+04  1.2052E+06
0000507   1.3197E+06  3.5783E+05  2.0128E+06
0000508   6.3207E+06  8.7865E+05 -1.9297E+06
0000509   3.8712E+06  1.7040E+06 -3.0021E+06
0000510   5.4675E+06  2.0261E+06  2.2657E+05
0000511   8.3027E+06  4.6394E+05 -4.0036E+05
0000512   4.9407E+06  1.5042E+05 -1.1512E+06
0000513   5.5348E+06  5.3015E+05 -2.0078E+05
0000514   5.1505E+06 -1.6960E+04 -3.4243E+05
0000515   6.3913E+06  1.1998E+06  7.7501E+05
0000516   6.6857E+06 -1.3641E+06  1.2033E+06
0000517   4.2421E+06  7.9218E+05 -8.2812E+04
0000518   5.0279E+06  1.3314E+06 -3.7087E+05
0000519   6.3421E+06 -1.5741E+05 -2.7343E+06
0000520   7.1180E+06 -4.1982E+05  2.3480E+06
0000521   7.6060E+06  7.5949E+05 -3.0395E+06
0000522   7.5826E+06 -1.0624E+06 -2.8350E+05
0000523   2.8148E+06 -1.9616E+06 -3.9129E+06
0000524   5.6179E+06 -1.1055E+06  1.6984E+05
0000525   6.8473E+06 -3.7138E+05  5.8680E+05
0000526   1.5771E+06  3.3203E+06  1.2902E+06
0000527   3.1414E+06 -1.2680E+06  2.2964E+06
0000528   5.4323E+06 -4.9175E+05  1.3355E+06
0000529   6.0762E+06 -1.3133E+06  9.5703E+05
0000530   1.9853E+06 -4.4610E+05  1.6917E+05
0000531   5.7402E+06  7.4385E+05  4.0478E+04
0000532   5.0836E+06  2.6599E+06  4.0235E+06
0000533   2.8891E+06 -8.2337E+05  1.2544E+06
0000534   7.5834E+06 -9.5100E+04 -6.6001E+05
0000535   4.9779E+06  3.4521E+05 -1.1643E+06
0000536   7.4681E+06  2.7649E+04  1.1888E+06
0000537   7.9492E+06  1.0954E+06 -1.0396E+06
0000538   6.7399E+06  7.0481E+05 -2.1600E+06
0000539   6.5378E+06  1.2358E+06  2.2518E+06
0000540   5.5705E+06 -4.2676E+06 -3.7464E+04
0000541   7.1433E+06  8.3821E+05 -1.0537E+05
0000542   5.0606E+06  2.0741E+06  2.3939E+06
0000543   5.6512E+06  1.8000E+06  8.2075E+05
0000544   5.7433E+06  9.1948E+05 -6.6606E+05
0000545   3.1496E+06  1.0406E+06  5.7584E+05
0000546   5.9609E+06  5.3443E+05 -1.1256E+06
0000547   7.2667E+06 -2.6252E+06 -2.8116E+05
0000548   8.2129E+06  2.0614E+06  4.6759E+05
0000549   3.3587E+06 -1.1218E+06 -8.8164E+05
0000550   5.5364E+06  3.3638E+06  2.3342E+06
0000551   6.3143E+06  1.3177E+06  9.0072E+05
0000552   4.5074E+06 -3.7819E+06  1.6461E+06
0000553   5.8636E+06  5.0488E+05 -2.2037E+06
0000554   5.3568E+06 -1.1802E+05  2.7069E+06
0000555   7.0792E+06 -8.3312E+04  2.3737E+06
0000556   4.6516E+06 -6.9674E+05 -1.3143E+06
0000557   6.1824E+06  3.4205E+06  2.2747E+06
0000558   6.7671E+06 -1.7427E+05 -1.8535E+03
0000559   7.7478E+06 -1.9440E+06  5.7404E+05
0000560   1.0865E+06  1.7871E+06  5.9326E+05
0000561   7.7223E+06  2.6459E+05  1.0641E+06
0000562   7.0584E+06  1.1614E+06  1.4159E+06
0000563   3.9385E+06  9.8581E+05  1.1693E+06
0000564   2.8567E+06  5.5180E+05  1.1062E+05
0000565   7.4438E+06 -8.9451E+05 -2.4866E+05
0000566   5.5881E+06 -2.4832E+06  2.7915E+06
0000567   6.2665E+06  1.8361E+06  1.4791E+06
0000568   7.4531E+06  8.1467E+05 -2.2103E+06
0000569   6.3098E+06  1.5003E+05 -2.2814E+06
0000570   5.5109E+06  1.4558E+06 -6.0518E+05
0000571   6.4257E+06  4.8797E+05 -2.8269E+06
0000572   6.8800E+06 -6.7385E+05  1.1708E+05
0000573   6.0788E+06 -3.6878E+06 -2.2492E+06
0000574   6.3316E+06 -1.3331E+06 -2.0980E+06
0000575   8.3055E+06 -9.3719E+05 -6.4641E+05
0000576   6.1639E+06  2.0415E+06 -2.5022E+06
0000577   6.8986E+06 -6.6968E+05 -1.8240E+06
0000578   5.3189E+06  5.5755E+05  1.0304E+06
0000579   5.1163E+06 -1.4509E+06 -2.5059E+06
0000580   2.8624E+06  2.2202E+06 -4.6533E+05
0000581   5.3997E+06 -2.0275E+06  1.5949E+06
0000582   6.4509E+06  5.7717E+05 -1.4057E+06
0000583   5.1087E+06 -1.4820E+06  1.1678E+06
0000584   7.1691E+06  2.3452E+05  7.5838E+05
0000585   4.8390E+06 -2.0719E+06 -1.1529E+06
0000586   4.2304E+06 -8.5145E+05  9.7753E+05
0000587   6.2080E+06 -2.0780E+06  5.9559E+05
0000588   4.9039E+06  2.3738E+06 -1.6569E+05
0000589   6.8560E+06 -1.0108E+06  2.3246E+06
0000590   3.6502E+06  1.8551E+06 -3.0474E+06
0000591   8.5078E+06 -1.1749E+06 -2.3321E+06
0000592   5.2173E+06 -2.4891E+05  1.2029E+06
0000593   3.9853E+06 -3.8085E+06 -2.5231E+06
0000594   6.7691E+06 -1.1878E+05 -8.8895E+05
0000595   5.7006E+06  7.0477E+05  2.4422E+06
0000596   4.0562E+06 -4.8628E+05 -8.0722E+05
0000597   6.4289E+06 -6.9411E+05 -5.6802E+05
0000598   6.8964E+06  8.1794E+05  2.7209E+06
0000599   8.1216E+06  5.4742E+05  2.6459E+05
0000600   4.8709E+06 -3.3621E+05 -1.3670E+04
0000601   6.4290E+06 -2.0682E+06 -3.1950E+06
0000602   5.8381E+06  3.1834E+06  2.7826E+05
0000603   5.0789E+06  1.1735E+06  4.5390E+05
0000604   7.2537E+06  2.8420E+05  1.7179E+06
0000605   4.6296E+06  1.6935E+06  2.4133E+06
0000606   5.5077E+06  1.0041E+06  1.8336E+06
0000607   6.4853E+06 -8.2801E+05 -1.2211E+06
0000608   4.5320E+06  8.6764E+04 -6.6471E+05
0000609   6.2226E+06  2.9267E+05 -1.6701E+06
0000610   5.1036E+06 -1.2452E+06  6.9277E+05
0000611   6.2398E+06 -4.9503E+05  3.0981E+04
0000612   7.4081E+06 -2.1688E+04 -2.7282E+06
0000613   3.3716E+06 -2.2884E+05  6.3914E+05
0000614   4.5080E+06  1.7881E+06 -9.1572E+05
0000615   6.6048E+06  2.0725E+06 -3.0201E+05
0000616   6.9193E+06 -2.7432E+05 -1.4077E+06
0000617   4.1624E+06  1.8649E+06 -2.5128E+06
0000618   7.2302E+06 -3.2548E+06  5.5994E+05
0000619   7.4996E+06  6.3170E+04 -1.9679E+06
0000620   7.5031E+06  1.5985E+06 -1.4780E+06
0000621   5.4226E+06  4.8681E+05  6.2399E+05
0000622   4.1707E+06 -3.3866E+06  1.3589E+06
0000623   6.5984E+06 -2.2558E+05  2.4898E+06
0000624   4.4861E+06 -2.3244E+06  1.4296E+06
0000625   5.3166E+06  1.2840E+06  1.7186E+06
0000626   5.9053E+06  1.4098E+06 -4.0159E+05
0000627   6.2400E+06  3.1302E+05  6.8142E+05
0000628   4.6515E+06 -1.2411E+06  2.0985E+06
0000629   4.1724E+06  6.8111E+05  8.7752E+05
0000630   6.1819E+06  3.7712E+05  7.4866E+04
0000631   3.9731E+06 -3.0505E+06 -2.8804E+06
0000632   2.5992E+06 -6.0306E+05 -1.7017E+06
0000633   5.7735E+06  3.3308E+06 -8.7140E+05
0000634   6.6207E+06 -1.3028E+06  1.3340E+06
0000635   3.4876E+06  1.3461E+05 -2.1451E+06
0000636   5.8007E+06  5.7485E+05 -1.8765E+06
0000637   4.9658E+06 -1.8848E+06  4.5936E+05
0000638   5.5020E+06  2.9871E+06  1.6926E+06
0000639   6.0004E+06  1.7014E+06  1.5721E+06
0000640   6.7368E+06 -1.3870E+06 -9.5624E+05
0000641   6.9365E+06  1.5991E+06 -2.0307E+06
0000642   7.4786E+06  6.5657E+05 -1.2439E+06
0000643   6.5245E+06  6.5233E+05 -1.2285E+05
0000644   6.7887E+06 -8.0994E+04  6.9077E+05
0000645   5.0451E+06  4.8657E+05  2.5762E+06
0000646   5.8492E+06 -8.5189E+05 -2.1189E+06
0000647   6.0188E+06 -2.8412E+06 -3.0121E+06
0000648   8.1255E+06  1.9978E+05 -6.6956E+05
0000649   4.6964E+06 -3.8813E+06 -1.2556E+06
0000650   6.3979E+06  4.1626E+05 -1.1430E+06
0000651   5.8121E+06 -6.2079E+05 -3.9993E+06
0000652   2.6403E+06 -2.0016E+06  7.4580E+05
0000653   8.2571E+06 -5.0998E+05  1.8040E+06
0000654   5.9096E+06  2.0613E+06  6.8985E+05
0000655   3.0462E+06 -3.7398E+05 -1.0869E+06
0000656   6.2945E+06 -1.6215E+06 -7.3813E+05
0000657   6.9937E+06  6.8852E+05 -2.2949E+05
0000658   4.5557E+06 -4.1554E+06 -1.6867E+06
0000659   6.0935E+06 -1.9820E+06 -2.3013E+06
0000660   6.3452E+06 -1.2492E+06 -1.8563E+05
0000661   4.4317E+06  2.7499E+05 -2.3931E+06
0000662   5.5459E+06 -9.2957E+05 -1.3534E+06
0000663   3.8736E+06 -2.0019E+06 -1.9556E+06
0000664   7.6574E+06  3.5521E+05  6.0893E+05
0000665   3.5353E+06  6.3638E+05  9.0895E+04
0000666   4.2583E+06  6.8788E+05 -8.4065E+05
0000667   6.9911E+06 -4.3504E+06  8.5885E+05
0000668   6.9036E+06  6.6467E+05 -8.7577E+03
0000669   5.2686E+06 -6.9004E+05  1.3345E+06
0000670   3.8624E+06 -2.6055E+06  6.6261E+05
0000671   5.6239E+06  1.9822E+06  2.5808E+06
0000672   4.2496E+06 -1.3210E+06 -2.4219E+05
0000673   5.8068E+06  2.5197E+06  2.2591E+05
0000674   5.6794E+06 -4.9392E+04 -1.8553E+06
0000675   5.3584E+06 -1.6715E+06  1.2466E+06
0000676   6.8335E+05  4.5018E+05  2.4510E+05
0000677   5.9939E+06 -1.9248E+05  2.4713E+04
0000678   8.3470E+06 -1.7357E+06 -4.4519E+05
0000679   5.0334E+06 -9.6590E+04  1.0899E+06
0000680   5.1492E+06  2.2302E+06 -1.6501E+06
0000681   7.5766E+06  1.6970E+06  2.4092E+05
0000682   5.1704E+06 -4.5688E+05 -7.2327E+05
0000683   2.5469E+06  2.0907E+06  5.7853E+05
0000684   2.9785E+06 -2.3875E+06 -1.5952E+06
0000685   6.5358E+06 -8.7292E+04  2.1124E+06
0000686   4.3580E+06  8.6936E+05  1.3512E+06
0000687   7.1662E+06  1.4116E+06  1.9045E+06
0000688   5.8029E+06  1.8157E+05  1.8935E+06
0000689   5.7647E+06 -1.2589E+06 -1.2889E+06
0000690   6.7839E+06 -1.7185E+06  2.4933E+05
0000691   6.4488E+06  1.3187E+06  1.7955E+06
0000692   4.2073E+06 -4.6649E+05 -2.3009E+06
0000693   3.4233E+06 -2.0691E+06  1.0883E+06
0000694   7.1267E+06 -1.3297E+06 -1.6520E+06
0000695   5.6156E+06  4.1854E+05  3.2154E+06
0000696   7.5057E+06 -1.8299E+05 -1.6630E+06
0000697   4.9051E+06  5.4685E+04  5.5272E+05
0000698   7.5500E+06 -9.7201E+05  2.0168E+06
0000699   5.6616E+06  4.3554E+04  9.4795E+04
0000700   5.8487E+06 -1.9889E+06  6.8913E+05
0000701   8.2122E+06 -2.4083E+06 -1.4967E+06
0000702   4.3298E+06  1.1744E+06  6.1660E+05
0000703   1.8194E+06  8.4619E+05 -2.2101E+06
0000704   5.5349E+06 -1.6989E+06  7.5060E+05
0000705   7.5673E+06  1.2039E+05  6.6495E+05
0000706   4.4330E+06 -9.5469E+05 -2.1141E+06
0000707   6.8712E+06  2.0501E+06  2.1408E+05
0000708   4.2624E+06  1.8098E+05 -8.1257E+05
0000709   5.8346E+06  1.6809E+06  2.0639E+06
0000710   8.0368E+06 -1.5181E+06  1.8678E+06
0000711   4.9744E+06 -5.2182E+04 -1.2775E+06
0000712   6.5652E+06 -2.5183E+06  5.1978E+05
0000713   4.7470E+06 -3.8536E+05  3.0028E+06
0000714   4.6627E+06 -1.4044E+06 -3.7890E+06
0000715   6.0080E+06  1.1353E+06  3.2104E+05
0000716   5.8705E+06 -3.4649E+05  4.9518E+05
0000717   5.9781E+06 -1.6447E+06 -1.1875E+06
0000718   6.1750E+06  9.5812E+05 -6.4436E+05
0000719   1.6892E+06 -1.1512E+05 -9.1503E+05
0000720   6.3948E+06  6.2638E+05 -1.2071E+06
0000721   2.4728E+06 -1.0791E+06 -1.2732E+05
0000722   5.0501E+06 -6.1198E+05 -3.0228E+06
0000723   4.2932E+06  4.7758E+04  2.5824E+05
0000724   5.1257E+06 -2.3745E+05 -2.6727E+06
0000725   2.9286E+06  1.0536E+06  7.3509E+05
0000726   7.5297E+06 -6.9624E+05  3.1503E+06
0000727   7.2716E+06  2.6803E+06 -8.7595E+05
0000728   6.2219E+06 -5.8369E+04  2.2231E+06
0000729   7.0583E+06 -4.8533E+05  5.4940E+05
0000730   6.3538E+06  1.4196E+06 -5.8838E+05
0000731   6.1456E+06  1.2529E+05  1.6817E+06
0000732   4.0018E+06  1.2139E+06 -2.8715E+05
0000733   9.9505E+06  4.3543E+05  5.5122E+05
0000734   5.6301E+06  5.2090E+05 -2.5121E+06
0000735   4.9322E+06  1.2603E+06  6.8578E+05
0000736   6.7518E+06  2.5369E+06  1.1487E+06
0000737   6.7562E+06 -2.8712E+05 -8.3789E+05
0000738   5.6322E+06 -1.2563E+06  1.0750E+06
0000739   5.6930E+06  1.5497E+06 -1.2498E+06
0000740   8.9190E+05 -7.9495E+05 -1.8930E+06
0000741   7.5188E+06  1.1620E+06 -1.4993E+05
0000742   2.8097E+06 -2.1102E+06  4.9775E+05
0000743   5.0243E+06  9.1419E+05 -6.9647E+05
0000744   5.6747E+06 -3.0481E+06 -3.5356E+05
0000745   5.4014E+06  1.5173E+06 -3.4849E+05
0000746   6.3023E+06 -4.9445E+05 -2.6468E+06
0000747   6.7527E+06  9.9309E+05 -2.6923E+05
0000748   3.3014E+06  2.7631E+05  9.8399E+05
0000749   5.2910E+06  4.3715E+05 -2.0279E+06
0000750   6.2454E+06 -9.2736E+05  2.3258E+06
0000751   6.6911E+06 -8.6048E+04 -7.3464E+05
0000752   6.0706E+06 -1.5934E+05 -2.6949E+06
0000753   6.1463E+06  2.7183E+05 -1.0779E+06
0000754   5.7829E+06 -7.9706E+05  1.9749E+06
0000755   5.9750E+06 -1.9158E+06  1.6317E+06
0000756   5.8326E+06  1.7811E+06 -6.4507E+05
0000757   8.1912E+06  1.9800E+06  1.5553E+05
0000758   7.3352E+06 -2.0618E+05  1.5476E+06
0000759   7.3176E+06 -7.3760E+05  1.4188E+06
0000760   4.0160E+06 -2.6118E+06 -1.8694E+06
0000761   8.6885E+06 -1.4198E+06  5.8536E+05
0000762   6.5775E+06 -1.4793E+06 -1.2324E+06
0000763   5.6418E+06  7.2426E+05 -1.0251E+06
0000764   6.2176E+06  1.1588E+06 -2.8619E+06
0000765   4.1821E+06  3.2094E+05  1.0791E+06
0000766   6.2693E+06 -1.1424E+06  1.1384E+06
0000767   5.8110E+06 -3.1415E+05 -1.3780E+06
0000768   6.6279E+06  1.0115E+06 -1.8738E+06
0000769   3.8940E+06 -1.6004E+06  1.9212E+05
0000770   5.5117E+06  1.6575E+06  6.6466E+05
0000771   5.6083E+06 -1.6934E+05 -8.8853E+04
0000772   6.2495E+06 -2.6312E+05  8.1838E+05
0000773   4.8016E+06 -1.1370E+06  1.5074E+06
0000774   5.6551E+06  3.7903E+05 -1.6737E+05
0000775   5.9435E+06 -1.6822E+06 -9.3757E+05
0000776   7.3581E+06 -2.2927E+06 -1.7124E+05
0000777   6.8926E+06  1.2630E+06  2.3567E+06
0000778   6.3705E+06 -1.7876E+05  1.5770E+06
0000779   2.7712E+06 -2.3041E+06 -2.4062E+06
0000780   4.2807E+06 -7.6520E+05  1.8780E+06
0000781   4.4865E+06  3.6169E+05 -4.5216E+06
0000782   5.6106E+06 -1.1052E+06 -1.1932E+06
0000783   4.1679E+06  8.4329E+05 -5.5104E+05
0000784   3.4894E+06 -1.0418E+06  2.8250E+05
0000785   7.1771E+06 -2.7200E+06 -1.9473E+06
0000786   5.9157E+06 -1.7138E+06  1.5834E+06
0000787   7.5414E+06 -1.3253E+06 -4.9041E+05
0000788   8.0670E+06 -7.9435E+05 -1.3564E+06
0000789   7.6262E+06 -5.2593E+04 -7.0075E+05
0000790   6.6454E+06 -1.9317E+06  1.2761E+06
0000791   6.8700E+06 -8.4662E+05 -2.8841E+06
0000792   6.2532E+06  1.1348E+06 -8.2058E+05
0000793   3.2236E+06  3.4832E+06  1.5785E+06
0000794   3.5994E+06  4.1160E+05  2.6049E+06
0000795   5.5440E+06 -3.3913E+06  2.5255E+06
0000796   5.8361E+06  1.5466E+06  4.5647E+05
0000797   7.6567E+06 -3.5656E+05 -1.1026E+06
0000798   7.1102E+06  1.0691E+06 -1.0064E+06
0000799   2.4959E+06  1.5961E+05 -1.6371E+06
0000800   4.5640E+06 -1.3534E+06  3.8765E+05
0000801   4.3535E+06  2.7671E+06 -2.0720E+06
0000802   7.7822E+06  6.6818E+05 -8.5193E+04
0000803   1.5706E+06  8.5877E+05 -3.6012E+05
0000804   4.8073E+06  4.6230E+06 -1.4173E+06
0000805   5.4406E+06  4.7903E+05 -2.5103E+06
0000806   5.5391E+06 -1.7209E+05 -3.3703E+06
0000807   4.7617E+06  6.9518E+05  1.3529E+06
0000808   8.4669E+06 -1.2073E+06  3.0804E+05
0000809   4.4547E+06 -1.5074E+06 -2.5719E+06
0000810   7.2750E+06 -2.4119E+06  5.8840E+05
0000811   4.5478E+06  1.9341E+06  9.1939E+03
0000812   6.3569E+06 -1.6738E+05  3.9564E+05
0000813   3.9881E+06 -2.2730E+06  3.0635E+06
0000814   3.0984E+06  6.9436E+05  1.8160E+06
0000815   5.9474E+06  1.2674E+06  2.6486E+06
0000816   8.5458E+06 -8.0761E+05  4.8357E+05
0000817   7.4118E+06  6.9177E+05  5.2510E+05
0000818   4.3225E+06 -1.1027E+06  9.0684E+05
0000819   5.0766E+06 -5.1292E+04  4.7680E+05
0000820   6.7883E+06  9.0125E+03  2.3408E+05
0000821   5.6129E+06 -1.3605E+06 -1.7238E+06
0000822   4.9322E+06 -3.1193E+05 -2.3629E+06
0000823   4.4958E+06  3.3914E+05  8.0874E+05
0000824   7.5628E+06  3.2217E+06 -3.3889E+05
0000825   6.1209E+06  1.9587E+06  1.0449E+06
0000826   5.5612E+06  2.0792E+06 -2.4124E+06
0000827   3.4230E+06  5.0322E+05 -1.3711E+06
0000828   3.0516E+06  1.4085E+06 -2.8072E+06
0000829   7.2831E+06  6.0948E+05  2.0124E+06
0000830   5.3094E+06 -5.3407E+05  2.2008E+06
0000831   6.2646E+06  1.4616E+06  6.8629E+05
0000832   5.8816E+06 -7.0059E+05 -9.5433E+05
0000833   4.5576E+06 -7.1761E+05  3.2729E+06
0000834   7.6564E+06 -2.2146E+06  9.2147E+05
0000835   5.2919E+06  4.4877E+05  3.8096E+06
0000836   6.7568E+06  1.8070E+06  1.2354E+06
0000837   6.9725E+06  2.2258E+06  1.9490E+05
0000838   5.4729E+06  3.1959E+04  3.6353E+06
0000839   3.1316E+06 -7.7613E+04 -9.2938E+05
0000840   3.6994E+06 -4.6675E+06 -1.4199E+06
0000841   5.3490E+06  7.7480E+05 -2.9028E+06
0000842   6.7365E+06 -1.0533E+06 -2.3098E+06
0000843   4.3834E+06 -1.6555E+06  2.3684E+06
0000844   3.2443E+06  1.3358E+06 -2.0318E+06
0000845   3.5345E+06  1.4387E+06 -1.1477E+06
0000846   6.2162E+06  1.8486E+06  2.1128E+04
0000847   5.7847E+06  1.4945E+06  4.4866E+05
0000848   5.5848E+06  4.4062E+05  1.2029E+06
0000849   4.6439E+06  1.8023E+06 -1.1779E+06
0000850   6.3721E+06 -3.4047E+05  3.1841E+06
0000851   7.2945E+06 -4.1003E+05  4.4273E+05
0000852   6.2993E+06 -2.2152E+06 -6.0768E+05
0000853   5.1112E+06 -4.1747E+06  1.0967E+06
0000854   4.7895E+06 -7.3565E+05 -3.2731E+06
0000855   6.1711E+06  1.2287E+06 -2.2034E+06
0000856   5.4645E+06 -1.4490E+06 -4.1497E+04
0000857   6.9110E+06  4.0690E+05 -5.6012E+05
0000858   7.0878E+06  8.1857E+05 -9.1890E+05
0000859   3.4112E+06 -1.0750E+06  1.3137E+06
0000860   4.2146E+06 -2.4980E+06  2.2569E+06
0000861   6.5701E+06 -9.1264E+04  5.3530E+05
0000862   7.5253E+06  1.2008E+06 -5.2033E+05
0000863   7.7887E+06 -5.6446E+05  1.5139E+05
0000864   5.5813E+06 -1.0946E+06  1.1837E+06
0000865   6.7360E+06  2.0825E+05 -9.4176E+05
0000866   5.6562E+06  7.7434E+05 -2.1632E+05
0000867   5.5747E+06 -8.2696E+05  4.5081E+05
0000868   5.0840E+06  3.6937E+05  1.0321E+06
0000869   6.1599E+06 -2.8320E+05 -1.0833E+06
0000870   6.1045E+06  4.8745E+05  2.1688E+06
0000871   4.4299E+06  4.9039E+04 -2.6224E+06
0000872   7.0310E+06 -2.8007E+06  7.5974E+05
0000873   9.0667E+06  2.4692E+05  8.5066E+05
0000874   4.1493E+06 -2.0084E+06  8.1382E+05
0000875   8.0220E+06 -2.0749E+06  1.2475E+04
0000876   2.7948E+06  1.0809E+06 -2.2493E+06
0000877   6.5464E+06  4.5117E+06 -3.5647E+05
0000878   5.4877E+06  6.8990E+05  4.9186E+04
0000879   7.5664E+06 -1.1333E+06 -1.9808E+06
0000880   8.1384E+06 -1.6085E+06  3.1911E+05
0000881   7.3981E+06 -5.2783E+06  8.6957E+05
0000882   6.4146E+06 -3.7798E+06 -1.6755E+05
0000883   7.8795E+06 -3.8765E+05 -2.5950E+06
0000884   5.0664E+06 -4.8440E+05  1.2825E+05
0000885   5.4832E+06  5.8001E+05  5.7660E+05
0000886   4.1554E+06  9.2476E+04  6.5316E+05
0000887   6.2223E+06  2.7224E+05  4.9205E+05
0000888   2.5238E+06  2.1930E+05 -5.4936E+04
0000889   5.9603E+06 -2.0881E+05  7.3956E+05
0000890   7.4224E+06 -2.3090E+04 -1.1177E+05
0000891   7.2332E+06 -1.2255E+06  4.3707E+05
0000892   6.2494E+06 -4.7408E+05  5.7927E+05
0000893   4.5356E+06  1.3161E+06 -2.6871E+06
0000894   5.6940E+06 -2.3246E+06  1.6701E+06
0000895   6.4023E+06 -1.9321E+06  3.4532E+06
0000896   3.7743E+06 -5.4416E+05  8.2371E+05
0000897   6.1933E+06 -1.9449E+06  1.0887E+06
0000898   6.2396E+06 -6.6896E+05  2.5484E+06
0000899   2.2266E+06 -1.4708E+05  2.6944E+06
0000900   5.2969E+06 -1.1283E+06  4.4923E+05
0000901   8.1057E+06 -2.5819E+06 -9.6379E+04
0000902   7.4168E+06  1.0338E+06 -2.9139E+06
0000903   7.5139E+06  1.2361E+06 -1.2316E+06
0000904   7.0950E+06  6.3713E+05 -9.8888E+05
0000905   6.0369E+06 -2.5279E+06  1.9269E+06
0000906   5.0218E+06 -3.3836E+05 -2.7858E+06
0000907   7.4457E+06  2.4250E+06 -2.3124E+06
0000908   3.0352E+06  4.5571E+05  5.8817E+06
0000909   6.7346E+06 -1.2553E+06  1.0655E+06
0000910   2.7166E+06  4.6578E+05  5.7276E+05
0000911   5.0734E+06 -3.5562E+06  2.1531E+05
0000912   6.9268E+06  9.3845E+05 -2.3855E+06
0000913   6.2141E+06  1.1247E+06 -2.2508E+05
0000914   5.0419E+06 -1.2029E+06 -1.0694E+06
0000915   6.6997E+06 -1.5608E+06 -1.1235E+06
0000916   5.1559E+06 -1.5477E+06 -2.5470E+06
0000917   4.4855E+06 -6.7197E+05 -8.6282E+05
0000918   8.3952E+06 -1.6319E+06 -1.5807E+06
0000919   5.3370E+06  7.5007E+05 -1.0729E+06
0000920   5.7747E+06 -2.8444E+05 -3.2086E+04
0000921   5.3478E+06 -8.4584E+04 -1.4202E+06
0000922   6.2103E+06  1.0410E+06 -5.1324E+04
0000923   3.6251E+06  4.9836E+05  9.8703E+05
0000924   7.1330E+06  9.9715E+05 -1.6212E+04
0000925   7.9217E+06  7.0252E+05 -2.8936E+06
0000926   6.6219E+06 -9.1390E+05  6.8366E+05
0000927   3.6963E+06 -6.6839E+05 -2.2955E+06
0000928   7.0161E+06 -4.0799E+05 -6.6220E+05
0000929   2.0315E+06 -5.5595E+05  6.5673E+04
0000930   7.2933E+06  3.4631E+06  4.7897E+04
0000931   5.8643E+06  3.0938E+05  3.8265E+06
0000932   4.6427E+06 -3.1346E+06 -2.0535E+06
0000933   5.2532E+06 -1.9493E+06  5.5909E+05
0000934   5.0490E+06 -9.5436E+05 -1.8205E+06
0000935   5.9560E+06  2.1179E+06 -6.4073E+05
0000936   4.3425E+06 -2.0140E+06 -4.0623E+05
0000937   6.2388E+06  1.4608E+06  2.3596E+05
0000938   3.2100E+06  5.8721E+05 -1.3026E+06
0000939   6.8014E+06 -1.7054E+06 -1.2729E+06
0000940   5.8405E+06 -1.5978E+06 -1.7837E+06
0000941   4.7912E+06 -8.5565E+05 -2.6570E+06
0000942   3.9080E+06  4.2505E+05  1.0685E+03
0000943   5.4156E+06 -1.4994E+06 -1.0748E+06
0000944   4.6809E+06  1.4556E+06  1.2704E+06
0000945   6.2579E+06 -1.7524E+06 -4.7600E+05
0000946   6.6876E+06  2.7975E+06  2.4509E+05
0000947   5.0312E+06 -1.9250E+06  9.1697E+05
0000948   7.1042E+06  1.8323E+06 -1.4271E+06
0000949   6.3713E+06  3.5081E+05 -1.7336E+06
0000950   2.6573E+06  1.9587E+06 -1.7234E+06
0000951   2.7636E+06  1.8436E+05  1.3467E+05
0000952   5.7633E+06 -2.9178E+06  1.2961E+06
0000953   3.0970E+06  4.0695E+04 -1.1801E+06
0000954   5.9040E+06  1.4766E+06 -4.1288E+05
0000955   5.4713E+06  4.5281E+06 -2.1368E+06
0000956   4.7981E+06  2.6840E+05 -1.1840E+05
0000957   3.7743E+06  1.1969E+06  2.4079E+05
0000958   8.9080E+06  2.1437E+06  5.0100E+05
0000959   5.9833E+06  1.2542E+05 -1.4667E+06
0000960   6.0593E+06  1.6329E+06  2.9413E+06
0000961   6.1542E+06 -1.7462E+06  9.2040E+05
0000962   6.2185E+06  1.1445E+04  1.0408E+05
0000963   7.3731E+06  1.1078E+06  1.8134E+06
0000964   7.4136E+06  5.6786E+05  5.9979E+05
0000965   4.6664E+06  1.0831E+06  1.2748E+06
0000966   3.9148E+06 -4.2610E+06  1.7608E+06
0000967   6.3180E+06 -8.3323E+05 -2.9544E+05
0000968   7.9240E+06  1.2966E+06 -2.4959E+05
0000969   6.2008E+06  8.6638E+05 -2.3213E+04
0000970   8.6294E+06  1.3165E+06  5.6493E+05
0000971   3.1714E+06 -1.5371E+06  1.6055E+05
0000972   4.2037E+06  5.2623E+06  2.2365E+05
0000973   2.4596E+06 -2.2682E+06  2.0703E+06
0000974   7.1034E+06 -1.4466E+06  9.0693E+05
0000975   6.7782E+06 -4.0488E+05 -1.1681E+06
0000976   5.2054E+06 -2.0271E+06  1.9412E+06
0000977   7.2520E+06 -1.0083E+06 -4.4222E+05
0000978   3.7822E+06 -2.5366E+06 -2.2437E+05
0000979   6.0128E+06 -3.9631E+06  6.8701E+04
0000980   4.2949E+06 -3.7817E+05  2.5961E+06
0000981   5.5483E+06 -9.8703E+05  7.2356E+05
0000982   7.0194E+06 -1.6160E+06 -2.3231E+06
0000983   5.6346E+06  2.9668E+05 -7.6229E+05
0000984   4.0426E+06 -2.2586E+06  7.5102E+05
0000985   1.9181E+06 -2.8875E+06 -1.5308E+06
0000986   7.5446E+06 -1.0890E+06  1.8130E+04
0000987   7.3344E+06  1.7219E+06  8.4811E+05
0000988   7.1489E+06  5.6416E+05  1.9692E+06
0000989   7.1539E+06 -1.5768E+06 -1.2746E+06
0000990   6.2213E+06 -7.8654E+05 -2.4623E+05
0000991   6.6080E+06  3.9479E+05 -5.9556E+05
0000992   5.6297E+06  2.0335E+06 -2.9834E+05
0000993   6.0654E+06 -1.2669E+06  1.7557E+05
0000994   7.9763E+06  1.2131E+06 -8.6863E+05
0000995   4.1370E+06 -6.4129E+05  2.7279E+06
0000996   6.2782E+06  4.0856E+06  1.7027E+05
0000997   3.4942E+06  2.4547E+06  6.1567E+05
0000998   5.7899E+06 -1.4868E+06 -4.4350E+05
0000999   3.8157E+06  4.0483E+05 -2.9293E+05
0001000   4.6363E+06 -2.9326E+06  2.1439E+06
