============================== SRIM-2013.00 ==============================
==============================================================================
====== SRIM Outputs\RANGE_3D.txt : File of Final Ion Positions =====

Ion = Ar (18)   Ion Mass= 039.9620
Energy  = 6866480.E-04 keV
Ion Angle to Surface = 00.0 degrees
==================== TARGET =======================
  Layer # 1 - Layer 1
  Layer # 1 - Bottom Depth=500000.E+02 A
  Layer # 1 - Density =0000.0036 g/cm3
  Layer # 1 -  100 % of Ar
様様様様様様様様様様様様様様様様様様様様様様様様様様
                                            
Ion       Depth  X   Lateral Y   Lateral Z  
Number    (Angstrom) (Angstrom)  (Angstrom) 
-------  ----------- ----------- -----------
0000001   7.4654E+06 -3.9883E+06  7.9202E+05
0000002   5.7678E+06  3.9435E+05 -6.9578E+05
0000003   5.5633E+06  3.1303E+06 -9.5000E+05
0000004   5.5770E+06  1.2892E+05 -3.4195E+06
0000005   3.7677E+06 -3.0543E+06  1.6025E+06
0000006   5.6616E+06  1.6926E+06  5.2498E+04
0000007   3.7003E+06 -3.2854E+05 -3.4592E+06
0000008   5.2882E+06 -6.8153E+05  9.9674E+05
0000009   7.5828E+06  2.5757E+06 -1.7226E+05
0000010   8.4458E+06 -1.9494E+06 -1.5758E+06
0000011   8.2907E+06 -7.5701E+05  1.6201E+06
0000012   8.0701E+06  1.1935E+04  1.3832E+05
0000013   5.6507E+06  3.2933E+06  3.0938E+05
0000014   7.4648E+06 -3.9100E+05  1.1121E+06
0000015   4.3572E+06 -6.6223E+05 -2.5721E+05
0000016   8.1904E+06 -7.2693E+05 -6.5114E+05
0000017   8.3807E+06 -2.8569E+05 -1.5833E+06
0000018   6.8721E+06  1.9978E+06 -1.5212E+06
0000019   7.4836E+06 -2.9273E+06 -8.4291E+04
0000020   8.9015E+06  2.8645E+06  5.2792E+05
0000021   4.0289E+06 -1.2977E+06 -1.9362E+06
0000022   6.3370E+06 -7.2720E+05 -1.2279E+06
0000023   5.4619E+06 -8.8895E+05 -1.6078E+06
0000024   8.9284E+06  3.2571E+05  5.5500E+05
0000025   8.6627E+06 -3.4785E+05 -1.0725E+05
0000026   6.2670E+06 -1.5681E+06 -4.8004E+05
0000027   3.6171E+06  9.6068E+05 -1.0016E+06
0000028   9.7436E+06  2.7185E+05  5.8171E+05
0000029   7.1956E+06  2.0504E+06 -3.8903E+06
0000030   7.7838E+06 -1.3630E+06 -1.7689E+06
0000031   6.2098E+06  6.3374E+05 -5.4231E+05
0000032   5.8940E+06  1.4721E+06 -5.9577E+05
0000033   6.9198E+06  1.7110E+06 -3.6922E+05
0000034   5.2497E+06  1.0954E+06  2.1802E+06
0000035   6.6451E+06 -9.4739E+05 -3.3707E+05
0000036   7.8448E+06 -7.5954E+05 -8.7928E+05
0000037   6.8546E+06 -9.6532E+04  1.4985E+06
0000038   2.8338E+06 -2.0745E+06 -1.6957E+06
0000039   6.6735E+06 -2.7685E+06 -1.9109E+06
0000040   6.5858E+06  1.0057E+06 -1.5173E+05
0000041   6.9858E+06  1.3089E+06  1.8707E+06
0000042   4.1607E+06  1.9765E+05 -2.7135E+05
0000043   7.4129E+06 -1.5647E+05  1.1861E+06
0000044   6.8393E+06 -4.9611E+05 -1.1230E+06
0000045   5.2954E+06 -6.0476E+05  2.8160E+05
0000046   6.3552E+06 -3.5424E+05 -2.9273E+06
0000047   5.7398E+06 -5.1283E+05 -2.0062E+06
0000048   5.6706E+06 -1.2309E+06  2.4806E+05
0000049   6.4981E+06 -4.1175E+05 -6.9758E+05
0000050   9.9785E+06  5.4810E+05  3.1569E+06
0000051   5.6826E+06 -9.6279E+05 -2.7788E+06
0000052   6.4828E+06 -2.9855E+05 -1.3508E+06
0000053   3.9168E+06  5.3682E+05  1.5058E+05
0000054   5.5297E+06  1.3580E+06  2.2889E+05
0000055   6.5092E+06  3.1338E+06 -8.1831E+05
0000056   8.7768E+06 -1.5041E+05  1.4833E+06
0000057   6.4525E+06 -5.3932E+05 -5.3640E+05
0000058   6.1709E+06 -5.0351E+05 -4.5696E+06
0000059   6.7129E+06  3.0226E+06  3.0392E+06
0000060   5.0034E+06  1.9301E+06  1.2240E+06
0000061   4.0340E+06 -2.2609E+05  5.5857E+05
0000062   4.3551E+06 -1.1321E+06 -2.5661E+04
0000063   5.3688E+06 -7.7959E+05 -9.3553E+05
0000064   8.4183E+06 -5.5586E+05 -2.9894E+06
0000065   6.3164E+06 -5.6557E+04  2.3694E+06
0000066   8.0960E+06  9.1883E+05 -2.8632E+06
0000067   5.0377E+06 -7.3212E+05  1.1177E+06
0000068   6.5391E+06 -1.5456E+06 -1.0510E+06
0000069   5.6749E+06 -3.3231E+06  7.8340E+05
0000070   8.6224E+06 -1.8059E+06 -8.5227E+05
0000071   7.1866E+06 -4.2816E+06 -2.2386E+06
0000072   6.3224E+06  3.4851E+06  2.8020E+06
0000073   6.0475E+06 -2.9107E+06 -2.1497E+06
0000074   6.1087E+06 -1.1032E+05 -4.6083E+05
0000075   6.2493E+06 -6.7594E+05  4.6135E+06
0000076   6.8408E+06 -5.0601E+06  1.5626E+06
0000077   3.7790E+06  3.1618E+06  1.8576E+06
0000078   8.3197E+06 -1.2341E+06 -2.5623E+05
0000079   7.7070E+06  3.3615E+05  1.8142E+05
0000080   7.0464E+06 -2.1732E+06  1.7051E+06
0000081   6.8884E+06 -3.1581E+06  3.5390E+05
0000082   6.8032E+06  7.1304E+05  3.5215E+05
0000083   5.4804E+06  9.0020E+05  8.5158E+05
0000084   4.0303E+06  1.6804E+06  1.3670E+05
0000085   6.5619E+06  3.7318E+06  1.6101E+06
0000086   9.0451E+06 -2.8028E+05  2.4234E+06
0000087   6.1408E+06 -6.9879E+05  2.9581E+06
0000088   8.6908E+06 -1.9089E+05  2.2812E+06
0000089   9.2400E+06 -1.7752E+06 -5.6176E+05
0000090   5.4734E+06 -3.4776E+06  1.6232E+06
0000091   4.7706E+06 -2.1664E+06 -2.5073E+05
0000092   3.3215E+06 -1.8282E+06  1.9409E+06
0000093   7.8027E+06  2.1032E+06  1.8295E+06
0000094   8.3123E+06 -1.1896E+06 -1.0566E+06
0000095   5.2168E+06  3.2411E+06  5.7694E+05
0000096   5.5015E+06 -2.7372E+06  1.9369E+06
0000097   8.1133E+06 -2.6594E+05 -1.7584E+06
0000098   3.9390E+06  1.2095E+06  1.7340E+06
0000099   8.2445E+06  8.2448E+05  3.1313E+05
0000100   6.2246E+06 -1.4076E+06 -4.6886E+05
0000101   4.7587E+06  4.7572E+05 -5.1824E+05
0000102   8.2599E+06  4.0793E+05  9.9959E+04
0000103   5.4567E+06 -1.8623E+06 -3.9991E+05
0000104   5.6667E+06 -4.7283E+06 -3.9488E+06
0000105   5.3099E+06  8.8468E+04 -3.3012E+06
0000106   4.3002E+06 -9.1497E+05 -2.4945E+06
0000107   7.8941E+06  1.9993E+06 -3.1259E+05
0000108   5.6229E+06 -1.6305E+06 -1.1427E+05
0000109   7.6681E+06  1.8161E+06  1.5156E+06
0000110   6.9779E+06  1.3776E+06  1.4876E+06
0000111   6.2914E+06  4.2781E+05 -9.6540E+05
0000112   3.5983E+06  3.4994E+06 -8.8800E+03
0000113   6.2659E+06 -1.8587E+06 -1.5696E+06
0000114   6.8624E+06  1.9847E+05 -5.8710E+05
0000115   4.0324E+06 -4.0654E+06 -3.6916E+06
0000116   8.7329E+06  1.6461E+06 -3.8104E+05
0000117   6.5882E+06 -2.8986E+05  6.3872E+04
0000118   5.9841E+06 -5.4772E+05 -2.4735E+06
0000119   7.6276E+06  3.2019E+06 -2.0139E+06
0000120   8.5475E+06  1.1142E+06  7.8157E+05
0000121   4.2430E+06  3.7568E+05  5.0711E+06
0000122   4.8882E+06 -4.1520E+06 -4.4001E+05
0000123   6.0037E+06 -1.8926E+06  1.6196E+06
0000124   5.4203E+06  2.9676E+06  1.8984E+06
0000125   6.0061E+06 -1.0058E+06  1.7510E+06
0000126   8.6615E+06 -2.8047E+06 -2.3652E+06
0000127   6.7348E+06  1.1763E+06  2.8928E+06
0000128   5.9407E+06 -4.4377E+06 -3.7998E+05
0000129   6.8553E+06 -4.4214E+05 -2.2216E+06
0000130   6.5011E+06 -2.8094E+06 -2.7664E+05
0000131   6.1860E+06 -3.8248E+05  2.4910E+06
0000132   5.9048E+06 -5.4960E+05 -2.5680E+05
0000133   7.4942E+06 -3.1311E+06  7.1591E+05
0000134   6.5814E+06  2.2826E+06  3.7555E+06
0000135   5.9521E+06 -2.9597E+05 -2.8941E+06
0000136   6.8115E+06  1.8918E+05 -2.1314E+05
0000137   5.5081E+06  1.5096E+06 -1.4915E+06
0000138   4.5704E+06 -6.7301E+05 -3.9726E+05
0000139   4.6822E+06  1.2255E+06 -5.3205E+05
0000140   2.6538E+06  1.7361E+05 -3.8586E+05
0000141   5.9003E+06 -7.0067E+05  2.6416E+06
0000142   6.1842E+06  4.2581E+06 -1.8044E+06
0000143   4.3675E+06 -2.0859E+06 -4.4962E+06
0000144   6.4684E+06  2.6002E+06 -1.0907E+06
0000145   4.8924E+06  1.8824E+06 -1.5752E+06
0000146   8.5157E+06  1.4186E+06 -1.1273E+06
0000147   6.5483E+06 -1.1214E+06 -5.3598E+05
0000148   7.2977E+06  2.4430E+06  1.4506E+06
0000149   6.8400E+06  8.8917E+05 -1.3013E+05
0000150   8.2227E+06 -7.8190E+05 -5.6200E+05
0000151   8.8216E+06  3.5129E+05 -9.0026E+05
0000152   4.3653E+06  5.6960E+05  2.1562E+06
0000153   4.7401E+06 -2.1602E+06 -1.1086E+06
0000154   3.6058E+06 -1.5909E+06 -7.7117E+05
0000155   7.5235E+06  1.5752E+06  2.6063E+06
0000156   6.8686E+06  1.9260E+06  8.8587E+05
0000157   8.3833E+06 -1.9662E+06 -5.9611E+05
0000158   6.3781E+06 -2.8428E+06 -2.4189E+05
0000159   8.4473E+06 -9.2229E+05 -2.5702E+05
0000160   6.6234E+06 -1.6531E+06  8.4508E+05
0000161   3.2902E+06 -1.7776E+06  2.1960E+05
0000162   6.3693E+06 -1.9050E+06  2.4116E+06
0000163   2.2041E+06  5.5367E+05  3.8515E+05
0000164   7.6141E+06 -6.1790E+05 -7.3066E+05
0000165   6.7957E+06 -3.2497E+05  7.2128E+05
0000166   4.1213E+06  1.5395E+06  3.3848E+06
0000167   8.1284E+06 -8.8392E+05 -1.5017E+06
0000168   5.8786E+06 -2.8930E+05 -2.8650E+05
0000169   6.1769E+06  2.7434E+06  1.2987E+05
0000170   8.9969E+06  9.6587E+05  5.3688E+05
0000171   6.5039E+06 -2.9995E+05  1.2837E+06
0000172   5.7483E+06  2.9120E+06 -1.4992E+06
0000173   7.8515E+06  1.5311E+06 -2.0310E+05
0000174   8.1621E+06  2.4527E+06 -2.1870E+06
0000175   7.4915E+06  1.1107E+06  3.0219E+06
0000176   3.1597E+06  1.3457E+06  7.5806E+04
0000177   7.0056E+06 -1.4982E+06 -2.7929E+06
0000178   6.5633E+06 -1.1527E+06 -2.1161E+06
0000179   7.1119E+06  1.8958E+06 -4.4441E+04
0000180   4.3893E+06 -3.1821E+05 -1.4228E+06
0000181   4.1857E+06 -1.2120E+06  3.8773E+05
0000182   9.5046E+06  7.0384E+05  1.2030E+06
0000183   6.3395E+06  1.3331E+06  2.1981E+06
0000184   8.1482E+06 -1.7330E+06  1.3786E+06
0000185   6.7200E+06 -9.2512E+05 -1.0748E+04
0000186   3.8768E+06  5.9017E+05  1.1863E+06
0000187   7.0884E+06 -1.0074E+05 -1.9629E+05
0000188   6.7994E+06 -4.4103E+06  1.1565E+06
0000189   4.8006E+06  2.1090E+06  1.2082E+06
0000190   6.1169E+06  2.7332E+05 -1.4005E+05
0000191   3.6295E+06  1.2671E+05 -2.2360E+06
0000192   5.1556E+06  1.0192E+05  1.5925E+06
0000193   4.5781E+06 -2.4384E+06 -3.5724E+06
0000194   4.0918E+06  7.9849E+05 -5.0389E+05
0000195   3.6073E+06 -7.5722E+05  1.0928E+06
0000196   6.2154E+06 -1.3930E+06 -1.8849E+06
0000197   3.7692E+06 -1.2311E+06 -1.6744E+06
0000198   6.4899E+06 -2.6015E+06 -6.9355E+04
0000199   7.2831E+06 -2.3553E+06  2.2638E+05
0000200   7.2303E+06  2.3474E+05 -1.2169E+06
0000201   5.8695E+06 -2.4213E+05 -4.6532E+05
0000202   8.2485E+06  2.8179E+06 -4.2751E+05
0000203   6.3941E+06 -4.5552E+06  1.7474E+06
0000204   5.1234E+06 -4.4914E+05 -2.3855E+06
0000205   6.9137E+06 -3.5743E+05 -4.9829E+05
0000206   6.1669E+06  1.4497E+06 -1.3611E+06
0000207   7.3891E+06 -1.8611E+05  5.8750E+05
0000208   5.3044E+06 -1.5649E+06 -5.0578E+06
0000209   8.6559E+06 -2.7829E+05  3.2466E+06
0000210   6.3039E+06  5.7176E+05  3.0931E+06
0000211   4.4055E+06 -3.8016E+06 -1.5458E+06
0000212   8.0572E+06 -1.3002E+04 -1.9455E+06
0000213   8.7217E+06 -2.4436E+06 -3.0702E+06
0000214   8.1953E+06 -1.1079E+06  2.2953E+06
0000215   5.3270E+06 -2.6638E+06  1.2802E+06
0000216   4.9531E+06  3.4220E+05  1.8219E+06
0000217   4.2006E+06  4.5320E+05 -1.5791E+06
0000218   5.7487E+06  4.5929E+05  2.9361E+06
0000219   6.6244E+06  2.6108E+06  1.9507E+06
0000220   7.2790E+06 -9.5663E+05  2.3374E+06
0000221   7.9034E+06 -2.7175E+06 -2.9760E+05
0000222   5.0479E+06 -2.8509E+04 -7.0084E+05
0000223   4.6810E+06  3.1713E+05  4.4839E+06
0000224   7.7142E+06 -8.8112E+05  3.1916E+05
0000225   6.1478E+06 -2.7162E+06 -9.2833E+05
0000226   7.6570E+06  1.7663E+06 -1.1855E+06
0000227   6.8239E+06 -1.6103E+06  3.4528E+06
0000228   5.5428E+06 -1.8662E+05  1.1801E+06
0000229   7.9689E+06  3.4464E+06  3.1082E+06
0000230   6.0128E+06 -1.8835E+06 -4.2942E+06
0000231   7.1323E+06  3.0479E+05 -7.2528E+05
0000232   5.2747E+06 -2.1717E+06 -5.6164E+05
0000233   3.7280E+06 -5.3809E+05  3.7260E+05
0000234   5.8636E+06  1.0538E+06  3.1212E+06
0000235   4.3712E+06  6.5947E+05  2.2220E+05
0000236   2.8312E+06  5.2068E+05 -1.0819E+06
0000237   6.5615E+06  5.8649E+05 -1.7500E+06
0000238   5.4239E+06  5.3738E+05 -2.4419E+06
0000239   8.2728E+06 -2.6693E+06 -1.5042E+06
0000240   1.0210E+07 -7.1339E+05  2.0111E+06
0000241   4.3360E+06  1.3807E+05 -6.6858E+05
0000242   4.8935E+06  2.0755E+06 -2.0725E+06
0000243   4.4225E+06  3.2262E+05  4.8284E+05
0000244   8.1448E+06  5.1746E+05 -4.2737E+05
0000245   7.2391E+06 -1.7964E+05  5.7363E+05
0000246   8.0224E+06  3.1166E+06 -5.7836E+05
0000247   7.5437E+06 -2.5298E+06  1.6036E+06
0000248   5.0380E+06  1.8307E+06  6.7525E+05
0000249   8.7697E+06  3.8944E+06 -2.0635E+06
0000250   8.2393E+06  3.0877E+06 -1.1991E+06
0000251   7.7877E+06 -2.5741E+06 -1.8337E+06
0000252   8.0971E+06  9.3154E+05 -1.8847E+06
0000253   7.6108E+06 -5.9870E+05  1.2644E+06
0000254   6.6188E+06 -2.8207E+06 -4.4806E+06
0000255   2.8477E+06 -2.2120E+04 -1.3906E+06
0000256   6.6711E+06 -1.4673E+05  1.1889E+06
0000257   8.9361E+06 -3.4516E+05  1.1102E+06
0000258   5.8891E+06  9.6589E+05  1.1699E+06
0000259   6.2565E+06  1.3639E+06  2.2088E+06
0000260   4.6915E+06 -6.2839E+05  1.2633E+06
0000261   3.9890E+06  3.0670E+06 -1.2954E+06
0000262   8.0778E+06  4.2351E+06 -1.4332E+06
0000263   6.5363E+06  3.2248E+06 -7.6447E+05
0000264   8.0222E+06  1.3360E+06  4.1170E+05
0000265   9.1640E+06  1.3584E+06 -7.1165E+05
0000266   6.6695E+06 -7.6102E+05 -4.9307E+05
0000267   8.2767E+06  3.5237E+05  1.8546E+06
0000268   4.2196E+06  3.2430E+06 -2.0820E+06
0000269   5.3065E+06  7.1014E+04  9.8261E+05
0000270   7.0636E+06 -2.9272E+06 -2.2173E+06
0000271   5.7956E+06 -3.5846E+06  1.1721E+06
0000272   2.2442E+06 -6.4164E+04 -3.3735E+05
0000273   6.4093E+06  1.5657E+06 -9.2569E+04
0000274   7.4591E+06  2.1861E+05 -4.0424E+06
0000275   3.3559E+06  2.9790E+06  1.1483E+06
0000276   7.8394E+06 -2.1277E+06 -3.6886E+05
0000277   5.2001E+06 -1.6356E+06  3.1636E+06
0000278   6.4766E+06  4.5735E+04  2.0048E+04
0000279   7.6037E+06  4.9111E+05  6.6889E+05
0000280   5.2507E+06  1.0712E+06 -3.5442E+06
0000281   7.3263E+06 -5.4057E+05 -2.6134E+06
0000282   6.7050E+06 -4.2447E+05  4.3109E+06
0000283   7.4062E+06 -8.4134E+05 -1.3214E+06
0000284   5.4776E+06  1.6670E+06  2.9409E+06
0000285   5.1931E+06  1.8472E+06 -2.8001E+06
0000286   7.6594E+06  5.3292E+05  1.4112E+06
0000287   7.2036E+06  5.8739E+05 -1.1497E+06
0000288   6.8235E+06  5.7882E+05  2.0798E+06
0000289   4.1799E+06 -2.0764E+06  1.1355E+06
0000290   7.6888E+06  2.6898E+06 -1.3483E+06
0000291   6.2743E+06 -1.6165E+06  3.0534E+05
0000292   2.1283E+06 -7.0825E+03  9.0082E+05
0000293   8.1989E+06 -1.0676E+06 -1.4735E+06
0000294   5.8408E+06  2.0233E+06 -1.7432E+06
0000295   3.9939E+06  7.5994E+05  3.0900E+06
0000296   2.9333E+06  2.4312E+06  1.6036E+06
0000297   7.4080E+06 -3.6333E+06 -6.7439E+04
0000298   8.2887E+06  1.8029E+06  9.3636E+05
0000299   4.1591E+06  2.3295E+06 -1.8011E+06
0000300   7.7812E+06  1.9200E+06  1.8402E+06
0000301   6.3544E+06 -3.8566E+05 -2.1382E+06
0000302   7.1969E+06  1.7200E+06  3.2363E+06
0000303   5.5783E+06 -1.3935E+06 -6.2335E+05
0000304   3.8139E+06  2.0684E+06  8.6113E+05
0000305   8.5975E+06  1.2906E+06  3.8370E+05
0000306   5.2203E+06  7.9544E+05 -2.0329E+06
0000307   7.3290E+06  3.7593E+06  1.4248E+06
0000308   3.1002E+06 -4.9693E+05  1.3521E+06
0000309   7.0511E+06  3.4015E+06 -1.4367E+06
0000310   9.2777E+06  1.9208E+06  3.8688E+05
0000311   5.6953E+06 -8.0545E+05  1.5124E+05
0000312   6.0158E+06 -1.0430E+05 -2.1500E+06
0000313   8.8354E+06  2.7178E+06  2.9507E+06
0000314   5.0529E+06  4.0942E+06  1.5633E+06
0000315   6.5507E+06 -1.5075E+06  2.0647E+06
0000316   7.8498E+06  1.0899E+06 -1.7328E+06
0000317   6.9115E+06 -1.4079E+06  1.6549E+06
0000318   5.5478E+06 -8.4793E+05 -3.2016E+05
0000319   5.4456E+06 -6.9445E+05  1.7910E+06
0000320   8.4768E+06  1.9271E+06 -1.2129E+04
0000321   7.7810E+06 -9.5691E+05 -8.3378E+05
0000322   8.8897E+06  1.2233E+06 -4.8794E+04
0000323   5.2390E+06  9.6311E+05  6.4917E+04
0000324   7.8708E+06  2.0282E+05 -1.7113E+04
0000325   5.5592E+06  2.7990E+06  1.1553E+06
0000326   6.1574E+06 -3.0611E+05 -2.1089E+06
0000327   3.9059E+06  2.5857E+06  1.7194E+05
0000328   5.9088E+06 -3.9518E+06 -1.4662E+06
0000329   7.4879E+06 -2.6231E+05  1.8112E+05
0000330   6.9826E+06 -9.6152E+04 -5.7000E+05
0000331   5.2218E+06 -2.6165E+06  1.7202E+06
0000332   4.1707E+06  2.4160E+06  5.8535E+05
0000333   5.1074E+06  2.2740E+06 -1.8620E+06
0000334   6.1664E+06  2.2571E+06 -3.6111E+05
0000335   6.7728E+06 -9.8735E+05 -2.3557E+06
0000336   7.6347E+06 -6.5970E+05 -2.8872E+06
0000337   3.8352E+06 -2.8581E+06  4.6828E+05
0000338   7.0128E+06  5.4585E+05  1.4943E+06
0000339   7.3930E+06  1.1461E+06 -5.4806E+05
0000340   6.2939E+06  4.1345E+06  8.3677E+05
0000341   3.7243E+06  1.3322E+06 -1.6629E+05
0000342   6.0289E+06  3.5318E+05  2.4739E+06
0000343   7.6526E+06 -6.7802E+05  8.0688E+05
0000344   8.2017E+06 -6.2861E+04 -1.3889E+05
0000345   5.1861E+06  1.0890E+06  4.3579E+06
0000346   6.9008E+06  1.8423E+06  2.6598E+06
0000347   6.8570E+06 -8.6047E+05  3.6036E+05
0000348   6.3529E+06  1.7883E+05 -1.3198E+06
0000349   9.3239E+06  7.3362E+05  3.3907E+06
0000350   7.0696E+06  1.4720E+06  4.4103E+05
0000351   3.1101E+06  4.9744E+05 -1.0456E+06
0000352   7.6127E+06 -1.9766E+06  3.7051E+05
0000353   2.2426E+06  1.7281E+06  1.2499E+06
0000354   7.4499E+06  5.0907E+05  1.1140E+06
0000355   9.1617E+06  1.2320E+06 -2.7801E+05
0000356   7.0229E+06 -6.1386E+05 -9.7449E+05
0000357   3.1074E+06 -7.6163E+05  2.9221E+06
0000358   7.6252E+06  3.5298E+06  1.2400E+06
0000359   4.3351E+06  4.3340E+06 -1.3966E+06
0000360   7.6881E+06  1.1586E+06  3.0276E+06
0000361   7.0621E+06 -3.4847E+06  4.0728E+05
0000362   4.3568E+06 -3.1402E+05 -2.7869E+06
0000363   6.2806E+06  1.1005E+06 -7.2281E+05
0000364   6.6867E+06  1.4078E+06 -7.1154E+05
0000365   6.8411E+06  1.3407E+06  8.7038E+05
0000366   5.7362E+06  4.7558E+06  7.2381E+05
0000367   7.2532E+06  1.8633E+06 -6.9131E+05
0000368   7.0505E+06  3.3736E+06  1.5452E+06
0000369   7.5873E+06  8.0834E+05  5.5819E+05
0000370   6.5455E+06  4.4092E+06  7.8617E+05
0000371   1.9906E+06 -2.1166E+06 -1.6209E+06
0000372   7.0263E+06 -5.0099E+05  1.6215E+06
0000373   6.6471E+06  1.3833E+06 -4.9470E+06
0000374   4.8600E+06 -1.1121E+06  7.3633E+05
0000375   5.4637E+06  3.4667E+05  1.5024E+06
0000376   7.2618E+06  1.1931E+06 -1.4499E+06
0000377   7.4437E+06  2.1177E+06  4.7243E+05
0000378   6.9746E+06 -1.3435E+05  3.1028E+06
0000379   3.2484E+06 -2.0920E+06  1.5129E+06
0000380   4.1508E+06  2.8678E+05 -7.0109E+05
0000381   8.4623E+06  1.7253E+06 -5.0205E+05
0000382   8.7677E+06 -1.2362E+05  2.2561E+06
0000383   3.3030E+06 -2.9810E+04  3.6232E+06
0000384   3.5840E+06  5.6060E+05 -2.6558E+06
0000385   9.4476E+06  1.5561E+05 -9.1167E+05
0000386   5.3231E+06 -1.2138E+06  9.8146E+05
0000387   7.9443E+06 -2.9802E+06 -5.8325E+05
0000388   8.0050E+06  2.4569E+05  4.7153E+05
0000389   6.7477E+06 -2.1870E+06  6.5584E+05
0000390   9.1659E+06  1.3048E+06 -1.9812E+06
0000391   5.6370E+06 -2.7324E+06  1.3819E+06
0000392   5.8606E+06 -2.0612E+06  3.5248E+06
0000393   6.5777E+06 -5.5585E+05 -3.4259E+06
0000394   9.3863E+06  8.1800E+05 -6.3927E+05
0000395   5.6352E+06  1.8324E+06 -3.7601E+05
0000396   5.0283E+06 -4.7362E+06  1.3427E+06
0000397   7.6060E+06 -6.0921E+05 -6.2063E+05
0000398   7.7651E+06  1.9839E+05 -1.7837E+06
0000399   7.8838E+06 -3.4406E+05  1.2962E+06
0000400   1.4860E+06 -1.4508E+04  1.2827E+06
0000401   6.4625E+06  2.5037E+06 -7.3189E+05
0000402   8.4742E+06 -1.6844E+06 -1.0397E+06
0000403   8.1425E+06  9.6893E+05  2.2677E+06
0000404   9.0330E+06  7.0577E+05  1.7869E+06
0000405   6.2793E+06 -4.8533E+05  9.2100E+05
0000406   7.4720E+06  1.2170E+05 -2.2999E+05
0000407   5.0861E+06  2.1086E+05  3.4891E+06
0000408   5.0215E+06  9.3576E+05 -1.4692E+06
0000409   6.0746E+06  3.4284E+06 -2.9849E+06
0000410   7.5142E+06 -5.1483E+05  3.1516E+05
0000411   4.1012E+06 -2.1943E+06 -1.4006E+06
0000412   5.1758E+06 -7.1435E+05 -7.5828E+05
0000413   8.6467E+06  1.5323E+06  5.0322E+05
0000414   7.3370E+06 -1.1407E+05 -1.2572E+06
0000415   5.9458E+06  2.1284E+06 -1.0110E+06
0000416   5.9155E+06  4.1675E+05  1.6004E+05
0000417   8.2644E+06 -6.3323E+05 -2.2725E+06
0000418   7.8273E+06  1.6393E+06 -1.2671E+06
0000419   4.0434E+06  4.2950E+06  1.7007E+06
0000420   6.3671E+06 -1.0785E+06  2.1221E+06
0000421   7.2975E+06  1.0898E+06 -3.3168E+06
0000422   6.2220E+06 -2.5821E+06  1.7082E+06
0000423   8.6096E+06 -2.2529E+06 -1.2355E+06
0000424   5.2878E+06  5.0218E+05 -1.1217E+06
0000425   7.1786E+06  2.8558E+06  2.5103E+06
0000426   6.2785E+06  2.5699E+06 -3.6123E+05
0000427   7.5794E+06 -3.6055E+05 -1.4911E+06
0000428   6.1378E+06 -1.1696E+05 -1.3876E+06
0000429   4.7103E+06  3.1400E+06 -2.0186E+06
0000430   7.8568E+06 -3.6062E+06 -6.8624E+05
0000431   6.4473E+06  2.7365E+06 -4.4206E+05
0000432   6.6394E+06 -1.4594E+06  1.9074E+06
0000433   6.8567E+06 -6.7674E+05  1.5873E+05
0000434   7.2201E+06  2.2615E+06 -1.2138E+06
0000435   9.5327E+06 -9.6476E+05  3.6649E+05
0000436   5.1573E+06  2.7441E+04  1.0500E+06
0000437   5.7033E+06 -2.2551E+06  1.3340E+06
0000438   5.3975E+06 -4.0875E+05 -1.7530E+05
0000439   5.3287E+06 -1.7243E+06 -1.6829E+06
0000440   3.1088E+06 -5.3711E+05  2.7040E+06
0000441   8.8660E+06 -1.3098E+06  7.2829E+04
0000442   4.5960E+06  7.9373E+05 -1.0441E+06
0000443   4.9016E+06  4.9721E+03 -2.0420E+06
0000444   6.2235E+06 -1.0117E+06  6.3310E+05
0000445   2.7522E+06 -1.3434E+06  5.1010E+04
0000446   8.5175E+06  2.6673E+06  4.0485E+05
0000447   7.9435E+06  2.4294E+06 -2.0270E+05
0000448   2.9385E+06  6.8711E+05 -2.3226E+06
0000449   6.6809E+06 -7.1059E+05 -4.1033E+06
0000450   4.5745E+06 -1.6980E+06 -2.4645E+06
0000451   7.8139E+06 -6.8188E+05 -2.5598E+05
0000452   7.6702E+06  1.0967E+05 -1.6888E+06
0000453   6.1543E+06  7.9122E+05 -6.0181E+04
0000454   7.3412E+06 -2.0677E+06  8.6682E+05
0000455   4.4913E+06  2.1352E+06  1.6662E+06
0000456   8.6855E+06 -1.3590E+06  7.4542E+05
0000457   7.4507E+06 -4.8626E+05  2.3712E+06
0000458   6.4671E+06  1.5992E+06 -1.6125E+06
0000459   6.8813E+06  1.8423E+06 -3.5918E+06
0000460   5.0516E+06  2.2294E+05 -5.1172E+06
0000461   9.0972E+06 -1.1955E+05 -9.8816E+04
0000462   4.4397E+06 -1.1552E+05  9.1057E+05
0000463   7.6705E+06  5.4967E+05 -3.9508E+06
0000464   5.1835E+06  3.2326E+06  2.5562E+06
0000465   6.9704E+06 -2.5497E+05 -1.7329E+06
0000466   9.6919E+06 -6.3965E+05  2.9264E+05
0000467   5.8424E+06 -2.7689E+06 -1.1854E+05
0000468   9.0645E+06 -1.1601E+06 -7.7607E+05
0000469   4.7068E+06 -3.0631E+06 -1.7976E+06
0000470   4.3285E+06  4.4653E+05 -1.6932E+04
0000471   6.3147E+06 -2.0633E+06 -1.3316E+06
0000472   5.9909E+06 -1.7576E+04  1.4508E+06
0000473   6.6690E+06 -1.7656E+06 -2.2771E+06
0000474   5.9454E+06  2.2692E+04  1.1538E+06
0000475   9.0414E+06  3.5640E+05  2.0979E+06
0000476   7.2167E+06 -2.7139E+05  4.8624E+05
0000477   5.6425E+06  2.5881E+06  1.2970E+06
0000478   6.7243E+06  1.4190E+05 -2.8030E+06
0000479   8.7821E+06  2.5438E+06  2.3943E+06
0000480   6.5572E+06 -2.9547E+06  2.6358E+06
0000481   7.8396E+06 -8.1035E+05  1.3562E+06
0000482   6.3862E+06  6.8391E+05 -1.5621E+06
0000483   8.1877E+06 -2.1458E+05  1.4352E+06
0000484   7.6578E+06 -1.4454E+05 -1.0487E+06
0000485   9.7983E+06  1.0295E+06  6.0853E+05
0000486   5.2648E+06 -3.0527E+06  1.6708E+05
0000487   3.9749E+06 -3.5033E+05 -6.0686E+05
0000488   6.7304E+06 -3.3422E+06 -1.2213E+06
0000489   5.4148E+06 -2.8845E+06  1.8053E+06
0000490   5.3521E+06  5.8541E+05  1.7744E+05
0000491   6.4496E+06  1.2095E+06  3.4217E+05
0000492   7.2353E+06  3.3465E+06  1.5059E+06
0000493   7.3100E+06  1.8072E+06  1.5303E+05
0000494   8.2243E+06  3.0266E+06  4.0138E+05
0000495   5.5374E+06 -6.5254E+05  4.6790E+04
0000496   4.5420E+06 -5.4033E+05 -6.4818E+05
0000497   4.4528E+06  2.9900E+06  1.5068E+06
0000498   1.0105E+07 -2.2868E+05  1.2710E+06
0000499   7.5507E+06  7.2172E+05 -4.6278E+05
0000500   4.0145E+06  9.1988E+04 -7.9263E+05
0000501   6.2435E+06 -2.1577E+06  1.5234E+06
0000502   7.5270E+06 -6.2838E+05  6.6601E+05
0000503   7.6476E+06  2.5457E+06 -3.7084E+06
0000504   6.6559E+06  1.2862E+06  3.2884E+05
0000505   4.7305E+06  6.1996E+06 -1.5799E+06
0000506   6.5783E+06 -1.2627E+06 -1.0652E+06
0000507   3.5449E+06 -1.2851E+05  3.4444E+04
0000508   9.9107E+06  9.2408E+04 -8.4890E+05
0000509   8.0301E+06 -1.2696E+06  1.4375E+06
0000510   6.9530E+06 -1.1691E+06  3.4647E+06
0000511   9.1833E+06  1.2828E+06  3.0069E+06
0000512   5.6568E+06  3.3998E+06  3.0539E+06
0000513   6.9509E+06  4.7575E+06  1.6197E+06
0000514   6.3614E+06  3.2441E+06 -6.5300E+05
0000515   5.3663E+06 -5.1930E+05 -1.0607E+06
0000516   8.1462E+06  1.3237E+06  1.5596E+06
0000517   8.8849E+06 -7.1021E+05 -8.7862E+05
0000518   5.4062E+06 -2.8114E+06  8.2671E+05
0000519   6.1126E+06  8.8539E+05 -1.5277E+06
0000520   5.5861E+06  2.4242E+06 -1.4361E+06
0000521   7.8682E+06 -1.9079E+06 -1.7229E+05
0000522   6.9600E+06 -1.7829E+06 -3.3745E+06
0000523   7.7740E+06 -8.1413E+05  1.2603E+06
0000524   7.7934E+06 -6.7554E+05 -1.3745E+06
0000525   8.1598E+06  2.1274E+06  3.9923E+05
0000526   8.1528E+06 -1.9420E+06  5.6231E+04
0000527   7.2515E+06 -9.8095E+05 -1.7950E+06
0000528   7.4971E+06  3.3439E+05 -1.9668E+06
0000529   6.2685E+06 -1.1032E+06  3.1326E+06
0000530   9.5694E+06 -2.9859E+05 -1.7100E+06
0000531   7.3975E+06  7.7826E+04  2.4526E+06
0000532   6.1742E+06  1.0937E+06  2.2297E+06
0000533   4.1119E+06  4.1340E+05  7.4342E+05
0000534   8.0562E+06 -9.4716E+04  5.8000E+05
0000535   6.3630E+06  2.6146E+06 -1.1784E+06
0000536   5.3445E+06  4.4221E+06 -9.5547E+05
0000537   5.9230E+06 -3.3108E+06 -2.6499E+05
0000538   8.8395E+06  1.0260E+06  5.9048E+05
0000539   7.4250E+06  1.4803E+04 -3.2828E+05
0000540   5.0195E+06 -6.5964E+05  5.7966E+05
0000541   9.5706E+06 -1.7842E+06  6.0825E+05
0000542   5.8557E+06 -1.4454E+06 -1.1674E+06
0000543   3.4179E+06  7.2491E+05  1.9538E+06
0000544   4.8185E+06 -1.7674E+06 -1.1366E+05
0000545   9.2331E+06 -3.0794E+06  4.0423E+05
0000546   7.5753E+06  2.1905E+06 -2.8296E+05
0000547   6.8241E+06  8.9195E+05 -3.3738E+06
0000548   3.1457E+06 -1.8115E+06 -1.7507E+06
0000549   8.1100E+06  1.9787E+06  1.8404E+06
0000550   9.5463E+06  9.6260E+05 -2.6937E+06
0000551   5.4704E+06 -1.5740E+04 -3.3597E+06
0000552   5.6598E+06  2.0755E+06  1.8687E+04
0000553   7.1382E+06  5.0130E+05 -1.1518E+06
0000554   7.5422E+06  8.1283E+05 -7.2048E+04
0000555   6.4218E+06 -3.2828E+06  4.1094E+05
0000556   5.9470E+06 -1.1595E+06 -8.6570E+05
0000557   7.1739E+06  1.6573E+05  6.6047E+04
0000558   7.0374E+06 -1.4467E+06  1.0044E+06
0000559   4.7966E+06 -4.0938E+05  4.9631E+05
0000560   5.7810E+06 -2.3020E+06  4.4425E+04
0000561   7.6051E+06 -3.0155E+05 -2.7167E+06
0000562   7.7179E+06  6.4187E+05 -8.3137E+05
0000563   9.5396E+06  3.2399E+06  1.1378E+06
0000564   3.9983E+06 -1.3019E+06 -2.1847E+06
0000565   8.5484E+06  5.9671E+05  2.9680E+06
0000566   6.8948E+06 -7.2094E+05  4.3486E+05
0000567   4.8931E+06  2.8059E+06  3.1812E+06
0000568   6.9133E+06  1.7266E+06  5.1102E+05
0000569   7.2160E+06  1.7143E+06  1.5623E+06
0000570   7.8118E+06 -8.9184E+05 -2.2886E+06
0000571   9.0572E+06 -4.5273E+05  3.0455E+04
0000572   4.2044E+06 -3.5207E+06  2.0861E+06
0000573   7.7197E+06  4.1474E+05  6.5453E+05
0000574   4.3701E+06 -1.7408E+06 -3.2935E+06
0000575   7.2703E+06 -1.3192E+06  1.9039E+06
0000576   7.9011E+06 -1.9529E+06 -8.7546E+05
0000577   5.7635E+06 -4.0847E+05 -2.5643E+06
0000578   6.7613E+06  2.6831E+06  5.4407E+05
0000579   5.2235E+06  5.8537E+05 -4.1019E+06
0000580   6.8112E+06 -1.1476E+06  2.0265E+06
0000581   2.7657E+06  5.8323E+05  2.7741E+06
0000582   3.8764E+06 -1.9203E+06  8.1779E+05
0000583   7.5691E+06 -2.1332E+06  1.1227E+06
0000584   7.7448E+06 -3.2564E+06  1.6033E+06
0000585   8.3958E+06  1.3715E+06  1.8014E+06
0000586   6.5629E+06 -1.1927E+06  1.5661E+06
0000587   7.1501E+06  2.1760E+05  3.4263E+06
0000588   6.6713E+06  2.9959E+06 -2.6084E+05
0000589   6.9666E+06  1.2412E+06 -9.2538E+05
0000590   6.5577E+06  1.9491E+06  2.6580E+06
0000591   6.5835E+06 -3.7461E+06  3.7737E+05
0000592   7.6199E+06  1.0982E+06  1.0791E+06
0000593   7.8156E+06  2.5715E+06 -1.1596E+06
0000594   6.5094E+06 -2.7623E+06  1.9799E+06
0000595   7.7633E+06 -2.3325E+06 -1.8758E+05
0000596   6.9121E+06 -6.6879E+05 -7.9554E+05
0000597   7.4250E+06  1.5459E+04 -1.0780E+06
0000598   6.9858E+06  4.3904E+03 -1.2695E+06
0000599   6.4471E+06  1.3726E+06  1.6489E+06
0000600   7.4898E+06  1.4180E+06 -2.8525E+06
0000601   3.1329E+06 -1.1496E+06  4.3818E+05
0000602   6.0157E+06 -3.2022E+04  4.4620E+05
0000603   4.7247E+06 -5.8509E+05 -2.6600E+06
0000604   5.3284E+06  1.9206E+06 -5.3627E+05
0000605   6.5792E+06 -2.5896E+05 -2.2113E+05
0000606   5.6771E+06 -2.4493E+06  1.3597E+06
0000607   7.3773E+06  2.0995E+06  1.1553E+06
0000608   7.3259E+06  6.5253E+05  5.7131E+05
0000609   5.7559E+06  2.9265E+06 -1.5617E+06
0000610   7.6756E+06 -1.2508E+06 -2.4075E+06
0000611   7.2987E+06  1.3263E+06  1.5552E+06
0000612   6.1840E+06  2.6374E+06  1.0782E+06
0000613   8.2941E+06  1.0258E+06  1.0612E+06
0000614   7.3579E+06 -1.1143E+06 -1.9216E+06
0000615   7.1798E+06 -4.4527E+05  7.7019E+05
0000616   9.3293E+06  4.0364E+05  1.3183E+06
0000617   8.0050E+06 -1.9708E+05 -2.4561E+06
0000618   8.9668E+06 -2.5045E+05  1.4417E+06
0000619   7.1530E+06  1.7906E+06 -8.2125E+05
0000620   3.2474E+06  2.0654E+06 -1.0997E+06
0000621   4.4024E+06 -1.2520E+06  1.3854E+06
0000622   5.8910E+06  2.6130E+06  3.7691E+06
0000623   1.1958E+06 -2.4823E+05 -3.0285E+05
0000624   7.7631E+06  2.0921E+06 -3.0392E+05
0000625   6.8325E+06 -2.1530E+05 -1.1392E+06
0000626   6.1142E+06 -3.2682E+05  2.2083E+06
0000627   6.5204E+06 -2.7424E+06  1.2055E+06
0000628   7.1389E+06  3.9410E+06 -9.1084E+05
0000629   7.0653E+06 -1.4110E+06 -1.2614E+06
0000630   6.8903E+06  3.6636E+04  7.4416E+05
0000631   6.8561E+06 -1.2172E+06 -1.6830E+06
0000632   7.1305E+06 -1.1487E+06  1.6319E+06
0000633   7.0706E+06  1.3166E+06  3.8607E+06
0000634   9.7841E+06  4.1796E+05  6.5383E+05
0000635   6.1789E+06  5.2913E+05 -4.1474E+05
0000636   4.7813E+06  1.6448E+06 -1.5656E+06
0000637   8.5820E+06 -5.7990E+05  8.8510E+05
0000638   5.3056E+06 -1.3486E+04  2.7708E+04
0000639   5.6945E+06  1.9876E+06  2.2666E+06
0000640   8.2664E+06  1.4579E+06 -1.7652E+05
0000641   8.9841E+06 -1.5821E+06 -3.9017E+05
0000642   7.9716E+06  1.8054E+06 -5.5310E+05
0000643   7.4047E+06 -8.1227E+05  3.4554E+04
0000644   6.0066E+06  1.7862E+06 -1.8350E+06
0000645   7.7217E+06 -2.5184E+05  2.9077E+06
0000646   4.9495E+06 -3.7686E+05  1.2963E+06
0000647   5.5066E+06 -4.0758E+06 -4.1192E+05
0000648   8.3448E+06 -1.4806E+06 -7.5542E+05
0000649   8.2421E+06  2.9731E+06 -8.2856E+05
0000650   5.0560E+06 -1.7344E+06  2.4719E+06
0000651   7.5711E+06  1.3236E+06  3.1914E+06
0000652   7.7227E+06 -2.2047E+06  3.8084E+04
0000653   7.6324E+06  1.1031E+06  5.9191E+04
0000654   2.2669E+06 -5.4624E+05 -1.0061E+05
0000655   6.6704E+06 -1.1216E+06  2.9469E+05
0000656   9.2056E+06  3.5567E+06  1.6173E+06
0000657   6.4161E+06 -2.0112E+06  1.3383E+05
0000658   6.3117E+06 -4.2287E+05  4.9275E+05
0000659   4.5421E+06  2.6106E+06  1.4466E+06
0000660   6.5125E+06  1.3128E+05  2.9326E+05
0000661   6.7300E+06 -2.2686E+06 -5.3225E+06
0000662   4.9381E+06 -1.0478E+06 -1.1269E+05
0000663   8.9691E+06 -1.6491E+05 -2.5588E+03
0000664   7.1680E+06  6.0674E+04  5.5613E+05
0000665   4.5417E+06 -2.9150E+05 -2.1846E+06
0000666   5.8270E+06 -5.6595E+05 -7.7906E+05
0000667   4.9111E+06 -5.5398E+05  1.4041E+06
0000668   7.0227E+06  2.3611E+06 -1.6051E+06
0000669   8.0346E+06  9.0210E+05  1.1644E+06
0000670   7.1241E+06  6.2004E+05 -3.1586E+06
0000671   3.2008E+06 -2.6320E+06 -5.7890E+06
0000672   4.7206E+06  9.4680E+05  4.1349E+05
0000673   6.5803E+06 -1.4390E+05 -4.8549E+05
0000674   9.5426E+06 -2.4145E+06  2.3658E+06
0000675   7.3860E+06 -1.2103E+06 -6.1251E+05
0000676   3.7279E+06  9.1586E+05  2.0238E+06
0000677   6.6000E+06 -2.0086E+05 -1.5918E+06
0000678   7.8424E+06  6.9178E+05  1.1481E+06
0000679   4.3571E+06 -4.0612E+05 -1.3257E+06
0000680   1.2971E+06  3.1611E+06 -1.1761E+06
0000681   8.1360E+06 -1.3226E+06 -1.7148E+06
0000682   5.2365E+06  2.5749E+06 -2.6621E+05
0000683   3.6905E+06 -3.4019E+05  8.0920E+05
0000684   7.5241E+06 -9.2536E+05  6.2058E+05
0000685   6.5881E+06 -2.1276E+05 -1.7849E+05
0000686   5.5006E+06  9.4179E+05  1.6543E+06
0000687   3.9641E+06  2.7779E+06  1.0108E+06
0000688   8.6138E+06 -1.9597E+06 -9.3455E+05
0000689   7.7966E+06  5.3058E+05  1.1022E+06
0000690   6.5657E+06  8.8713E+05  2.5518E+06
0000691   5.1978E+06  5.7591E+05  3.3707E+06
0000692   3.7370E+06 -4.2530E+05  3.6524E+05
0000693   7.6187E+06  1.6612E+05 -2.6999E+06
0000694   7.8639E+06  2.9901E+06 -2.3231E+05
0000695   5.9103E+06 -1.1319E+06 -2.7253E+06
0000696   8.3483E+06 -9.4616E+05 -3.0799E+06
0000697   8.4450E+06  2.6463E+06 -1.5831E+06
0000698   5.5564E+06  6.1463E+05  8.2817E+05
0000699   8.0103E+06 -2.4814E+05  1.2346E+06
0000700   9.2543E+06  5.9805E+05  1.3647E+06
0000701   6.1451E+06  4.8298E+05  2.0212E+06
0000702   5.6643E+06 -3.4810E+06  2.1891E+06
0000703   5.5169E+06  1.0940E+06 -8.4731E+05
0000704   6.4362E+06  3.7265E+05 -2.0185E+06
0000705   7.6024E+06  8.1304E+05 -2.3614E+06
0000706   6.5406E+06  1.0548E+06  9.0796E+05
0000707   8.0626E+06  1.9525E+06  4.2967E+06
0000708   8.2295E+06  1.4533E+06  1.8410E+06
0000709   5.4941E+06  3.2324E+06 -1.1229E+06
0000710   4.9989E+06  3.0954E+06 -2.4104E+06
0000711   7.8023E+06  3.9552E+05  7.6534E+05
0000712   5.2453E+06  8.0402E+05 -9.9502E+05
0000713   6.8989E+06 -2.0912E+06  3.0941E+05
0000714   7.4668E+06  6.7698E+05 -4.2704E+06
0000715   8.7919E+06  3.0544E+06  1.1312E+06
0000716   6.9020E+06 -1.6971E+06 -1.4586E+06
0000717   7.8348E+06  1.5139E+06 -4.1650E+05
0000718   7.2888E+06  2.2432E+06 -2.6005E+06
0000719   6.5205E+06  1.4368E+06  9.5551E+05
0000720   5.9485E+06  1.5421E+06 -5.5362E+05
0000721   5.6659E+06 -1.4207E+05  3.9357E+06
0000722   5.9565E+06 -1.9898E+06 -3.1625E+06
0000723   7.1848E+06 -1.8103E+05  6.9201E+05
0000724   7.5076E+06 -7.2296E+04 -9.9990E+05
0000725   7.4926E+06 -2.7382E+05  7.6893E+05
0000726   5.5685E+06  2.7616E+06 -1.3878E+06
0000727   3.6510E+06 -1.1228E+06 -2.0215E+06
0000728   5.6344E+06  1.7805E+06 -1.3592E+06
0000729   8.0475E+06 -9.0207E+05  1.0355E+06
0000730   5.6620E+06  8.9318E+05 -5.4217E+06
0000731   7.0834E+06  8.7694E+05  2.4697E+06
0000732   7.5229E+06 -8.9127E+05 -1.6088E+06
0000733   5.0860E+06 -2.0637E+06  1.3828E+06
0000734   8.2301E+06  8.1833E+05 -3.6887E+05
0000735   4.0283E+06 -5.0274E+06  5.7816E+05
0000736   6.3022E+06  1.8559E+06 -3.0063E+05
0000737   7.2226E+06  3.4409E+06 -2.0067E+06
0000738   4.0996E+06  1.7787E+05 -1.1989E+06
0000739   6.4751E+06 -1.1060E+06 -1.8916E+06
0000740   7.4270E+06  1.3619E+06  1.7848E+05
0000741   8.9602E+06  4.7631E+05  2.3532E+05
0000742   8.4501E+06 -1.5684E+06  7.8693E+05
0000743   3.6971E+06  8.4369E+05  1.2214E+05
0000744   4.7047E+06  3.1959E+04 -2.9417E+05
0000745   8.4312E+06 -1.1122E+06 -1.0117E+05
0000746   6.1643E+06  9.7383E+05  3.5842E+06
0000747   3.7130E+06  6.6456E+04  9.3661E+05
0000748   8.4597E+06 -2.0879E+06  2.8377E+06
0000749   8.8856E+06  1.8596E+06  1.4867E+06
0000750   6.5649E+06  2.6234E+05  2.5034E+06
0000751   6.3745E+06  3.5357E+05  1.0125E+06
0000752   9.2342E+06  8.6430E+05 -1.2563E+05
0000753   6.7718E+06  1.0227E+06 -1.0529E+05
0000754   6.2524E+06  3.7097E+04 -6.4580E+05
0000755   7.7087E+06 -1.8816E+06 -9.9497E+05
0000756   4.0469E+06  6.9400E+05  1.2540E+06
0000757   7.4026E+06 -2.8030E+06  9.3538E+05
0000758   7.9779E+06  6.4725E+05 -2.9402E+05
0000759   7.1630E+06  1.0380E+06  9.9832E+05
0000760   5.0890E+06  1.4392E+06  3.8826E+05
0000761   9.0005E+06  2.4705E+06  5.2182E+05
0000762   7.2294E+06 -6.6139E+05  2.6458E+06
0000763   3.0116E+06  2.8457E+06  1.9397E+06
0000764   6.0598E+06  3.4002E+06 -1.8019E+06
0000765   5.6346E+06 -4.0202E+05 -2.9426E+05
0000766   6.4101E+06  1.1046E+06 -1.5008E+06
0000767   4.4768E+06  3.6185E+06  4.1967E+05
0000768   6.5573E+06  2.5752E+06 -9.1185E+05
0000769   5.9731E+06  4.3976E+06 -7.1695E+05
0000770   3.9063E+06  2.7482E+06  2.8813E+05
0000771   8.2056E+06 -5.8802E+05 -1.1174E+06
0000772   6.4611E+06  1.2671E+06  2.6176E+06
0000773   6.5313E+06  1.2409E+06 -1.4215E+06
0000774   8.5424E+06  9.4529E+05  1.9828E+06
0000775   8.0049E+06  3.9200E+05  3.1676E+06
0000776   8.2418E+06  1.6788E+06  1.4309E+06
0000777   7.3825E+06 -2.2133E+06 -6.6160E+04
0000778   6.4744E+06 -1.3822E+06 -6.8216E+05
0000779   6.1930E+06 -1.3131E+06  1.2881E+06
0000780   9.3088E+06  1.7578E+06  7.2021E+05
0000781   6.3432E+06 -1.0217E+06  1.6324E+06
0000782   8.1721E+06  2.6314E+06 -1.3632E+06
0000783   8.2204E+06  7.3992E+05 -1.9482E+06
0000784   5.5907E+06 -3.6852E+06 -1.1586E+05
0000785   7.9181E+06  3.3197E+05 -4.7239E+05
0000786   8.8705E+06  7.0707E+05  1.4860E+06
0000787   6.7483E+06 -1.6258E+06 -7.6564E+05
0000788   5.9042E+06 -8.8047E+05  6.8586E+05
0000789   7.7317E+06  1.8377E+06  2.6452E+06
0000790   7.1195E+06  4.1129E+06  3.5832E+05
0000791   6.0147E+06 -5.3159E+06 -2.7647E+06
0000792   9.0003E+06 -1.5506E+06 -2.2147E+06
0000793   5.1170E+06 -1.3316E+06 -5.2204E+05
0000794   8.6824E+06 -5.8190E+05  6.2528E+05
0000795   4.6768E+06  2.5936E+05 -1.2294E+06
0000796   4.7340E+06  1.6541E+06  6.5377E+05
0000797   6.3760E+06 -1.2322E+06 -3.0585E+06
0000798   4.9992E+06 -2.1600E+06 -2.2384E+06
0000799   7.8886E+06 -4.7995E+05  9.7476E+05
0000800   5.9714E+06  3.5617E+05 -6.0945E+05
0000801   8.9855E+06  2.2589E+06  9.4322E+05
0000802   4.9326E+06 -1.1717E+06 -9.2512E+05
0000803   9.8913E+06 -2.8859E+06  3.1668E+05
0000804   7.0557E+06 -4.2273E+05 -4.4200E+05
0000805   6.5063E+06 -3.7735E+04  4.3557E+04
0000806   6.8244E+06 -6.8217E+05 -7.9443E+05
0000807   7.6651E+06  1.0130E+06  8.0095E+05
0000808   2.2206E+06  4.7205E+05  2.6922E+05
0000809   7.3828E+06 -4.2834E+04  6.5003E+05
0000810   8.3228E+06 -1.5463E+06 -1.1237E+06
0000811   7.2730E+06  2.7161E+06  2.7101E+06
0000812   6.1852E+06 -6.0989E+05  2.2915E+06
0000813   3.3429E+06  2.8058E+05  9.3447E+05
0000814   5.8377E+06 -7.9392E+04  1.3676E+06
0000815   8.5697E+06 -1.0036E+06  2.8644E+06
0000816   7.8337E+06 -2.3508E+06 -3.9358E+05
0000817   5.9136E+06 -2.0364E+06 -3.6713E+06
0000818   6.5190E+06 -1.9269E+06 -1.3853E+05
0000819   5.4639E+06  9.2445E+05 -5.9108E+05
0000820   8.9125E+06 -1.3918E+06 -1.1842E+06
0000821   7.4250E+06 -2.6496E+06  7.6061E+05
0000822   5.6252E+06 -6.6242E+03  2.4484E+06
0000823   8.0405E+06 -7.7768E+05 -8.7106E+05
0000824   7.1254E+06 -1.1415E+06 -1.9768E+05
0000825   4.1065E+06  1.1680E+06 -3.4687E+06
0000826   8.5937E+06  7.7002E+04  2.0132E+06
0000827   4.6648E+06  1.4201E+06  2.7728E+06
0000828   8.6607E+06 -1.3079E+06 -2.7152E+05
0000829   6.0946E+06  1.6621E+06 -1.2068E+06
0000830   7.8871E+06  1.6731E+06 -2.5962E+06
0000831   4.7641E+06 -1.7050E+06  1.2076E+06
0000832   6.5094E+06 -2.1733E+06  4.5065E+04
0000833   8.5254E+06  1.3974E+06  1.5513E+06
0000834   8.8913E+06 -5.2339E+05  3.6910E+05
0000835   6.9063E+06 -2.8398E+04  1.5924E+06
0000836   7.8004E+06  2.0963E+06  1.5294E+06
0000837   9.6995E+05  1.0115E+05  2.3068E+05
0000838   6.7609E+06 -1.3174E+06  9.4475E+04
0000839   4.6130E+06 -3.3470E+06  1.8427E+06
0000840   7.0772E+06  5.7961E+05  3.7871E+04
0000841   8.2974E+06  1.2862E+06 -4.2461E+05
0000842   8.6529E+06 -9.0641E+05  2.2913E+06
0000843   6.3594E+06  1.1388E+05  2.0296E+06
0000844   4.3341E+06  3.7685E+05  3.4047E+06
0000845   5.7021E+06  1.0164E+05 -8.3979E+05
0000846   2.7176E+06  1.1071E+06  4.0996E+05
0000847   6.6842E+06 -2.1055E+06  3.0393E+06
0000848   7.4949E+06  2.6056E+06  4.4233E+06
0000849   7.8600E+06  7.8220E+05  3.5446E+05
0000850   7.5096E+06  7.7336E+05 -1.2048E+06
0000851   6.5638E+06  1.6783E+06  1.4256E+06
0000852   3.7721E+06  3.1802E+06  1.5434E+06
0000853   6.5487E+06  5.2422E+05 -1.0917E+06
0000854   3.4688E+06 -1.8506E+06 -1.6251E+06
0000855   8.7263E+06  1.1539E+06 -1.6066E+06
0000856   8.9508E+06 -8.4201E+05  1.5653E+06
0000857   8.9864E+06 -5.1982E+04  1.5421E+06
0000858   7.7220E+06  1.3003E+06  2.1094E+05
0000859   6.1406E+06  1.6347E+06 -5.3150E+05
0000860   7.5979E+06  1.2198E+06  2.0009E+04
0000861   4.7120E+06  1.3530E+06  2.2934E+06
0000862   6.7352E+06  2.6120E+05 -1.1441E+06
0000863   5.3215E+06  2.5041E+06 -1.4683E+06
0000864   2.8021E+06 -7.2892E+05  2.4218E+06
0000865   5.9326E+06  3.0799E+05 -2.7946E+05
0000866   8.7393E+06 -1.3475E+06 -1.3652E+06
0000867   3.8982E+06 -1.3353E+06  4.4738E+05
0000868   3.8552E+06  2.1033E+06 -2.2414E+06
0000869   6.1568E+06 -1.9381E+06  3.7388E+06
0000870   4.7967E+06 -4.1762E+05  7.8782E+05
0000871   6.3223E+06 -3.8550E+06 -1.1653E+04
0000872   6.3591E+06  8.5210E+05  1.4995E+06
0000873   6.6260E+06  9.2623E+05  1.3293E+06
0000874   7.5223E+06 -1.8907E+05 -8.1575E+05
0000875   7.0523E+06 -7.4167E+05 -1.1223E+06
0000876   8.8913E+06 -1.0823E+06  3.1893E+05
0000877   8.4317E+06  5.8880E+05  1.0263E+06
0000878   7.0264E+06  2.3188E+06  3.6732E+05
0000879   4.0702E+06 -1.9481E+06  3.9878E+05
0000880   6.5789E+06  9.1690E+05  2.6859E+06
0000881   6.5203E+06  1.0292E+06 -2.9522E+06
0000882   6.1629E+06  1.0530E+06  1.3106E+06
0000883   9.1164E+06  2.4675E+06 -1.8351E+06
0000884   5.8746E+06  2.5922E+06 -8.1236E+05
0000885   6.8757E+06  3.5989E+04 -8.1485E+05
0000886   7.4741E+06  2.0861E+06 -3.4078E+06
0000887   5.3749E+06  4.3378E+06  2.7474E+06
0000888   7.1143E+06  3.8201E+05  1.4016E+06
0000889   1.0097E+07  7.3751E+04  2.1930E+05
0000890   5.1839E+06 -1.0315E+06 -1.3542E+06
0000891   6.9327E+06  2.6028E+06 -1.8085E+06
0000892   7.7747E+06 -2.0940E+06  2.0974E+06
0000893   7.6339E+06 -2.6762E+05  9.4670E+05
0000894   6.2464E+06 -1.4312E+06 -1.6354E+06
0000895   2.2327E+06  9.2056E+05 -6.2479E+04
0000896   3.9024E+06  3.7479E+06 -5.3354E+04
0000897   1.2520E+06 -2.5425E+06 -1.3985E+06
0000898   7.8007E+06  4.7544E+05  1.7191E+05
0000899   8.3045E+06  1.0706E+06 -1.6467E+06
0000900   8.1630E+06 -3.1673E+06 -7.2771E+05
0000901   8.7627E+06 -2.7360E+06  1.4904E+06
0000902   7.0445E+06 -1.1960E+05 -2.2723E+06
0000903   1.0053E+07  2.5499E+06 -3.7452E+05
0000904   6.5667E+06 -1.0609E+06  1.0456E+06
0000905   7.2086E+06  1.5242E+06  1.5749E+06
0000906   5.6260E+06 -3.8387E+06  2.6000E+06
0000907   5.2198E+06  2.0532E+06  1.6281E+05
0000908   8.4712E+06 -1.1902E+06 -4.9110E+05
0000909   5.5544E+06  3.0037E+06 -2.1869E+06
0000910   4.9250E+06  2.1201E+05 -1.0696E+06
0000911   7.1867E+06  3.5844E+05  1.2904E+06
0000912   9.6619E+06  1.5111E+06  9.7742E+05
0000913   8.4664E+06  5.1257E+05  4.9297E+05
0000914   6.1432E+06 -6.0603E+05 -1.5130E+06
0000915   8.6188E+06  8.0806E+05  8.3486E+05
0000916   7.0819E+06  1.4242E+06 -7.4890E+05
0000917   8.4632E+06 -3.1362E+06 -4.0427E+05
0000918   8.3733E+06 -7.3408E+05  2.4161E+06
0000919   9.8824E+06 -1.3989E+05 -1.6364E+06
0000920   7.9640E+06 -5.5545E+05  2.9600E+05
0000921   2.3713E+06 -1.1001E+05 -2.2927E+06
0000922   7.1334E+06  9.9388E+05 -1.0069E+06
0000923   6.6939E+06  1.9561E+06  1.9087E+06
0000924   9.8581E+06 -9.4861E+05  5.7125E+04
0000925   5.4960E+06  2.9484E+06  2.9403E+06
0000926   3.9328E+06  7.4154E+05  9.3439E+04
0000927   5.2243E+06  5.8553E+05  6.8558E+05
0000928   6.2159E+06 -6.8666E+05  2.8231E+06
0000929   5.5904E+06 -2.3977E+05  1.5770E+06
0000930   8.0399E+06 -5.5990E+04 -1.3761E+06
0000931   7.7566E+06 -2.9187E+06 -1.3132E+06
0000932   9.0043E+06  1.6714E+05  2.0550E+06
0000933   6.6074E+06 -2.1811E+05 -8.0097E+05
0000934   9.2623E+06  3.0818E+06  2.0823E+06
0000935   8.5787E+06 -7.4505E+04  2.3071E+06
0000936   7.7435E+06  1.1937E+04  1.4392E+06
0000937   4.7708E+06  9.0136E+05  1.0812E+06
0000938   5.0031E+06  3.3152E+06 -1.2353E+06
0000939   5.6810E+06 -1.3577E+06 -1.8275E+06
0000940   7.9317E+06  3.3446E+06  2.5166E+06
0000941   7.4438E+06 -9.2062E+04 -1.9302E+06
0000942   6.3620E+06 -1.4710E+05  4.6646E+05
0000943   6.9338E+06  5.8520E+05  5.6208E+05
0000944   6.5484E+06 -3.4966E+06 -3.4918E+05
0000945   6.5234E+06  2.1701E+06  2.5619E+05
0000946   3.6539E+06 -4.3505E+05 -5.1164E+04
0000947   7.2812E+06 -3.3270E+06 -1.4493E+06
0000948   7.1207E+06  2.2516E+06  2.4758E+05
0000949   7.6301E+06 -2.6673E+05  2.0466E+06
0000950   8.8934E+06 -2.3937E+06  3.0778E+05
0000951   6.0121E+06 -3.1547E+06 -7.7442E+05
0000952   8.0611E+06  1.4657E+06 -1.4443E+06
0000953   2.8949E+06  2.0342E+05  5.5135E+05
0000954   5.3184E+06 -2.3382E+06 -2.7880E+05
0000955   8.0631E+06  1.4641E+06  5.9734E+05
0000956   7.2565E+06  3.8242E+05  1.7090E+06
0000957   8.5015E+06  1.0868E+06 -1.4368E+06
0000958   9.5150E+06  2.4016E+05 -2.0311E+06
0000959   6.7202E+06 -3.8128E+05  2.2220E+06
0000960   7.1489E+06 -1.2238E+06  2.4290E+05
0000961   7.2156E+06 -7.8473E+05 -1.3896E+06
0000962   6.0498E+06 -2.8046E+05  1.7346E+06
0000963   5.5225E+06 -8.0037E+05  1.8593E+06
0000964   8.3098E+06  5.8428E+05 -8.8798E+04
0000965   5.4783E+06 -1.2230E+06 -1.7573E+06
0000966   6.8018E+06  3.8251E+06  1.2696E+06
0000967   6.6031E+06  8.8732E+05 -3.8883E+05
0000968   6.3886E+06  1.4727E+06 -1.5356E+04
0000969   6.9101E+06  7.3963E+05  7.2201E+05
0000970   8.0821E+06  2.0136E+06 -1.6218E+06
0000971   4.5676E+06 -2.9844E+05  3.0032E+05
0000972   6.1260E+06  3.9907E+06  1.0817E+06
0000973   5.5326E+06 -2.9195E+06  6.6816E+05
0000974   8.5598E+06  1.1967E+06  2.7456E+06
0000975   6.7887E+06  2.4063E+06  2.9018E+06
0000976   3.7775E+06  1.9595E+05 -1.6389E+06
0000977   7.5632E+06 -5.9598E+05 -3.5869E+06
0000978   7.5707E+06 -1.6170E+06 -7.8442E+05
0000979   5.4522E+06 -5.3616E+06  8.7919E+05
0000980   6.1576E+06  1.0353E+06  2.1378E+06
0000981   6.1962E+06  1.7577E+06 -1.3162E+06
0000982   5.4422E+06 -2.1300E+05  3.0612E+06
0000983   6.3871E+06  2.6184E+06 -2.9264E+06
0000984   6.6028E+06  2.0762E+06  2.1924E+06
0000985   8.2602E+06 -1.2330E+06 -9.1672E+05
0000986   4.7736E+06 -1.4502E+06  9.2702E+05
0000987   7.6548E+06  5.7178E+05  4.6116E+06
0000988   5.5228E+06 -1.0194E+06 -1.3326E+06
0000989   9.7425E+06 -6.2827E+05 -4.0780E+06
0000990   5.0289E+06  2.7984E+05 -1.1173E+06
0000991   8.9129E+06  5.8237E+05  1.0772E+06
0000992   7.2934E+06 -1.9847E+06  1.1683E+06
0000993   8.7044E+06 -6.1380E+05  5.4485E+05
0000994   5.8768E+06  9.5014E+05  2.6424E+06
0000995   7.0737E+06  2.2113E+06 -3.4936E+05
0000996   4.2520E+06 -1.7292E+05 -4.3327E+06
0000997   6.1536E+06  9.8048E+05  1.4120E+06
0000998   6.7938E+06  1.3957E+06 -8.6568E+05
0000999   7.0397E+06 -1.8888E+06 -2.1932E+06
0001000   4.6880E+06 -1.3872E+06 -5.0997E+04
