============================== SRIM-2013.00 ==============================
==============================================================================
====== SRIM Outputs\RANGE_3D.txt : File of Final Ion Positions =====

Ion = Ar (18)   Ion Mass= 039.9620
Energy  = 1757510.E-05 keV
Ion Angle to Surface = 00.0 degrees
==================== TARGET =======================
  Layer # 1 - Layer 1
  Layer # 1 - Bottom Depth=100000.E+02 A
  Layer # 1 - Density =0000.0036 g/cm3
  Layer # 1 -  100 % of Ar
様様様様様様様様様様様様様様様様様様様様様様様様様様
                                            
Ion       Depth  X   Lateral Y   Lateral Z  
Number    (Angstrom) (Angstrom)  (Angstrom) 
-------  ----------- ----------- -----------
0000001   2.7467E+05 -1.1090E+05 -5.7177E+04
0000002   1.1250E+05 -3.7371E+04 -3.0316E+04
0000003   2.0304E+05 -5.9631E+04 -5.8202E+04
0000004   1.3019E+05 -8.2488E+04  5.1554E+04
0000005   1.2887E+05 -1.1941E+05 -3.9934E+04
0000006   1.7749E+05  8.5979E+04 -4.6786E+04
0000007   5.7588E+04  5.2557E+04 -6.6544E+04
0000008   2.1397E+05  2.9667E+04  2.8792E+04
0000009   2.3384E+05 -1.6047E+04 -8.7543E+04
0000010   1.9651E+05  2.5825E+04 -2.9107E+04
0000011   2.9355E+05 -1.1823E+05 -8.8955E+04
0000012   2.4770E+05  2.6938E+04 -5.3706E+04
0000013   3.4478E+05 -6.9946E+04  1.3713E+05
0000014   2.7811E+05 -1.0424E+05  1.3487E+05
0000015   2.3422E+05  3.2756E+03 -7.2225E+04
0000016   1.8143E+05 -2.2376E+05 -8.0577E+04
0000017   3.1776E+05  2.8715E+04 -5.9773E+04
0000018   6.7391E+04 -6.7369E+04 -4.2207E+04
0000019   2.2322E+05 -1.0278E+05  5.8294E+04
0000020   2.8874E+05  1.4867E+05 -9.0105E+04
0000021   2.0834E+05 -1.4724E+04  2.1127E+04
0000022   1.4220E+05 -1.9472E+05 -2.3302E+05
0000023   1.8025E+05  7.8088E+03 -1.8729E+05
0000024   3.3635E+05  4.9760E+04 -2.1240E+03
0000025   1.2255E+05  7.9144E+04  6.2491E+04
0000026   3.3217E+05  1.2521E+05  7.9026E+03
0000027   2.7634E+04  5.8211E+03 -5.5774E+04
0000028   2.4853E+05  1.3995E+04 -3.7202E+04
0000029   3.4387E+05 -9.7095E+04 -3.4690E+04
0000030   3.6473E+05  6.1677E+04 -1.2947E+05
0000031   2.1548E+05 -7.3943E+04  1.1883E+04
0000032   2.0981E+05  4.0141E+04 -6.1152E+03
0000033   3.2039E+05  7.2470E+04  1.0049E+04
0000034   2.0823E+05  2.1228E+05 -7.8315E+04
0000035   3.2251E+05 -2.4466E+04  6.6939E+04
0000036   9.9376E+04 -7.4962E+03 -2.6369E+04
0000037   2.2731E+05  2.3933E+05  8.2753E+04
0000038   2.9236E+05  1.2608E+05 -1.1646E+04
0000039   1.5998E+05 -4.2085E+04 -2.5581E+04
0000040   3.7191E+05 -1.1475E+05  5.9277E+04
0000041   1.6138E+05 -3.1201E+04  6.2781E+04
0000042   1.5908E+05  5.7583E+04 -3.7843E+04
0000043   2.2967E+05 -1.4173E+05 -2.9337E+04
0000044   1.8829E+05 -1.3645E+04 -3.0266E+04
0000045   1.3358E+05 -5.6448E+03  6.0825E+04
0000046   2.1646E+05  1.3517E+04 -1.6556E+05
0000047   1.3959E+05 -9.4657E+03  2.2427E+04
0000048   8.8189E+04  2.7891E+04 -6.0059E+04
0000049   5.3439E+04  4.5645E+04 -2.7598E+04
0000050   2.4284E+05 -6.2642E+04 -1.2622E+05
0000051   3.3999E+05 -3.0139E+04  4.8962E+04
0000052   1.5402E+05 -4.0229E+04  5.8059E+04
0000053   1.5294E+05 -5.9550E+04 -4.9317E+03
0000054   1.0184E+05  1.8244E+04 -7.0773E+03
0000055   8.8295E+04  3.7922E+03 -1.6464E+05
0000057   1.8020E+05 -4.7353E+04  5.9591E+04
0000058   4.1651E+05 -4.1491E+04 -3.3633E+04
0000059   1.6313E+05 -2.0575E+04  2.0374E+05
0000060   9.7186E+04  4.8810E+04 -3.9395E+04
0000061   4.3193E+05  5.3082E+04  3.0035E+04
0000062   3.5349E+04  5.0792E+04  4.8106E+04
0000063   5.2961E+04 -6.9614E+04 -8.1104E+04
0000065   8.6384E+04  3.0990E+04  9.2328E+04
0000066   2.4691E+05 -1.0493E+05 -4.5897E+04
0000067   3.0651E+05  6.9866E+03  2.1519E+04
0000068   2.0202E+05  5.7826E+04 -1.1778E+04
0000069   3.4631E+05 -3.2804E+04 -1.0123E+05
0000070   2.7717E+04  1.4071E+05 -2.3429E+04
0000071   7.6313E+04 -1.6986E+05 -7.8254E+02
0000072   1.9643E+05 -1.0031E+05 -4.7331E+04
0000073   2.0314E+05 -1.4123E+05  5.0703E+04
0000074   1.9942E+05 -1.1338E+05  3.9568E+04
0000075   3.1937E+05 -2.1418E+05  8.2111E+04
0000076   1.3530E+05 -1.8773E+04  1.1839E+04
0000077   3.4482E+05  6.0016E+04 -7.3223E+04
0000078   2.4550E+05 -6.5022E+04  5.0651E+04
0000079   4.1979E+04 -1.1587E+05  2.0361E+04
0000080   3.1949E+05  4.4076E+04 -1.1524E+04
0000081   1.8933E+05  3.5058E+04 -6.7865E+03
0000082   7.0266E+04 -2.8151E+04  1.4212E+04
0000083   1.5073E+05 -1.9715E+05 -1.1674E+05
0000084   1.0475E+05  9.2081E+04  6.1495E+04
0000085   2.3372E+05 -2.4300E+03  2.9344E+04
0000086   2.5570E+05  1.4383E+05 -6.0668E+03
0000087   3.0582E+05  1.2939E+04  1.3642E+05
0000088   8.9753E+04  1.5952E+05  4.9872E+03
0000089   1.7126E+05  2.3311E+05 -1.1340E+05
0000090   1.5961E+05 -3.0767E+04 -3.8228E+04
0000091   4.4900E+04  2.6889E+04  8.0336E+04
0000092   9.6388E+04  3.6266E+04 -7.8885E+03
0000093   1.4273E+05  2.6174E+04 -1.8234E+05
0000094   2.3534E+05  1.0481E+05  2.8964E+04
0000095   1.5604E+05 -4.0468E+04 -6.4911E+03
0000096   3.3193E+05 -1.9739E+05  8.1233E+04
0000097   4.7408E+05 -6.4992E+03  1.8461E+05
0000098   9.8630E+04  2.0331E+05 -7.7646E+04
0000099   2.4926E+05  1.2974E+05  7.5881E+04
0000100   4.2640E+05  1.3418E+05  3.4925E+04
0000101   4.1819E+04 -4.8345E+04  1.5645E+04
0000102   2.2543E+05  8.9277E+04 -5.5703E+04
0000103   1.0827E+05  8.5751E+04 -2.6363E+03
0000104   2.1039E+05  7.9428E+04 -4.0418E+04
0000105   1.2196E+05  4.5890E+03 -5.4423E+03
0000106   4.2560E+05  1.6536E+05 -3.3046E+04
0000107   2.0268E+05 -4.4011E+04 -2.7462E+04
0000108   1.3800E+05 -1.8087E+04  6.7796E+03
0000109   3.5795E+05  1.6242E+05 -5.3918E+04
0000110   1.6431E+05  8.1036E+04  4.9803E+04
0000111   3.0933E+05 -2.8362E+04  1.8495E+04
0000112   1.9719E+05  1.0267E+05  5.9895E+03
0000113   1.5710E+05 -1.9923E+04 -2.6708E+04
0000114   2.5225E+05  2.0132E+04 -2.5705E+05
0000115   8.6796E+04 -1.1000E+05 -2.4483E+04
0000116   8.2336E+04  1.6146E+04 -1.9205E+04
0000117   5.0259E+04 -7.6734E+03  2.1908E+03
0000118   1.7528E+05  2.9608E+04  4.0695E+03
0000119   1.2402E+05 -8.0496E+04 -2.2177E+04
0000120   3.4566E+05 -1.7200E+05  9.0155E+04
0000121   2.1531E+05  1.2406E+05 -1.5585E+05
0000122   1.3324E+05 -1.2936E+05 -1.2576E+04
0000123   1.5498E+05  5.9050E+04  3.8897E+04
0000124   1.9269E+05 -7.3630E+04  1.5846E+04
0000125   1.6116E+05  1.4373E+05  3.3110E+04
0000126   2.5962E+05  1.0886E+03 -1.0617E+05
0000127   1.8978E+05  2.7898E+04  1.9216E+05
0000128   2.5004E+05 -1.7851E+05  1.8275E+04
0000129   1.8312E+05 -7.2774E+04 -4.0428E+04
0000130   1.1466E+05  1.6284E+04  9.5533E+04
0000131   3.4896E+05  2.3447E+05 -4.6594E+04
0000132   9.1367E+04  4.9544E+04  2.0931E+04
0000133   1.8447E+05  3.2487E+04 -5.5452E+04
0000134   2.7235E+05 -4.1194E+04 -7.6389E+04
0000135   6.1764E+04 -5.7052E+04 -2.5547E+04
0000136   2.1231E+05  1.2083E+05 -2.7179E+04
0000137   2.2325E+05  2.0145E+04 -1.6779E+04
0000138   2.2694E+05 -8.1333E+03  1.0043E+05
0000139   1.4935E+05 -1.0066E+04  2.8492E+04
0000140   3.2174E+05 -6.7402E+04 -5.2199E+04
0000141   2.4009E+05 -1.0811E+05 -2.8261E+04
0000142   2.3022E+05 -7.4667E+04  3.0363E+04
0000143   2.1870E+05  3.9350E+04  1.4317E+04
0000144   1.5682E+05  1.8082E+04 -1.2294E+05
0000145   3.8327E+05 -5.8599E+04 -1.8451E+04
0000146   4.3085E+05  1.0415E+05 -1.4602E+05
0000147   1.6143E+05 -1.8546E+04  2.1352E+04
0000148   6.0794E+04  4.3569E+04  3.4826E+04
0000149   1.8746E+05  1.9657E+05  1.1066E+04
0000150   1.9742E+05  5.3735E+02  1.5739E+04
0000151   2.0829E+05 -3.3872E+04 -7.3358E+04
0000152   3.4680E+04  3.9320E+04 -6.5282E+03
0000153   3.0970E+05 -9.7582E+03  5.9190E+04
0000154   2.6783E+05 -1.0311E+05  5.4601E+04
0000155   6.0310E+04 -1.2495E+04  1.6437E+04
0000156   1.4261E+05 -5.7363E+04 -8.6112E+04
0000157   1.7189E+05 -8.8831E+03  7.7297E+03
0000158   1.4415E+05 -1.0062E+05  1.0787E+04
0000159   1.1888E+05 -2.0646E+04 -4.5783E+04
0000160   2.6369E+05 -2.0066E+05  8.0304E+04
0000161   8.5844E+04  3.3233E+04  7.3236E+03
0000162   1.3139E+05 -6.0624E+04 -1.1858E+05
0000163   2.6948E+05 -3.2880E+04  2.3622E+05
0000164   1.7499E+05 -6.5109E+04  1.1683E+04
0000165   1.8325E+05  1.7882E+04 -1.6556E+04
0000166   6.9941E+04 -1.2274E+04 -1.0865E+04
0000167   3.4393E+05 -1.3743E+05  8.0185E+04
0000168   3.1981E+05 -3.1991E+04  1.2345E+04
0000169   1.5675E+05  1.0592E+05 -2.1664E+04
0000170   1.6048E+05 -7.8927E+03 -1.1517E+05
0000171   3.2756E+05  4.2098E+04 -4.1239E+04
0000172   1.2148E+05  5.4008E+04  1.5896E+04
0000173   1.8015E+05 -1.6492E+05 -6.9352E+04
0000174   1.9236E+05  1.3917E+05 -7.7307E+03
0000175   2.1819E+05 -7.7907E+04 -1.0744E+05
0000176   1.0215E+05  1.1209E+05  8.8597E+04
0000177   6.8723E+04 -3.6428E+04  1.0845E+05
0000178   1.3669E+05  8.8691E+04 -4.4784E+04
0000179   1.9113E+05  5.5416E+04 -6.1900E+04
0000180   4.0796E+05 -2.3050E+04 -5.1840E+04
0000181   1.2362E+05 -2.0438E+04 -8.8877E+04
0000182   2.1870E+05  1.1411E+05 -8.8406E+03
0000183   2.4264E+05  8.2420E+04 -9.9975E+02
0000184   3.3156E+05 -8.4409E+03 -5.6633E+04
0000185   2.5340E+05  2.2447E+04  1.2244E+04
0000186   1.1759E+05  1.5460E+05 -6.3313E+04
0000187   1.6933E+05  1.5683E+05 -1.5430E+04
0000188   3.4865E+05 -5.9663E+03  1.4376E+05
0000189   2.3244E+05 -1.9507E+05  1.1747E+05
0000190   2.8281E+05  1.1762E+03 -4.1500E+04
0000191   3.5030E+05  2.2220E+04  4.3488E+04
0000192   1.7947E+05  7.4483E+04  8.1143E+04
0000193   1.5378E+05 -3.7479E+04  4.9995E+04
0000194   1.1433E+05 -2.7553E+04  2.7459E+04
0000195   2.8455E+05  8.0263E+04  1.1690E+05
0000196   2.3123E+05 -7.9421E+04  1.7030E+04
0000197   6.9986E+04  3.3789E+04  3.1745E+04
0000198   3.2987E+05  1.3465E+04 -1.3608E+05
0000199   2.0321E+05  3.5941E+04 -6.0409E+04
0000200   2.8755E+05  8.9655E+04  1.9691E+05
0000201   2.1332E+05 -7.4299E+04  1.0872E+03
0000202   2.3521E+05 -4.5423E+04  9.2197E+03
0000203   1.1606E+05 -7.7679E+04 -1.3593E+04
0000204   1.2544E+05 -1.0721E+05  2.3018E+05
0000205   3.2083E+05  6.8084E+04 -2.7777E+04
0000206   2.3721E+05 -5.7642E+04 -1.5729E+05
0000207   1.7270E+05  1.4367E+05 -1.6204E+05
0000208   1.1893E+05 -1.2896E+05  5.1616E+04
0000209   2.2974E+05 -7.5459E+04  1.1159E+05
0000210   4.4910E+04  7.6116E+04 -6.2439E+02
0000211   1.9452E+05 -7.2542E+04  1.1642E+05
0000212   1.8131E+05  2.1804E+04  1.6878E+05
0000213   1.2913E+05  7.9854E+03 -7.0796E+04
0000214   5.4392E+04 -1.0500E+05 -1.1498E+05
0000215   2.1203E+05 -3.3268E+04 -5.5373E+04
0000216   1.7728E+05  1.6906E+04 -1.3374E+05
0000217   3.1104E+04 -5.6403E+04 -1.9127E+04
0000218   2.9827E+04  3.1337E+03 -1.0108E+05
0000219   1.6367E+05  3.2993E+04 -1.9471E+04
0000220   1.4915E+05  1.6817E+04  1.5005E+05
0000221   9.1884E+04 -6.6958E+04  1.7108E+04
0000222   2.3958E+05  6.0683E+04 -1.0747E+05
0000223   3.3288E+05 -8.6692E+04  4.6579E+04
0000224   1.4546E+05 -1.2987E+04  6.1402E+02
0000225   1.6261E+05 -4.8657E+04 -1.2214E+05
0000226   8.2499E+04 -1.3906E+04 -5.1371E+03
0000227   2.0554E+05 -8.3112E+04  8.0679E+04
0000228   1.8078E+05 -1.5288E+05  6.0533E+04
0000229   7.0575E+04 -6.2593E+04  7.9364E+04
0000230   1.9629E+05 -4.1195E+03  6.6281E+04
0000231   1.9993E+04  8.4845E+04  8.1391E+04
0000232   1.4444E+05 -4.4787E+04 -9.9704E+04
0000233   3.7592E+05  1.0093E+05 -2.1093E+05
0000234   1.2956E+05  9.5352E+04 -1.6354E+04
0000235   2.4261E+05  3.3992E+04  8.2347E+04
0000236   1.3482E+05  5.8477E+04  6.0431E+04
0000237   3.7113E+05  1.8219E+05 -1.9584E+04
0000238   2.3027E+05  7.9769E+04 -9.2378E+04
0000239   1.0808E+05 -7.4016E+03 -3.1211E+04
0000240   1.8455E+05  1.9668E+04 -1.0170E+05
0000241   3.0213E+05 -5.3555E+04  1.5982E+05
0000242   1.5714E+05 -4.5092E+04 -2.4218E+04
0000243   1.9968E+05  2.5579E+04 -5.6444E+03
0000244   1.9035E+05  9.8140E+04  3.1681E+04
0000245   1.8722E+05 -2.6544E+04 -1.3502E+04
0000246   3.0578E+05  1.8742E+05  6.5056E+04
0000247   2.4773E+05  1.6376E+04 -9.6375E+04
0000248   1.1455E+05  8.7449E+03  1.3795E+04
0000249   3.4769E+05  9.0386E+04 -1.7086E+05
0000250   1.9516E+05 -6.2641E+03  2.6691E+05
0000251   9.9087E+03  9.3765E+04 -7.9214E+04
0000252   1.5121E+05 -3.1051E+05  2.6262E+05
0000253   1.2181E+05  1.6877E+04  1.6749E+05
0000254   2.9867E+05 -6.0131E+04 -7.8111E+04
0000255   2.8017E+05 -1.1899E+04  6.1170E+04
0000256   6.1027E+04  1.2908E+05 -9.3771E+04
0000257   2.2524E+05 -4.7739E+04  1.5288E+05
0000258   1.6208E+05  1.7619E+04 -3.3913E+04
0000259   1.5039E+05 -4.0942E+04 -7.9197E+04
0000260   3.1203E+05  9.9969E+03  1.7757E+05
0000261   1.7658E+05  8.7163E+04 -4.1531E+03
0000262   6.6044E+04  5.3547E+04  6.1825E+04
0000263   2.4553E+05 -1.0236E+05  1.9550E+04
0000264   3.4417E+05 -8.1527E+04  9.4926E+04
0000265   1.9683E+05 -2.5495E+04  3.4619E+04
0000266   3.3167E+05 -5.8016E+04  4.7757E+04
0000267   1.3547E+05 -1.9493E+05 -9.4882E+04
0000268   1.3852E+05 -2.1551E+05  1.4188E+05
0000269   2.5748E+05 -4.1886E+03 -7.1518E+04
0000270   1.5486E+05  1.4012E+05  1.2034E+05
0000271   3.1703E+05  3.7859E+04 -9.5856E+04
0000272   3.2856E+05 -7.3413E+04 -4.8270E+04
0000273   2.5135E+05  1.0579E+05 -1.3094E+05
0000274   2.4968E+05  3.1284E+04  3.5308E+04
0000275   2.1119E+05 -1.3986E+04  5.9975E+04
0000276   1.3791E+05  7.8307E+04  3.0010E+04
0000277   6.2000E+04 -6.6822E+04  1.5168E+05
0000278   4.4652E+05  1.5548E+05  6.1910E+04
0000279   2.2498E+05  2.2222E+04 -7.7972E+04
0000280   4.3371E+05 -5.0369E+04 -1.5757E+05
0000281   7.6197E+04  5.5695E+04  1.5778E+04
0000282   1.0614E+05 -1.7485E+04  5.1888E+04
0000283   2.0774E+05  5.8366E+04 -6.8483E+04
0000284   1.3986E+05 -8.9714E+04 -4.4660E+04
0000285   1.4035E+05  1.3857E+05  1.3604E+05
0000286   2.5219E+05  1.2002E+05  2.0324E+04
0000287   9.3008E+04 -6.2441E+03  2.1480E+04
0000288   1.1002E+05 -1.1684E+04 -9.3867E+04
0000289   1.4868E+05  3.5954E+04 -1.9763E+04
0000290   2.7535E+05  1.2957E+05 -1.2281E+05
0000292   2.5750E+05  2.0926E+05  1.6256E+05
0000293   1.7680E+05 -9.1068E+04  6.1410E+04
0000294   5.2982E+04 -2.0661E+04  1.0039E+04
0000295   3.1570E+05  7.6727E+04 -1.0140E+05
0000296   1.9513E+05  1.9658E+03  1.4093E+05
0000297   1.7675E+05  6.8589E+03  3.9903E+04
0000298   2.7630E+05  7.8021E+04 -4.5770E+04
0000299   2.9701E+05 -8.1577E+03 -2.2229E+04
0000300   1.9069E+05 -8.5603E+04  2.3051E+04
0000301   1.5815E+05  3.8611E+04 -1.0358E+05
0000302   1.6187E+05 -1.2516E+03 -8.2864E+04
0000303   2.6096E+05 -6.0232E+04 -1.6243E+05
0000304   3.0047E+05  1.0455E+05  5.8918E+04
0000305   3.0701E+05  1.5100E+05 -5.9078E+04
0000306   3.9806E+05 -5.6284E+04  1.3474E+05
0000307   3.2028E+05 -4.0162E+04  1.0353E+05
0000308   1.7409E+05 -4.9177E+04 -1.6214E+05
0000309   2.5535E+05  9.5133E+04 -1.7740E+04
0000310   3.1428E+05 -4.2966E+04  9.7735E+04
0000311   2.3194E+05 -9.1428E+04 -2.0693E+04
0000312   1.5921E+05  2.7222E+04 -3.4236E+04
0000313   3.2547E+05 -1.0265E+04 -1.5911E+04
0000314   4.3142E+05 -1.0459E+05  3.7364E+04
0000315   2.4810E+05 -2.6313E+04 -7.1556E+04
0000316   2.0396E+05  1.9250E+05  9.4464E+04
0000317   2.9288E+05  1.0736E+05  1.1358E+05
0000318   2.6946E+05 -1.2235E+05 -1.0665E+05
0000319   1.3155E+05  3.7796E+04  5.1254E+04
0000320   2.9007E+05 -7.2202E+04  9.5124E+04
0000321   2.4791E+05  1.1370E+04 -5.6051E+03
0000322   1.6767E+05  1.0582E+04  8.1021E+04
0000323   3.5726E+05  1.6708E+04  1.5307E+04
0000324   4.6166E+04  6.4230E+04 -7.4569E+04
0000325   3.1261E+05 -1.8430E+05 -3.8935E+04
0000326   2.1564E+05  2.2228E+04 -4.6418E+04
0000327   1.7458E+05  7.8451E+04 -1.8221E+05
0000328   5.0364E+04  7.8043E+04  1.3974E+04
0000329   2.8237E+05  2.3378E+05 -2.2143E+05
0000330   2.1594E+05  9.4300E+04 -2.2273E+04
0000331   4.1376E+05 -1.5790E+05  5.2159E+04
0000332   3.2079E+05 -9.6803E+04  2.0664E+04
0000333   1.4299E+05  7.7849E+04 -4.4614E+03
0000334   1.2484E+05 -3.9367E+04  1.2726E+04
0000335   3.4921E+04 -6.9069E+03  2.2789E+04
0000336   3.2182E+05  1.4865E+04 -1.2389E+05
0000337   1.2250E+05 -1.1110E+05  8.3787E+04
0000338   1.7322E+05 -2.4302E+04  2.2823E+05
0000339   5.8333E+04  2.3177E+04 -4.8344E+03
0000340   2.2411E+05  2.5036E+05 -1.4990E+05
0000341   1.3319E+05 -8.6450E+03 -5.0054E+04
0000342   1.8382E+05  8.9682E+04 -2.1664E+04
0000343   3.2759E+05  1.5544E+05 -8.8887E+04
0000344   1.0775E+05 -1.7607E+04  5.7087E+04
0000345   1.9567E+05  1.7310E+05 -1.5018E+05
0000346   2.0841E+05 -8.0630E+04 -1.7098E+04
0000347   5.9190E+04 -4.4743E+04 -4.0642E+04
0000348   3.5531E+05 -9.0036E+04  3.4998E+04
0000349   1.8267E+04  3.2454E+04 -8.2976E+04
0000350   1.3685E+05  1.2207E+05 -1.2659E+05
0000351   2.6372E+05  1.6927E+05 -1.3781E+05
0000352   2.1386E+05 -7.2400E+04 -4.7873E+04
0000353   3.7239E+05  7.7560E+04  3.9650E+04
0000354   4.7040E+05  1.3448E+05  4.3687E+03
0000355   5.0333E+04 -4.7843E+04  1.3921E+04
0000356   2.4602E+05 -4.5823E+04 -5.7572E+04
0000357   1.2040E+05 -4.6683E+04 -5.2725E+04
0000358   3.7940E+05 -2.0618E+04  4.1512E+04
0000359   2.7009E+05  1.4941E+04 -8.9898E+04
0000360   2.3542E+05 -4.0840E+04 -3.6059E+04
0000361   2.1646E+05  5.7645E+04  8.4998E+04
0000362   2.0680E+05  3.9180E+04  1.2805E+05
0000363   2.4960E+05  4.1390E+04  1.4339E+05
0000364   1.6889E+05 -2.8319E+04 -6.4679E+04
0000365   2.6396E+05 -1.3753E+05  2.5545E+03
0000366   1.1911E+05 -6.5253E+03 -5.7943E+04
0000367   2.7762E+05 -2.4579E+04  1.0210E+05
0000368   2.4279E+05 -8.0305E+04 -4.1667E+04
0000369   1.2899E+05 -6.8692E+04 -6.8612E+04
0000370   2.7979E+05  4.5745E+04  4.8177E+04
0000371   2.0022E+05 -1.8171E+04 -1.1428E+05
0000372   1.3778E+05 -2.2677E+05 -8.5090E+04
0000373   1.7304E+05  1.2647E+05 -5.7025E+03
0000374   1.4783E+05 -3.6697E+04 -2.5357E+04
0000375   2.1339E+05 -4.9406E+04 -5.2379E+04
0000376   1.6547E+05  4.7393E+04  5.0210E+04
0000377   1.7415E+05  5.1255E+04 -7.0671E+04
0000378   1.7205E+05 -2.5261E+04  5.4933E+03
0000379   1.5703E+05  9.2265E+04  2.6668E+04
0000380   1.2756E+05  1.8679E+04 -2.7864E+03
0000381   5.2162E+04 -1.8357E+04  8.7415E+04
0000382   2.0070E+05 -1.0840E+05  2.9855E+04
0000383   1.2872E+05  3.9642E+04 -1.2441E+03
0000384   2.1649E+05  8.1254E+04 -6.2136E+04
0000385   2.2910E+05 -9.9677E+04 -4.2514E+04
0000386   3.1256E+05  4.8563E+04  1.8496E+05
0000387   2.0299E+05  1.1737E+05 -1.3500E+05
0000388   1.8819E+05 -4.5853E+04 -9.0744E+03
0000389   7.2197E+04 -4.7554E+04 -2.0426E+05
0000390   2.9705E+05 -7.8319E+04  1.3203E+04
0000391   1.2599E+05 -4.7521E+04 -8.2683E+04
0000392   1.8820E+05  4.3617E+04  2.1824E+04
0000393   2.1516E+05  7.6137E+02 -6.3994E+04
0000394   2.0601E+05  5.0069E+04 -1.4345E+05
0000395   2.1608E+05  9.1223E+04 -4.0875E+04
0000396   8.3700E+04  8.0331E+04 -6.5575E+04
0000397   1.9432E+05 -1.7297E+03 -6.1701E+03
0000398   3.3955E+05 -2.5019E+04 -5.4091E+04
0000399   2.5271E+05  7.8555E+04  4.3553E+04
0000400   9.9863E+04 -3.5300E+04 -1.0176E+05
0000401   9.0977E+04 -8.4110E+04  2.7832E+04
0000402   1.5982E+05 -6.1595E+04  6.6566E+04
0000403   3.6206E+05  1.0965E+04 -2.3667E+04
0000404   1.6293E+05  4.1781E+04  2.7416E+04
0000405   1.6125E+05 -2.3966E+04  7.5556E+04
0000406   1.4825E+05  8.6037E+04  6.0992E+04
0000407   3.9617E+05 -1.7271E+05  1.5785E+03
0000408   2.1657E+05 -6.8428E+04  9.2402E+04
0000409   4.6864E+04 -3.5708E+04 -3.2538E+04
0000410   2.4731E+05  4.0821E+04 -2.8126E+04
0000411   8.1552E+04  9.4390E+03 -4.0763E+04
0000412   2.2660E+05  1.4163E+05  9.7891E+04
0000413   2.4037E+05 -1.3205E+05 -5.1523E+04
0000414   3.9719E+05 -1.1797E+05  7.6742E+04
0000415   4.6881E+05 -5.5051E+04 -3.3997E+04
0000416   4.1367E+05 -5.1941E+04 -3.3721E+04
0000417   1.6302E+05 -6.9180E+03 -1.0829E+05
0000418   1.7479E+05  3.1173E+04 -5.7561E+04
0000419   2.6040E+05  3.2827E+04  5.1229E+04
0000420   1.4966E+05 -3.1721E+04  1.4229E+04
0000421   1.9854E+05  1.6393E+05  9.9334E+03
0000422   6.8513E+04 -8.3290E+04  4.9282E+04
0000423   2.1942E+05 -1.1518E+05 -1.1590E+05
0000424   2.5226E+05 -1.7159E+05  5.2933E+04
0000425   1.4090E+05  1.0538E+05  1.0760E+05
0000426   1.2985E+05  9.9257E+04  8.4019E+04
0000427   1.7490E+05 -1.6188E+04 -5.3909E+04
0000428   2.0336E+05 -4.5290E+04 -3.2603E+04
0000429   9.2838E+04 -4.0176E+04 -2.8186E+03
0000430   2.2941E+05  1.3150E+05 -7.9887E+04
0000431   1.9164E+05  6.0894E+04 -6.5943E+04
0000432   2.8167E+05  1.2909E+05  1.6092E+04
0000433   7.5683E+04  8.1158E+04 -3.9195E+04
0000434   1.7591E+05 -4.8020E+04 -3.9767E+04
0000435   2.7897E+05  1.5276E+04 -2.9508E+03
0000436   1.5204E+05 -1.1070E+05  1.9955E+05
0000437   2.8601E+05 -5.5399E+04  4.3554E+04
0000438   2.4305E+05  1.8463E+04 -1.4071E+05
0000439   1.4604E+05 -7.0660E+04 -1.6988E+04
0000440   1.0951E+05 -6.1373E+02  1.2027E+05
0000441   1.0983E+05 -1.1277E+05 -7.1160E+03
0000442   2.3774E+05  4.4040E+04 -1.2815E+05
0000443   2.9181E+05  5.5539E+04 -3.9162E+03
0000444   2.3910E+05  6.1754E+03 -2.6042E+04
0000445   1.4957E+05  5.7976E+03  2.2557E+04
0000446   1.4558E+05 -6.4800E+03  7.2862E+04
0000447   1.4911E+05  5.3331E+03  1.1045E+05
0000448   1.1203E+05 -7.6305E+04  4.4930E+04
0000449   7.3720E+04 -9.4897E+04  5.1219E+04
0000450   2.0413E+05 -2.1129E+05  5.5972E+04
0000451   1.0422E+05  2.3542E+04 -2.4196E+04
0000452   4.2490E+05  4.8260E+04 -1.9505E+04
0000453   4.4127E+04  6.0730E+04 -2.5991E+04
0000454   2.6559E+04  6.9434E+03 -5.5907E+04
0000455   4.9634E+05  1.1505E+05  2.0952E+04
0000456   5.6368E+04  6.6155E+04  6.2085E+04
0000457   2.6725E+05  1.9373E+05  7.4659E+04
0000458   3.2401E+05  8.4832E+04  1.6918E+04
0000459   1.8098E+05 -1.1679E+04 -1.1965E+04
0000460   1.3079E+05 -1.2814E+05  2.1078E+04
0000461   1.6259E+05  3.5769E+04  6.1102E+04
0000462   2.6393E+05  9.7211E+04 -1.1472E+05
0000463   1.8445E+05 -1.1674E+05  6.1728E+04
0000464   2.9483E+05  2.7164E+04  2.5988E+04
0000465   3.3644E+05 -7.2974E+03  1.7863E+05
0000466   1.8564E+05 -8.2656E+04  4.5205E+03
0000467   2.3172E+05 -1.0690E+05  1.2360E+05
0000468   1.8082E+05  1.0986E+05 -1.1390E+05
0000469   3.3977E+05 -1.0349E+05 -7.4301E+04
0000470   1.6084E+05  9.0775E+03 -1.8990E+05
0000471   3.2620E+05 -1.0725E+05  1.6520E+05
0000472   2.4209E+05  8.5252E+04 -6.2986E+03
0000473   1.2350E+05  3.8974E+03 -1.5444E+02
0000474   5.2671E+04  3.7707E+04 -8.3124E+03
0000475   1.5886E+05  5.9546E+04  7.5070E+04
0000476   3.5298E+05  7.0010E+02  1.0089E+05
0000477   9.3135E+04 -1.3139E+05 -1.2642E+05
0000478   2.9268E+05 -1.1369E+05  1.5949E+04
0000479   4.1370E+04  6.2679E+04 -9.4101E+04
0000480   1.1567E+04  2.7896E+04  4.2252E+04
0000481   5.0801E+04 -1.2636E+05  1.7323E+03
0000482   1.7310E+05  6.6972E+04  1.2490E+05
0000483   4.0174E+04  5.9892E+04  2.6265E+04
0000484   4.2783E+05 -1.1779E+05 -1.3146E+05
0000485   2.0606E+05  7.4948E+04 -5.7343E+03
0000486   3.9283E+05 -8.5593E+04  4.1316E+04
0000487   1.8999E+05 -5.4744E+04 -1.7166E+04
0000488   2.1969E+05 -2.5940E+05 -5.3053E+03
0000489   2.2550E+05  2.0061E+04 -1.9030E+04
0000490   3.7220E+05 -1.9615E+04  5.1901E+04
0000491   1.4220E+05 -1.0718E+04  4.5031E+04
0000492   2.4568E+05  5.2021E+03  3.3848E+04
0000493   2.3821E+05 -5.4937E+04 -4.5189E+04
0000494   2.8599E+05  3.4326E+04 -1.0200E+05
0000495   1.3284E+05 -6.4789E+04  2.5020E+03
0000496   1.6965E+05 -9.5090E+04  7.7944E+04
0000497   2.3724E+05 -7.2819E+03 -5.4980E+04
0000498   8.1559E+04 -4.7526E+04 -3.1691E+04
0000499   5.4597E+04 -7.8326E+04 -3.9511E+04
0000500   3.5406E+05  1.7893E+05 -5.9131E+04
0000501   2.3003E+05 -1.1094E+05 -2.1578E+05
0000502   8.0278E+04  4.6417E+04 -9.3878E+02
0000503   2.5011E+05  5.0022E+04 -1.3283E+05
0000504   5.8484E+04 -3.0419E+04  9.5659E+04
0000505   3.8278E+05 -2.1720E+04  1.5852E+03
0000506   1.9546E+05 -6.9528E+04  6.5537E+04
0000507   1.3902E+05  5.2401E+04 -4.5110E+04
0000508   2.1558E+05  2.2003E+04  5.3835E+04
0000509   1.1057E+05  2.1540E+05  2.1798E+04
0000510   9.3136E+04  6.0399E+04 -2.8638E+04
0000511   1.0346E+05 -5.9954E+04  6.2519E+04
0000512   1.9389E+05 -5.9800E+04  4.5556E+04
0000513   1.2881E+05  1.0363E+05  7.3937E+03
0000514   1.3809E+05 -9.9072E+04  2.5851E+05
0000515   9.3751E+04  3.0480E+04 -4.2707E+04
0000516   1.1346E+05  6.7936E+04 -9.9892E+04
0000517   1.7684E+05 -6.5453E+04  3.7741E+04
0000518   3.2793E+05 -1.0244E+04  5.5076E+04
0000519   1.8390E+05 -2.4149E+04 -2.5544E+04
0000520   2.8273E+05  1.7730E+05 -9.3138E+04
0000521   1.7885E+05 -7.5617E+04 -2.5180E+04
0000522   2.1998E+05 -1.0129E+05 -1.3975E+05
0000523   1.7859E+05  3.2640E+04 -1.5621E+05
0000524   8.0459E+04  9.0757E+04 -3.1281E+03
0000525   1.9976E+05  9.6869E+04 -2.5691E+04
0000526   1.2334E+05 -6.7577E+04 -6.0814E+04
0000527   8.0038E+04  1.8424E+05 -3.9600E+04
0000528   6.3965E+04 -2.5298E+04 -6.4627E+03
0000529   1.0933E+05 -4.9643E+04 -2.8991E+04
0000530   1.9392E+05  7.4018E+04 -9.7335E+02
0000531   1.5936E+05  7.3401E+04  6.0859E+04
0000532   3.4322E+05  1.1997E+05 -2.0025E+05
0000533   2.0834E+05  1.1866E+05  1.0484E+05
0000534   2.0717E+05  6.7984E+04  1.9000E+05
0000535   3.0241E+05 -1.3130E+05 -6.4178E+04
0000536   6.2036E+04  2.6015E+04  6.2842E+04
0000537   2.0049E+05  5.8632E+02  3.0387E+04
0000538   1.7811E+05 -9.0115E+04 -1.5198E+04
0000539   2.4431E+05 -8.4876E+04  6.8290E+04
0000540   1.4981E+05  5.2178E+02  5.6608E+04
0000541   1.8833E+05 -3.4386E+04 -1.0260E+04
0000542   1.5889E+05  1.4057E+05 -2.0379E+03
0000543   1.3893E+05  6.3543E+04  9.7435E+04
0000544   1.3319E+05  8.1156E+04  7.8338E+04
0000545   2.1052E+05 -1.7615E+05  4.9287E+04
0000546   2.6674E+04 -2.3459E+04 -9.8064E+04
0000547   4.6502E+04  1.9310E+04 -1.5456E+04
0000548   1.6981E+05 -4.7297E+04  6.5732E+03
0000549   2.3889E+05 -1.5725E+03 -4.8442E+04
0000550   4.5774E+04 -9.4439E+04 -1.7145E+04
0000551   8.7951E+04 -1.1986E+05  1.6735E+04
0000552   2.3223E+05  1.4577E+05  2.6966E+03
0000553   1.0253E+05  1.8402E+05 -2.3376E+04
0000554   1.3691E+05  3.1740E+04  7.3412E+03
0000555   1.8449E+05  2.1324E+04 -7.0311E+04
0000556   1.0324E+05 -8.9385E+04  1.4835E+05
0000557   1.5515E+05 -9.6079E+03 -9.3513E+04
0000558   8.2569E+04 -1.4372E+04  1.9127E+05
0000559   2.0719E+05 -8.5787E+04  2.7978E+04
0000560   3.5578E+05  1.2036E+05  3.2534E+04
0000561   3.3617E+05 -3.8859E+04 -6.2205E+04
0000562   1.0665E+05 -3.5785E+04  8.5072E+03
0000563   1.2583E+05 -4.4279E+03  8.6925E+04
0000564   4.8597E+05 -4.7726E+04  1.6796E+05
0000565   1.6302E+05  1.8322E+05 -4.5748E+04
0000566   2.8696E+05  5.4525E+04  1.1870E+05
0000567   1.5208E+05 -4.6384E+04  6.2180E+04
0000568   3.8317E+05 -1.0431E+05  3.1669E+04
0000569   9.2717E+04  9.4235E+04 -2.9806E+04
0000570   2.5781E+05  1.3913E+05  6.2560E+04
0000571   3.5320E+05  8.8736E+04  1.3258E+05
0000572   2.1399E+05  1.4264E+05  2.7519E+04
0000573   3.9385E+05  2.2412E+04  2.0567E+05
0000574   1.2652E+05 -3.1836E+04 -1.4150E+04
0000575   5.6572E+04 -5.7424E+04  1.8131E+05
0000576   1.3524E+05  9.1616E+04 -2.7167E+04
0000577   1.0811E+05 -1.8675E+04 -2.1174E+04
0000578   2.4465E+05  7.8850E+04 -5.0039E+04
0000579   4.4433E+05  6.6545E+04  1.3642E+05
0000580   4.0245E+04  1.0934E+05 -3.8318E+04
0000581   2.9776E+05  1.3687E+04 -2.2157E+05
0000582   2.9604E+05  1.8551E+04 -5.2293E+04
0000583   3.3484E+05  7.1212E+03  1.3878E+05
0000584   1.5342E+05  8.7899E+04 -5.6938E+04
0000585   3.7984E+05  1.6183E+05  1.0886E+05
0000586   1.9458E+05  4.0093E+04 -2.8544E+04
0000587   1.4935E+05 -1.1839E+03  1.4398E+05
0000588   1.8226E+05  9.8649E+04 -1.8510E+04
0000589   1.3471E+05 -8.6517E+04 -3.5339E+04
0000590   9.7533E+04 -1.4074E+04  7.1585E+04
0000591   1.7975E+05 -2.8818E+04 -2.1013E+04
0000592   2.2920E+05  6.0744E+04 -5.5791E+04
0000593   1.0767E+05 -1.7623E+04 -4.3987E+04
0000594   1.2736E+05  7.5138E+04 -6.5992E+04
0000595   8.6701E+04  1.7320E+05  9.6946E+04
0000596   1.5872E+05  7.3966E+04 -1.0043E+04
0000597   1.0326E+05 -1.3607E+05  1.2914E+05
0000598   3.3135E+05 -7.6138E+03  7.8381E+04
0000599   2.9002E+05 -4.7954E+04  3.0512E+04
0000600   2.2530E+05 -3.2172E+04  1.1737E+05
0000601   3.9448E+05 -8.8865E+04  1.5621E+04
0000602   2.7760E+05  4.7571E+04 -9.7284E+04
0000603   2.6555E+05 -3.0908E+04 -1.8203E+05
0000604   3.1036E+05 -1.1636E+05  6.9082E+04
0000605   7.3149E+04  7.8466E+04  9.5894E+04
0000606   3.6690E+05  1.9062E+04 -7.0424E+04
0000607   2.2490E+05 -2.1974E+02  3.8636E+04
0000608   2.2012E+05 -5.8838E+04 -3.7187E+04
0000609   2.7477E+05  1.0052E+05  9.8452E+04
0000610   9.3427E+04  8.8246E+04  2.7871E+04
0000611   2.0786E+05 -1.1933E+05  2.5211E+03
0000612   3.5115E+04  9.2301E+04 -7.1308E+04
0000613   1.6538E+05 -1.3803E+05  1.1237E+04
0000614   8.3878E+04 -8.1204E+04  1.8502E+04
0000615   1.4383E+05 -1.5972E+04 -1.2031E+05
0000616   4.6744E+04  2.3989E+04  1.5367E+04
0000617   2.1664E+05 -9.8551E+04  7.2618E+04
0000618   1.1916E+05  7.9503E+04 -1.2741E+05
0000619   1.9383E+05  3.9939E+04  5.7202E+03
0000620   4.5330E+04 -1.4888E+05  8.0246E+04
0000621   1.6779E+05  1.4812E+05  3.3720E+04
0000622   2.4544E+04 -2.2311E+05  2.1196E+04
0000623   2.9007E+05 -5.6311E+04  7.6739E+04
0000624   1.1866E+05 -1.7369E+04 -5.4422E+04
0000625   3.3598E+05  1.1183E+05  4.0028E+04
0000626   1.4420E+05 -7.3345E+04 -9.0294E+04
0000627   3.0416E+05  5.2880E+04  2.6293E+05
0000628   1.1851E+05  6.4329E+04 -5.1413E+04
0000629   1.2426E+05  3.0458E+04 -6.7488E+04
0000630   2.5038E+05  3.1030E+04 -8.6396E+04
0000631   2.2423E+05 -4.3314E+04 -5.0440E+04
0000632   1.8821E+05 -4.8562E+04  1.8536E+05
0000633   1.4001E+05 -1.8459E+04  1.1007E+05
0000634   2.7002E+05  7.0025E+04 -2.0086E+05
0000635   3.0843E+05 -1.5766E+05  5.5555E+04
0000636   1.7555E+05  6.1202E+04  1.1192E+05
0000637   1.2186E+05  5.1576E+04 -1.4422E+05
0000638   2.4716E+05  1.0357E+05  3.5332E+04
0000639   2.5888E+05  4.9822E+03  3.0358E+03
0000640   2.8168E+05  2.5776E+04  8.4812E+04
0000641   2.3141E+05  2.0083E+04  7.0340E+04
0000642   1.5176E+05  1.0518E+05  1.6351E+04
0000643   2.8810E+05  3.0916E+04  7.2371E+03
0000644   2.7432E+05  5.8381E+04  6.0244E+03
0000645   3.0930E+05  4.1453E+04  7.7310E+04
0000646   1.6774E+05  8.0915E+04  2.0981E+05
0000647   1.4363E+05  5.9303E+04 -5.1994E+04
0000648   1.0772E+05 -5.3818E+04  6.4981E+04
0000649   1.5457E+05  1.5811E+04  1.7064E+05
0000650   3.3038E+04 -9.7913E+04 -2.7073E+03
0000651   1.6417E+05 -6.3517E+04  1.1999E+05
0000652   1.3594E+05  3.6970E+04  4.9232E+03
0000653   2.0805E+05 -1.0909E+03 -3.5315E+04
0000654   8.2560E+04  6.5588E+04  1.7818E+05
0000655   2.1311E+05  8.7160E+04  3.4335E+04
0000656   9.1029E+04 -1.0734E+04 -2.7821E+04
0000657   2.4182E+05  5.0843E+04 -6.2915E+04
0000658   1.2149E+05 -6.3484E+04  1.2465E+05
0000659   1.3129E+05 -1.1396E+05  4.7631E+03
0000660   2.1278E+05  3.5005E+04  1.0598E+05
0000661   3.9911E+05  8.5613E+04  1.3386E+04
0000662   1.3578E+04  1.5842E+04  3.7508E+04
0000663   9.4215E+04  3.6543E+04 -1.1777E+05
0000664   1.8823E+05 -1.2849E+04  7.4225E+04
0000665   1.6175E+05  7.4278E+04 -5.8361E+04
0000666   2.3835E+05  5.2994E+04  4.2480E+04
0000667   3.6407E+05 -5.8736E+03  6.3517E+04
0000668   1.1653E+05  3.3208E+04 -1.2251E+04
0000669   1.9957E+05  1.3485E+04  1.3734E+05
0000670   2.0896E+05  7.6817E+04 -1.0101E+05
0000671   2.0539E+05 -1.0884E+05 -7.3898E+04
0000672   1.1510E+04 -7.0927E+03 -3.2502E+04
0000673   2.2278E+05 -1.8956E+04  5.0301E+04
0000674   1.8582E+05 -1.2450E+05  6.7407E+04
0000675   2.8800E+05 -1.3293E+05 -4.9456E+04
0000676   2.3518E+05 -2.9578E+04 -7.9985E+04
0000677   2.1385E+05  3.7314E+04  5.9203E+04
0000678   9.7575E+04 -2.7226E+04 -4.1636E+04
0000679   1.4138E+05 -6.7945E+04 -2.6363E+04
0000680   4.1295E+05 -1.7485E+05  4.2852E+04
0000681   1.4437E+05 -8.3231E+03 -3.6380E+04
0000682   1.1375E+05  5.2201E+04  6.4225E+04
0000683   3.0826E+05 -2.3372E+04 -1.3207E+05
0000684   2.6386E+05  1.6091E+05  1.2823E+04
0000685   3.0495E+05 -1.4379E+05 -3.7519E+04
0000686   1.4750E+04  1.1435E+04  1.4478E+05
0000687   2.6939E+05  1.3782E+04 -6.7419E+04
0000688   1.5678E+05 -1.3076E+04 -1.2123E+05
0000689   1.5017E+05 -7.2589E+04  1.8316E+04
0000690   4.0866E+05 -1.5856E+05 -1.7468E+05
0000691   2.0141E+05  3.8552E+04  2.3287E+04
0000692   2.6295E+05  1.7503E+04 -3.3132E+04
0000693   1.5389E+05 -6.2608E+04 -2.9559E+04
0000694   2.7821E+05 -5.3673E+04  7.5181E+04
0000695   1.4215E+05  3.0057E+04 -3.0166E+04
0000696   2.6181E+05  1.6096E+05 -9.6715E+04
0000697   3.9140E+05 -7.4602E+03 -8.8109E+04
0000698   1.6533E+05 -1.9651E+05  7.4228E+01
0000699   1.2898E+05 -1.3457E+05 -7.7088E+03
0000700   1.0023E+05  4.0554E+04  6.9034E+04
0000701   8.3061E+04 -8.6902E+04 -1.0264E+05
0000702   1.0926E+05 -3.2137E+04 -7.6319E+04
0000703   1.6047E+05  7.7536E+04 -1.3333E+04
0000704   4.5657E+04  1.1532E+04 -2.3253E+04
0000705   2.8606E+05 -1.4250E+05  6.4547E+04
0000706   2.4496E+05 -2.7889E+04  4.6640E+04
0000707   2.9415E+05 -1.9855E+05  1.8571E+05
0000708   3.4631E+05 -1.5965E+04 -1.8848E+04
0000709   1.0110E+05 -1.9300E+04  4.1876E+04
0000710   1.5994E+05  1.6880E+04 -9.9801E+04
0000711   3.4576E+05 -1.2677E+05  1.6627E+05
0000712   1.2700E+05 -4.9608E+03  5.8617E+04
0000713   1.2680E+05  1.8911E+05  7.5966E+04
0000714   1.3109E+05  5.8548E+04  1.4387E+04
0000715   1.3345E+05  5.8681E+04  6.4434E+04
0000716   1.8192E+05 -7.6008E+03  9.1282E+04
0000717   3.5421E+05 -4.8517E+04  5.9216E+04
0000718   2.3154E+05  1.8036E+04  1.2212E+05
0000719   2.3695E+05  1.1123E+05  2.5007E+04
0000720   5.8388E+03 -7.1545E+03  3.5570E+04
0000721   1.2052E+05  1.6365E+04 -2.2035E+05
0000722   3.1987E+05  1.0687E+05  3.8437E+04
0000723   1.5137E+05  1.1545E+05  7.6816E+04
0000724   1.5610E+05  2.2022E+03  1.2236E+05
0000725   1.7702E+05  1.3094E+05  1.0133E+05
0000726   2.6365E+05 -1.8379E+05 -8.5925E+04
0000727   1.1430E+05 -5.8231E+04 -8.5682E+04
0000728   2.6572E+05  1.5258E+05  3.8517E+04
0000729   8.7762E+04  1.1038E+05  6.5345E+04
0000730   2.4634E+05 -8.5327E+04 -1.3642E+05
0000731   2.4540E+05 -3.8236E+04  1.7496E+05
0000732   2.6085E+05  1.3598E+05 -9.9808E+04
0000733   8.2296E+04 -8.2940E+04  2.7051E+04
0000734   6.1989E+04 -2.2045E+04 -2.3572E+04
0000735   3.8737E+05 -7.6350E+04  8.6350E+04
0000736   3.6789E+05 -4.1992E+04 -3.7261E+04
0000737   6.6718E+04 -2.4441E+04 -6.4485E+04
0000738   2.6974E+05  1.0855E+05  5.4209E+04
0000739   2.5325E+05  2.6735E+04  1.6870E+05
0000740   3.2764E+05 -4.0486E+04 -6.8514E+04
0000741   2.7258E+05 -1.0315E+05 -1.1133E+05
0000742   1.3902E+05 -6.4495E+04 -9.6332E+04
0000743   3.6351E+05 -1.0346E+05  2.2122E+04
0000744   1.9751E+05 -1.9222E+05 -9.7864E+04
0000745   1.5385E+05  1.2373E+05  5.9443E+04
0000746   1.9825E+05 -4.7568E+04  1.5451E+04
0000747   1.2318E+05 -2.4670E+04 -2.3651E+05
0000748   2.7927E+05  8.9231E+04 -1.6615E+04
0000749   1.5452E+05  1.4331E+04 -3.3632E+04
0000750   4.9438E+05 -9.9895E+04  9.0868E+04
0000751   1.6153E+05  3.6133E+04  6.7994E+04
0000752   4.3017E+05  1.2338E+05 -1.2113E+05
0000753   4.8254E+04 -9.2094E+04  1.1774E+05
0000754   1.4418E+05  3.7450E+04 -3.3698E+02
0000755   2.0748E+05  7.3001E+04 -9.9683E+04
0000756   2.2330E+05  6.8255E+04 -6.0229E+04
0000757   2.4264E+05  9.9461E+03 -1.4263E+05
0000758   2.9172E+05 -5.6390E+04  1.7024E+05
0000759   1.7823E+05  2.7347E+04 -2.5196E+03
0000760   3.6954E+05  1.0198E+05 -2.0940E+04
0000761   3.2456E+05  8.6043E+04  4.1505E+04
0000762   1.0331E+05 -4.7498E+04 -1.1296E+04
0000763   2.6586E+05  8.4489E+04  1.3137E+05
0000764   1.5331E+05  2.2319E+04 -1.1553E+04
0000765   1.7989E+05  1.4967E+05  1.5283E+04
0000766   1.1882E+05  2.8611E+04 -2.5295E+04
0000767   1.5436E+05  1.7309E+05  4.0486E+04
0000768   1.8071E+05 -1.0809E+04  9.4912E+03
0000769   8.2746E+04  2.7643E+04 -6.3982E+04
0000770   3.3642E+05  7.3266E+04  6.9707E+04
0000771   4.1194E+05  1.6005E+05 -1.5693E+05
0000772   5.0672E+04  1.2275E+04  4.7175E+04
0000773   1.7531E+05 -2.3042E+04 -8.3551E+04
0000774   9.5170E+04  2.4775E+03 -1.4267E+04
0000775   2.7258E+05 -1.0705E+05  1.1966E+05
0000776   2.8165E+05  4.8511E+04 -1.4313E+04
0000777   1.5064E+05  4.0675E+04  3.4288E+04
0000778   2.9481E+05 -1.6333E+05 -7.0210E+04
0000779   1.9795E+05  2.9280E+05 -6.3653E+04
0000780   1.6256E+05 -4.1779E+04  3.0612E+04
0000781   7.2593E+04  3.6241E+04  3.5112E+04
0000782   1.9354E+05  2.9970E+04 -1.0297E+05
0000783   1.5298E+05 -1.0914E+05 -5.7123E+04
0000784   2.3112E+05  5.2262E+04  7.7182E+04
0000785   9.3744E+04 -7.9191E+04  7.4545E+04
0000786   2.9480E+05 -5.4974E+04  7.3496E+04
0000787   2.1722E+05 -7.6513E+04 -1.6198E+05
0000788   2.6119E+05  1.3202E+04 -1.6021E+04
0000789   1.1409E+05 -1.2253E+05  1.1296E+04
0000790   1.7661E+05 -5.8430E+04 -6.9146E+04
0000791   2.6930E+05  4.0787E+04 -7.5925E+04
0000792   2.3207E+05  1.0191E+05  5.9132E+04
0000793   1.9106E+05 -4.5719E+04  1.3832E+05
0000794   2.0236E+05  3.1076E+04 -3.7642E+04
0000795   1.3533E+05 -3.1963E+04  1.1339E+05
0000796   2.6697E+05  1.3535E+04  2.7191E+04
0000797   2.2067E+05  1.7731E+05  9.9081E+04
0000798   1.3367E+05  1.3999E+05  1.2012E+05
0000799   1.6109E+05  6.5095E+03 -6.8075E+04
0000800   1.3902E+05  1.0181E+04  4.6704E+04
0000801   1.1101E+05  1.3344E+04  1.0513E+05
0000802   3.2014E+04  3.1307E+04 -5.5239E+04
0000803   2.0203E+05 -1.2244E+04  1.3522E+05
0000804   3.2555E+05 -2.2017E+04  5.4516E+04
0000805   2.3462E+05  2.8140E+05  5.3216E+04
0000806   2.3030E+05 -8.7734E+04  1.9955E+05
0000807   3.7319E+05  6.3049E+04 -2.7598E+04
0000808   3.0541E+05 -1.0782E+05 -1.1925E+05
0000809   2.3393E+05  1.0343E+05  9.1870E+04
0000810   2.7274E+05  3.2515E+04  5.5767E+04
0000811   2.0351E+05  7.5397E+04  1.5666E+05
0000812   2.8581E+05  7.1973E+04 -2.9349E+05
0000813   1.6866E+05 -1.9854E+03 -1.3151E+03
0000814   2.9158E+05  6.6041E+04  1.5744E+05
0000815   1.2063E+05  2.5307E+04 -4.3494E+04
0000816   1.4936E+05  5.3924E+04 -4.4552E+04
0000817   3.6637E+05 -3.0872E+03  7.5192E+04
0000818   3.7453E+05 -2.0794E+04 -1.3766E+04
0000819   1.1921E+05  5.1950E+04  7.3342E+04
0000820   1.3429E+05 -8.3116E+04 -1.3548E+04
0000821   2.7392E+05 -1.3234E+04  4.2553E+03
0000822   3.5551E+04  6.9129E+04 -2.4028E+05
0000823   1.8336E+05 -8.5846E+04  7.2441E+04
0000824   1.1647E+05 -2.7328E+02 -2.8289E+04
0000825   1.3974E+05 -1.1482E+05 -1.2456E+05
0000826   2.6774E+05 -5.4102E+04  3.6364E+04
0000827   4.1654E+05 -4.0772E+04  1.1945E+05
0000828   9.4636E+04  7.0108E+04  1.1937E+04
0000829   1.3475E+05 -1.5866E+05  4.6871E+04
0000830   2.7769E+05 -4.0670E+04  1.5859E+05
0000831   1.3771E+05 -1.7336E+03  3.0575E+04
0000832   1.1892E+05  9.7207E+04 -1.7102E+05
0000833   3.8188E+05 -9.4839E+04 -6.0417E+04
0000834   1.2642E+05 -3.0169E+04  1.7575E+04
0000835   7.3829E+04 -3.4463E+04 -1.8035E+04
0000836   2.7093E+05  3.2501E+04 -1.1472E+05
0000837   1.7190E+05  2.5280E+05 -4.6067E+04
0000838   7.1548E+04  7.6674E+04 -1.5401E+04
0000839   1.0115E+05 -1.1308E+04 -1.6239E+05
0000840   4.5730E+05 -3.1289E+04  2.5470E+05
0000841   2.4474E+05 -6.9226E+04 -6.6420E+04
0000842   1.8127E+05 -3.9154E+04  4.2847E+04
0000843   2.0808E+05  5.4316E+04 -1.0573E+05
0000844   2.9324E+05 -1.2095E+05  1.7494E+05
0000845   1.9494E+05 -1.0697E+05 -1.4322E+05
0000846   3.5362E+05 -5.2872E+04 -1.0305E+05
0000847   4.9611E+04 -4.8953E+03  2.1090E+03
0000848   4.5823E+05  1.6938E+05  7.0880E+04
0000849   1.5299E+05 -3.4428E+04 -1.4261E+05
0000850   1.8279E+05  3.4695E+04 -4.9766E+04
0000851   2.1033E+05  3.1690E+04 -6.2280E+04
0000852   2.9411E+05 -1.7992E+05  9.1510E+04
0000853   1.8104E+05 -9.3413E+03 -1.2587E+05
0000854   1.5903E+05  3.4192E+05 -2.9177E+03
0000855   2.5148E+05 -1.0382E+05 -2.6974E+04
0000856   3.5049E+05 -2.5362E+04  9.9695E+04
0000857   1.0981E+05  1.0396E+04  2.0451E+03
0000858   1.5669E+05 -4.2502E+04 -7.1283E+04
0000859   1.4023E+05  2.6756E+04 -1.1476E+05
0000860   2.2464E+05 -6.5049E+04  2.5452E+04
0000861   6.6883E+03  1.1978E+05  5.1198E+04
0000862   1.3721E+05 -1.1516E+05 -3.4180E+04
0000863   8.2835E+04 -9.7609E+03 -1.5198E+05
0000864   1.6410E+05 -2.0582E+04  1.7234E+05
0000865   3.3687E+05 -1.2471E+05 -4.3170E+04
0000866   4.8348E+05 -2.3216E+04  1.1355E+04
0000867   3.0927E+05 -3.9179E+04  8.4920E+04
0000868   2.9690E+05 -1.6402E+04 -5.1589E+03
0000869   2.6393E+05 -8.4897E+04  1.8307E+05
0000870   3.8827E+05  4.0908E+04  1.9317E+05
0000871   1.3586E+05  3.1617E+04  2.6934E+04
0000872   2.3553E+05  1.4582E+05  6.9180E+04
0000873   2.3037E+05  2.9013E+04 -7.7164E+04
0000874   7.0064E+04  1.1437E+04  7.6591E+04
0000875   2.0329E+05  8.7651E+04 -5.5536E+04
0000876   3.2508E+05  6.3237E+04  4.3584E+04
0000877   1.9582E+05  1.0098E+05 -6.7244E+03
0000878   3.8963E+05  2.5341E+04  4.8807E+04
0000879   3.3451E+04 -3.3796E+03 -5.1331E+03
0000880   2.9527E+05  3.1501E+03 -6.3052E+04
0000881   8.0577E+04  1.4622E+05  2.5336E+04
0000882   3.3905E+05  3.1725E+04  1.3760E+05
0000883   6.9179E+04 -6.1948E+04 -1.6288E+04
0000884   1.6574E+05 -1.2339E+05  5.8806E+04
0000885   1.3066E+05  6.6451E+04 -1.1728E+04
0000886   2.1554E+05  8.8695E+04 -8.8634E+04
0000887   1.4691E+05 -1.6473E+05  1.0768E+05
0000888   4.0293E+05  1.4004E+05  2.4857E+03
0000889   1.4318E+05  1.2864E+04  1.0786E+04
0000890   1.9964E+05  6.6274E+04 -1.0237E+05
0000891   1.9420E+05 -1.7908E+05  7.1940E+04
0000892   3.4244E+05  2.3590E+04 -2.2696E+04
0000893   2.1513E+05 -6.5198E+04 -4.2085E+03
0000894   3.7067E+05 -4.2254E+04 -1.0515E+05
0000895   9.6874E+04 -8.9438E+04 -4.1841E+04
0000896   4.8240E+04 -2.9455E+04 -2.2621E+04
0000897   5.0446E+04 -2.8540E+03  8.7241E+04
0000898   1.9482E+05  5.0527E+03  3.1803E+03
0000899   2.3269E+05 -2.8698E+04 -3.1587E+04
0000900   9.1855E+04  4.3191E+03 -2.4799E+04
0000901   2.6810E+05 -4.9015E+04 -1.0696E+05
0000902   1.6105E+05  4.2474E+03 -7.7871E+04
0000903   1.4918E+05  8.3731E+04  7.6904E+04
0000904   1.0447E+05  3.7669E+04 -3.4475E+04
0000905   2.6184E+05 -4.0005E+04 -1.5697E+04
0000906   2.2684E+05 -1.0467E+05  7.3791E+04
0000907   9.9678E+04 -1.0557E+05  5.9535E+04
0000908   2.5213E+05  4.4561E+04 -6.3116E+03
0000909   8.1175E+04 -1.2156E+05  2.6958E+04
0000910   1.2958E+05  6.8804E+04  3.4626E+04
0000911   2.4817E+05  8.9376E+04 -5.9367E+04
0000912   1.3949E+05  9.5500E+04 -7.8479E+04
0000913   2.4552E+05  9.8920E+04 -1.4266E+04
0000914   2.3739E+05 -2.0667E+05 -4.1906E+04
0000915   1.1039E+05 -1.0855E+05 -1.0828E+05
0000916   3.4119E+05  2.9841E+04  9.8830E+04
0000917   2.0180E+05  7.7409E+04 -1.7018E+04
0000918   2.3138E+05 -9.2820E+03  1.6396E+05
0000919   2.8559E+05 -1.0315E+05  7.5238E+04
0000920   1.0145E+05  1.3197E+04  4.3497E+04
0000921   1.2295E+05 -1.2998E+05 -1.5439E+05
0000922   1.5187E+05 -1.8528E+04  3.3890E+04
0000923   1.0870E+05 -8.4777E+02  7.0152E+03
0000924   5.2025E+04 -2.5668E+04 -8.3519E+03
0000925   2.5720E+05  1.9622E+03 -3.8537E+04
0000926   1.9432E+05 -7.3121E+03 -1.4696E+02
0000927   7.5373E+04 -3.0820E+04  6.5716E+04
0000928   2.5393E+04  8.5249E+04  5.9981E+04
0000929   2.1054E+05 -1.2070E+05  1.8772E+04
0000930   2.1901E+05 -9.7886E+04  1.7628E+04
0000931   8.2980E+03  6.4656E+04 -1.0285E+03
0000932   1.9307E+05  8.2905E+04 -1.3842E+05
0000933   1.7038E+05 -1.6036E+04 -1.2014E+05
0000934   3.1653E+05 -1.0448E+05 -3.4328E+03
0000935   1.6613E+05 -8.9783E+03  9.2465E+04
0000936   2.5499E+05 -6.4779E+03  4.3103E+04
0000937   2.8556E+05  3.1451E+03  1.3881E+04
0000938   3.3462E+05  1.5183E+05  8.2557E+04
0000939   3.8308E+05 -5.7147E+03 -2.3555E+04
0000940   4.3948E+05 -1.9102E+05 -1.6495E+04
0000941   3.7594E+05 -6.9799E+04  1.2995E+05
0000942   1.8048E+05 -1.7136E+05  6.4973E+04
0000943   2.7970E+05 -1.5720E+05  7.5367E+04
0000944   9.0950E+04  7.1117E+03 -1.0460E+05
0000945   2.9534E+05 -2.8217E+04 -2.1785E+04
0000946   2.0457E+05 -2.4894E+04  3.7228E+04
0000947   1.0697E+05 -4.3312E+03 -1.6381E+04
0000948   1.6727E+05 -6.8628E+04 -7.0333E+03
0000949   2.3613E+05 -1.4587E+05  4.2702E+04
0000950   2.4380E+05  8.5426E+04 -9.1197E+04
0000951   8.5754E+04  4.5219E+04 -3.2782E+04
0000952   4.7192E+04 -3.3747E+04  2.0316E+04
0000953   1.5257E+05 -1.1237E+04  9.0484E+04
0000954   1.5078E+05 -1.2757E+05  3.7748E+04
0000955   8.7527E+04  1.9241E+04 -2.8133E+03
0000956   1.7671E+05  3.3341E+04  6.4493E+04
0000957   1.6583E+05  9.4444E+04  5.7832E+03
0000958   1.4807E+05  9.9742E+04  3.4753E+04
0000959   6.2220E+04  5.8551E+04 -7.7135E+04
0000960   2.7048E+05  9.0582E+04 -1.8153E+05
0000961   1.2054E+05 -1.5969E+05  4.3104E+04
0000962   1.2247E+05 -8.6812E+04 -1.9056E+05
0000963   9.4990E+04 -1.2441E+05 -1.0012E+04
0000964   1.7305E+05  8.8619E+04  9.9358E+03
0000965   2.4900E+05  2.3570E+04  5.9450E+04
0000966   3.4348E+05  6.4330E+04  1.5624E+05
0000967   2.9289E+05  9.6680E+01 -5.4806E+04
0000968   6.1298E+03 -7.3602E+04  3.2265E+04
0000969   1.2123E+05 -2.9368E+03  3.1002E+04
0000970   1.5809E+05  7.5891E+04 -9.3830E+04
0000971   1.9074E+05  3.9651E+04 -3.2934E+04
0000972   1.9583E+05  2.4067E+04  1.4671E+05
0000973   1.1949E+05 -5.8099E+04  1.4047E+05
0000974   1.8074E+05  4.2742E+04 -4.0532E+04
0000975   1.8816E+05  5.9961E+04  2.0895E+04
0000976   3.0267E+05  2.9971E+04 -9.4313E+04
0000977   2.7882E+05 -1.1901E+05  1.7106E+04
0000978   3.5983E+05 -1.3072E+05 -1.4608E+04
0000979   1.0580E+04  4.7246E+04 -7.6037E+04
0000980   1.7564E+05  2.0607E+04 -8.3005E+04
0000981   1.3333E+05  1.1293E+05 -2.2590E+05
0000982   9.6781E+04  8.7891E+04  4.6621E+04
0000983   7.3508E+04  3.5842E+04  1.4268E+04
0000984   2.6935E+05  7.2620E+04 -1.6989E+04
0000985   2.4209E+05  1.1341E+05  1.5695E+05
0000986   1.4718E+05 -1.6902E+04  9.1858E+04
0000987   1.8713E+05  4.8481E+04 -1.1876E+05
0000988   2.6736E+05  1.3458E+05  3.7832E+04
0000989   1.5914E+05  9.4302E+04  2.1190E+05
0000990   1.6170E+05 -4.3277E+04  8.1533E+04
0000991   1.8577E+05  8.4194E+04 -6.7353E+04
0000992   1.4765E+05  3.9468E+04  6.3847E+03
0000993   9.6014E+04  5.1911E+03 -5.6819E+04
0000994   2.2518E+05  4.1956E+04 -6.8721E+04
0000995   2.2750E+05 -7.1774E+04 -4.5068E+04
0000996   1.2626E+05  1.1950E+04 -2.3473E+04
0000997   4.7519E+04 -1.2592E+05  2.7268E+04
0000998   4.7651E+04  8.0427E+03  3.8714E+04
0000999   1.7139E+05  5.6379E+04  2.8445E+04
0001000   2.8010E+05  9.7991E+04  1.5646E+05
